$grad                                                                           
  cycle =      1    SCF energy =  -694.83974464793   |dE/dxyz| =  0.663437
   90.85262965230216     19.40636059455767     -5.35867417243137      n 
   90.08709052671689     21.03484149281093     -3.29888538577792      c 
   91.64715874242216     20.41298233091120     -0.95091500719438      c 
   92.75110483829181     22.03754704444405      0.27981337255497      o 
   87.26210695372663     20.68164007293133     -2.77520715308137      c 
   86.29819795960242     22.68633119665800     -1.01334990944244      c 
   86.09955083273987     25.17209730648668     -1.83645495821192      c 
   85.61956326392408     22.09833756745330      1.44787762384196      c 
   85.24816917869828     27.03825238824511     -0.21765454792974      c 
   84.78205584174195     23.97016609821821      3.07244586719392      c 
   84.59899430277862     26.44228189756302      2.24444156802959      c 
   89.46824401675916     18.40717533421599     -6.23352895133854      h 
   90.47998910365121     23.01154732102434     -3.79593064259791      h 
   86.26665882392604     20.78094640555794     -4.57984254576623      h 
   86.96419000978993     18.80213644913616     -1.98292654865782      h 
   86.60756241623082     25.63846776938223     -3.75738604187187      h 
   85.74455405547850     20.16579281524682      2.08612996730056      h 
   85.08261146860318     28.96276904207864     -0.87055797314495      h 
   84.28029384123573     23.50435014365508      4.99252422108992      h 
   83.94652131291507     27.90325138347782      3.50722519860358      h 
   97.88380044429725     23.60600759639596     -1.20941943253571      n 
   98.02241718550037     26.31344318234688     -0.77023966203688      c 
   97.78971615257996     26.85237636080583      2.06159911784569      c 
   99.08226288351847     28.48873997023228      3.07661145227594      o 
   96.18981284872294     27.87881842617349     -2.39191369296557      c 
   93.43706299983488     27.66901623739463     -1.52723471035018      c 
   96.53669305083140     27.16172431483545     -5.16179096943810      c 
   91.62237737199818     29.21366453388417     -3.14720511516311      c 
   96.51698612502739     22.84563220989504     -2.30836807953539      h 
   99.94256918881965     26.93942796464837     -1.26465865313260      h 
   96.80009271089995     29.84362492900772     -2.15531976336247      h 
   92.85546776367526     25.69687561801125     -1.54120870670066      h 
   93.30786954866504     28.34100441353054      0.41885833151636      h 
   95.49836825773654     28.46674901393155     -6.35388170421382      h 
   98.52088359352403     27.26254118629361     -5.67439897946484      h 
   95.86229259700238     25.25689529194811     -5.53304608856397      h 
   89.77273945993069     29.26372306909031     -2.25732062314998      h 
   92.30993504256023     31.14076372745118     -3.32825063382353      h 
   91.40905752639485     28.38888200335744     -5.01653038019812      h 
   96.12772526903368     25.42927912019500      3.32160735327138      n 
   95.86911521802733     25.67305840334107      6.03808522497735      c 
   98.43497737450019     25.15533681001334      7.25321053572861      c 
   99.46867869114406     26.67907982459413      8.66111480565132      o 
   93.84773233793153     23.88490094377827      7.10027035628855      c 
   91.19777095599308     24.50642719038985      6.09185100584254      c 
   93.92703093288627     23.92879607487291      9.98828570392462      c 
   90.17159844264663     27.09685119027980      6.81535254802899      c 
   94.98963095693114     24.19804198710277      2.40049723092788      h 
   95.39196605613780     27.63825636347261      6.50065204332476      h 
   94.32081691152035     21.97316696545124      6.46376265677025      h 
   91.19106326110840     24.33699267576237      4.03750437972335      h 
   89.91782562293022     23.07159275060308      6.83182216749072      h 
   92.37087610699673     22.83308004145908     10.75551568807020      h 
   95.67936899386039     23.10391710652873     10.67483675621284      h 
   93.79925688700229     25.85148975014535     10.69658687090976      h 
   88.28117760426818     27.31805161487854      6.04410072042778      h 
   90.06910237809539     27.29800809770246      8.85483157779682      h 
   91.33172283347928     28.60593181536183      6.04745994489635      h 
  103.39777109280925     30.23964952348859      6.45241753150920      n 
  102.89198928842860     32.32093007624704      8.16595075684091      c 
  103.95988800066731     31.75645782039085     10.78392184992983      c 
  105.23204376639315     33.32834800195307     11.93732070780971      o 
  100.02399105433973     32.72929361533789      8.25484073295213      c 
   99.09009129473931     34.68304232479680     10.17835823670881      c 
  100.03843875604178     37.33397032329016      9.55914941904344      c 
   96.20236631218810     34.65882508670157     10.25501463498262      c 
  101.87933743090170     29.44182901736934      5.59131453248766      h 
  103.86646469426900     34.01723356517626      7.47709301473007      h 
   99.41759531806035     33.29028221923218      6.36566630811007      h 
   99.17248924906562     30.90316589208690      8.68973100677078      h 
   99.78685913147515     34.13922152097012     12.04710627361425      h 
   99.26856247394304     38.69241389000729     10.89356041905504      h 
  102.08502527508458     37.41287805356564      9.66736912410031      h 
   99.45559704417383     37.87797549633936      7.66451389294393      h 
   95.50145088150614     35.93251253030034     11.70735048270971      h 
   95.43690333348792     35.26354447222467      8.44665135516216      h 
   95.48961504562763     32.77466515208912     10.66086017074884      h 
  103.34775215492066     29.53060126242008     11.78143102105332      n 
  104.03987787608258     28.99598680411929     14.37245285199897      c 
  106.89741026400115     28.72337824399333     14.67720510590346      c 
  108.00302662004033     29.64193269359307     16.50041508567470      o 
  102.65049414821794     26.71765486937213     15.55910809527227      c 
   99.93400960842497     26.60564663927547     14.60905847541521      c 
  103.95568819831752     24.18381945512927     15.13104676436777      c 
  102.36132646761881     28.24664760443410     10.76620042384285      h 
  103.51792931275996     30.68469022686273     15.45440305711549      h 
  102.63193787503266     27.07521985733099     17.59775604511048      h 
   98.79765483384529     25.42083675950096     15.83899310601518      h 
   99.12266642769193     28.48312571537938     14.54468107321921      h 
   99.85133944115437     25.80903989487379     12.72176511023924      h 
  102.82872019292742     22.68557429376312     15.97127259096508      h 
  104.15066769403509     23.79461028673076     13.12443417202017      h 
  105.82030121381256     24.14177037161423     15.99680656081102      h 
  106.69102419461487     36.18377252983244     16.52992010900091      n 
  105.57204785651599     36.07116236249457     19.03108525619563      c 
  107.50937053795546     35.23183075459441     21.00375273325237      c 
  107.85459807399887     36.47285222479137     22.92911170351500      o 
  103.24750122955020     34.33912069218545     19.11654000457238      c 
  101.23171935695045     35.10350775862894     17.16955825010319      c 
  102.15331183562198     34.25073860392263     21.78560513900389      c 
   99.90044196343584     37.60005832658040     17.70078786416484      c 
  105.92763438115237     35.15540563572214     15.10803142977081      h 
  105.02623759002796     37.99667868248912     19.58762313596015      h 
  103.91290793145571     32.43673414537881     18.64329557717578      h 
  102.10454985783025     35.21108585542773     15.30531448838145      h 
   99.80955042871646     33.60913211444498     17.11296068844682      h 
  100.34712310767095     33.27437965588317     21.76221236604158      h 
  103.41750612790882     33.24903901293869     23.05655140604492      h 
  101.87848680137918     36.14605241030199     22.52412927437585      h 
   98.63847064346643     38.04417857316847     16.14185151947006      h 
   98.77481219620059     37.48227559041369     19.41191282255780      h 
  101.24869928537746     39.13521976057702     17.88549921192759      h 
   97.64436619838879     14.48405124305606     27.03717421266364      n 
   95.01653199648074     14.25696323893434     26.28203693276616      c 
   93.54358387414456     16.62743509594498     27.02243400122673      c 
   92.00815979053975     17.61310780947012     25.58982499814902      o 
   93.89209933548544     11.91490746994684     27.56874514052248      c 
   91.15546132972533     11.48450387134927     26.94621953426343      c 
   90.46900981119258      9.92892365953140     24.94715822992848      c 
   89.27019742401630     12.58705594756661     28.40482094563172      c 
   87.94661200407592      9.51058317131768     24.39346407534595      c 
   86.74896204043236     12.15570259651747     27.86443592606379      c 
   86.08265297870132     10.62381763570113     25.85210862651203      c 
   98.48547748574835     12.94486354855838     27.81564613471864      h 
   94.88899063841104     14.08808669707387     24.21565067743085      h 
   95.02815382788748     10.30168470221113     26.96575729557994      h 
   94.12222802582258     12.17310172908791     29.60115575752443      h 
   91.92620332608396      9.02761275493962     23.83494155587865      h 
   89.79571770601027     13.76991096064861     29.98297001046492      h 
   87.44430562473528      8.31558688614095     22.81997739434231      h 
   85.30330745334750     13.00297166662075     29.02523171592824      h 
   84.11710648488561     10.28657143827382     25.43362321256964      h 
   93.95477718846045     17.46019634762839     29.35776582538713      n 
   92.66892168835827     19.67567842824539     30.31136330763722      c 
   93.33247595767816     21.99784823898140     28.73445668092389      c 
   91.68078810510491     23.42536929780392     27.94978493501403      o 
   93.27850163497200     20.05774412944351     33.12772937710891      c 
   92.12234926100189     17.87160181278387     34.64515441857800      c 
   92.29967246967490     22.61940437482140     34.02334882681845      c 
   92.78593035592648     17.95027638508125     37.44601673889010      c 
   95.28351098760366     16.63128412849789     30.45456329094716      h 
   90.62543175759291     19.39926316089244     30.05188934705925      h 
   95.33996601422368     20.00723584191807     33.31446114086611      h 
   90.07193729620960     17.92643380877704     34.42665741400150      h 
   92.82177242102202     16.09752677675530     33.86035829317382      h 
   92.79248781476363     22.92865267755459     35.98931548551425      h 
   93.13246484911313     24.13734021979705     32.91713006998827      h 
   90.25836656907745     22.70584501533569     33.81254313705770      h 
   92.11120919198228     16.25007481330547     38.38004636007980      h 
   94.82583931516635     18.05319630873783     37.67710919116215      h 
   91.92439770314394     19.57211659208485     38.35873628526669      h 
   95.78742916730776     22.42101154082093     28.31316565133582      n 
   96.51497118432489     24.72351648746207     27.04168310917215      c 
   95.94129531548654     24.65592619229330     24.21085679928877      c 
   95.66994145440037     26.65021313368606     23.04822162955378      o 
   99.26703608238948     25.54102226633850     27.51465561086280      c 
  101.09995057157218     23.99256852061255     25.90016315893847      c 
   99.89117126310380     25.42090874029621     30.32774361317038      c 
  103.84886961941638     24.77188066131187     26.23896758432137      c 
   97.12774522699634     21.20852816880302     28.92835871707715      h 
   95.27440886821176     26.21584201482883     27.79390161493334      h 
   99.39512657875738     27.51093246618345     26.88839051114933      h 
  100.89907876748144     21.98838613548889     26.34245272708808      h 
  100.59920368214614     24.24330443640001     23.91199007587741      h 
  101.67040388885948     26.37351061646149     30.69797080471674      h 
   98.41866791120239     26.33664374353501     31.42843441893176      h 
  100.07228261395812     23.46949363716045     30.94695050917343      h 
  105.01804647274527     23.84040569203598     24.82659441715239      h 
  104.04465895378802     26.80675330549918     26.02284654503106      h 
  104.56379334119535     24.20727587425053     28.08162808318710      h 
   95.67046621806840     22.40056515920582     23.13341963314902      n 
   95.02614283160996     22.23106035263118     20.47421384131284      c 
   92.22868825277942     22.94908081707819     20.17058368040985      c 
   91.49546291161492     24.21372501683085     18.37474395611784      o 
   95.78838794962580     19.66113699141192     19.34284256810280      c 
   96.23658207006099     19.87546709509022     16.48754653572983      c 
   93.84676706837328     17.61923811351985     19.91865697403551      c 
   97.46219883730454     17.50811535344508     15.39303925474802      c 
   96.18916288617542     20.81626089545118     24.07083009594933      h 
   96.08041796561704     23.72700375654842     19.48967928723921      h 
   97.58149519123329     19.14568649000526     20.25220024269372      h 
   94.43387093674434     20.23693707473371     15.55484388274734      h 
   97.47675391096739     21.48362355631079     16.12731363362061      h 
   94.59756071528848     15.78044333707764     19.40841746695616      h 
   93.40461323602607     17.58996846557617     21.91845270864436      h 
   92.11799275539543     17.95142099227771     18.85885743503037      h 
   97.97481143482999     17.79654918240440     13.42580610474456      h 
   99.16742974254034     17.05531516887177     16.45201270326696      h 
   96.18636887552576     15.90478397900167     15.49068288251842      h 
   90.71275903805845     22.23732973351878     22.05824232167497      n 
   88.08771031771094     23.02809831246339     22.16236827277877      c 
   87.99370843902099     25.91686221437407     22.29010186832291      c 
   86.67477506724308     27.18396085217267     20.86890444290822      o 
   86.82774996850772     21.85928904446877     24.46690399602583      c 
   91.29231301700304     20.98930358553200     23.38476133951788      h 
   87.12361947280199     22.45596342991005     20.41741421333940      h 
   84.86372154445941     22.44211547979216     24.57586099693702      h 
   86.91593580721893     19.81465339364734     24.33748456934827      h 
   87.81457746351384     22.44390818796711     26.16992000412112      h 
   89.47323076751258     26.94600137466225     24.05916615577926      n 
   89.65280894836638     29.66686674914943     24.31536085677605      c 
   90.20655956663747     30.87489241601198     21.74699293730044      c 
   88.96914203380545     32.66678345683260     20.95371487864010      o 
   91.76599780478097     30.39895709180701     26.15653384519962      c 
   92.45975492748876     33.13634114247465     25.81017556328857      c 
   90.73227856975564     35.03347283365881     26.35982298389013      c 
   94.80855883773238     33.79394885864899     24.84501076746949      c 
   91.32830607498138     37.53719796141656     25.90812056512028      c 
   95.41582606062853     36.30248783668444     24.42367369244098      c 
   93.66898278433204     38.17780739841316     24.93361963796404      c 
   90.39629615282411     25.83557927281305     25.32137317616407      h 
   87.82985273384574     30.42754125791422     24.95169822981434      h 
   91.14701287863353     30.02678841830808     28.08836587913850      h 
   93.41054718148699     29.23749649521977     25.72559452724783      h 
   88.91794210544876     34.53692804127675     27.14809603099725      h 
   96.17230133868564     32.33277606845767     24.42880540293814      h 
   89.97335221925448     38.99579828109016     26.33694853252009      h 
   97.25781886319152     36.79383299369289     23.70061125415707      h 
   94.14792482277112     40.12843085547554     24.58722173530284      h 
   92.14928596572726     29.91371318261106     20.48011427286199      n 
   92.89593945703564     30.97879512245103     18.07168828021824      c 
   90.62671084543581     31.19781014872030     16.30640838667179      c 
   90.23541853971579     33.09726449243114     15.03826061875750      o 
   94.89369085965637     29.32004390816038     16.85582926617066      c 
   93.26937814977160     28.54901101173547     21.22847627862921      h 
   93.62797440483367     32.89880855575691     18.35495741634854      h 
   95.43954555246762     30.12846373292760     15.04989821595887      h 
   96.53001776247906     29.21107470812333     18.09086558197909      h 
   94.14783558745515     27.42903104698792     16.55269810479007      h 
   89.16525286668593     29.15231492033501     16.16280604310170      n 
   86.96539592196385     29.20073744703240     14.53878252950628      c 
   85.21366839005894     31.37462305976640     15.31698361868384      c 
   84.36382278596022     32.85485930158828     13.74359255554557      o 
   85.60261917018128     26.66696950318689     14.61703433231428      c 
   83.32460085680931     26.57496040683986     12.83448820325348      c 
   84.10488643729703     26.60310837638790     10.05692274456389      c 
   81.79792081050498     24.19307050798064     13.37188960670759      c 
   89.58990268251513     27.54947471401171     17.11921121818424      h 
   87.58263961682708     29.63451844359298     12.60520196653953      h 
   86.94251949885376     25.17975092353742     14.11423636816896      h 
   84.98796771350304     26.33285571965054     16.55751318754702      h 
   82.14199892659788     28.23141342543707     13.20608273076587      h 
   82.44145264480942     26.41350741413189      8.86501204549115      h 
   85.04468298618879     28.35608447781751      9.54971656132767      h 
   85.37574832353907     25.03727507810899      9.66279531815105      h 
   80.22498572349841     24.06902237390171     12.05965759979936      h 
   82.98914340007732     22.53329522134039     13.14217040921222      h 
   81.07280836217339     24.21915917796619     15.29298963356815      h 
   84.65930926567026     31.50865218263536     17.76493684743748      n 
   83.06882060257087     33.47753614620553     18.83058113570489      c 
   83.81498977337009     36.09229147223748     17.83448484521047      c 
   82.25856429885140     37.47742500972169     16.82009912708645      o 
   83.28235848834471     33.33138569540952     21.71650694400587      c 
   81.90869500269154     35.39815965750305     23.09048958075032      c 
   79.28451788593486     35.46125670007060     23.17042136391122      c 
   83.26431823166401     37.21555854459808     24.41121430501379      c 
   78.03858414078489     37.29816998825687     24.55352530832485      c 
   82.01912151100370     39.03636070775226     25.81908681298966      c 
   79.40340023038785     39.08261712171835     25.89497765909291      c 
   85.42817462828997     30.24020404656088     18.97939286846907      h 
   81.09904076641540     33.20198540825432     18.23191819164716      h 
   82.54000574004257     31.49333851685161     22.29730579428148      h 
   85.28582674414241     33.40266358346540     22.18560974615576      h 
   78.21358100591851     34.03990974196435     22.17152780695830      h 
   85.30314075419645     37.15765081194154     24.36567771922021      h 
   76.00013714875051     37.31344260805916     24.62354148343411      h 
   83.09552330404372     40.34090269695263     26.96035368639991      h 
   78.42106861243434     40.46630866337681     27.02396891109796      h 
   86.20242196234963     36.79016400931514     18.28204046220732      n 
   87.08194975517277     39.23325794347248     17.41161350791982      c 
   86.81178157995679     39.47652222130633     14.52948864941778      c 
   85.85801286888254     41.38183474607356     13.60950061686324      o 
   89.73962671487433     39.95616434273839     18.39595157339150      c 
   90.70685048711277     42.25749160082956     16.91627285722746      c 
   91.64030113860146     37.79896421361719     18.28315705875192      c 
   93.13230421806108     43.36791571221333     18.00600514504346      c 
   87.45348233709061     35.52193243413370     18.97857966024466      h 
   85.72396909213370     40.63473186395046     18.12086270014702      h 
   89.53443672277226     40.48896585597802     20.38507803774486      h 
   91.04601279786664     41.69378571577320     14.96104113884259      h 
   89.24210581686749     43.70672823639474     16.89133065865302      h 
   93.45554710363027     38.44888173085896     18.98555964271783      h 
   91.05458097330184     36.23210868112511     19.47223436075088      h 
   91.88610150708290     37.12374946610518     16.36028255749312      h 
   93.56740976397965     45.16010260569399     17.10276001410189      h 
   92.93762179557754     43.68138088586800     20.02454406563124      h 
   94.72356816466377     42.11398113082184     17.67597709130585      h 
   87.61705015102123     37.53330721713174     13.14482483355388      n 
   87.41385656594541     37.57142362976822     10.41118115714194      c 
   84.76797277664578     38.41747438882767      9.59444502414938      c 
   84.44453490159422     40.11299718207846      8.04757506681221      o 
   87.97905672250542     34.93893035804297      9.33452883954235      c 
   87.79173171216769     34.90504149800390      6.49945239389161      c 
   89.83349908081841     35.64113746856772      5.02250320166819      c 
   85.58117106128105     34.15076035958159      5.30327893794983      c 
   89.67796329154432     35.60489477306717      2.41309737251370      c 
   85.41605198946002     34.12519486343763      2.69314670248680      c 
   87.46730502497405     34.84577680340989      1.24157234118488      c 
   88.33855377893602     35.95472236165250     13.96200409348656      h 
   88.74163544196892     38.96133100371698      9.62177815841898      h 
   89.87771427800962     34.39474715032161      9.93021086601492      h 
   86.63205461871132     33.61194344802345     10.15263031540698      h 
   91.56178283530173     36.24117538875348      5.92780350255414      h 
   83.97422112696226     33.57923516705915      6.42381068396628      h 
   91.28142116235306     36.16068696243675      1.27904430549416      h 
   83.68515524230955     33.54389417054694      1.78268375855758      h 
   87.34820853431987     34.81905016005412     -0.79469619178269      h 
   82.89464501819296     37.09058854456444     10.63594094500584      n 
   80.28895117261843     37.43482366891578      9.88095173269539      c 
   79.49935814418784     40.18454554623153     10.21817282908189      c 
   78.52519456542787     41.38987779104491      8.49246531700928      o 
   78.53780825842743     35.66288259665581     11.38105498448667      c 
   75.76800474457275     36.34295333004295     10.93066828514135      c 
   79.01899134441264     32.92098847652676     10.62434036451226      c 
   83.29076055119981     35.73000882350841     11.92623480589472      h 
   80.11673165982228     37.04831603138049      7.84445563647236      h 
   78.98991823684941     35.90124262085639     13.38634126644066      h 
   74.54772578908624     34.98713789156398     11.87402199198809      h 
   75.33855175503952     38.21939026631643     11.64514874051844      h 
   75.35487253288247     36.31948838787971      8.91649169524027      h 
   77.77267933773270     31.67208141426939     11.67543147488991      h 
   78.65458440787876     32.66304922135166      8.61839583904267      h 
   80.95886189289389     32.38693710950467     11.02645915774990      h 
   79.80716205945812     41.16315238508170     12.52703513166836      n 
   78.71986850209701     43.62580053610014     13.06302820495348      c 
   79.89092114011098     45.65059020185411     11.35117225898936      c 
   78.57108718976323     47.22711901055612     10.28782065540760      o 
   78.82831374726874     44.24487684391427     15.88295537926176      c 
   81.46340573175802     44.69815809299894     16.97008455748836      c 
   81.29470512527315     44.72004318401739     19.85829806348822      c 
   83.81552279400668     45.36669694536761     21.09359218931668      c 
   83.54489046298022     45.33330925444529     23.89484563679097      n 
   80.60515239978378     40.15405349523145     13.94451216327777      h 
   76.71840852307221     43.57533414039749     12.49841630647545      h 
   77.66156459236363     45.91455938847410     16.20077884015651      h 
   77.95666441316847     42.65652719393120     16.87177249623312      h 
   82.73308559328494     43.20418103472549     16.34115149486960      h 
   82.18684146423828     46.50166899499801     16.28750019133475      h 
   79.87618832959679     46.11249466029588     20.40487734658137      h 
   80.66691407506816     42.85548052386076     20.48046806999983      h 
   85.24420531562525     43.98350710686245     20.55382412879949      h 
   84.43323017621734     47.23995865090651     20.49884825738733      h 
   85.23974281963666     45.72680822528164     24.77133556438158      h 
   82.23334557025372     46.66302624927609     24.45227637635072      h 
   82.91756157227921     43.57450614639035     24.47657435544377      h 
   82.41230473981440     45.59440968816385     11.15153814319232      n 
   83.70769762404379     47.40397292695457      9.54706231159668      c 
   82.65975562045126     47.27094470858405      6.84953792647855      c 
   81.90046498029791     49.15561565079346      5.73043269829849      o 
   86.58349403600600     46.97552630341674      9.62978285915007      c 
   87.58057962184543     47.66987358508187     12.26579016755180      c 
   87.89624910790762     48.51860328899999      7.57484513922613      c 
   90.44859919642050     47.52109568162472     12.50409073776148      c 
   83.42503961338022     44.14530750225359     11.88642851527672      h 
   83.25050542288987     49.31469723283272     10.21966620598928      h 
   86.91802209754819     44.96246824381683      9.28183986099478      h 
   86.97796350394951     49.59239599052310     12.70798908479174      h 
   86.73638429058725     46.37802087527344     13.62966467795687      h 
   89.88169136406202     48.01736294091700      7.46110711408877      h 
   87.04911709093471     48.17095933751953      5.73598559337187      h 
   87.74309006721114     50.52731902311902      7.98330736982160      h 
   91.00727281081579     47.88047473109484     14.44707690576122      h 
   91.12239963958390     45.65922645561150     11.96146304812871      h 
   91.36477090512167     48.92772780901432     11.32467526212294      h 
   82.70544518012737     44.97664571924349      5.79595396654044      n 
   81.93561261116928     44.61499902565730      3.19275603660671      c 
   79.24893555970263     45.59584149402036      2.74780059048645      c 
   78.74408848671995     47.01394052892598      0.98879578839045      o 
   82.07403688586317     41.83337851630284      2.47411937164496      c 
   83.23412622322434     43.42275999614949      6.78380153939344      h 
   83.16720105470897     45.74666340140920      1.96087882593443      h 
   81.50940024388048     41.60627357116594      0.51469145405077      h 
   83.99157857217827     41.14167262988587      2.72161696007119      h 
   80.80851458488598     40.73844263262560      3.66475926611057      h 
   77.53874598371820     44.70571748944768      4.37371511277714      n 
   74.85781719815398     45.05111628870825      3.98463646397050      c 
   74.21120380437361     47.80367789727019      3.42961365119884      c 
   72.63349562110814     48.37158519207723      1.83737156109089      o 
   73.37571292311391     44.11709851402156      6.27857598510563      c 
   72.78748065421406     41.29931647535270      6.08623159525033      c 
   73.57390678616841     39.94465119684092      4.40361071902447      o 
   71.30934261120746     40.43960145906497      7.96328842512998      n 
   78.06417211880949     43.52117912360784      5.78527024951904      h 
   74.26121465121159     43.97426223587159      2.30595021392265      h 
   74.48055324580652     44.46593100126789      7.98506878753634      h 
   71.59863613375980     45.15186808594157      6.42080660873447      h 
   70.70437977304618     38.63426590420760      7.92093203286929      h 
   70.57406977163004     41.60936724850951      9.26600884096947      h 
   69.37554212798184     24.46957600124389      2.62325579447613      n 
   70.55800014157828     24.75827425974427      5.08273632468636      c 
   70.98654166715328     22.19496135491536      6.33012889404960      c 
   73.08313511827777     21.54532992026150      7.06746546062845      o 
   68.86903233483616     26.40549918225889      6.76709627469631      c 
   69.93428076179994     26.86083231505451      9.42669895943753      c 
   72.35310836202599     28.43447669784601      9.34911677742917      c 
   67.93925781636952     28.18325514025300     11.04727600993285      c 
   68.15018397389186     25.88347491519194      2.14933656030495      h 
   72.42226462754655     25.63562439379954      4.85629891938289      h 
   68.58311437588985     28.21789518903363      5.82243950240795      h 
   67.03616433045518     25.46964159117495      6.95149127534316      h 
   70.35193737349938     25.01934696249041     10.28130086447781      h 
   72.90578620895387     28.95412392626244     11.25789806746420      h 
   73.89402267115561     27.36542230329399      8.51481856854544      h 
   72.05060867203554     30.15125318140088      8.26266915135393      h 
   68.64887559661955     28.49443566150216     12.95034139581130      h 
   67.44179751053552     30.00209579149339     10.23194677639776      h 
   66.24088132396318     27.03295591462113     11.18675477400522      h 
   77.38444064168594     18.13063613409994      8.00476797075521      n 
   78.06786087104348     17.37315021151892     10.54624037718477      c 
   78.69986973684395     14.55748651198655     10.54803160891683      c 
   80.60763480199432     13.72646041328382     11.57943069322367      o 
   75.94888129149767     17.95417458527980     12.44972405522490      c 
   75.62626983158725     20.81934566330382     12.72850067423532      c 
   76.54548808843374     16.72986648103511     14.99422662493094      c 
   73.32781359406866     21.54899316270695     14.30266961376987      c 
   75.73255399901350     19.06136892484760      7.73330701228545      h 
   79.80362909642035     18.37299512605663     11.10382404848614      h 
   74.19871708357235     17.13479766401905     11.70625926688535      h 
   77.31935044374356     21.58829064140058     13.61326938557413      h 
   75.42348827158598     21.65430523129433     10.85549606156546      h 
   74.99917291211645     17.03523730649348     16.30618606835071      h 
   76.79308583649268     14.70086469456379     14.78550815297694      h 
   78.26884274770235     17.52697461413970     15.78075951770868      h 
   73.00735907019134     23.57501225600662     14.19310678410482      h 
   71.64931827021442     20.57839495843038     13.61238607361926      h 
   73.59310623022616     21.04943986935493     16.27431871505590      h 
   85.27672505182858     12.92104349098448      7.75711285175028      n 
   87.37306278429274     14.06914004071150      9.11056248883408      c 
   87.69987033040687     12.81342277954272     11.68297586710359      c 
   89.66918812422136     11.83212218151627     12.39854949020296      o 
   86.90362666472100     16.91063712790682      9.47729004114803      c 
   88.90893266388659     18.03975465366747     11.21620917724242      c 
   86.88434548321295     18.26803443235637      6.93859977751123      c 
   83.74278819747471     13.99992812956475      7.38213197294230      h 
   89.12771405464400     13.75620223363340      8.04579022537741      h 
   85.03637843753907     17.13040650518505     10.34853335024260      h 
   88.58819951465792     20.05450754762213     11.46010640461006      h 
   88.86468458754256     17.16683779987069     13.07540805835081      h 
   90.77855881524464     17.75966512752268     10.41009590302501      h 
   86.62457049174790     20.28491712021034      7.22645172829233      h 
   88.66893305770547     17.97674717031492      5.96274778020507      h 
   85.34111651528639     17.58300248275975      5.77271411454831      h 
   85.64188454696637     12.97596378234394     13.13836080371254      n 
   85.67471023868261     12.07407427068956     15.70464509397097      c 
   85.71001085005052      9.19583566572759     15.80120447069097      c 
   86.69861543993785      8.07927417534911     17.57703727461758      o 
   83.48494139298428     13.21065652273115     17.20007403133687      c 
   83.77860429509008     16.06324092403366     17.51771782237959      c 
   86.89644981494482     17.05749997004784     18.60399472116394      s 
   86.99265495195316     15.45825631774125     21.63913782160632      c 
   83.96221217158879     13.54564055813736     12.41637534046720      h 
   87.46730225992705     12.69248561474467     16.55595030595230      h 
   81.72910835964494     12.84051353529439     16.18115225472841      h 
   83.38791384346335     12.29603262808383     19.04321386240218      h 
   83.53929547615104     17.01832050133825     15.71154352135237      h 
   82.38709787302652     16.78823277024413     18.85202755840264      h 
   88.64925337400174     16.13988177477619     22.63501866860265      h 
   85.28654711504421     15.90666878315973     22.68520184276248      h 
   87.15601878508537     13.43441134904399     21.35753286223977      h 
  109.31342314407085     35.91963189933748     -0.67456571508761      n 
  106.58747357511169     35.72449057013523     -0.39827630688439      c 
  105.27940055757499     36.30898943805711     -2.91355815667514      c 
  103.88470734381141     34.76604764195650     -3.94386884311696      o 
  105.67043452906499     37.49813987774154      1.69124288674082      c 
  102.83003414092285     37.68317067573916      1.76421026519545      c 
  101.33629993416574     35.52466240045916      1.83018243093061      c 
  101.65971081807257     40.03189986168340      1.79246418260679      c 
   98.72898469805752     35.71083677858720      1.88946746124352      c 
   99.05229334835742     40.22159832208210      1.88552992035221      c 
   97.58020745751622     38.06043411993932      1.92044055294440      c 
  110.22418459307946     37.19482995036484      0.44014199533064      h 
  106.10890576685023     33.76224587787465      0.05808662299661      h 
  106.38478579238270     36.78806199552113      3.49315866917637      h 
  106.48753288775107     39.36722233377905      1.39793587785688      h 
  102.20078765327142     33.67991164699708      1.82816158029920      h 
  102.79660737594808     41.72527638092385      1.75470505951068      h 
   97.59897655881888     34.01364145390526      1.91322351455541      h 
   98.16837264076692     42.05907990263981      1.92444297984384      h 
   95.54784929496026     38.21403218932726      1.97543485107429      h 
   91.58555749145381     20.33902187860453     -6.57749396393186      h 
   91.79779520835798     18.62325964233611     -0.36332202143380      h 
   99.31955268882869     23.07707517042588     -1.95198791667654      h 
   99.33144812250625     23.52744030894298      6.91063595552084      h 
  104.41249968432129     30.77255520069022      5.19587489492651      h 
  107.90067096156022     27.78441334138206     13.37994759563176      h 
  106.64469013955741     37.78510110619644     15.95881423589517      h 
  108.51255339940346     33.65374731521910     20.73109733154445      h 
   98.59349833059721     14.87199020135521     25.68026097568894      h 
   75.08297922646940     49.18823578152244      4.37516705649823      h 
   70.57460292209080     24.43269170598903      1.41766269019194      h 
   69.53866764191645     21.00278196837105      6.56128529426983      h 
   78.57370401857405     19.17660556559063      7.38495949977140      h 
   77.54594262440528     13.32955658166415      9.69263435110572      h 
   85.81191728703536     12.37762331869665      6.23697280548299      h 
   84.92128959793170      8.19390798028623     14.40652749628735      h 
  110.02888967866836     34.41785416024869     -0.32054137643783      h 
  105.55238931034188     37.97894676388778     -3.75485705375926      h 
   0.4641743390026D-01   0.7741548365184D-01  -0.8068583032707D-01
  -0.1360573343682D-03   0.2812912417084D-02  -0.1346774864100D-02
  -0.3238346814754D-02  -0.8733588208706D-01   0.9391782470516D-02
   0.1405354050151D-01   0.1346906325894D-01   0.1191616081503D-01
   0.3429989000854D-02  -0.2100794610817D-02  -0.7058372559909D-02
   0.2293266782534D-02   0.6919990155446D-03  -0.1065525381197D-03
   0.4836571154963D-03   0.4050864529383D-04  -0.8525953960098D-03
  -0.8675879487516D-04  -0.1280596576344D-02  -0.6929266200820D-03
  -0.1919908655992D-03   0.9412550199108D-04   0.3935639457146D-03
  -0.5646061827606D-03   0.8014075428446D-03  -0.1119340830236D-03
   0.1534288202598D-03   0.1530373512760D-03  -0.4594412085642D-03
   0.4035239514468D-02   0.3324418550415D-03  -0.1082359622768D-01
   0.2065179676888D-02  -0.1001654258540D-02  -0.3041878984324D-02
   0.1589036210582D-03  -0.1601007660564D-02   0.2301657004907D-03
   0.3301737659332D-03   0.2523730500921D-03  -0.4573798578800D-03
   0.5797558255491D-03  -0.5297192605557D-03   0.1954806218909D-03
  -0.2978748482313D-03  -0.3874091433242D-03  -0.2173512852702D-03
  -0.2491540088485D-03  -0.8388284170306D-03   0.4229461563026D-03
   0.5432393638473D-03   0.2926270676193D-04   0.3712265070877D-03
   0.1272671958968D-03  -0.7633502269419D-03  -0.2309133382713D-03
   0.9935098081099D-01  -0.2478906418029D-01  -0.5641583693426D-01
   0.2865797615575D-02   0.5605993293986D-02   0.3311711229181D-02
   0.4870753858327D-02  -0.1309158287439D-03   0.4446098549930D-02
  -0.5135487158666D-03   0.3514511265802D-03  -0.9750937699344D-03
   0.5594218040640D-03  -0.6822146851040D-02  -0.1616598525226D-02
  -0.6774510190592D-04   0.1307585637410D-04  -0.1252512946598D-03
   0.1391321832784D-02  -0.1002111018658D-02   0.1270177223408D-02
  -0.1246350116697D-04   0.7804036984249D-03  -0.1003835389298D-02
   0.1218021532162D-01  -0.1429467538255D-01  -0.4724608018505D-02
   0.5874911266517D-03  -0.1243266049357D-02  -0.5486478119812D-03
   0.1547974797996D-02  -0.2424436164603D-02   0.1076781038014D-02
  -0.4573190402840D-03  -0.3255610308567D-03  -0.3996868072838D-03
  -0.2422520100865D-03  -0.3370557429214D-03   0.7039736559854D-04
  -0.5309452808092D-03  -0.1030111861132D-03   0.1288884718983D-02
  -0.1468474053739D-02  -0.3516147638555D-03   0.9499476759999D-03
   0.7595691204148D-03   0.1484043719852D-03   0.1004215074297D-03
  -0.4850135274142D-04  -0.2881277128697D-03  -0.5813412843093D-03
   0.5396392849313D-03  -0.7054441284582D-03   0.1404515740980D-02
  -0.4392934495647D-03  -0.1521553216565D-02   0.3049444147225D-03
  -0.9308556514114D-03   0.1025614210684D-02  -0.3108872125127D-02
  -0.5706924836818D-02  -0.1665253989348D-02  -0.2406187499759D-02
   0.2476245217115D-01  -0.8398345658882D-01  -0.2939347013317D-01
   0.1329698780413D-01   0.1522543330998D-01   0.1138491530891D-01
   0.3008809394140D-03   0.1749817197184D-02  -0.3668392873675D-03
  -0.2631630903484D-03   0.3482252581133D-03   0.6404532769473D-03
  -0.3539850060360D-03   0.3089333926755D-03  -0.2561340836794D-03
  -0.4064241270512D-03   0.2134599277536D-03   0.7323977767281D-04
  -0.4425051936045D-02   0.1114231826231D-02   0.1954196850022D-02
  -0.1495751388158D-03  -0.4997103674970D-03  -0.4237617118317D-03
   0.1617632713522D-03  -0.5516253303692D-04   0.5221272845972D-03
   0.2480910267626D-03   0.1891245061683D-03   0.2532808155918D-03
  -0.1488796136870D-03   0.5708833997424D-03   0.4685113932484D-03
   0.3250318681887D-03  -0.2065982633850D-03  -0.4525963713536D-04
  -0.1644379093937D-03  -0.6040996690556D-03  -0.2962630411430D-03
  -0.3159118041407D-03   0.3415101246366D-03  -0.1577480022475D-03
  -0.4456593140007D-03  -0.1360668677223D-03   0.3383525240575D-03
  -0.4608243778216D-03  -0.8709384530529D-03  -0.1913672337300D-04
  -0.2181073709603D-03  -0.6631616788817D-03  -0.2945327167539D-03
   0.6453092530333D-01   0.5081986867141D-01  -0.8801166831289D-01
   0.9541191678164D-02   0.2702557217575D-02   0.4424622437269D-02
   0.6045428310086D-03  -0.5997022939174D-02   0.9796023038454D-03
   0.1767979101584D-02   0.9403652023302D-03   0.2637681045763D-02
   0.2147208436190D-02  -0.5634261560979D-02  -0.6561456987062D-02
   0.2058096577341D-02   0.1239886467562D-02   0.9588636648253D-03
   0.7227029759827D-03   0.5176903476249D-03  -0.6592994470105D-03
   0.7889304493384D-03  -0.4013032065561D-03  -0.5622394035719D-03
   0.5790882050137D-02  -0.4659887211102D-02  -0.8455107717532D-02
   0.1721972716219D-02  -0.2502354869681D-02  -0.2699358221088D-02
   0.1978914951127D-03   0.1770151095909D-03   0.3838912741449D-03
  -0.3788404861062D-03  -0.2255035641517D-03   0.5148264450527D-03
  -0.7264176454339D-03  -0.1986499237130D-03   0.9261510686584D-04
  -0.1426078241740D-03  -0.5534177513320D-03  -0.1040543379642D-03
  -0.1034492858847D-02  -0.2193456039888D-03  -0.6636948845331D-04
  -0.4497466880002D-03  -0.2577091940806D-04   0.6882508333246D-03
  -0.3073888116211D-03  -0.2753985494598D-03  -0.1143369367343D-03
  -0.5675646720069D-03   0.2680022234548D-03   0.7503946703520D-03
  -0.4628011241884D-03   0.3538990720408D-03   0.1955203832177D-03
  -0.1501234417053D-02   0.8216792352536D-02  -0.1653036628769D-02
  -0.5996937262721D-02   0.5189081486894D-03   0.4080105747141D-03
   0.2894315817758D-01  -0.5216702704544D-01  -0.7572151703814D-01
   0.1326012261571D-01   0.1162287634986D-01   0.1775058004333D-01
   0.9310081849306D-03   0.1670612086317D-02  -0.1622454153994D-02
  -0.4989450041955D-03   0.2918758324715D-03   0.9647014921408D-03
  -0.1748302217447D-02   0.6711044139098D-03   0.2193315814290D-02
  -0.5563317559190D-03  -0.2096878312678D-02   0.2516681209093D-02
  -0.9651595925359D-03   0.6071986232517D-03  -0.3871318180397D-03
  -0.3910863490535D-03  -0.4006175591193D-03   0.2165556370078D-03
  -0.3376505083764D-04  -0.6227052988468D-03  -0.7275889414879D-03
  -0.3585538470859D-03   0.2327948851078D-03   0.1681623719060D-03
   0.6121187435180D-04  -0.1265987626717D-04   0.2972452362537D-03
   0.1664642045104D-03  -0.1229683698702D-03   0.2168626787670D-03
  -0.3934576052289D-03  -0.3840302018056D-04   0.5527949566620D-03
   0.2921003804622D-04  -0.7510545645325D-03   0.3113956616989D-03
  -0.1308530107045D-01   0.1132286092720D+00  -0.3840896468081D-01
   0.1452684277767D-02   0.2831031509398D-04   0.2932049326342D-02
   0.4022003130151D-01  -0.7592673821401D-01  -0.2469027798829D-01
   0.2562189925434D-02   0.8928220392980D-02   0.1390289534089D-01
   0.4361243027906D-02   0.3455810478362D-02  -0.6843845945141D-02
   0.4782054599366D-04  -0.4038485784011D-03  -0.1438092792946D-02
   0.2402543663968D-02   0.9577800495334D-03  -0.4534452953678D-03
   0.1096640541572D-02  -0.2055765823592D-03  -0.3768815891801D-03
   0.4475184998061D-03   0.1255354970012D-01  -0.8859339751207D-02
   0.1621434871350D-02   0.1046461311533D-02  -0.2909598504745D-02
  -0.1157321689021D-02  -0.8166375486975D-03   0.5924329177892D-03
  -0.3871553580792D-03   0.5808465756171D-03   0.3650602415540D-03
   0.4895345439781D-04   0.7992611657596D-03   0.4117685920672D-03
   0.7168641594362D-03   0.6079919165887D-03  -0.3937542376700D-03
  -0.9196336938506D-03  -0.6055470208293D-03  -0.3092652455968D-03
  -0.6505594725899D-03  -0.1835203853560D-03  -0.3034586070981D-03
   0.1823772516352D-04   0.4626203618180D-04   0.6712898412793D-03
  -0.5512242017931D-03  -0.3415434388761D-03  -0.6968913386178D-03
  -0.1061576513803D-03  -0.6242629221932D-03  -0.3231227968281D-03
   0.5803000252089D-01   0.1977092380583D-01  -0.1064402469171D+00
  -0.2954384144014D-02   0.6705116206240D-02   0.6893760268679D-03
   0.5760905335002D-02   0.8744602948261D-02   0.3802372520906D-02
  -0.3230768422664D-02  -0.3328764574773D-02  -0.1327042625630D-02
   0.4148900562048D-02  -0.4639929858118D-03   0.8950638482580D-04
  -0.3137024635796D-04   0.1810688145095D-02  -0.1851605047682D-02
  -0.3624363550360D-03  -0.1230641999291D-02  -0.4164561246521D-03
  -0.6799907869594D-03   0.1835439187168D-03   0.8845660512113D-03
  -0.1186041073346D-02   0.1836363420754D-03   0.4908905178339D-03
  -0.1250331276542D-02  -0.9466146405725D-03  -0.5087311299724D-03
  -0.5041735694518D-03  -0.2754170557701D-03  -0.6317918267201D-03
   0.1185538971199D-01   0.3232891035013D-02  -0.2682909246691D-02
   0.5329506389490D-02   0.2321551060378D-02  -0.2397947567881D-03
   0.1847067149784D-02   0.1459810680244D-02  -0.4983034715455D-03
   0.5725319533544D-03   0.1864765324651D-02  -0.1048855609532D-02
   0.1036310801508D-02  -0.8938960368218D-04   0.1074552926302D-02
   0.1065137020867D-02  -0.1851640874994D-03  -0.4110535970552D-03
   0.2947855775366D-03   0.9819162522092D-03   0.1244296461629D-02
   0.5682039389536D-03  -0.4480603121243D-03  -0.2258753332929D-03
   0.9520562656311D-03   0.4630052453814D-03   0.3877998354716D-03
  -0.5190534560205D-02  -0.3647451245193D-02  -0.3103018637584D-02
   0.3010515646587D-02   0.6847881824163D-03  -0.3510470985552D-03
   0.1042375926652D-01  -0.3056094959430D-02  -0.4985694734514D-03
  -0.5485612786219D-02   0.1823011139823D-02  -0.5414398016301D-03
   0.2567632515196D-03  -0.4379588825065D-03   0.8648602696216D-03
  -0.7819889187790D-03  -0.1108439099596D-02   0.7040505617391D-03
  -0.1350969013172D-02   0.2897383595886D-03   0.7333165597240D-03
  -0.1575539892138D-02  -0.1621616079730D-03   0.1475140326647D-02
  -0.4538917064374D-03   0.9054357723210D-03   0.3118714845855D-02
  -0.5025187491809D-03  -0.2949946426577D-03  -0.9100568076681D-03
   0.8381334022027D-04  -0.8793194526898D-03  -0.2594088641515D-02
  -0.2065349224441D-03   0.1073402477232D-02   0.1890627026547D-03
   0.2220049572650D-02   0.1242598928576D-02  -0.4505640006721D-03
   0.5543412331813D-03   0.1076938043026D-03   0.1900522911656D-05
   0.5611523742219D-03  -0.4112944000671D-03  -0.2472293039228D-03
  -0.3321813336296D-04  -0.5283954493545D-03  -0.6307794392305D-03
   0.1231834647628D-03  -0.2107295171479D-03   0.1704963019598D-04
   0.1426623373646D-03  -0.2423297434762D-03  -0.1601526165438D-02
  -0.3169763397786D-03   0.3603092192519D-03  -0.1019599522158D-02
  -0.3794463117346D-02   0.2140037895599D-02   0.1955026033609D-02
   0.3934132546197D-03  -0.3364309503562D-02   0.4056550902443D-03
   0.1506763503770D-02  -0.1239059108998D-01  -0.1848040880075D-02
   0.6522751104968D-03   0.6201532166569D-02  -0.2122809629187D-02
  -0.1625986998527D-02  -0.1053752432346D-02   0.4562839549266D-03
   0.3993841538082D-03   0.2845901301978D-02   0.1653800422289D-02
   0.7193778382642D-04   0.1571977804445D-02   0.1652934731829D-03
  -0.1604646561710D-02   0.2033631970370D-02  -0.9859248630520D-03
   0.8541157166765D-03  -0.1273035453294D-02  -0.5082908543440D-04
  -0.7496588946596D-03   0.5995513533027D-03  -0.3196188399989D-03
   0.2763816982576D-03   0.7074255255372D-03  -0.4295198983569D-03
  -0.9228920057467D-03   0.1045404984583D-02  -0.5985176230071D-03
   0.2465761999340D-03  -0.4306288617711D-03  -0.2173416542160D-03
   0.9636377634462D-03  -0.3424971938585D-03  -0.4217645318123D-04
  -0.4018303707731D-03  -0.1648444765557D-03  -0.2917483175356D-03
  -0.4523130261757D-03  -0.6870543711504D-03  -0.1039914005113D-02
   0.2987174468126D-03  -0.1428341036683D-02   0.5078252352641D-03
  -0.1196153648443D-02   0.9634640290137D-03  -0.2193342296200D-03
   0.7056383837943D-03  -0.2045714609610D-02   0.1588380532411D-03
  -0.5298302222057D-02   0.6358888977340D-02   0.1250893423561D-02
   0.7458375691011D-03  -0.9185547093625D-03   0.2153822548729D-02
   0.1635228280057D-02   0.7788603455932D-03   0.3939610750363D-02
  -0.8622102335092D-03  -0.1158787632947D-02  -0.1899600357906D-02
  -0.1332158502185D-03  -0.1788210408556D-03  -0.4960811268684D-03
  -0.2192689738896D-03  -0.1417167041951D-02  -0.5758217453544D-03
  -0.1238090421425D-02  -0.2802887264770D-03  -0.9050512629424D-03
  -0.3888493980760D-03  -0.4279512671463D-03  -0.1787949893717D-02
   0.3671754209599D-02  -0.1311948423747D-02   0.1096920972076D-02
   0.1715892928909D-03  -0.9064188387739D-04  -0.1132696845624D-03
  -0.3794554920587D-03  -0.3012628761282D-03   0.1760226648629D-02
  -0.3757567621120D-03  -0.3484215293767D-03   0.2783024960591D-03
   0.1119124632133D-03  -0.4019232452953D-04   0.7353120562022D-03
   0.1254840601165D-02   0.9256937444778D-03   0.1154768056290D-02
   0.2254132577196D-02   0.6940095869093D-03   0.1487380001986D-03
   0.9432071589249D-04   0.9325664855718D-03  -0.2075186950876D-03
   0.4301444055817D-03  -0.6020124136118D-03  -0.4614128319145D-03
  -0.1153342365458D-03   0.5734649992638D-03   0.1330681584133D-02
   0.1371361445139D-03   0.5041264237964D-03   0.9348943486684D-03
  -0.3590295139396D-04   0.3756914791565D-03   0.2142625977874D-03
   0.1181172322660D-04   0.9577827920719D-04   0.9547596415952D-04
   0.7681748423928D-05   0.6861194316788D-04   0.1462969051646D-03
   0.2870768370503D-03  -0.6851155696648D-04  -0.1097720445131D-04
   0.1638263093607D-03  -0.3113111224746D-03  -0.1940050901113D-03
   0.1758170982154D-03  -0.7831896867114D-04  -0.4326865608698D-03
  -0.1130484155044D-03   0.3975014856358D-03   0.1471863794706D-03
   0.3942409891918D-04  -0.3193410017123D-03  -0.1195324167147D-03
   0.1032947913485D-03  -0.2862376798945D-03   0.1869497372177D-03
   0.5264595623061D-03  -0.2634668242445D-03  -0.5263627858804D-03
   0.1273540185051D-03   0.6449386625193D-05   0.1603829883979D-03
   0.3840589482771D-04  -0.7241052652400D-04  -0.5072906767251D-05
  -0.2185815969846D-03  -0.2125676281731D-03  -0.1061259446564D-03
  -0.1111175628340D-02  -0.1071634436321D-02  -0.2189391092757D-03
  -0.1776887051319D-03  -0.4506338282689D-04  -0.1971137855322D-04
   0.1043352225131D-03  -0.1061941298569D-03  -0.1191367629780D-03
   0.1851809401868D-03  -0.4347474202536D-03  -0.1265911543294D-03
  -0.1088097041542D-03  -0.3739064474740D-03   0.1088014960139D-03
   0.3449025240480D-03  -0.1424570833749D-04  -0.3266775772656D-03
  -0.3548689222175D-04   0.9211904923742D-04   0.5547925411964D-05
  -0.3956666420321D-04  -0.5044929320270D-03  -0.6433549893987D-04
  -0.4130253693353D-04   0.1400702083506D-03   0.3094230821017D-03
   0.1889576946216D-03  -0.1544437661462D-04   0.3649220978109D-05
  -0.1235951318239D-03   0.9736004207429D-04  -0.5893744961163D-04
  -0.3679630916446D-03   0.4079996152120D-04  -0.3506701950263D-03
   0.5488458728909D-03  -0.5592031521019D-04  -0.1973886200240D-04
   0.2036801183386D-03   0.2991244218437D-03   0.4406588663402D-03
   0.5042481940684D-03  -0.2463762283890D-03  -0.2649094001874D-03
  -0.2675849061303D-03   0.2548580588036D-03   0.2141961349026D-03
   0.6400036456020D-04  -0.3242404831125D-03   0.1074767346827D-03
   0.2257031062335D-03   0.4472160592190D-03   0.1183645026586D-03
  -0.1654479655772D-03  -0.4638475372692D-04  -0.2231877102459D-03
  -0.3967027673323D-04  -0.2231063635909D-03  -0.2078205492800D-03
   0.2747530634369D-03  -0.3413096478628D-03  -0.5097069347365D-03
   0.1807236900313D-04   0.1332468389244D-03  -0.1146648161793D-03
   0.3397863501319D-03   0.1731386725237D-03  -0.3918974753681D-03
  -0.5793834091977D-03  -0.7945841461918D-04  -0.2894153675629D-03
   0.6438284158801D-04  -0.2156327784058D-04  -0.7094968914423D-04
  -0.1324427402617D-04  -0.2153720269691D-03  -0.5225587712782D-04
  -0.1140059450356D-03   0.1277547345739D-03  -0.4165810484049D-04
  -0.2305949982825D-03  -0.1122800367999D-03   0.3248430206421D-03
  -0.5441337029981D-04  -0.1549415695821D-03   0.2667112716431D-03
   0.2430477069530D-03  -0.1084497618665D-03   0.3350454960443D-03
   0.6244460542584D-03  -0.4384202810959D-04  -0.2218091608125D-03
   0.7027171397670D-04  -0.9604959307395D-04  -0.6864918335336D-04
   0.1739949137117D-03   0.2398693972707D-03  -0.8006874369928D-04
   0.5294747962102D-05  -0.7380211295200D-04  -0.1137603654670D-03
   0.1632435699064D-03   0.3296763857129D-03  -0.1088903473982D-03
   0.6453553919474D-03  -0.2041916771235D-03  -0.3305987064465D-03
  -0.4741030001491D-03  -0.4508651073532D-04   0.1856831676819D-03
  -0.1948325732748D-03  -0.3288054865839D-03  -0.1572157574568D-04
   0.1273830119050D-03   0.3430181459276D-03  -0.6974014797977D-04
   0.6795848854701D-03   0.5361000783613D-03   0.3519038179268D-03
  -0.1040584745103D-03  -0.2558847725796D-03   0.1292721825777D-04
   0.9244269002648D-04  -0.1295746546375D-03  -0.2032413741961D-03
  -0.2732469141507D-03  -0.2733299557619D-03  -0.3507715400961D-04
   0.3250772510058D-03   0.7517908681511D-04  -0.2436440194596D-03
   0.2115403156249D-03   0.3873687305330D-03  -0.8976329756796D-04
   0.2615219804947D-03   0.4687532227836D-03  -0.1180379649456D-03
   0.5052509323132D-04   0.2467153463444D-03   0.3020451018321D-03
   0.1252738252469D-03   0.2327762198731D-03   0.2997507165890D-03
   0.3280496884468D-03  -0.1892617418256D-03   0.4594276328790D-03
  -0.2003623469013D-03  -0.9875171080174D-03   0.2895326428134D-04
   0.1264394019685D-03   0.9838332979822D-04   0.4247348055334D-04
  -0.6222586999892D-04  -0.8806030518194D-04   0.6390871593763D-04
   0.1633349809545D-03  -0.3223110112207D-03   0.9665314583507D-04
   0.3958238584184D-05  -0.3286808080109D-03  -0.2997652698189D-04
   0.1375323639661D-04  -0.8977944196872D-04   0.2242540857908D-03
  -0.1486448343888D-03  -0.8583639545273D-04   0.1876189849544D-04
   0.1884337645467D-03  -0.3046767704084D-03  -0.1913355157054D-03
  -0.2943013080262D-03   0.3490422502214D-03   0.4558742211578D-03
  -0.9995097658723D-04   0.1494956065400D-02   0.7762053964599D-03
   0.2678858483073D-03   0.9288306561633D-04  -0.1299034226463D-03
   0.1535258482610D-03   0.2033215995646D-03  -0.5296553040026D-03
   0.1083231863911D-03   0.5392954454447D-04   0.1080418567087D-03
  -0.3003343796220D-03  -0.4453006108200D-04   0.1461480808131D-03
   0.1719612359561D-03   0.1400590263696D-03   0.5185686162678D-03
  -0.4243182031908D-03  -0.1100642016141D-03  -0.1194941976989D-03
   0.1944693327368D-03  -0.4322945022565D-03   0.4064020863744D-04
   0.1501293275136D-03   0.1243095148255D-03   0.6942674013736D-03
   0.3107383555246D-03  -0.2763632249062D-03   0.9524074380686D-04
   0.3540254348674D-03  -0.5520835075924D-04   0.1941018633846D-03
   0.8294205631116D-03   0.4281655672576D-03   0.8358405018833D-03
   0.1906970121323D-03   0.3227519437568D-04   0.9098716494845D-04
   0.1827858103408D-03  -0.7700028780373D-04  -0.1523540864215D-03
   0.1290830895033D-03   0.6197699297211D-04   0.1021627992777D-03
   0.1162620296087D-03   0.5376773392291D-05  -0.3930440538188D-03
   0.3744343683185D-03   0.2427432455492D-03   0.6688124342390D-03
   0.1898556430746D-03  -0.9910911759921D-04  -0.5988405315108D-03
   0.8140781639838D-04   0.3412068814951D-03  -0.3574019663151D-04
   0.4284349618910D-03  -0.5704174152479D-03   0.1696031319709D-03
   0.3127696938213D-04  -0.2201468337874D-03   0.4086801022511D-03
   0.1272140749188D-03   0.1671906522087D-03  -0.1226675014015D-03
  -0.1485612148666D-03   0.9240792206746D-04   0.5335169103994D-04
   0.2311808271039D-03   0.3384686781253D-03   0.2325291841124D-04
   0.6100666454368D-03   0.1469131983268D-03   0.8914185409472D-04
  -0.4826848619910D-03  -0.2099816435310D-03  -0.4463880244896D-03
  -0.2708540383377D-03  -0.3524025398404D-03  -0.9008356196498D-03
  -0.1952297348435D-03  -0.1451551506034D-03  -0.4988483298489D-04
  -0.1533923752931D-03  -0.1047115854197D-03  -0.8669920525832D-06
  -0.6423605898129D-04  -0.2892589981058D-03  -0.2596087935641D-03
   0.2458863628349D-03  -0.3033161702458D-03  -0.3421168548366D-03
  -0.1294374933442D-03   0.6593408638933D-04  -0.6025107590508D-04
  -0.8900769937155D-04   0.1135248278776D-03  -0.1668985061801D-03
  -0.1615181817518D-03  -0.1065253533883D-03   0.1809317865130D-03
   0.2281425035929D-03   0.1191999705614D-03   0.4914325002065D-04
  -0.1839310521002D-03  -0.3468414974842D-04  -0.2732788010106D-03
   0.2011464962324D-03   0.1291470058569D-03  -0.3928916692138D-03
   0.9828075722088D-05   0.1845738165353D-03   0.3598725748598D-03
  -0.7057737053089D-03  -0.7619240261380D-04   0.4682147139888D-03
  -0.3420057293583D-03  -0.1593439087839D-03  -0.2847332223063D-03
  -0.3189949325561D-03  -0.3755141190697D-03  -0.9617676938532D-04
   0.3981806793009D-05   0.2132308894425D-05  -0.9562933235602D-04
  -0.4078473042400D-03   0.6395546778670D-04  -0.1665318939267D-03
   0.1093220243103D-03   0.3098837490416D-03  -0.5022254549890D-03
  -0.2961767879140D-03  -0.2181554997351D-03  -0.2721295057772D-03
   0.4582431333674D-03   0.1493117136700D-04  -0.3960713902132D-03
   0.1166060619037D-03  -0.4713641092316D-04   0.1789419326073D-03
  -0.1512394613913D-03  -0.3013893515456D-03  -0.1692665524526D-03
  -0.1515949754183D-03  -0.5381852979001D-04  -0.3669636112921D-04
  -0.4765067511208D-04   0.1605045028349D-04  -0.1694261773936D-03
   0.4561837677226D-03   0.8528278079962D-04  -0.3621708575509D-03
  -0.1959545765460D-03  -0.2446824322693D-04  -0.7117217037054D-04
  -0.2028948690711D-03  -0.1188943678637D-03   0.5617096780498D-04
  -0.1176892376711D-03   0.7451994725812D-04   0.6015970523554D-04
  -0.1683947176095D-03  -0.1401568549354D-03  -0.1186812188889D-03
   0.2895857546229D-03   0.2366287261810D-03  -0.6781913411178D-04
  -0.5064266298409D-04   0.1523173108154D-03  -0.1498719627333D-03
  -0.4048017739555D-03   0.4045419310517D-04   0.7542258042179D-04
  -0.5675788056664D-05  -0.1411318522454D-03   0.2373270687024D-03
  -0.1323282381835D-03  -0.2227483389625D-03   0.4359472303572D-04
   0.3020357317092D-04  -0.1368760826203D-03   0.5933254840527D-04
  -0.6545750050492D-04   0.1036960095522D-03   0.5593094740582D-04
  -0.5643700646017D-04   0.3538914054529D-03   0.2250878201060D-03
   0.1615983732680D-02   0.3887281674789D-05  -0.5738602105044D-03
  -0.7270303394488D-03   0.4222934913040D-03  -0.4645102307510D-03
  -0.8079636470174D-04  -0.3844510109470D-03   0.1592684997985D-02
   0.6910592449482D-03   0.3662404085708D-03  -0.2720392680332D-02
   0.2540419650824D-03  -0.1198583804069D-04  -0.3698384069169D-03
   0.1773395003117D-03   0.1292288852839D-03  -0.5175585360725D-03
   0.2765722136208D-03   0.3743379582735D-04  -0.7662019554365D-03
  -0.2952903069026D-03  -0.1228799305897D-03   0.2994299932436D-04
   0.3605513924773D-03  -0.2827926539480D-03  -0.1180628625453D-02
  -0.7459226665881D-03   0.6575013703524D-03   0.5210839459810D-03
  -0.1781840413542D-03   0.7083859773448D-03   0.3480888718107D-03
   0.3529941205916D-03  -0.3214924297490D-04   0.6636551321477D-03
   0.6803340748018D-04   0.2941828390923D-03   0.1520532480771D-03
  -0.6909860720468D-03  -0.5186397636842D-03   0.2762742486582D-03
  -0.5594422395215D-03   0.3914574261036D-03   0.6658802306603D-03
   0.2566231679887D-03   0.2334036565332D-03   0.1980866077157D-04
  -0.1517137880459D-04   0.1473274778143D-03  -0.5808534125039D-04
  -0.2982896593654D-03  -0.4772924968282D-03   0.7629300496884D-03
  -0.3910149479977D-03   0.1207538903665D-03   0.4847808808043D-03
  -0.4117424415100D-03  -0.1644614614571D-03   0.5002186081495D-03
   0.2836135648268D-03  -0.2258964450307D-03   0.1361851801615D-03
   0.8507716612363D-04   0.3957663069899D-03  -0.2889092102598D-04
  -0.1100300914703D-02  -0.3462841076534D-03  -0.1583559206418D-02
  -0.2507744988696D-03   0.1231522377629D-02  -0.7332124741773D-03
   0.1701083264852D-02  -0.5209551044366D-02   0.1050621006411D-02
  -0.2907422899715D-02   0.2543110970540D-02  -0.1606501381914D-02
   0.4202892303808D-03  -0.4784651993107D-04  -0.3099945975789D-03
  -0.8755705313210D-04  -0.2422510263697D-03  -0.4674269969406D-03
  -0.2457822918688D-03  -0.1900839035772D-03  -0.3853602795650D-03
  -0.2316554639908D-03  -0.1147332623559D-03  -0.2026172959792D-03
  -0.2014680395603D-03   0.6828265466087D-03   0.8042607924263D-03
   0.9872810899960D-05  -0.1212603001462D-03   0.5124410981491D-03
  -0.3827150072907D-03   0.7183642848526D-04   0.2946293793474D-03
   0.5321041306643D-03   0.9998293377747D-04  -0.2018550848806D-03
   0.4087542291095D-03  -0.9009527357829D-05   0.4361440663889D-04
  -0.1123850391707D-03   0.2787093787196D-03   0.2988954770193D-03
   0.4787174597975D-03  -0.3748013545423D-03   0.1141903615281D-03
   0.7597179165182D-03  -0.6362450756192D-04   0.6698891395785D-03
   0.6706731517015D-03   0.3664787634039D-03  -0.2490143516371D-04
   0.5859696868268D-04   0.2323173833160D-04   0.2780710692634D-03
  -0.1162986789021D-03   0.2422393042354D-03   0.3695471361118D-03
  -0.5610703804369D-04   0.3403759021270D-02   0.8268612161692D-03
  -0.8334160615982D-04   0.4274204217682D-04  -0.8215951661081D-03
  -0.6705806210045D-03  -0.9497226487736D-03  -0.2356868522864D-02
   0.4308686181460D-02   0.4457577144170D-03   0.1300010441038D-02
  -0.4154290617683D-05  -0.3239401068235D-03  -0.3585301488394D-03
  -0.5451796833825D-03   0.6077799939775D-03   0.3625590140020D-03
  -0.3141388215032D-03  -0.3001339898929D-03  -0.7666040817158D-04
  -0.2413910261372D-03   0.4714175304291D-03   0.4075464704887D-03
   0.2107933032680D-03   0.4458508140911D-03  -0.2935717299649D-03
  -0.3378307671982D-03   0.4913844065203D-05  -0.3629962418409D-03
   0.8661695438325D-03  -0.6696321408608D-03   0.1179095513534D-02
   0.2260786267675D-03  -0.6633433238944D-02   0.2718153680238D-02
   0.4499022009193D-01   0.4946984234741D-01   0.5634158465446D-01
  -0.9569907939178D-02   0.6727367477811D-02  -0.1235082091263D-01
   0.1726843924779D-02  -0.1158667107951D-02  -0.1900552954910D-02
  -0.6121181507404D-03   0.3392354828364D-03  -0.1602664958122D-02
  -0.5777008394046D-07   0.1200728078153D-02   0.7700258086215D-03
   0.9610123327107D-03  -0.4087669022518D-03   0.5532080985650D-03
  -0.5570585869138D-03   0.1026494601168D-03  -0.4165303980514D-03
   0.1933251101136D-03   0.1207739080563D-02  -0.4652203044046D-03
  -0.6323297047372D-03  -0.6152305640907D-03   0.4593463737386D-03
   0.5188046739233D-03  -0.1379968297553D-03   0.2778163436977D-03
  -0.1188475474791D-02   0.1209046605331D-03   0.7321827138745D-04
  -0.2333860503360D-03  -0.5806747233171D-03  -0.1373199677827D-03
   0.9857010674499D-01  -0.5156904517936D-03  -0.8306733888551D-01
   0.2104564394579D-02  -0.3822590603088D-02  -0.3105328670794D-02
  -0.7661855875420D-01  -0.4356249109137D-01   0.5603349342316D-02
   0.1688769579930D-01  -0.9211790621007D-02   0.6385192005519D-02
  -0.1535397218534D-03   0.2455759783378D-02  -0.7272802563995D-02
   0.1056837486225D-02  -0.7902046131788D-03  -0.2766305143108D-03
   0.5802001349911D-03   0.1617035029948D-02  -0.1404014339478D-02
  -0.2881721599099D-03   0.1137074430476D-02  -0.4135762519715D-03
  -0.2213292871376D-02   0.3737896128247D-02  -0.9693533069419D-02
  -0.2894047917229D-02  -0.1738728477059D-02  -0.4244219652199D-02
  -0.1437313672062D-03   0.2443558505794D-03  -0.1876168286999D-03
  -0.5432231866010D-03  -0.3321952363384D-03   0.2077382160271D-02
  -0.5198171558833D-03  -0.7595700471260D-03  -0.3794580867127D-04
  -0.4316685912410D-03  -0.3851801350232D-03   0.7143014833648D-04
  -0.2411730333703D-03  -0.6744707070918D-03   0.7713367257846D-03
  -0.7899236826999D-03  -0.1540895342828D-03  -0.2204933496814D-04
  -0.2992682411914D-03  -0.2271886443279D-03   0.2715118435480D-03
   0.1997785447485D-03   0.1296662260224D-03   0.1651760980437D-03
   0.9038245821662D-04  -0.7221625242466D-03   0.6196190625821D-03
   0.8513087136740D-01   0.7892451480890D-01  -0.3311776082833D-01
   0.1618401697799D-02   0.1100673843977D-02   0.2241315188998D-02
  -0.6230632177522D-01  -0.4358763268736D-01  -0.4589313620657D-01
   0.1704225951684D-01  -0.9997530589947D-02   0.8632458322189D-02
   0.1002170243769D-02   0.3113372239436D-02  -0.7172938542576D-02
   0.2299020573089D-03   0.9353232217320D-03  -0.2096495439389D-03
   0.1513233160320D-02   0.1608068349379D-03  -0.1090000565609D-02
   0.1233029673242D-02   0.1595432911931D-02   0.3216852062845D-03
   0.4992401426812D-02   0.8118106739985D-02  -0.1046279962493D-01
   0.1004665594807D-02   0.1268626727222D-02  -0.4703631357386D-02
  -0.6636658757347D-03  -0.6766680855186D-03   0.7908388032940D-03
   0.1327350252738D-03  -0.1852347269307D-03   0.3089132869477D-03
   0.1038111578216D-04  -0.5251049218575D-03   0.3729953579811D-04
  -0.3314449832807D-03  -0.4065048930958D-03  -0.1037113397135D-02
  -0.2522321148504D-03   0.3889374668331D-03  -0.3989066869526D-03
   0.3918961281380D-03   0.3345109916497D-03  -0.2150204892531D-03
  -0.1345905641063D-03   0.2151772858082D-03   0.2929240086676D-03
  -0.3744336202901D-04  -0.1201277733091D-02   0.1195628236808D-03
   0.1430450684195D-03  -0.1068516051022D-03  -0.7451355853489D-03
   0.4342935599677D-01  -0.2834790680632D-01  -0.1043171406532D+00
   0.5923205046502D-02  -0.7237180763823D-02   0.2692116306531D-02
   0.2920682915690D-02   0.4119108712707D-03   0.4068393260988D-03
  -0.3112526341688D-02   0.1337951066871D-03   0.8611025078544D-03
  -0.4992984770991D-02  -0.3928253556647D-02  -0.4684327298756D-02
   0.4653058157896D-03  -0.2880298361580D-02  -0.1195475031430D-03
  -0.6300751190113D-03  -0.1344157458378D-02  -0.7435422948860D-03
  -0.1457339362072D-02  -0.7759652111704D-02  -0.1219691111183D-01
   0.1616432423530D-03  -0.1276418060511D-02  -0.2432007430001D-02
  -0.1031265212947D-02   0.4651001453192D-03  -0.8854809751495D-03
  -0.9390479517055D-04  -0.6285232023420D-03   0.1526920572512D-03
  -0.3548213174219D-03   0.2566587965894D-03   0.3309236218126D-03
   0.3482083410614D-04   0.2604704093536D-04  -0.4684273810906D-03
   0.3869689694983D-03   0.2034616444250D-03   0.2688943931821D-03
   0.1861746825133D-03  -0.4653825877579D-04   0.9213488590379D-03
  -0.2850976091513D-03   0.3209365253199D-03   0.1859822956103D-02
   0.1644536624829D-02  -0.6079473734255D-03  -0.2753376129080D-02
  -0.3259167147295D-02   0.6814265172932D-02   0.4468188717797D-02
  -0.4168349992690D-01  -0.3161974079499D-01  -0.8008808483675D-01
   0.9322444197496D-02  -0.9718879685538D-02   0.1464587006133D-01
   0.2008406635948D-02   0.2217346087181D-03  -0.1152550273084D-02
  -0.3754162556359D-04   0.5279157229743D-05   0.1540849404069D-02
   0.1202851376050D-02   0.5271038443437D-03  -0.1593438138883D-02
  -0.2927909856362D-03  -0.6487609616438D-03   0.1413729963263D-02
  -0.1449622886996D-02   0.2191018648717D-02   0.1561014238857D-02
  -0.5358973421848D-03   0.5379455813903D-03  -0.6057323228456D-03
   0.1943967328819D-03   0.5362118355468D-04  -0.9842250778115D-03
  -0.1674833772069D-03   0.5032075048911D-03  -0.2875463617838D-03
  -0.4563598870126D-03   0.5830979741903D-04   0.2688823964786D-03
  -0.3313255612526D-03   0.6179867984770D-03  -0.2189726832190D-03
  -0.2993040720680D-03   0.1940625037193D-03  -0.4762894841014D-03
   0.5511671861208D-04   0.2717560509391D-03  -0.2278235958144D-03
  -0.2536123722758D-03   0.5065077968561D-03   0.1206495778858D-03
   0.4134682797067D-01  -0.1113160024660D+00   0.2956760318293D-01
  -0.3114289974053D-02  -0.3512623718514D-02   0.8597195373398D-03
   0.2702689160676D-01   0.8425002589416D-01  -0.2438450830254D-01
  -0.1471787894948D-01  -0.1439837264193D-01  -0.1253247828677D-01
   0.8597071727039D-02  -0.2182626377700D-02  -0.6362476286055D-03
  -0.5813593340958D-03  -0.8575339292026D-03  -0.2419190495657D-02
   0.9516362814773D-03  -0.1117267969948D-02  -0.1647225519737D-03
   0.1349555158688D-02   0.4005591846990D-03  -0.3042278279542D-03
  -0.6670877700482D-03  -0.6119046267173D-03   0.1739270494704D-03
  -0.4362772644133D-03  -0.1197898852292D-03   0.2333949075096D-03
  -0.3122609639977D-03  -0.4507714254891D-03  -0.2234264175404D-03
   0.1184772981628D-01  -0.5373879665156D-02   0.2461206767713D-02
   0.2967782728998D-02   0.1250040099236D-03   0.1378437388317D-03
   0.5571087961744D-03   0.1132784553541D-02  -0.1358947414595D-02
   0.6160356509813D-03  -0.7910969849891D-03   0.1782011934852D-02
   0.3320735109252D-03   0.1264510973809D-02  -0.4415281374289D-04
  -0.1412152550624D-03  -0.4082239231190D-03   0.1040879098665D-03
   0.1917244371365D-03   0.1385523502314D-02  -0.2394805880499D-03
   0.1635102393375D-03  -0.3568374998061D-03   0.1948174545904D-03
   0.6162785049608D-03   0.1085640037840D-03  -0.2548887481454D-03
  -0.6576322224340D-01  -0.7262484948848D-01   0.9770222193380D-01
  -0.7304753811587D-03   0.7521361689893D-01  -0.1493377144268D-01
  -0.1203935329940D+00   0.4340386783144D-01   0.5379725845845D-01
  -0.2950913752649D-01   0.6799833654909D-01   0.2154089663988D-01
  -0.8592898354525D-01  -0.3982309285421D-01   0.9997400183777D-01
  -0.3378122284015D-01   0.3798460820800D-01   0.5679350572706D-01
  -0.3210630124676D-02  -0.1306287195687D+00   0.4374671093107D-01
  -0.3709977253819D-01   0.6438648840613D-01   0.1897360178559D-01
  -0.7852082015343D-01  -0.3716685748942D-01   0.1093461432018D+00
  -0.4002459793527D-01  -0.4935547849079D-01  -0.4360281776263D-01
  -0.9597537805102D-01   0.9146472432284D-02   0.9925372592528D-01
   0.6328510906802D-01   0.4229513643896D-01  -0.4870243832059D-02
  -0.9882511561790D-01  -0.7991145986157D-01   0.5385613807270D-01
   0.5103220606664D-01   0.4206936814666D-01   0.3752329013682D-01
  -0.4386829142679D-01   0.5092709665312D-01   0.1209351222113D+00
   0.3297667859195D-01   0.3363734843238D-01   0.5980807780881D-01
  -0.5909841029469D-01   0.1228284306654D+00  -0.2180103446730D-01
  -0.1687470612838D-01  -0.6892641475843D-01   0.2792398143590D-01
$end                                                                            
