   -0.39555133
    0.01913928
    0.27007387
   -0.47051380
   -0.06513959
   -0.07266086
   -0.08553264
   -0.05150267
   -0.14603341
    0.15876595
    0.05241379
    0.04766513
    0.01578484
    0.05108188
    0.05778298
    0.07243938
    0.07260090
    0.11949336
    0.11752674
    0.30983178
    0.29943809
    0.29804399
   -0.19799358
    0.02469508
    0.27028210
   -0.49190442
   -0.06848431
   -0.06605468
   -0.09221766
   -0.04075276
   -0.14384451
    0.20026614
    0.05060259
    0.06730518
    0.05009003
    0.06440791
    0.03744112
    0.04755757
    0.09859303
    0.11274040
    0.11293569
    0.31416642
    0.29406401
    0.28628452
   -0.17660014
    0.01275985
    0.37006279
   -0.63293542
   -0.03598357
   -0.08001011
    0.36612852
   -0.63284560
   -0.64662887
   -0.62385188
    0.18914155
    0.03318649
    0.02357910
    0.02256012
    0.00941525
   -0.00546697
   -0.38148260
    0.03297721
    0.20873562
   -0.37215118
   -0.05869275
   -0.09424837
    0.36573418
   -0.61998080
   -0.65693279
    0.16359302
    0.05184876
    0.05829607
    0.04015140
    0.01534559
    0.00437923
    0.19223982
    0.19118054
    0.06116838
