           2           1   1.03988725094068     
           3           2  0.929166270044444     
           4           3   1.66256398778622     
           5           2  0.948461835301205     
           6           5   1.00347996179520     
           7           5  0.997788906048866     
           8           6   1.01481229016860     
           9           1  0.929890082373302     
          10           2  0.952197035303613     
          11           5  0.968350919218210     
          12           6  0.967602821902788     
          13           6  0.973976394432719     
          14           7  0.983192666037353     
          15           7  0.986029470743845     
          16           7  0.985246215735703     
          17           8  0.983831618447298     
          18           8  0.987735913045343     
          19           8  0.986578838730596     
          20           3   1.27954993661984     
          21          20  0.967292775131760     
          22          21  0.931618445357663     
          23          22   1.59976314399061     
          24          21  0.993537914063513     
          25          20  0.927010061950797     
          26          21  0.945216369983012     
          27          24  0.979312511066532     
          28          24  0.980869098284041     
          29          24  0.982405078490317     
          30          22   1.34462946369359     
          31          30  0.977339257149762     
          32          31  0.928812910118638     
          33          32   1.60541474972498     
          34          31  0.961937753695526     
          35          34   1.00934374050471     
          36          35  0.999855150766005     
          37          35   1.00535123676717     
          38          30  0.883920883506840     
          39          31  0.952912520986445     
          40          34  0.961422762978784     
          41          34  0.964035670101490     
          42          35  0.964546432249646     
          43          36  0.979685095665480     
          44          36  0.982651549916983     
          45          36  0.983585472291462     
          46          37  0.986649911119335     
          47          37  0.982667099263292     
          48          37  0.979965151383516     
          49          32   1.34018956682304     
          50          49  0.948624995667530     
          51          50  0.942349459633772     
          52          51   1.53302061447021     
          53          50  0.983321891471291     
          54          53   1.00063161825616     
          55          54  0.918101692969483     
          56          55   1.54520680503356     
          57          55   1.42427929194361     
          58          49  0.921778471314047     
          59          50  0.951994810369854     
          60          53  0.973838101292408     
          61          53  0.967183595445525     
          62          54  0.962113804881023     
          63          54  0.979010650665255     
          64          51   1.37410103944212     
          65          64  0.985619379988381     
          66          65  0.940232224022696     
          67          66   1.59886064861941     
          68          65  0.944447779057796     
          69          68   1.00341205129336     
          70          68   1.00497921999548     
          71          64  0.859002130043685     
          72          65  0.953972824162435     
          73          68  0.964601857104455     
          74          69  0.980622533809000     
          75          69  0.987310719298460     
          76          69  0.982463973503143     
          77          70  0.980282200331016     
          78          70  0.981066293435067     
          79          70  0.981545172857464     
          80          66   1.31853837889417     
          81          80  0.997085865433934     
          82          81  0.999262089804062     
          83          82   1.81722113025922     
          84          81  0.935224422845999     
          85          84  0.997167199217078     
          86          85  0.904612723730004     
          87          86   1.47922375392432     
          88          86   1.51903156941455     
          89          80  0.890636729775858     
          90          81  0.941858547144420     
          91          84  0.974785672258521     
          92          84  0.975581754107399     
          93          85  0.980060300662135     
          94          85  0.970213589327971     
          96          95   1.00738762358613     
          97          96  0.943566178583879     
          98          97   1.63767281358913     
          99          96  0.987287658751011     
         100          99  0.897555752605768     
         101         100   1.58533398934463     
         102         100   1.41399257943953     
         103          95  0.927690138300513     
         104          96  0.960793301754318     
         105          99  0.968499785483777     
         106          99  0.966059743882884     
         107          97   1.28000376360996     
         108         107  0.991527037589637     
         109         108  0.928645738224590     
         110         109   1.62402364887322     
         111         108  0.958653061185374     
         112         111  0.977635659722176     
         113         111  0.998423505511600     
         114         107  0.925893114081859     
         115         108  0.946365303733085     
         116         111  0.956135093156929     
         117         112  0.879201551860161     
         118         113  0.980760305114510     
         119         113  0.981423969119055     
         120         113  0.983715904753407     
         121         109   1.30774776758703     
         122         121  0.969809531388220     
         123         122  0.942551997932233     
         124         123   1.60814636405688     
         125         122  0.949367187027560     
         126         125  0.988029408618221     
         127         125   1.02060962200190     
         128         126   1.02133633031438     
         129         121  0.918410504661847     
         130         122  0.942053251153585     
         131         125  0.955195819616357     
         132         126  0.974062304292547     
         133         126  0.971235138043019     
         134         127  0.977819925392884     
         135         127  0.974680469868241     
         136         127  0.973095253763027     
         137         128  0.984506053160996     
         138         128  0.981775584899908     
         139         128  0.981357140988096     
         140         123   1.30077075533664     
         141         140  0.994254155022951     
         142         141  0.930916545879269     
         143         142   1.65251724313545     
         144         141  0.970285526885591     
         145         144   1.00283079340743     
         146         145  0.905829668108155     
         147         146   1.48907445971150     
         148         146   1.51917216518907     
         149         140  0.872087245027947     
         150         141  0.951237180140893     
         151         144  0.969573886424809     
         152         144  0.975951238215540     
         153         145  0.982851268403814     
         154         145  0.973896346901843     
         155         142   1.27609183040055     
         156         155  0.986056319714199     
         157         156  0.947264029147227     
         158         157   1.53955397742881     
         159         156  0.974130958938771     
         160         159  0.962841805226902     
         161         160   1.70485599624621     
         162         160   1.24584831670648     
         163         155  0.910042026604327     
         164         156  0.954231327607150     
         165         159  0.946175908897105     
         166         159  0.960735932292353     
         167         162  0.941520647607897     
         168         162  0.924505855755829     
         169         157   1.38039621456234     
         170         169  0.971391771609920     
         171         170  0.914035887214502     
         172         171   1.57035034275227     
         173         170  0.968015740431864     
         174         173  0.995348009163091     
         175         173   1.01655916821907     
         176         169  0.887198040493016     
         177         170  0.949394608983302     
         178         173  0.960221890382364     
         179         174  0.981896605838834     
         180         174  0.980193211549010     
         181         174  0.982348379903106     
         182         175  0.970028062497398     
         183         175  0.982108676685697     
         184         175  0.979171557851756     
         185         171   1.37088085413759     
         186         185  0.968249172473952     
         187         186  0.929787498159443     
         188         187   1.61961265698002     
         189         186  0.981904770150247     
         190         189   1.00354871517382     
         191         190   1.00498218098435     
         192         191   1.00935865290345     
         193         192  0.963299092644585     
         194         185  0.888945087727878     
         195         186  0.938715436159012     
         196         189  0.968892012609468     
         197         189  0.964143805218535     
         198         190  0.965591215248615     
         199         190  0.968097832897030     
         200         191  0.974400632912441     
         201         191  0.968187930624219     
         202         192  0.965553252871424     
         203         192  0.965047501948080     
         204         193  0.845788654329095     
         205         193  0.846138915952676     
         206         193  0.902856188739149     
         207         187   1.29451984104115     
         208         207  0.980880034393802     
         209         208  0.930370194512948     
         210         209   1.62500666475634     
         211         208  0.997639190519052     
         212         207  0.906486795672544     
         213         208  0.951295857566126     
         214         211  0.982610848971668     
         215         211  0.980361439285667     
         216         211  0.976995313977160     
         217         209   1.30719136727874     
         218         217  0.981212560520120     
         219         218  0.949467768221782     
         220         219   1.58127322937742     
         221         218  0.962363075663585     
         222         221   1.01565534258122     
         223         222  0.996652847175387     
         224         223   1.00815206019524     
         225         224  0.963251909690829     
         226         217  0.883992959525237     
         227         218  0.951412147306811     
         228         221  0.968339026549706     
         229         221  0.968649721608348     
         230         222  0.972713811250624     
         231         222  0.963988441734129     
         232         223  0.974789216251549     
         233         223  0.972104200020596     
         234         224  0.961664834675236     
         235         224  0.967993322301800     
         236         225  0.911752732504172     
         237         225  0.913732255431879     
         238         225  0.772477935954939     
         239         219   1.34204902365264     
         240         239  0.949110960488129     
         241         240  0.962684459681693     
         242         241   1.57592690123127     
         243         240  0.968289851376930     
         244         243  0.993180549614153     
         245         243   1.00037488438798     
         246         244   1.01613554681892     
         247         239  0.884249246707941     
         248         240  0.947220898611048     
         249         243  0.952797575689826     
         250         244  0.971211396069830     
         251         244  0.966870272858765     
         252         245  0.978785264092461     
         253         245  0.983828450436076     
         254         245  0.985958607232671     
         255         246  0.982471423933933     
         256         246  0.981879765604626     
         257         246  0.983368501225226     
         258         241   1.31546732683462     
         259         258  0.978368792653151     
         260         259  0.948916821531810     
         261         260   1.57958581293911     
         262         259  0.977204481017702     
         263         262   1.00149311327529     
         264         263  0.969096342367869     
         265         264   1.64873091801215     
         266         264   1.29998057269391     
         267         258  0.871155158806387     
         268         259  0.947270509148898     
         269         262  0.965149569345666     
         270         262  0.968391319120621     
         271         263  0.951789410312737     
         272         263  0.966907567847299     
         273         266  0.926333743051685     
         274         266  0.920013811528952     
         275         260   1.31978293481428     
         276         275  0.986255049879238     
         277         276  0.930417168295717     
         278         277   1.64274836962691     
         279         276  0.971602680674873     
         280         279  0.908003677973240     
         281         280   1.50103052827633     
         282         280   1.51154850852669     
         283         275  0.884418985210235     
         284         276  0.956960567642751     
         285         279  0.975740734354264     
         286         279  0.971875692515034     
         287         277   1.29084569106539     
         288         287  0.972057252255472     
         289         288  0.956248206530061     
         290         289   1.60978549663323     
         291         288  0.970435706138739     
         292         291   1.00427664721403     
         293         292   1.00568228902933     
         294         293   1.00855419007242     
         295         294  0.962638823419090     
         296         287  0.896934712705111     
         297         288  0.950485906330838     
         298         291  0.967811535417345     
         299         291  0.970113000111268     
         300         292  0.970642065879903     
         301         292  0.973331909069589     
         302         293  0.970505971259111     
         303         293  0.963291883960556     
         304         294  0.964775349008329     
         305         294  0.963399583926785     
         306         295  0.862044945242439     
         307         295  0.901560840378740     
         308         295  0.899230546159114     
         309         289   1.29867307138609     
         310         309  0.985805908326019     
         311         310  0.960872359888115     
         312         311   1.59204114895474     
         313         310  0.950879293416114     
         314         313   1.01798601672599     
         315         314  0.904355632019415     
         316         315   1.54994964943088     
         317         315   1.45544585246343     
         318         309  0.885197822714230     
         319         310  0.943512362629944     
         320         313  0.970706163501704     
         321         313  0.970257881162477     
         322         314  0.972048343754182     
         323         314  0.961700931847219     
         324         311   1.30941102032172     
         325         324  0.991909549690527     
         326         325  0.981166293258579     
         327         326   1.58866413148808     
         328         324  0.890018840599381     
         329         325  0.944509330701513     
         330         325  0.937142393584799     
         331         326   1.31826127334698     
         332         331  0.954272909330770     
         333         332  0.981477054495637     
         334         333   1.84746271085065     
         335         332  0.952860147152875     
         336         335  0.995379068216756     
         337         335   1.00257780970816     
         338         336   1.01027946203561     
         339         331  0.921316354327582     
         340         332  0.952945211994277     
         341         335  0.962919005148407     
         342         336  0.976556997379237     
         343         336  0.974473128141062     
         344         337  0.978891268200249     
         345         337  0.979505192830925     
         346         337  0.983020357898031     
         347         338  0.987366009795783     
         348         338  0.987339749439339     
         349         338  0.983119527720093     
         351         350  0.991536438527627     
         352         351   1.00237670019569     
         353         352   1.85996894430054     
         354         351  0.952840475177182     
         355         354   1.00178456531493     
         356         350   1.00022528674019     
         356         355  0.997018643085507     
         357         351  0.943466189923210     
         358         354  0.977388327759102     
         359         354  0.972468105549257     
         360         355  0.977871707329388     
         361         355  0.976246762458584     
         362         356  0.977911162674664     
         363         356  0.976018078623823     
         365         364   1.01506471737731     
         366         365  0.967068499497367     
         367         366   1.60220809327100     
         368         365  0.959307463359247     
         369         368  0.988293621707779     
         370         369  0.985699948126391     
         371         370   1.60905498148542     
         372         370   1.30583278501457     
         373         364  0.946457965033821     
         374         365  0.958059639204692     
         375         368  0.961263894342493     
         376         368  0.966124084470175     
         377         369  0.946825412347820     
         378         369  0.969893412479689     
         379         372  0.921088490671209     
         380         372  0.913470596517318     
         381         366   1.30822546016295     
         382         381  0.954314324682713     
         383         382  0.947738794289620     
         384         383   1.63753486871770     
         385         382  0.976690358772562     
         386         385   1.00049643040703     
         387         386  0.995174732553887     
         388         387   1.02103788316950     
         389         388   1.17618906736567     
         390         389   1.39303102234690     
         391         389   1.37141548028788     
         392         381  0.925702384119671     
         393         382  0.948333512779901     
         394         385  0.976917048646470     
         395         385  0.971406523685830     
         396         386  0.973496942508336     
         397         386  0.971284966998150     
         398         387  0.954432917168494     
         399         387  0.959493938906698     
         400         388  0.919651058859779     
         401         390  0.908387393379690     
         402         390  0.903401843914801     
         403         391  0.908434225615007     
         404         391  0.901523734905469     
         405         383   1.29193493835350     
         406         405  0.959415816099427     
         407         406  0.970256961147105     
         408         407   1.90693018029377     
         409         406  0.984940220353683     
         410         409  0.994043550874175     
         411         410  0.999931812160278     
         412         410   1.00669772713514     
         413         405  0.888794842580176     
         414         406  0.937414770447221     
         415         409  0.959377900581299     
         416         409  0.961215133871383     
         417         410  0.969312046114479     
         418         411  0.982299360819275     
         419         411  0.982977032896257     
         420         411  0.987048893325067     
         421         412  0.984356723641632     
         422         412  0.986420243009458     
         423         412  0.977917339779647     
         425         424   1.02199142513081     
         426         425  0.984961661155007     
         427         426   1.83864733994145     
         428         425  0.938392579285359     
         429         428  0.916278187422403     
         430         429   1.45735179535741     
         431         429   1.53052079443932     
         432         424  0.910402681605463     
         433         425  0.942455871837720     
         434         428  0.976221010664950     
         435         428  0.976115645275809     
         437         436   1.00866595658734     
         438         437   1.00053389029402     
         439         438   1.84716404905597     
         440         437  0.952427519498360     
         441         440  0.989108687098096     
         442         441   1.01055016856078     
         443         441  0.998177443855550     
         444         436  0.931213953353883     
         445         437  0.952018564917657     
         446         440  0.976040160019499     
         447         440  0.974585380631662     
         448         441  0.969773820705748     
         449         442  0.981399818968844     
         450         442  0.982729757811069     
         451         442  0.983225397027698     
         452         443  0.977666542751410     
         453         443  0.986857140658006     
         454         443  0.984267680716180     
         456         455   1.01284756910026     
         457         456  0.968619285843684     
         458         457   1.87671696102489     
         459         456  0.964789560709302     
         460         459  0.982318540641414     
         461         460   1.01064703426239     
         462         460   1.01525355041103     
         463         455  0.956534807833391     
         464         456  0.953863648625986     
         465         459  0.967226753978890     
         466         459  0.974577856418580     
         467         460  0.958430779704365     
         468         461  0.977127690959827     
         469         461  0.980775477724565     
         470         461  0.981390813532355     
         471         462  0.981046690515583     
         472         462  0.981283581063628     
         473         462  0.985720895337192     
         475         474  0.880993807803123     
         476         474  0.885282328750411     
         478         477  0.904238201154560     
         479         477  0.888025781720052     
         481         480  0.954616146731219     
         482         481  0.929199825345897     
         483         482   1.60102044676549     
         484         481  0.980418935636275     
         485         484   1.01055607931605     
         486         485  0.984682378464170     
         487         486   1.01000014874070     
         488         480  0.885262044046143     
         489         480  0.888631849374655     
         490         480  0.880137050035633     
         491         481  0.947542277721864     
         492         484  0.962995328491067     
         493         484  0.956608039261192     
         494         485  0.970879665299254     
         495         485  0.972499466350990     
         496         487  0.982003117234250     
         497         487  0.984379863047344     
         498         487  0.981885186887152     
         499         482   1.35116622624971     
         500         499  0.967469243772960     
         501         500  0.932053644296727     
         502         501   1.63840698739867     
         503         500  0.974390447087143     
         504         503   1.00844702710807     
         505         504  0.962156717587972     
         506         505   1.67829104458793     
         507         505   1.26284172398992     
         508         499  0.915723562901721     
         509         500  0.940566378297577     
         510         503  0.966520934677783     
         511         503  0.970338309074206     
         512         504  0.959217919380722     
         513         504  0.950446424006190     
         514         507  0.927506300328985     
         515         507  0.931055506971525     
         516         501   1.31203531118377     
         517         516  0.984265236235088     
         518         517   1.00473939815087     
         519         518   1.84769211227176     
         520         517  0.924959356707986     
         521         520   1.00529152361999     
         522         520   1.00917290718484     
         523         521   1.00758177479422     
         524         516  0.890105670161680     
         525         517  0.930763995559261     
         526         520  0.957062538918681     
         527         521  0.973367228267102     
         528         521  0.969296301412793     
         529         522  0.977389427104318     
         530         522  0.983659131341890     
         531         522  0.981790183936699     
         532         523  0.987369849903306     
         533         523  0.988208050358323     
         534         523  0.986852540354237     
         536         535  0.996099559235106     
         537         536  0.997726519193340     
         538         537   1.87110591598772     
         539         536  0.945946308039793     
         540         539   1.00624397743221     
         541         539   1.00053548542174     
         542         535  0.941128686137282     
         543         536  0.961600608669793     
         544         539  0.964462353934924     
         545         540  0.982864249782443     
         546         540  0.983663349833198     
         547         540  0.984314316222860     
         548         541  0.980752511178044     
         549         541  0.986721314179717     
         550         541  0.979464709330680     
         552         551  0.961190910241827     
         553         552  0.966923901589654     
         554         553   1.92822842789009     
         555         552  0.968131183415229     
         556         555   1.01084892384333     
         557         556  0.984178052808507     
         558         557   1.01057420306177     
         559         551  0.798302842221336     
         560         551  0.897095697632625     
         561         551  0.890365195140577     
         562         552  0.946013995492814     
         563         555  0.962069189422555     
         564         555  0.970152403089926     
         565         556  0.972470713494860     
         566         556  0.972643532491279     
         567         558  0.981242859740949     
         568         558  0.986042206376133     
         569         558  0.983060212326482     
         571         570   1.03192037694334     
         572         571   1.00748625985549     
         573         572   1.84795895891679     
         574         571  0.928506583037743     
         575         574  0.998428349513982     
         576         575  0.909405657564735     
         577         576   1.48158192982776     
         578         576   1.51022711100068     
         579         570  0.957685070206581     
         580         571  0.949928981429013     
         581         574  0.979618055617709     
         582         574  0.977467650040594     
         583         575  0.979849556675745     
         584         575  0.969725782627245     
         585         518  0.954516950550433     
         586         535  0.943949787691893     
         587         537  0.954385671066458     
         588           1  0.949845553591821     
         589          82  0.953921345526019     
         590          95  0.963375688111048     
         591         333  0.954261582697414     
         592         350  0.947558791935321     
         593         352  0.953536108776367     
         594         364  0.954010665849585     
         595         407  0.952089838750955     
         596         424  0.954881005015497     
         597         426  0.951249679623387     
         598         436  0.956997470343741     
         599         438  0.959165816531773     
         600         455  0.949774404388775     
         601         457  0.958738840686552     
         602         553  0.948052717516602     
         603         570  0.949499119398780     
         604         572  0.958359768490547     
