   -0.39460915
    0.02594553
    0.26580308
   -0.49481744
   -0.02322931
   -0.11552627
   -0.11558897
    0.16804289
    0.03798524
    0.04710116
    0.05497910
    0.02962028
    0.03971248
    0.05374028
    0.03960858
    0.04224602
   -0.16591979
    0.02245391
    0.21085299
   -0.38739861
   -0.08471658
   -0.01114162
   -0.12139625
   -0.12329455
    0.22873733
    0.09853866
    0.07784055
    0.07260667
    0.02697708
    0.04027711
    0.03729381
    0.05222110
    0.04359174
    0.05490728
    0.04667046
   -0.39128611
    0.03366321
    0.26418759
   -0.51644559
   -0.07106089
   -0.00872558
   -0.11157489
   -0.11339372
    0.15918709
    0.03178196
    0.06027360
    0.03451778
    0.03419575
    0.04562787
    0.03737675
    0.03946704
    0.04478873
    0.03511716
    0.03177603
   -0.18044395
    0.02896268
    0.27784390
   -0.49847636
   -0.06127743
   -0.09610572
    0.36757766
   -0.58207714
   -0.59349912
    0.24303006
    0.05730505
    0.06858706
    0.04206635
    0.04082206
    0.05231536
   -0.19625564
    0.01164070
    0.27557153
   -0.49987217
    0.11628708
   -0.45553886
   -0.12720391
    0.23140877
    0.07005390
    0.02918393
    0.32600558
    0.08396121
    0.04533750
    0.05947662
   -0.17357269
    0.02029933
    0.28400803
   -0.51505828
   -0.01856680
   -0.11587289
   -0.12585468
    0.20073266
    0.07190268
    0.04510881
    0.06494844
    0.03149193
    0.04979122
    0.06919540
    0.05310923
    0.04821790
   -0.20005496
    0.03260076
    0.28731468
   -0.50790018
   -0.07102716
   -0.00735939
   -0.11333817
   -0.11255198
    0.23317685
    0.06298058
    0.06330806
    0.04985464
    0.03274286
    0.03922640
    0.03425670
    0.04087802
    0.04302889
    0.04387722
    0.04483259
   -0.18749046
    0.04002563
    0.21626955
   -0.36838555
   -0.05572716
   -0.09369319
    0.36434415
   -0.58147338
   -0.58137759
    0.22653736
    0.07046715
    0.07423081
    0.04838640
    0.03229707
    0.05015814
   -0.64959560
    0.30485996
    0.29731260
   -0.66479678
    0.31863015
    0.32313536
   -0.64845072
    0.32591262
    0.31222297
   -0.59091248
    0.31866057
    0.33468804
   -0.64634409
    0.28717371
    0.32796399
   -0.39069048
    0.03597853
    0.19325906
   -0.37312431
   -0.07467737
   -0.07494157
   -0.01610741
   -0.15376103
    0.23479356
   -0.26934453
   -0.28251682
    0.17608114
    0.05846299
    0.06345243
    0.06029946
    0.06199877
    0.06603937
    0.07363966
    0.07677976
    0.23178702
    0.23774287
    0.24530658
    0.25198010
    0.22124897
   -0.39343957
    0.03588057
    0.26453061
   -0.51434801
   -0.06454600
   -0.09913189
    0.28974974
   -0.51586288
   -0.28056028
    0.16055562
    0.03797096
    0.05695826
    0.06566639
    0.07845195
    0.05927673
    0.21743267
    0.23070256
   -0.17096244
    0.03096174
    0.20287070
   -0.36819822
   -0.07697238
   -0.01334274
   -0.11196049
   -0.11269083
    0.24035942
    0.07569485
    0.07140924
    0.05628650
    0.05629159
    0.04253834
    0.04534083
    0.04272871
    0.04224717
    0.03465643
    0.03094202
   -0.40285198
    0.04021230
    0.20559273
   -0.39135948
   -0.00882640
   -0.11199611
   -0.11678354
    0.17850740
    0.04477951
    0.03821464
    0.05445116
    0.02055061
    0.04290356
    0.05247864
    0.04410265
    0.05013661
   -0.39125188
    0.03211569
    0.19653154
   -0.38460148
   -0.07021074
   -0.06852573
   -0.08368567
   -0.02304666
   -0.19986045
    0.16220921
    0.07930865
    0.04537509
    0.05732253
    0.04874813
    0.04765734
    0.06666893
    0.06831116
    0.08215259
    0.08457670
    0.30407078
    0.26653451
    0.26075106
    0.17722554
    0.08473232
    0.18074342
    0.05995113
    0.17944751
    0.08982051
    0.18130987
    0.07182582
    0.17838163
    0.06672275
    0.18460831
    0.07576186
