$grad                                                                           
  cycle =      1    SCF energy =  -533.59794253308   |dE/dxyz| =  0.750367
    8.76550612832456     65.74193778451477    -35.07309668767702      n 
    9.27618640377706     66.38651776098618    -32.35919923977838      c 
   11.77712792250370     65.05684181308170    -31.62238933245166      c 
   12.77117394934922     63.68334252439344    -33.10367114357862      o 
    6.97386504533472     65.32947261925050    -30.88406849209658      c 
    4.89328918801235     65.39928551748426    -32.84579138661401      c 
    6.23709119190042     64.51355307935945    -35.24535739271941      c 
    8.84614942543072     67.31651391426004    -36.18683781177597      h 
   10.23306120145828     64.51420730531770    -35.58893380471414      h 
    9.43802153044143     68.42398969298115    -32.11317579273910      h 
    7.34326784355775     63.38032951850577    -30.29916239711434      h 
    6.57023426875902     66.43756855462762    -29.22562806799370      h 
    3.32961031469871     64.16418483212979    -32.34800907128927      h 
    4.17240369606963     67.31204997225315    -33.07544025928098      h 
    6.48334447137808     62.46255446672066    -35.18151172746916      h 
    5.27704029232095     65.04647570456827    -36.96516014444763      h 
   12.60367194671215     65.54655021551758    -29.28716710219181      n 
   14.58333426024391     64.11550087677615    -28.10578903485007      c 
   13.75540144053053     63.60071353727483    -25.39405063815478      c 
   13.18627107011363     65.35996754830320    -24.03225467284819      o 
   17.04303066991201     65.57867102603767    -28.09304409868255      c 
   19.59973342391924     63.56620615500372    -26.73236776122996      s 
   11.68431543638138     66.76580476209428    -28.12779115206122      h 
   14.82529019633232     62.30850290619064    -29.14333828233663      h 
   17.61405971280777     66.06606795915607    -30.02447256482639      h 
   16.93118600428900     67.23681210451107    -26.92305483327080      h 
   13.66417989408691     61.17961710164946    -24.73193427699444      n 
   12.77615911178799     60.41178378016471    -22.27075473745792      c 
   13.58701831178460     57.70168339149721    -21.68691994776949      c 
   14.17009111748301     56.18666520080625    -23.33550905040780      o 
    9.91214194389230     60.74696385725268    -22.08181016149485      c 
    8.46891360146504     59.38629296844691    -24.07942516936575      c 
    5.22338371645070     60.66311774734992    -24.30611593627436      s 
    3.85007299217657     59.36592453613748    -21.47474933786837      c 
   14.07901886959391     59.76477859895189    -25.95796431709859      h 
   13.64571286906773     61.67589654721748    -20.82931948001696      h 
    9.33026499494706     60.16185403167173    -20.17848653322707      h 
    9.53337447606876     62.76685338047218    -22.24062134831720      h 
    9.27768232255483     59.66164109206053    -25.94480006510484      h 
    8.31360148128814     57.35063739322435    -23.72660140819354      h 
    1.81508415006344     59.51434628086627    -21.70139151406468      h 
    4.36579029397446     57.37577974722497    -21.35292830062275      h 
    4.51847320933632     60.41690166712758    -19.87544638123717      h 
   15.31040664219018     47.73903356315803    -23.61681402258291      n 
   15.94813838334625     50.20235550900279    -24.75873766268792      c 
   14.63672143224749     50.54620660645924    -27.32474715617977      c 
   14.18965625998366     48.74104467622059    -28.69984312062087      o 
   18.81514641596656     50.40471351036513    -25.28881165434056      c 
   20.31091900812216     50.94418186582696    -22.91759573380005      c 
   23.67257292008353     51.13278515785051    -23.46558009673356      s 
   23.73127387956920     53.81185863636695    -25.64554366962027      c 
   15.07793741325922     46.35050413749828    -24.85741898792099      h 
   15.37094464830178     51.69566528179990    -23.44214842149491      h 
   19.44969729783929     48.62108396022158    -26.14015167526284      h 
   19.10729040284157     51.90368243695884    -26.63521763954861      h 
   19.69997871960711     52.71223547738995    -22.06524698472493      h 
   20.05681383550004     49.42621789435926    -21.50131994636353      h 
   25.62991485046051     54.65991203004453    -25.41355272106742      h 
   23.51627582466412     53.15847141334078    -27.54993236028321      h 
   22.32088215449772     55.12310018631565    -25.07652595030255      h 
   14.28516729176911     52.95229921444471    -27.91721459648512      n 
   13.43460310841777     53.87891348165641    -30.34011748652994      c 
   14.67309473842470     56.43645724874875    -30.75449394405194      c 
   14.42297964579959     58.11128921091584    -29.18138747798800      o 
   10.54199530928446     54.21590666632198    -30.38183060511708      c 
   14.47572917796959     54.29479550122770    -26.56807478556430      h 
   14.00659153513135     52.50400184543078    -31.79639130619483      h 
    9.93205854669568     54.83518765281033    -32.23906683972022      h 
    9.65477665480183     52.41248223818234    -29.95525574814005      h 
    9.99957960249463     55.59382527132779    -28.97199582744731      h 
   15.94464296424983     56.76563550482120    -32.90701011207474      n 
   17.19683634742733     59.14528056874553    -33.52970262119729      c 
   17.78685579573090     59.19525424127258    -36.33066293835076      c 
   17.74213733069331     57.24278573327206    -37.60227553050938      o 
   19.68840931278869     59.44222938472451    -32.03282344577694      c 
   21.52507107410473     57.66715216523099    -32.70988582200226      o 
   16.28628271573877     55.33387582281976    -34.10679241299976      h 
   15.92026259310538     60.70502738250695    -33.03622192854621      h 
   20.36922571257125     61.37667282868505    -32.26882991759699      h 
   19.28821307004009     59.13464391345917    -30.01854044559662      h 
   22.25023701717644     58.17602390246324    -34.31058006045082      h 
   18.32264566716264     61.44743619387576    -37.27160843457257      n 
   19.65037776509898     61.73008538310963    -39.67880201654924      c 
   22.48180814818082     61.16444504210178    -39.21513886103118      c 
   23.15819465711735     60.08786045889426    -37.22359456980446      o 
   19.17616877433471     64.36781145886731    -40.75122437082803      c 
   20.29670052035116     66.14010302615800    -39.15898467311312      o 
   18.51999123998639     62.96108438200841    -36.12308605078760      h 
   18.91045245670610     60.26680685107294    -40.94735386475224      h 
   19.93341837950482     64.50854195492074    -42.65929234052876      h 
   17.11781451531005     64.66219697970394    -40.80427007010846      h 
   20.17120327373856     67.81784081349225    -39.80504248481879      h 
   24.02582537295726     61.68039633997122    -41.15676056582628      n 
   26.75902366156097     61.45947648903130    -40.95742484304787      c 
   27.72005045265929     64.17647397150060    -41.05703055059471      c 
   26.91266330076240     65.52729635642318    -42.73184733788447      o 
   27.73965014180693     60.00420616430117    -43.24620154822980      c 
   30.53161098740335     59.32324256998497    -43.03198312319770      c 
   32.35466141080968     61.63555427684101    -43.04128764471096      c 
   34.02502894342059     61.63735821565727    -41.38551047979651      o 
   32.06710170350102     63.31983133024273    -44.66570310145224      o 
   23.49406990277700     62.82966298400653    -42.54434998113865      h 
   27.22254981610510     60.49954105662061    -39.17633945683910      h 
   26.65707548657703     58.25536115232919    -43.44114242872039      h 
   27.41770461206137     61.18810741073796    -44.89992566403931      h 
   30.89803929726686     58.25026093883929    -41.32186154295444      h 
   31.13289755081313     58.16973739461141    -44.63393063488783      h 
   29.25646859107287     65.00544562818139    -39.18635154787264      n 
   30.38856235583517     63.48903318407901    -37.18012128147760      c 
   28.48466573147909     63.17606606602862    -35.06501516694048      c 
   26.76753676924817     64.73402966333059    -34.73057383966197      o 
   32.60261640891372     65.01602571452145    -36.20923893120426      c 
   32.95423736707810     67.13954056604776    -38.17723535361289      c 
   30.28625582002523     67.54285995263668    -39.18468625711543      c 
   31.05786892070910     61.69561790466960    -37.95200009558234      h 
   32.19253071929054     65.82510659225986    -34.35781435865177      h 
   34.30905664786125     63.88075350611250    -36.09136600824458      h 
   33.75852228060594     68.85140466674626    -37.38702066203677      h 
   34.17010605652254     66.44545008113160    -39.69617357461657      h 
   29.17771414629571     68.73448566308386    -37.95242497419485      h 
   30.29612273513038     68.30267771219044    -41.11623414902598      h 
   28.77099570642926     61.15109385936199    -33.57666061670904      n 
   27.10235817446124     60.95262160017988    -31.36658440066000      c 
   27.67163139228621     63.12161293098649    -29.57866845657729      c 
   29.71459812426558     64.20885610352947    -29.57857314598137      o 
   27.78184226926153     58.37579975054106    -30.16947198827100      c 
   29.50396098256376     57.07720503749537    -32.14058849751027      c 
   30.77979932282049     59.32312978566011    -33.44842456249915      c 
   25.14580837619515     61.03842078512596    -31.99626690421278      h 
   28.84085138654673     58.64509988392170    -28.42426560903241      h 
   26.09327018379437     57.28269983615699    -29.77445913076462      h 
   30.80343101270074     55.79136817443743    -31.30964209270822      h 
   28.29447901521694     56.06688473348232    -33.49794057817224      h 
   32.31871965265477     60.05537291492836    -32.34373867765974      h 
   31.47897637702724     58.82483996024320    -35.33336077328795      h 
   25.82495986618926     63.65262644676002    -27.91352777366133      n 
   26.17083922880587     65.64315029523377    -26.06294275721523      c 
   27.07095937002282     64.68475680663224    -23.48421797187581      c 
   27.90953846240483     66.17781318286428    -21.95132623971786      o 
   23.81088065651196     67.24004213975483    -25.68520277515326      c 
   21.22369318949949     65.65575237454460    -24.10575736285418      s 
   24.11248542898461     62.83558270417743    -28.06152244070352      h 
   27.65592498135691     66.88551220606116    -26.78360229065776      h 
   24.25932554830493     68.80566349525300    -24.39682140763191      h 
   23.15495689478418     68.01579755751409    -27.46796174385876      h 
   26.76996592427271     62.22879101324196    -23.05833366875969      n 
   27.41853358116711     60.93896166853429    -20.74760049420869      c 
   28.55308423589479     58.37406382428452    -21.46095121906788      c 
   28.36999112849256     57.57747689498223    -23.61135597247698      o 
   25.05294518305643     60.57257298697983    -19.08290639699824      c 
   24.13181687285656     63.10184120175534    -18.12263015912664      c 
   22.94023015029028     59.18216294384986    -20.47052372734233      c 
   26.33984659885045     61.05050510636077    -24.53011536663537      h 
   28.82277500567579     62.04695825988441    -19.72857623417152      h 
   25.68277129897834     59.43697331722078    -17.46129031753934      h 
   22.48031902429065     62.87191869204660    -16.89725465432887      h 
   25.59261440561524     64.05236242653359    -17.05076891871733      h 
   23.57321525853171     64.32748566142091    -19.67761940072784      h 
   21.40012088236747     58.81665102086964    -19.17755765090889      h 
   22.25125320407759     60.29688694162709    -22.02948928531056      h 
   23.65275725547995     57.37148991776404    -21.18101636283464      h 
   32.55954083287706     66.71229556613980    -19.73078318954975      n 
   34.33243752783330     67.15796284953741    -21.76252676636181      c 
   33.90911072444798     69.68946701885868    -23.14240155274246      c 
   35.69702177773097     70.68496858009357    -24.24313314351414      o 
   34.22336240242070     65.04068347627032    -23.72615815747638      c 
   34.82694696574831     62.41343819082476    -22.66942181396835      c 
   34.73249676053729     60.55518636458415    -24.89284394873657      c 
   37.40101661927045     62.37734902648690    -21.39318535324061      c 
   30.74611905829060     66.25513397703448    -20.23307860167688      h 
   36.19210611638906     67.27700436674093    -20.91069935204699      h 
   32.35559663107973     65.02802823084274    -24.60788967046695      h 
   35.60551263654073     65.54564009666629    -25.19652555232627      h 
   33.40618308560727     61.91828523942998    -21.28895026044770      h 
   35.36141736513773     58.69218681581291    -24.27415945915741      h 
   32.83047193940268     60.40427089421794    -25.62598827734963      h 
   35.98109199987165     61.18343242905033    -26.39908246964354      h 
   37.90831508462779     60.47118661844993    -20.83287195712076      h 
   38.86593637168007     63.09484474578520    -22.68464976348379      h 
   37.43659967909430     63.52293379556787    -19.70913230814189      h 
   31.52379318945036     70.63669160689180    -23.15647158704439      n 
   30.99127914925898     73.12151803896488    -24.16117030312300      c 
   30.20819866144664     74.89178991459308    -22.04967645567385      c 
   28.71345562260177     74.24794790067133    -20.40527998368637      o 
   28.87589429901051     72.98676980885385    -26.19477833646896      c 
   29.86860543875223     71.72691394316529    -28.62160530235181      c 
   27.75944098315941     70.70310535225948    -30.27569756134268      c 
   25.52001306537624     70.82384634328392    -29.69430338389824      o 
   28.59422332943785     69.63235368107087    -32.43276357699120      n 
   30.11030651600562     69.73305503339279    -22.25993314848790      h 
   32.76770869745990     73.79612216329932    -25.02438627464831      h 
   27.32200609262764     71.91053384039972    -25.42233947259941      h 
   28.20798235320996     74.88082803425831    -26.58293778553523      h 
   30.97532292657474     73.06299041100142    -29.70956325296367      h 
   31.09721580590973     70.13248729660077    -28.10424075497878      h 
   30.46080359802309     69.43972459927701    -32.72435589711471      h 
   27.41390543614818     68.57393670808908    -33.50314637707599      h 
   41.87483601071596     68.86327492530575    -53.17222787691217      n 
   40.09826681460198     66.81630577833221    -53.52138508729571      c 
   39.76230777433634     66.21658867522011    -56.32770289921378      c 
   39.42498850026170     67.87945350826300    -57.88016016769126      o 
   37.55797499064870     67.45891580904289    -52.32913841819281      c 
   35.68863690665771     65.27980797833226    -52.44696452829436      c 
   33.40596461779178     65.87262973450522    -50.85417392897798      c 
   31.36422937467116     63.81446434281775    -50.89759276768621      c 
   29.54252671987455     64.23092077803949    -48.75097396891167      n 
   41.27829753020755     70.57508499855039    -53.74091554444347      h 
   40.90689379887564     65.14669242722184    -52.55469256558757      h 
   37.89220680004277     67.96081207457782    -50.34729630936901      h 
   36.77828143767931     69.11560999730034    -53.27268750078188      h 
   35.15024228006320     64.86852896381073    -54.36902147647086      h 
   36.61489978178579     63.55931082639492    -51.68042191571120      h 
   34.02894498622258     66.04917985440267    -48.83460627975586      h 
   32.62362406880447     67.68103646214881    -51.40284511677618      h 
   30.38041664904497     63.83123706317237    -52.68211706942963      h 
   32.25633386854152     61.98749069716261    -50.58998059024683      h 
   27.94728102413169     63.17805463182602    -48.98144213169704      h 
   30.48902581376985     63.73635829324942    -46.94455867869303      h 
   29.06574440046801     66.09421999822895    -48.61064166192629      h 
   43.53623045196613     55.64286496343399    -41.36703468191359      n 
   41.18558902512175     54.24727872490213    -41.55968984268145      c 
   40.87414274018502     53.07677729651498    -44.18662456565122      c 
   41.60654648916698     54.24163512449496    -46.08160461203492      o 
   38.92274399602886     56.00718712459413    -41.16849519799850      c 
   38.55626713230271     56.70261999447974    -38.46934526532754      c 
   39.66466210566191     58.86895249561556    -37.38562877531812      c 
   37.12343146529010     55.18632608646109    -36.83516671483579      c 
   39.36977463562966     59.41531725607408    -34.99944068647244      c 
   36.85361704979537     55.71606741623781    -34.43440836044240      c 
   37.94307211500359     57.86623853961525    -33.36147592642209      c 
   37.71676403706388     58.54004696460314    -30.80998946534475      o 
   43.73461084930219     57.16486560420227    -42.46197060716479      h 
   41.17869958149752     52.74767459773310    -40.12619124317625      h 
   39.19711612664535     57.71038069360728    -42.32378900143971      h 
   37.21677859626848     55.07180165111404    -41.87695993229188      h 
   40.79785363320412     60.07606844103618    -38.64880160799049      h 
   36.16017180764722     53.57213092792385    -37.71320763235367      h 
   40.22179653430308     61.13542994723546    -34.15656098015248      h 
   35.62737983204343     54.52337590715822    -33.21668321442989      h 
   36.67866793652471     57.28009989091368    -30.00519267721368      h 
   34.44056800626694     50.65367019021188    -47.46799867552888      n 
   31.78396951203081     51.04118151637885    -46.80591041629415      c 
   31.73280447462917     52.11291185811726    -44.10880492597131      c 
   33.14767892766216     53.91336953613616    -43.57644883077554      o 
   30.26715173323964     48.58923368078969    -47.26216929748644      c 
   30.47245967712218     47.96471111381469    -50.08619359569608      c 
   30.54516154246689     49.68060128037248    -51.67863324531368      o 
   30.55261529983356     45.51195062123418    -50.64147797205043      n 
   35.18325903819072     51.59507414434249    -48.93219227655399      h 
   31.09950258898124     52.52045288964231    -48.05522479083852      h 
   31.01130911313158     47.06954047288427    -46.12262422198565      h 
   28.27729242976163     48.94053665476858    -46.85664118314532      h 
   30.73043084655603     44.95358025267375    -52.49397823368299      h 
   30.40545255837335     44.18591406667777    -49.30618651678268      h 
   30.01593533913381     51.09195273281395    -42.47775105075377      n 
   29.75423556163392     52.09394790566020    -39.95078634312442      c 
   31.60426412389679     50.98297923497318    -37.99769192047292      c 
   31.48093369223765     51.64731502993912    -35.82855011192280      o 
   27.06140738511704     51.62850608792223    -39.01583649191577      c 
   25.07614672293364     53.03160505725435    -40.57936346357741      c 
   22.39473814445466     52.52950520851936    -39.59746698998366      c 
   20.43271714340106     53.24938451436859    -41.59095869954805      c 
   17.84792879157354     53.00852423382668    -40.54163796229641      n 
   29.22862343253374     49.44250916356459    -42.85815925480244      h 
   30.16922458705047     54.13000034563088    -40.04231639299844      h 
   26.70672260709011     49.60670033364624    -39.03060783035160      h 
   26.98361207244620     52.27724183045961    -37.04924434092274      h 
   25.48120355398492     55.04902838889941    -40.53979535647469      h 
   25.24614723845087     52.40852471438399    -42.55080735498725      h 
   22.23771640754178     50.52446491483780    -39.14562247931818      h 
   22.09998792880858     53.62883575458250    -37.89583097051450      h 
   20.74961126995518     55.18584977838995    -42.18894186382839      h 
   20.63542763194322     51.99863254214665    -43.23417092223502      h 
   16.50588475494960     53.21499025052589    -41.94542081400097      h 
   17.61277912792398     51.27889881813893    -39.69251102570054      h 
   17.58335433518062     54.44612494554283    -39.21815697390323      h 
   33.65622811607589     52.49988164041667    -54.88064577075743      n 
   34.94672105127874     54.86369474890135    -54.47609021786008      c 
   37.31576988890264     54.47738405388017    -52.83188375233660      c 
   37.52446790003788     52.68595106127577    -51.43175967973379      o 
   33.16614045017732     56.83424623688479    -53.26214759795234      c 
   32.58490256818670     56.08242211692922    -50.72890128385336      o 
   30.82608988224476     57.16450304553904    -54.89345512900535      c 
   32.87928563804877     51.60570972796526    -53.40839154407353      h 
   35.52536991215382     55.61698180492488    -56.32692309926546      h 
   34.22021055402116     58.62879010144918    -53.18864876487702      h 
   30.79132534096420     56.34667590345814    -50.51309867151132      h 
   29.53309295338957     58.51788039418021    -54.02292753944113      h 
   31.34782662902030     57.84806234152995    -56.74329772503830      h 
   29.84165955808457     55.36683630131802    -55.13211620582487      h 
   42.28378726818307     59.52914450027578    -48.30000622286755      n 
   42.33734917388551     62.03998046401314    -47.22531868262820      c 
   44.29924816894059     62.17547677577831    -45.06367341975353      c 
   44.62795800654775     60.35706269936846    -43.64556532342301      o 
   39.72143459395818     62.81838523087708    -46.13899185161510      c 
   39.34241765642008     65.73498181271056    -45.99805653251238      c 
   41.27856466640309     67.13264716817197    -46.24068307583739      o 
   37.15026622912708     66.40489671665030    -45.65293314852570      o 
   42.44896700663215     58.05502522727451    -47.12081037080089      h 
   42.88475523154567     63.40507417873550    -48.69668852550468      h 
   38.25862660481669     62.08211314673650    -47.33928192511523      h 
   39.46933772229744     62.08376752867272    -44.23905091556656      h 
   46.19455543006516     66.52090635772973    -38.82655073745989      n 
   44.82692363216817     68.13928650581093    -37.09645319849912      c 
   46.52308560689097     68.82941673570781    -34.83175790547009      c 
   47.51829861302053     67.17177682143787    -33.49832291584109      o 
   42.45318471186763     66.68555150820350    -36.13230969070742      c 
   40.67616260645818     66.01044971849319    -38.29737921183537      c 
   41.11818685727350     68.15435302567613    -34.04566933488412      c 
   39.65092325528123     68.22434762521731    -39.69094968196480      c 
   46.56347493314433     64.70887529407443    -38.21373362302077      h 
   44.29153393212702     69.80966567062991    -38.10729889848253      h 
   43.17360617801302     64.89956069484165    -35.31933851371467      h 
   41.69252108414485     64.79293660351165    -39.65056878993629      h 
   39.10853193068047     64.89499883895238    -37.57087446463592      h 
   39.34991728612828     67.25008181776367    -33.58807741058261      h 
   42.30632391932337     68.27118697390739    -32.36299167692882      h 
   40.71609760460985     70.08676810054159    -34.65712412755605      h 
   38.32121771918167     67.62739470494255    -41.15522428873833      h 
   38.66221640079546     69.55175515724164    -38.45655968814685      h 
   41.13152821476116     69.27960833218722    -40.71884145720850      h 
   -4.63236801029583     66.25218749875987    -23.46250472440936      n 
   -3.40514886297268     64.38435619266784    -25.07135927420615      c 
   -4.74327417224996     61.67834160995505    -24.76757537030220      c 
   -6.32000103254626     60.89536130067268    -23.15372352092379      o 
   -0.62092372431121     64.18212539650702    -24.15795346043403      c 
   -5.69410305575111     65.72514112133238    -21.97897773762992      h 
   -3.31363280765315     65.52508014686799    -26.89240598679543      h 
    0.30573555636159     62.61151021568841    -25.11798464563651      h 
    0.40338097048993     65.95351544924664    -24.28482316983916      h 
   -0.57821901738559     63.79908725140608    -22.14302846592463      h 
   32.36291846441021     52.73651266930858    -55.95949602596303      h 
   38.73166045475953     55.72668565482198    -52.90647315268234      h 
   40.80536737557468     59.28771826136294    -49.10533222175874      h 
   45.31477057215195     63.74826988861918    -44.80657375753448      h 
   45.30720918544384     66.35198051783253    -40.26760683480617      h 
   46.84271028067231     70.64325204318115    -34.40878543722760      h 
   -3.45480583954042     67.26082104302820    -22.76352855884246      h 
   -4.35562957996343     60.29005908700612    -25.98965043773801      h 
   13.65744936980096     57.10144274321237    -19.89644101921538      h 
   16.55771809072068     47.26143996833878    -22.56387504973286      h 
   29.45103974743737     57.34250303575025    -20.15687207931044      h 
   33.10826759846030     65.41923272080891    -18.77190395501878      h 
   30.91685051583661     76.64190211423673    -21.97232012974254      h 
   42.25052159951091     69.01337814421579    -51.52029224422834      h 
   39.81733954610975     64.42427524342223    -56.92406539823726      h 
   43.73353839316528     56.20547700103364    -39.77420724503543      h 
   40.07975399812154     51.37233963738351    -44.37344789551236      h 
   35.42341435419958     51.08827590191612    -46.14978287218918      h 
   32.89895735296713     49.71629061441529    -38.53651800041445      h 
  -0.4581959030669D-02   0.6817165808716D-03  -0.4811825964288D-02
   0.1046712943381D-02   0.2854488361419D-02  -0.1944726728486D-02
   0.2293817287320D-01  -0.2817036947881D-01  -0.2837964468421D-01
  -0.2087940882641D-01   0.2805246053767D-01   0.2935406644982D-01
  -0.1295369436662D-01   0.4215627674735D-02   0.4583159708075D-02
   0.5842082179332D-02   0.9326727278703D-03   0.5500667430266D-02
  -0.1268916677267D-02   0.4388155553829D-02  -0.8428058901942D-02
  -0.1918398920623D-03  -0.1484305493132D-02   0.1540213684788D-02
   0.1431753414094D-02  -0.1218233624171D-02   0.5827717090029D-04
   0.1391109879047D-03  -0.6787469184509D-03   0.5892238233918D-04
   0.8068570752046D-03  -0.2461660271274D-02  -0.3333424689066D-04
   0.1975780522446D-02  -0.2685504352521D-02  -0.3904938989541D-02
   0.4178888127069D-04  -0.6581662957879D-03   0.2921132350656D-03
   0.4216865950823D-03  -0.4401404505656D-03   0.1323918248999D-03
   0.6453638807163D-03  -0.2150795294368D-02   0.6033155499720D-03
   0.2528998946251D-02  -0.1051140205038D-02   0.3386105719105D-02
   0.1017924192268D-01  -0.4186350555600D-02   0.3800429564515D-02
  -0.3679693263173D-02   0.1603528531892D-01   0.7147371244617D-02
  -0.1677171256913D-02   0.2412996342443D-02   0.1535258825003D-02
   0.3864248732902D-02  -0.7306028307445D-02  -0.8859120079859D-02
  -0.1276479023715D-01   0.5401416189094D-02   0.8639305415290D-02
   0.1012624078938D-01   0.9140938335722D-02   0.1518945228721D-01
  -0.5462183653793D-03   0.6137528756395D-03   0.1373522784405D-02
   0.3553883419258D-03  -0.7210821219153D-02  -0.3917619085480D-02
   0.6643052779136D-03  -0.2089050697924D-03  -0.4950331589255D-02
   0.1183117952835D-02  -0.6649810744322D-02  -0.4321087571593D-02
   0.4537058139808D-04   0.5648701224569D-02  -0.1372429364451D-02
  -0.1748019907883D-01   0.3643522107006D-02  -0.1085603715228D-01
  -0.1580957937532D-02  -0.1158663282832D-01   0.9005958515183D-01
   0.3965832319089D-02  -0.1651379178155D-01  -0.8968273486517D-02
   0.5887736046596D-03  -0.6381309307586D-02  -0.1942424997457D-01
   0.1560003000308D-01   0.1078532557293D-01   0.8725916839483D-02
  -0.7976920280562D-02   0.3169949807251D-02   0.5893426954236D-02
   0.2022781252356D-02   0.7637784117425D-02   0.7990997795004D-02
  -0.1380603878810D-02   0.2021227128401D-03   0.3377413511165D-02
   0.3332493864552D-02   0.5621034871086D-02   0.5064057791202D-02
   0.1060936331249D-02   0.1268202614475D-03   0.3215223192012D-02
  -0.7193359252884D-03  -0.2016871250646D-02   0.2783854987865D-03
  -0.8589428466358D-03  -0.1957586981707D-02   0.1353493671452D-02
   0.1564570243961D-03  -0.3025604174365D-02   0.6942869829075D-04
  -0.7365900948288D-03  -0.1165804627026D-02  -0.3209322477674D-02
   0.2131663744565D-03  -0.1805874427985D-02  -0.1476076283109D-02
   0.5584693082634D-04  -0.2929000709877D-02  -0.8003336716814D-02
   0.9609842213570D-01  -0.5875556183727D-01   0.6959669780310D-01
   0.1502473156526D-02   0.1695138489528D-01  -0.1025673444542D-02
  -0.5249658830701D-02   0.1550937898211D-01  -0.9768548200962D-02
   0.5878140975403D-03  -0.3073805612342D-02   0.3401459955291D-02
   0.4111270691878D-02   0.6273995777803D-02   0.1696983393750D-02
   0.7684000190918D-02   0.7362680912104D-02  -0.1042045374277D-01
  -0.6654045875119D-02  -0.4133137521646D-03   0.1499441769073D-02
  -0.2507561065756D-01   0.2995648008349D-02  -0.8099321587963D-02
   0.5038415278040D-02   0.6148657428417D-02   0.2063049624329D-01
   0.3599521057709D-04   0.2508481662559D-02   0.1159700375263D-02
   0.3176074414997D-03  -0.3214099056672D-02  -0.6708807845209D-03
  -0.3242414143844D-02  -0.6248052614377D-02   0.5817337190974D-02
   0.3926580770353D-03  -0.2544962227664D-02  -0.1125099835312D-02
  -0.2641451479502D-02  -0.6275372585536D-02   0.5948218414445D-02
   0.1045096219391D-01   0.3799732868500D-02   0.2121712205307D-02
   0.2618236119149D-02   0.1810443012535D-02   0.7425067817558D-02
   0.1043651512915D-01  -0.9167561522973D-02  -0.1916551188860D-02
   0.9490587697779D-03  -0.1093460899287D-01   0.2440548636631D-02
   0.5467164800283D-02   0.7466100078965D-02   0.8850358245030D-02
  -0.1753936121062D-02  -0.2859519190288D-02   0.1114884273757D-03
  -0.5177259377005D-03  -0.4454916743956D-02  -0.1794282122443D-02
  -0.4817807825420D-02   0.3494048695445D-02   0.2847762411350D-02
  -0.2971421150898D-03  -0.2091451773677D-03  -0.1418220481774D-02
   0.1813121798934D-02  -0.1636787127036D-02  -0.4532966348351D-02
   0.2905113599083D-03  -0.6128213262332D-03  -0.7943336676106D-04
   0.6197053618864D-04  -0.6816159775916D-03  -0.4159364907630D-03
   0.1217325033618D-02  -0.1601785168729D-02  -0.1681845370087D-02
  -0.1036244452706D-02  -0.9442760037696D-02  -0.6527683898903D-03
   0.8978383593615D-02   0.4212337923449D-02  -0.3212079850988D-02
   0.1266726525988D-02   0.2142128106778D-01   0.2462500222572D-02
   0.4166518796196D-04  -0.9875934277952D-02  -0.5504284759075D-02
   0.2865889063248D-03   0.1504070246865D-02  -0.6807681070349D-02
   0.4537133650395D-03   0.7490984138345D-03  -0.1814997629243D-02
  -0.7920084785110D-03   0.4002054659746D-02   0.2786985853458D-02
  -0.1005937018716D-02   0.1212152795423D-02  -0.2508531674452D-03
  -0.1911369032865D-02  -0.2381860662327D-02   0.1052552265601D-04
   0.1111508070073D-03  -0.1179430836148D-02   0.3248569610295D-02
  -0.2268667399555D-02  -0.3817420846423D-03   0.3421983318166D-02
  -0.7653289833103D-02  -0.1335090507006D-01   0.1301637356558D-01
   0.7484921901167D-03   0.5447239201683D-02  -0.7574614678020D-02
  -0.8856833553551D-02   0.1443590433576D-01  -0.2631661758155D-01
   0.9114236943510D-02  -0.1729886842036D-01   0.3377793782833D-01
   0.9481116365651D-02   0.2973671768555D-02   0.3331147758028D-02
  -0.8311195925850D-02   0.1860198438238D-02  -0.1596729011563D-01
   0.5413575655818D-03   0.4910200493698D-03  -0.1260443705748D-02
  -0.5451578996831D-03  -0.1770096720581D-02   0.7662017488415D-03
  -0.1216819809252D-03   0.7986429211113D-03   0.5018154426302D-02
  -0.2179054960265D-03   0.3871416067645D-03   0.2272052422159D-02
   0.1870851030810D-02  -0.6510775028820D-02   0.5305660141675D-02
  -0.1472675291319D-02   0.1541830265006D-01  -0.1976215069500D-01
   0.8229567709503D-03   0.2952504876120D-02  -0.6419676831683D-02
  -0.1946367655993D-01   0.6183502195924D-03  -0.2639832022333D-01
   0.2867060199289D-02  -0.1198875995342D-01   0.1120590451992D-01
  -0.6477096150025D-03   0.4708785290098D-02   0.2504116620606D-02
   0.1278504229074D-02  -0.6755258089703D-02   0.6894112545215D-02
  -0.7076034330818D-02   0.8272209285530D-02  -0.1699181417005D-01
   0.1812008764755D-02   0.1154540528760D-02   0.1508505510604D-02
   0.5970493732449D-02  -0.5514408512718D-02   0.9432229134054D-02
   0.5382855465243D-02  -0.8995145198787D-02   0.1015077180369D-01
   0.2240627243767D-02  -0.2797662380511D-02   0.3990644302289D-02
   0.3924774432002D-03  -0.7636625064213D-03   0.3081695156605D-03
  -0.1153132270894D-02   0.4809198052652D-03   0.1042851755237D-02
  -0.2128136020833D-02   0.5921151248585D-03  -0.2267196517083D-02
   0.7450888592093D-03   0.1578712450848D-02  -0.1580241679500D-03
   0.1070493133781D-01   0.6568355661644D-02   0.1345888795510D-01
   0.9923716976449D-02   0.2107590523899D-02   0.1123779679956D-01
   0.8313567038180D-02  -0.5935781246621D-03  -0.7323723716904D-02
  -0.9595379819257D-02   0.1034671165334D-01   0.1440303857022D-02
  -0.1280114213009D-01  -0.1513003966380D-01   0.1515801508823D-02
   0.2126184894097D-02   0.4122645447096D-02  -0.2340385775314D-02
  -0.8112982764842D-02   0.4787686904823D-02   0.1087617689696D-01
   0.6791008864156D-03  -0.4039097194930D-03  -0.3282958108213D-03
   0.1232786223264D-03   0.1618724055382D-02  -0.1425435030925D-02
  -0.4452144563435D-03   0.1642214959086D-02  -0.1699885487646D-02
  -0.1660358656791D-02  -0.1544292534643D-03  -0.5091480871173D-03
   0.1293324007752D-02  -0.1213132230649D-02  -0.9975814892107D-03
   0.4679278264384D-02  -0.5186728617636D-02  -0.4720514621691D-02
   0.1675298254052D-02   0.1553698203560D-02  -0.4330406349145D-02
   0.1441030967621D-01  -0.1009937687222D-01  -0.3928151423663D-02
  -0.7731816775567D-02   0.8379483033966D-02   0.4808902401946D-02
  -0.1034360122640D-01  -0.3462565256535D-02   0.1451333696119D-02
   0.6499696843398D-02   0.1398817025189D-02  -0.1165776133588D-02
  -0.4805701141297D-02  -0.3876086359737D-03   0.3085538578637D-02
   0.2217145005997D-01  -0.1289688242744D-01   0.6179910210430D-02
   0.7778411542186D-02   0.1290512992772D-01   0.1037584220921D-01
   0.1109924746450D-02  -0.1985698659578D-04   0.1575916960155D-02
   0.8032513812543D-03  -0.7496686938066D-03  -0.8015302418848D-03
   0.3827917124284D-03   0.7605638178449D-03   0.2063529879432D-03
  -0.9315680064277D-02   0.8748806193352D-02  -0.5136066776575D-02
  -0.6448873097138D-02  -0.2863713019590D-02  -0.3180238718987D-02
  -0.1012486602905D-01  -0.4480611214625D-02  -0.6409211927913D-02
  -0.5848897925006D-03  -0.1461209414882D-02  -0.3049937373398D-02
  -0.2495260011814D-02  -0.4382526143145D-02  -0.4183482503205D-02
   0.2327641099415D-02   0.4491395007021D-02   0.2037521308986D-02
   0.2592847889578D-02   0.4929065736792D-02   0.7020941759278D-02
   0.2698182113751D-02  -0.8782604485459D-02  -0.6325550759192D-02
  -0.1503680044138D-02  -0.7950644729908D-02  -0.2310803098605D-02
  -0.3403229982644D-02  -0.5420252140549D-02  -0.1621805217064D-01
   0.3204957543332D-02   0.1862659392470D-02   0.1168039334753D-02
  -0.2295853372276D-02  -0.1246856583043D-02   0.9555384333447D-03
   0.2631507266442D-03   0.2983258167947D-02   0.3543855121981D-02
  -0.3694545496218D-03  -0.1575009038683D-02   0.1928055586473D-02
   0.2493428581570D-02   0.5935482581201D-02   0.8600413856500D-02
  -0.3893477750915D-02   0.1018919153304D-01   0.7004331100783D-02
   0.3749045662197D-01  -0.4014555836333D-01   0.6778940519805D-01
  -0.8349022683981D-03  -0.4836815253908D-02  -0.8785637521607D-02
  -0.9403351720159D-03   0.7636290890329D-02  -0.8320098670497D-02
   0.8050021208706D-02  -0.6063081501203D-02  -0.4409481498618D-02
  -0.9373826858815D-02   0.8785368175918D-02   0.2757465459182D-03
  -0.5376926486289D-03  -0.3618695706879D-02  -0.5349883414796D-02
  -0.1087606161436D-02  -0.1510748275083D-02  -0.2977757593755D-02
   0.2609429918352D-02  -0.3311086546776D-03   0.1200435669857D-02
  -0.4284286265201D-02   0.1018149883423D-02   0.2616370285327D-02
  -0.1813953777542D-02  -0.2319977678093D-02  -0.1426140834559D-02
  -0.7124854356413D-03   0.5345582899474D-03  -0.8517163497762D-03
   0.1633006806506D-02   0.1129047567378D-03  -0.1506542292012D-02
   0.2491219075111D-02  -0.2947891270338D-02   0.3983180100695D-02
   0.3315544734423D-02  -0.3916846879978D-02  -0.1224910212291D-02
   0.4945477014520D-01  -0.1013070321054D+00   0.5869925245313D-01
   0.2220294438335D-01  -0.5476379583462D-02   0.1920302011078D-02
   0.4062995105364D-02   0.4489413094535D-02  -0.3209779846999D-02
   0.7961280104844D-02  -0.1608219403820D-02  -0.2211928356666D-02
  -0.1042877170090D-01  -0.4028039633975D-02   0.1056246780125D-01
  -0.5530720055163D-02  -0.4855372834089D-02   0.1363759371631D-01
  -0.4900552969266D-02   0.3778388830046D-02  -0.8087826183372D-02
  -0.9153771448180D-02   0.1648965236346D-02   0.7088225943956D-02
  -0.9371922086187D-02  -0.8836187168069D-02   0.7999527121882D-02
  -0.5909103069508D-02  -0.1295207276334D-02   0.9989364283501D-03
   0.7859024823243D-04  -0.2742056780950D-03  -0.1720215488044D-03
   0.2806950261514D-02   0.4564720741462D-02  -0.4742533498755D-03
   0.6650238527642D-02   0.4434285901446D-02  -0.4907641262334D-02
   0.1672119768867D-02  -0.9844746256545D-03   0.7649159330039D-03
   0.2959718233752D-02  -0.4319609340730D-03   0.1882561024920D-02
   0.3868473636280D-03  -0.5404674814776D-04  -0.2090197215492D-03
  -0.3314365836557D-03   0.2464773412416D-02   0.1286039979158D-02
   0.5442917523838D-02   0.3357759248794D-02  -0.3984590016434D-02
   0.7832570757328D-03  -0.4088064932554D-02  -0.4469037058754D-02
  -0.1777182135326D-01   0.2951820449377D-02   0.3745236338955D-02
  -0.4735449123089D-02  -0.1579444696723D-02   0.8666560956569D-02
   0.4884585488370D-01   0.7564761885207D-01  -0.1960653034404D-01
  -0.1260669884210D-01  -0.2501639214475D-02   0.1476304784535D-01
  -0.1353618792036D-01   0.7784087283197D-03  -0.4620521433054D-03
   0.2927549274692D-02   0.4953554613021D-03  -0.9515680195772D-02
   0.5183886226583D-02   0.3289301873898D-02   0.3184456346481D-03
  -0.8527527072377D-02   0.2081177756687D-02   0.5124203023344D-02
   0.4986135013505D-02  -0.3791203857212D-02  -0.4322400592401D-02
   0.2626699452508D-03   0.3134011204914D-02  -0.4323703092856D-02
   0.4775718034211D-02   0.8266727727627D-03  -0.1833604420500D-02
   0.4518137079087D-02   0.3369007600520D-02  -0.1461462350446D-02
   0.1524228234181D-02  -0.3634696009332D-02   0.2472893126186D-02
  -0.3053822994564D-02  -0.1925520745197D-02   0.1573323870254D-02
   0.1713055387121D-02  -0.2822621091907D-02   0.1546816801917D-02
  -0.8140088399920D-04   0.5359074012395D-03   0.6331116815292D-04
  -0.1961597524477D-03   0.5879096613102D-03  -0.4054404765635D-03
   0.1298501554738D-01   0.1144300489864D-01   0.1256729025424D+00
  -0.5434350040205D-02   0.8414699898890D-02   0.4731775072953D-02
   0.3314478955642D-02  -0.8948219437469D-01  -0.1593115187682D-01
  -0.7468932582589D-03   0.5297229967987D-02  -0.6408242976719D-02
   0.8699635645419D-02   0.2179873587972D-02  -0.2054907369617D-02
  -0.8072574168912D-02   0.1303278953823D-01  -0.8166944191646D-02
   0.8543396056077D-02   0.4053146551338D-02  -0.2839560345493D-01
  -0.5663906311316D-03  -0.5778182613079D-02  -0.1431885550701D-01
  -0.8873274200897D-02   0.2609170867740D-02   0.8366831640577D-02
   0.9224518975231D-02  -0.1854400132004D-02   0.1029182026744D-01
   0.2141391118122D-02  -0.4167357522491D-02   0.3584152560755D-02
   0.9278313024899D-04   0.1363398751544D-02   0.1304961046797D-02
   0.5328815419308D-03  -0.1308090723717D-02   0.1892870002811D-02
   0.1578091730066D-02  -0.9567558894266D-03   0.9191777058639D-02
   0.2847076932147D-02  -0.7365147196546D-02   0.3237659626375D-02
   0.1692243611640D-02  -0.9463347655151D-04   0.1423200433494D-01
   0.2650823226710D-02  -0.3519385030270D-02   0.3045000196042D-02
   0.5025002773746D-02  -0.3380529467899D-03   0.5763726001330D-02
  -0.4142354052668D-03   0.1302912459151D-02   0.7198351471190D-03
   0.2273023863846D-02   0.1557393921388D-02   0.7385417879016D-03
  -0.2810348461766D-03  -0.7078739164973D-03   0.2952814032275D-02
  -0.1761802080457D-03  -0.2529442164062D-02   0.4968289895809D-03
   0.7210136511772D-02   0.6260118194823D-01   0.1070225876369D+00
  -0.8233567991616D-02   0.2300311524869D-02   0.1214511579677D-01
  -0.5283571139839D-01  -0.9817502876488D-01   0.1754046481711D-01
   0.1483019007936D-01   0.2180398834008D-01  -0.2877198768032D-01
   0.1951015055601D-01  -0.3787802009540D-02   0.5092150521354D-02
  -0.4855653995914D-03  -0.4946080609088D-02  -0.1547965076693D-01
  -0.1201491532404D-01   0.2338587463844D-01   0.9007527713460D-01
  -0.8057915307153D-02   0.1773272850479D-01   0.8835791851713D-01
   0.7720964025744D-02  -0.2842259749327D-01  -0.9557791066111D-01
   0.2367036267249D-01  -0.1135645816130D-01  -0.9205097873118D-01
  -0.7330823883335D-02  -0.1043646674486D-01  -0.7398961444583D-02
  -0.1123528901369D-02   0.6868049070541D-02   0.3207843663832D-01
   0.5964681723937D-02  -0.2803077615017D-02   0.1658029796799D-01
  -0.1003413255550D-02  -0.1817036984773D-02   0.1619049870741D-02
  -0.5032383548361D-03   0.2715359242042D-02  -0.1628411867738D-02
   0.1692768082480D-02  -0.1649557876271D-02  -0.5745507563502D-03
   0.5928948555789D-02   0.4167421011184D-02  -0.7275897913054D-02
  -0.5116678856882D-02  -0.5035683195096D-02  -0.6657376521030D-02
   0.5686493749592D-02   0.1213212857467D-01   0.5857725718990D-02
  -0.9855039869423D-02  -0.6823570289854D-02   0.8611213673503D-02
   0.6694648457960D-03   0.2672897695563D-02  -0.2969600107509D-02
   0.7151779978679D-01   0.4918031270359D-01   0.8573507579406D-01
  -0.9429878468561D-02  -0.1434476884854D-02  -0.1325349639379D-02
  -0.4179483903599D-03  -0.8922364129588D-02   0.6462577616832D-03
   0.1781997835533D-01   0.2206231073299D-01  -0.1985707309683D-02
  -0.3325882363956D-03  -0.1000435709226D-01   0.6383379934276D-02
  -0.4631903482343D-02  -0.2266482375804D-01   0.6243207575193D-02
   0.7301397421548D-02   0.2366781031621D-01  -0.1488034056915D-01
   0.1142805421935D-02   0.9379066421747D-03   0.2081630043700D-01
   0.9563792902872D-02  -0.3994904714260D-02   0.1350905506453D-01
   0.8625998904000D-02  -0.3447967995753D-02   0.1691438456070D-02
  -0.2150590708224D-02   0.3958928008374D-02  -0.1099018575235D-02
   0.3980897192221D-03   0.9989608150789D-03   0.2867183318394D-05
   0.9336282356887D-03  -0.4928478156327D-02  -0.1432474792056D-01
  -0.1268623917643D-02   0.3852868211109D-02  -0.3675541877214D-02
  -0.2695339279328D-01  -0.2814581885393D-01   0.3197044831968D-02
  -0.3039678451500D-02   0.7139992838188D-02  -0.2201878652483D-02
   0.5665342319794D-01  -0.5613454216390D-01  -0.1515626550721D-01
  -0.1017636296910D-02  -0.2459067656611D-02  -0.1010444057795D-01
   0.4320950914501D-02  -0.8083506731633D-02  -0.7913280685433D-02
  -0.5836738829129D-03   0.3690845716974D-02   0.5419889764439D-02
  -0.2842534419494D-02   0.1635628928257D-02   0.5007276993200D-02
  -0.3905878608405D-02   0.7217257382793D-02   0.3085060594673D-02
   0.4329963489374D-02  -0.2094484496453D-02   0.4023912540957D-02
   0.7012090056637D-02   0.1481092772175D-01   0.3672161722064D-02
   0.4065636610514D-04   0.2454338817101D-02  -0.2595537078121D-04
   0.1119479400920D-02   0.2631572434025D-02   0.6969954140474D-03
   0.5954896899535D-03   0.1669812615190D-02   0.2381009504957D-02
  -0.3881968121124D-04  -0.8107462743254D-03  -0.1145453804455D-02
   0.1515203974280D-02  -0.9091729507823D-03  -0.3499219494038D-02
   0.6510026658450D-03  -0.6238430238797D-03  -0.4634361594888D-03
   0.4750316497129D-03  -0.1592250946265D-02  -0.3591215082369D-02
   0.5949882422671D-03  -0.2576400332446D-02   0.4204940555540D-03
   0.7348051810642D-03  -0.2601109299814D-02  -0.3137367645519D-02
  -0.2343411456344D-02   0.5671454724366D-03  -0.2466274876719D-02
  -0.2655553004009D-03   0.8847665537088D-03  -0.3301066270370D-03
  -0.5007178146289D-04  -0.3133833297080D-03  -0.4044395006874D-03
  -0.1034046112052D+00   0.2207234981847D-01  -0.6057380623744D-01
  -0.7275233101965D-02   0.9454267631965D-02  -0.7687771375204D-02
   0.6650210070801D-01   0.5317855020515D-01  -0.7366021051286D-03
  -0.5378980749661D-03   0.2527991179705D-02  -0.1331569464145D-03
  -0.4701941186819D-02  -0.8346552773091D-02  -0.8638817822429D-02
   0.8788997456572D-03  -0.4580025314835D-02   0.9357606667943D-02
   0.8236403288747D-02   0.9396328760134D-04  -0.4403009401013D-02
  -0.7026332634641D-02  -0.2987702985122D-04  -0.1921656632960D-01
  -0.1834946815826D-02   0.1866401530717D-02  -0.3356742793692D-02
   0.5924673981501D-03  -0.2208117578975D-02  -0.2762240792440D-02
   0.2456292301114D-03   0.1398836071849D-02  -0.7366834764732D-03
  -0.2328466953650D-02   0.1353051827104D-02   0.1524109327377D-02
  -0.2000303401860D-02  -0.2419177302752D-02   0.3182820861679D-02
   0.3640220306736D-03  -0.2346504676255D-02  -0.2471460862960D-02
  -0.1129395191976D+00  -0.2066780609537D-01  -0.4552840460933D-01
  -0.1291882846013D-01   0.4160859256377D-03  -0.2127462407497D-01
   0.5013834131043D-01   0.8850909823842D-01   0.8633152631708D-02
   0.3369715725933D-02  -0.2644170646747D-01   0.1514235903474D-01
  -0.2131968567726D-01  -0.7729115658206D-02   0.1769938813273D-03
  -0.3228743972944D-01  -0.8068365710430D-02   0.2071309257197D-02
   0.1934300684484D-01   0.1564063809314D-01  -0.2502936971278D-02
   0.1446866103642D-01  -0.1223604046665D-01  -0.1389056282104D-02
  -0.7664275809470D-02   0.1420757082598D-02  -0.1533507646843D-01
   0.1012436590253D-02   0.1489298624246D-02  -0.2392062214839D-02
   0.8576201109445D-02   0.4994168172260D-02   0.4424743242579D-02
   0.2643975133921D-02   0.2298518076445D-02  -0.3586424664273D-02
  -0.8421865487085D-01  -0.2562525875830D-02  -0.1008094720128D+00
  -0.4485919027643D-02   0.1865659480494D-01  -0.2030347471845D-01
  -0.1576332802178D-02   0.1119874858813D+00  -0.2289060163107D-02
   0.1849143349911D-01  -0.3020914359328D-01   0.2581487116404D-01
  -0.4590565493958D-02  -0.2305909932505D-02  -0.1173112511924D-01
  -0.8757644202428D-02   0.1379044769874D-01  -0.6691545054610D-03
  -0.2384786210532D-02  -0.9201387799164D-02   0.8607468479319D-03
   0.5976411476281D-02  -0.2525651627168D-01   0.1764580855176D-01
   0.2311482610152D-02  -0.1529884770833D-01  -0.7894686679742D-02
   0.2156356303923D-02  -0.1065408264830D-01   0.4380128883986D-02
   0.1408227679944D-02  -0.4222899163832D-02   0.1062311950553D-02
   0.3637860933041D-02  -0.6284577159627D-03  -0.2111169039382D-02
   0.1512611323904D-02   0.2318690061985D-02  -0.2411187793016D-02
   0.3968129847277D-02   0.2664141553831D-02  -0.3490049139501D-02
   0.2352704373339D-02   0.1837262931629D-02   0.1791144013827D-02
  -0.5999165901512D-03   0.3337053083569D-02  -0.5112060725038D-03
  -0.1010382759314D-02   0.9628784266463D-03  -0.2217836849056D-02
  -0.1893220994126D-02   0.3144795032775D-02   0.1123890989453D-02
   0.5244449308007D-02   0.4883622786844D-02  -0.5341156204477D-02
   0.9696558656397D-01   0.6100333894968D-01   0.4791150138564D-01
   0.9519414949796D-02   0.1970886629494D-02  -0.2372702085917D-01
   0.4270213093472D-01  -0.4523284486694D-01  -0.6330804309551D-01
  -0.4319943880173D-01  -0.4668200017082D-01   0.2912059877543D-01
   0.3625528678081D-02   0.1719225091947D-01  -0.3141777087272D-02
   0.8140628835848D-02   0.1917702691491D-01   0.1839758800027D-02
   0.9226054994945D-02   0.3554525546649D-01  -0.6817752325785D-02
  -0.4294708103467D-02  -0.7322770939546D-02   0.1249307108105D-02
   0.1907068595082D-02   0.5478970476667D-03   0.1312533119139D-01
   0.3884129728217D-02   0.7472933894760D-02  -0.4700336899289D-02
   0.1000357964526D+00  -0.1802207191901D-01   0.9441636989800D-01
  -0.5279638386367D-01  -0.5795948023409D-01   0.8546325194397D-02
   0.1197909338269D+00   0.1776898868053D-01   0.7068736184549D-01
  -0.3467364874197D-01  -0.6599765968520D-01  -0.5628407197795D-02
   0.7014173682690D-01   0.9336180876645D-02   0.1195145461188D+00
  -0.8297235316858D-02  -0.7304123634747D-01  -0.1206411629042D-01
  -0.9752732020943D-01  -0.8813664375154D-01  -0.5068545182399D-01
  -0.3086182765358D-01   0.4358793210274D-01   0.5974548253525D-01
   0.2823861292755D-02   0.1445165604615D-01  -0.7495543021363D-01
  -0.9941188620913D-01   0.3650172563812D-01  -0.8983585617812D-01
  -0.3262233398164D-01   0.3570357459729D-01  -0.5748372036056D-01
  -0.4882055373908D-01   0.1015201081884D+00  -0.8057575013918D-01
  -0.3196553204725D-01  -0.6984638191773D-01   0.4782315438142D-02
  -0.3340397048020D-01  -0.8389410286603D-02  -0.1364102174230D+00
  -0.2402139286239D-02   0.7549512329391D-01   0.1596225858373D-01
  -0.1730862934864D-01  -0.4163480384881D-01  -0.1326162238807D+00
   0.3367220603478D-01   0.6609330435681D-01   0.3617019508277D-02
  -0.8130224381751D-01  -0.3141896617309D-01  -0.1098957619758D+00
  -0.5056650323028D-01   0.5184257409043D-01   0.2925395967903D-01
$end                                                                            
