   -0.42584684
    0.02157756
    0.25971675
   -0.51977460
   -0.15188081
    0.18257583
    0.07781195
    0.06044368
    0.05943086
    0.06514568
   -0.18431116
    0.01539759
    0.26474595
   -0.56464504
   -0.15629059
    0.22260127
    0.10571146
    0.07465150
    0.09187708
    0.06901585
   -0.16380006
    0.02737323
    0.28898829
   -0.44465168
   -0.06508983
   -0.10552169
    0.28814058
   -0.49248559
   -0.27319501
    0.25654528
    0.08082333
    0.07110028
    0.06976710
    0.09741154
    0.08577367
    0.22578384
    0.21889411
   -0.21152560
    0.04058047
    0.26181731
   -0.46411755
   -0.11014998
    0.30619267
   -0.49300206
   -0.29860531
    0.21271003
    0.07310665
    0.09904911
    0.08210132
    0.22626463
    0.22734898
   -0.17226915
    0.05186644
    0.21978442
   -0.37122609
    0.01989154
   -0.40596539
    0.20561590
    0.07901673
    0.08055493
    0.06124335
    0.29116426
   -0.40650834
    0.05047239
    0.28910512
   -0.50660230
    0.02386964
   -0.58591393
    0.19423255
    0.02645907
    0.06503062
    0.00854448
   -0.21662857
    0.05328214
    0.26384452
   -0.51341253
   -0.06818232
    0.37643552
   -0.68262630
   -0.61080340
    0.20938162
    0.05101370
    0.01765823
    0.02204517
   -0.18688845
   -0.01497430
    0.23125392
   -0.38029860
    0.21307343
    0.12596630
    0.11143617
   -0.44205161
    0.02916415
    0.19574469
   -0.41782772
   -0.07397465
    0.00269437
   -0.07109303
   -0.06385643
   -0.06599049
   -0.06798388
   -0.06526985
    0.19637412
    0.07640366
    0.07242318
    0.07564984
    0.06625508
    0.07104502
    0.04985434
    0.10448143
    0.07825838
   -0.37928659
    0.04362565
    0.28948856
   -0.45735981
   -0.07189336
    0.37307618
   -0.66496728
   -0.65305753
    0.16141882
    0.01708269
    0.01482872
    0.00918620
   -0.19526777
    0.03710332
    0.24677554
   -0.59285672
   -0.07700765
   -0.02014865
   -0.09039700
   -0.05603906
   -0.07223676
   -0.08690899
    0.13478179
   -0.44446877
    0.17762065
    0.05509203
    0.10041441
    0.03051037
    0.08422890
    0.06470334
    0.08635804
    0.09671197
    0.35599432
   -0.11506578
    0.01735254
    0.27270813
   -0.61569295
   -0.02435455
   -0.09516686
   -0.11170677
   -0.14425258
    0.22340003
    0.10914441
    0.05691300
    0.06301601
    0.05832937
    0.04191177
    0.04188166
    0.04160333
    0.04135769
    0.05366215
    0.06539931
   -0.11194951
    0.00903004
    0.28127016
   -0.60211855
   -0.05571288
   -0.35272649
    0.21512421
    0.15201132
    0.14794534
    0.11050220
   -0.14199639
    0.03208761
    0.28139885
   -0.56255978
   -0.00946402
   -0.06954495
   -0.12603381
   -0.12844232
    0.26102557
    0.05670611
    0.04516405
    0.06820051
    0.05105615
    0.07924549
    0.02897610
    0.05847798
    0.06093208
    0.03002371
    0.05283917
   -0.18100888
    0.04111970
    0.28902117
   -0.50621881
   -0.10312680
    0.29994741
   -0.48993107
   -0.27781296
    0.25612067
    0.06674907
    0.10825563
    0.08034730
    0.24996333
    0.23974537
   -0.18407212
    0.05797561
    0.27471327
   -0.52838903
    0.08316741
   -0.53706682
    0.20279565
    0.03730213
   -0.00127850
   -0.01516225
   -0.17905521
    0.04420597
    0.34012750
   -0.67206334
   -0.09276369
   -0.62334263
    0.19060860
    0.02813987
    0.06023623
    0.05593489
    0.03923118
    0.35336391
   -0.37927012
    0.05497344
    0.20028102
   -0.39127003
   -0.08135588
   -0.07669924
   -0.01352254
   -0.13926028
    0.24271979
   -0.23915684
   -0.24166194
    0.18170862
    0.04720214
    0.05763136
    0.05636838
    0.05341589
    0.05742491
    0.08084808
    0.07593315
    0.22117353
    0.24234869
    0.25380451
    0.23222273
    0.25376292
   -0.39298253
    0.04236356
    0.19699878
   -0.36125265
   -0.07163666
   -0.09653181
    0.29807050
   -0.51273718
   -0.31129312
    0.16559319
    0.07937191
    0.04421258
    0.06364557
    0.07387351
    0.08514033
    0.22866087
    0.20264727
    0.17682173
    0.07908810
    0.19697197
    0.07770318
    0.18095856
    0.08268203
    0.18269876
    0.18122272
    0.06667095
    0.20356960
    0.06522771
