$grad                                                                           
  cycle =      1    SCF energy =  -440.74127780451   |dE/dxyz| =  0.404962
   84.91366396091927     31.47719588725336     17.40294534387211      n 
   83.16715910222598     33.45501378007059     18.09879519293781      c 
   84.14734455199380     36.12417472738719     17.47518642429949      c 
   82.80071569685364     37.45748911243844     16.12563776776803      o 
   82.26494013820624     32.81056110895620     20.76479037175558      c 
   81.92490333050215     35.00986273881082     22.49950978222307      c 
   79.68131163062451     35.21997869882013     23.85673570270196      c 
   83.94065981368891     36.63002991625151     23.02620737217620      c 
   79.48114672217774     36.95253659841695     25.81552288357969      c 
   83.68139034980453     38.46354903969230     24.87772874423969      c 
   81.48037000928574     38.57998056341272     26.33498198788814      c 
   85.75702713378122     30.48854484185508     18.79910955735324      h 
   81.54738721954909     33.30909442253811     16.79942453706344      h 
   80.52330292650899     31.72030162577281     20.63946511590464      h 
   83.69970902831312     31.59886913432373     21.64360873745784      h 
   78.13947672619190     33.94931964385620     23.44909746669765      h 
   85.75728085632403     36.28624260800625     22.21010542516510      h 
   77.78754910443431     37.00317910316102     26.94501821128897      h 
   85.27006329523685     39.65745023113806     25.32928362341194      h 
   81.37434704979576     39.82542672884319     27.94522958677400      h 
   86.40068750025276     36.94707877073176     18.28375409687862      n 
   87.09124729018023     39.38705894240429     17.22375395363739      c 
   87.14008399189338     39.39451320772930     14.34602684854599      c 
   86.85418920231002     41.35804584516728     13.16141243918909      o 
   89.52731527352479     40.74482969468492     18.15622413328948      c 
   91.67610152182277     40.82399502484290     16.21236769679030      c 
   90.25929420058603     39.69711205050648     20.73011605827507      c 
   93.94755224364707     42.20781917934267     17.23336625670574      c 
   87.71761016204665     35.70754851559570     18.91336207360838      h 
   85.49828425488276     40.62663226855214     17.71573800771409      h 
   88.98133238283897     42.72337820071860     18.42585862476404      h 
   92.21722531860118     38.89683291247247     15.65820907799402      h 
   91.01432913141431     41.79781813111168     14.52569418874878      h 
   91.66971717605554     40.90135878797967     21.59961425269861      h 
   88.62586176057528     39.61955515756668     21.96121859355786      h 
   91.05893732489564     37.80609234871506     20.57050914413821      h 
   95.30871028679502     42.54297656497938     15.72180663299856      h 
   93.39548802701765     44.03813084919787     17.98690592543603      h 
   94.89614727737923     41.14331463090459     18.70974729696435      h 
   87.59003021690690     37.23023081452895     13.15545057567289      n 
   87.47262805302707     37.28630803825546     10.44034638752240      c 
   84.73407122464030     37.69631241316001      9.60656085410775      c 
   84.36625915482462     39.03291100074860      7.72878228289704      o 
   88.58889299608227     34.91121848395375      9.21335140572745      c 
   87.94162946533267     34.84479410169666      6.42485619412293      c 
   89.81105007970298     35.04434053496554      4.59065765770056      c 
   85.42938760425949     34.52656392094400      5.69996086396456      c 
   89.15221692406057     34.96047553555117      2.08029541103108      c 
   84.75229123904532     34.57432873494980      3.20291755790867      c 
   86.62379330358981     34.76267236067552      1.40610862530261      c 
   88.04227803004990     35.57619408059976     14.00729649286139      h 
   88.49452374276250     38.95943790857528      9.76004561231524      h 
   90.62746521383025     34.89320297795866      9.49459627611360      h 
   87.78732994460117     33.25327824782191     10.15496241542957      h 
   91.76199936709298     35.25220707896632      5.15559571683031      h 
   84.02917096513180     34.14189606919239      7.13845102641032      h 
   90.57767090256297     35.05833842992422      0.62276730220796      h 
   82.79811989048812     34.40713060270201      2.63982922773363      h 
   86.12377529563535     34.75585657705700     -0.57880626200755      h 
   82.82713878710510     36.65950591149740     10.96055426833723      n 
   80.32445906972647     37.00807192603099      9.85501993812055      c 
   79.37051103273033     39.69491172712146     10.28763380610875      c 
   78.18858675824431     40.78709231194100      8.61330192722189      o 
   78.18486599254095     35.16184629796828     10.44904879321534      c 
   76.37940314668850     35.17243420153769      8.16527408207224      c 
   79.09968489632378     32.47335921747658     10.90021418305087      c 
   83.21307034792085     35.24502237057579     12.19141974411372      h 
   80.62126435724015     36.92583018571131      7.79186885487105      h 
   77.18149976947232     35.81362523797792     12.13323983781918      h 
   74.66511444104759     34.14081466010086      8.63865231567207      h 
   75.87257463897825     37.09466294961352      7.65568784966308      h 
   77.26791320738160     34.28236325253281      6.54022739072348      h 
   77.49360666631821     31.25493966294017     11.30793683632588      h 
   80.05916242451536     31.74550684169611      9.22823567891032      h 
   80.41419419817852     32.35907640607989     12.47191105226253      h 
   79.86423773840924     40.81830794165268     12.50361196529874      n 
   79.21197129653683     43.48336968051122     12.58776448538246      c 
   80.90003857062945     45.15115214228972     10.92000206339176      c 
   79.78656293337322     46.31746519190942      9.23598064115605      o 
   78.70696949997436     44.48024689231733     15.21617886509333      c 
   80.92179391797750     44.21341263322616     17.03924169662922      c 
   79.87330064768845     43.59683943656234     19.67874778500497      c 
   81.92812147332258     43.70318565673060     21.68995458780674      c 
   80.71649137115227     43.86220326171991     24.21086688815767      n 
   80.90485428814534     39.94711681809608     13.85448832854231      h 
   77.40031116529838     43.61520595688485     11.56983074575049      h 
   78.12288737690656     46.44984038184105     15.05409701278547      h 
   77.09528054247833     43.41563325699219     15.94517651703325      h 
   82.17325147947591     42.69714832398505     16.42411712117033      h 
   82.01364845760757     45.95604173505113     17.09511845010120      h 
   78.41871078076937     44.99588461378708     20.09865687784846      h 
   79.00292959130557     41.73186702731709     19.63050119576189      h 
   83.10598818229643     42.01465254912882     21.62192283451485      h 
   83.10501788757892     45.37247817527156     21.40627593748076      h 
   82.04151099973571     44.15107877386871     25.61380834675322      h 
   79.44193207716447     45.33934550494480     24.24842754184109      h 
   79.76562817079480     42.20039969480170     24.60926489679470      h 
   83.39395194419353     45.39898375697399     11.21455976925388      n 
   84.73342017739010     46.98908000751960      9.36585066939573      c 
   83.68575850765016     46.64631505877634      6.63774837887025      c 
   83.50019774602559     48.44554880702924      5.17549827273379      o 
   87.66488717939241     46.63532660228068      9.35067732426749      c 
   88.79995086844814     47.31713300870110     11.95722907121897      c 
   88.92597857776428     48.24519603639053      7.27993580241902      c 
   91.65770818761185     46.89737842004020     12.18642523924781      c 
   84.45683245931619     44.16420997531149     12.23061668447355      h 
   84.32453544413455     48.97266924621817      9.82600501162881      h 
   88.03946301811987     44.62661476836703      8.96097297340403      h 
   88.38102026171723     49.29677377935704     12.35243049994250      h 
   87.86739218064663     46.16172402684122     13.38417862948230      h 
   90.93494020151206     47.85410508267117      7.21617671042781      h 
   88.11948819229308     47.88110986685255      5.42867935538273      h 
   88.64648378087902     50.23789981791735      7.70359561066551      h 
   92.21944705088046     47.13349617064044     14.14377611861099      h 
   92.16881507512247     45.00206179437870     11.56961095342608      h 
   92.70722075907041     48.25669457489538     11.05956610682780      h 
   83.11989083695698     44.30192170899407      5.87108939204984      n 
   82.60215412695550     43.87701789491106      3.24725292711936      c 
   79.89170677061973     44.42101070726282      2.42147203812197      c 
   79.38399629436081     44.26037356121463      0.16132810808991      o 
   83.20294630612057     41.14852268103887      2.57786315874571      c 
   83.39070217208503     42.74471097605366      6.95620596244064      h 
   83.77770758233262     45.17380163822611      2.12647283596427      h 
   82.79661603297164     40.84242270784652      0.58953643510683      h 
   85.17892178700195     40.72637025691543      2.94568627854492      h 
   82.04422073767873     39.89429364614043      3.71560411307168      h 
   78.18499995502454     44.97282571552678      4.21419414658899      n 
   75.48112616725066     45.18072582786343      3.66836147872265      c 
   74.61513555627845     47.97772346377847      3.44423144845642      c 
   73.20119925391353     48.84242528996806      1.81944108463769      o 
   73.91706165189335     43.77301829182910      5.69647891729134      c 
   72.60124616144692     41.31497549800232      4.82627249647878      c 
   72.69048875248343     40.40682881554662      2.71130438239164      o 
   71.28806348594799     40.20153383386127      6.70498595725750      n 
   78.74622929885537     45.03383572245716      6.04498434267565      h 
   75.15964609439189     44.29648363801574      1.81836009865579      h 
   75.19504700466531     43.22037447640891      7.21574281857841      h 
   72.46228471193189     45.02019638882442      6.45860472386890      h 
   70.39070079768734     38.55529679676712      6.37315161142790      h 
   71.28438812695768     40.89647339966952      8.47233003606391      h 
   75.57636093262964     49.36633795601875      5.33084351602712      n 
   75.20599574252303     52.07139038476446      5.44812596028786      c 
   76.23251217257521     53.17988725498144      2.92372948074148      c 
   74.77294705709767     54.11381052976465      1.38691659331695      o 
   76.26685299402322     53.06664011393838      8.02199596539730      c 
   74.54029182943349     52.57037831293054     10.01967664955973      o 
   77.02042475313472     55.85446461078090      7.83366179756099      c 
   76.74700813485448     48.55888791555405      6.61099492181505      h 
   73.16340330912935     52.45281419953685      5.36251948562567      h 
   77.92449128029425     51.92970536167786      8.52940416997510      h 
   73.03158769823179     53.56837710052015      9.77255113985813      h 
   77.39204018517349     56.59938853589438      9.70861295438130      h 
   78.68377382807418     56.06112852487274      6.65865947093040      h 
   75.47771202375553     56.93286192267598      6.99339629597840      h 
   78.76058703769698     52.98510767110439      2.61907831772665      n 
   80.16910306822331     53.88870670708715      0.42724761774533      c 
   80.25265116834386     51.93869226069918     -1.73261627190859      c 
   82.00550608391600     50.46418603380652     -1.94135456614292      o 
   82.88701001135234     54.42089713019793      1.20790008550254      c 
   83.37973691518793     57.09798048219230      2.13160504194757      c 
   85.66468397546033     56.96135933562225      3.87339255526589      c 
   83.85118101616840     58.87914753952202     -0.09619950146762      c 
   79.73650253055092     51.83778836471545      3.79786929827635      h 
   79.17353804810132     55.57813901300295     -0.24424273314390      h 
   83.37622128774014     53.03779255480480      2.65890349294299      h 
   84.11062376187519     54.00749486873265     -0.39531060839614      h 
   81.74484734623708     57.77163491057798      3.21234165920130      h 
   86.20004925702969     58.82248011526422      4.57170332753906      h 
   85.25934110282820     55.76180513274512      5.49031172087780      h 
   87.26677211639822     56.14807572116761      2.87697559282876      h 
   84.16763582660374     60.78828537549025      0.58991295128593      h 
   85.52541790325610     58.22557082309244     -1.09302147261581      h 
   82.22768385512258     58.85795267959927     -1.35370167720359      h 
   78.37524932609539     52.12543505403086     -3.43317701274616      n 
   78.20897662836079     50.59320632220667     -5.71993983490523      c 
   78.32603218191953     52.27751991875086     -8.09865179732024      c 
   76.65557098730963     53.85850780700592     -8.44204967688899      o 
   75.62715797746110     49.33022925096971     -5.98212000417403      c 
   75.04980857284004     47.63804501708936     -3.77841199752234      c 
   72.69342776879718     45.47955268712794     -4.83213302514171      s 
   74.64298796758575     43.46520971120339     -6.84175881234957      c 
   76.86532684265383     53.24017342147317     -3.07180147102315      h 
   79.74669876120527     49.21534437420837     -5.64138665784694      h 
   74.17068391506469     50.78840064102528     -6.13988548147364      h 
   75.59729800256346     48.27439524215384     -7.75573694871167      h 
   76.69603941276691     46.57377090504608     -3.12416606809597      h 
   74.25828632262090     48.66609407535766     -2.18028931912154      h 
   73.60990991903168     41.70006328333157     -6.95678960770159      h 
   74.81606654053880     44.27947949860884     -8.72067160198834      h 
   76.45843309366695     43.23324208886074     -5.92082960840003      h 
   80.30529461659030     51.94884568376956     -9.68912762993633      n 
   80.38116307870071     53.23829126368734    -12.13907139188105      c 
   79.44185850918839     51.40093073859599    -14.23521725007609      c 
   79.36665964501196     49.11755564439787    -13.87454042960954      o 
   82.98179952063701     54.59111367257165    -12.34886185396553      c 
   82.64798141042569     57.29738664866288    -11.35276740500905      c 
   84.81384672897698     58.39139892689267     -9.79764535554684      c 
   83.61121682496335     60.26094376976819     -7.92975616771590      c 
   85.42732134181277     61.43492315240455     -6.11345700342452      n 
   81.38974119730693     50.38778112555328     -9.50606923717773      h 
   78.88172312865447     54.66937391527369    -12.05509743332508      h 
   84.33618339608924     53.54124973340691    -11.21131381495872      h 
   83.63512057642085     54.58844058737520    -14.30357456233097      h 
   82.19109368456233     58.55002570896566    -12.92011617713883      h 
   80.99258874351479     57.26210779408775    -10.12026969998673      h 
   85.75934930707341     56.87781061548261     -8.76632644116265      h 
   86.18289641055250     59.33086095007182    -11.01045216833392      h 
   82.68457811565825     61.77207951981912     -8.98138375976322      h 
   82.18280374935235     59.26565878775668     -6.82420683534285      h 
   84.49906338662399     62.63437251649854     -4.89444338235547      h 
   86.34361616445878     60.06285662388441     -5.07521882176116      h 
   86.77040002644861     62.46061553703196     -7.08996033238465      h 
   78.55669910702512     52.52950554999283    -16.37919955687438      n 
   78.59061784608809     51.21174262495709    -18.81904434196587      c 
   80.49095115954152     52.77518222646226    -20.39143403081984      c 
   80.44229059805026     55.09258900656464    -20.31584005820659      o 
   75.99764227132512     50.80549245332274    -20.13449995753786      c 
   75.85896141058670     48.44126981250101    -21.85036459049658      c 
   75.86071267348110     46.04623495386026    -20.21842941323669      c 
   76.16739551242244     43.50617469409022    -21.57934772518381      c 
   76.60751848180325     41.52116387351943    -19.59440174621260      n 
   78.78673495191386     54.41975847166978    -16.58523110913723      h 
   79.43101000088326     49.35729858459905    -18.42794212869238      h 
   74.58319353008480     50.61560749492524    -18.64229913488724      h 
   75.56100708635893     52.48532424295784    -21.24410927540613      h 
   74.12631881479564     48.54941685551643    -22.95798797231007      h 
   77.46298682184491     48.43074546362782    -23.15065574454201      h 
   77.42116447483023     46.21915291560337    -18.87672595908600      h 
   74.15601674720490     46.03726679166070    -19.06092649181486      h 
   74.45569191049518     43.02828267393804    -22.61866289057848      h 
   77.76908200061357     43.55187110062137    -22.87567285752226      h 
   76.24688970402848     39.72919547525531    -20.24482867593366      h 
   78.42109922504984     41.62827645617274    -18.90681509727006      h 
   75.41744495672397     41.92570666188491    -18.09411178137171      h 
   68.23860540076873     40.74741583718091    -20.99761324702426      n 
   67.92698917032074     41.54236933688345    -18.34191838232051      c 
   65.13847214239706     41.10818497567337    -17.66599207834441      c 
   63.51902217415768     42.05679968957850    -19.02295996468178      o 
   68.56974880893408     44.39994480431756    -18.01798532310326      c 
   68.56805418736248     45.43017150793668    -15.28379073053895      c 
   71.17367219162064     46.13691053825708    -13.97464588671101      c 
   73.17563254021914     45.47689989626539    -15.01077922773930      o 
   71.00586400878224     47.30353023446246    -11.93480403957646      o 
   66.67589506623925     41.00716498645464    -22.07036657281910      h 
   69.18740531424197     40.38059383447429    -17.18530465179097      h 
   70.44481896500996     44.68769325575328    -18.82831059426099      h 
   67.21217316122012     45.46836166750628    -19.14753501520455      h 
   67.46455119764596     47.17235181062014    -15.19602229959768      h 
   67.65537421468187     44.09397399238207    -13.99403324095975      h 
   62.10330815443581     41.91156878736626    -11.31256777643847      n 
   61.33315639035585     44.05547942044978     -9.66181843868348      c 
   62.80518509015297     44.39686664011224     -7.12225813123565      c 
   62.67203113111853     46.48998858964575     -6.15767889856038      o 
   58.52048404914452     44.19178149454117     -8.97020136144928      c 
   63.94046610109437     42.06983662506586    -11.81926678349708      h 
   61.79090856530759     45.77273673532381    -10.73625120040117      h 
   58.25350951739688     45.84067933493590     -7.77848979016974      h 
   57.39193859464029     44.35217061764899    -10.66486648878298      h 
   57.96008837662450     42.50271978920637     -7.94369079805130      h 
   63.97309852600242     42.34447678137190     -6.12412916647250      n 
   65.59074789003594     42.00620803754870     -3.86154623140836      c 
   66.98071877729592     39.36633838441962     -4.12642907690327      c 
   67.09931010546447     38.31237650064555     -6.19918669124217      o 
   64.11567259976364     42.19224483096647     -1.34947698017107      c 
   63.06672149045105     44.80358305249171     -0.61780896669672      c 
   61.71069051663331     44.52199402105828      1.92743200945558      c 
   65.12427619489924     46.83412918914921     -0.51384538935025      c 
   64.07275540279264     40.79766336595794     -7.25994370808753      h 
   67.07953881918509     43.45124580523358     -3.89202868883671      h 
   62.54490912364602     40.85611613677429     -1.42864008668853      h 
   65.37292098379285     41.61388181343998      0.17653937019138      h 
   61.68249925610939     45.39358021846971     -2.03214281581185      h 
   60.80165044318041     46.28852079433648      2.45006855188751      h 
   60.26535859420717     43.06595205375983      1.81643627694811      h 
   63.04625496756985     44.01571694463968      3.40682942800679      h 
   64.36821559584779     48.54592948117234      0.33438174951055      h 
   66.74157014589025     46.21342152249702      0.59382843850849      h 
   65.74905018896693     47.30848230061889     -2.41055195984801      h 
   67.95573480651834     38.31615635713447     -2.00271936741953      n 
   69.02145963226009     35.75511796935492     -1.78787176210104      c 
   67.66022728584369     34.27989437868136      0.38594940663172      c 
   68.64956610399321     33.89007769589344      2.41367584691753      o 
   71.89057962751461     35.74893323193820     -1.39759868139459      c 
   73.22829407125319     36.95718388824947     -3.68349313914207      c 
   75.67668746669122     35.57985239766350     -4.33681638341753      c 
   76.86693835521201     36.63579475127106     -6.74180371847422      c 
   79.12916921732426     35.09374536955727     -7.43724673259769      n 
   68.21981846990175     39.40158527862668     -0.45618954903693      h 
   68.59984004093450     34.82496984243050     -3.59076371932535      h 
   72.35998896097691     36.75230755342737      0.33510703313291      h 
   72.45743525902833     33.78205535362574     -1.17386204048148      h 
   71.96885982799034     36.88637961767292     -5.31547031763988      h 
   73.60643721406321     38.93599177277573     -3.26797549841805      h 
   76.98208259156867     35.73778135742266     -2.75091858595738      h 
   75.23129714738687     33.58459821591729     -4.62039458498273      h 
   75.51511131959828     36.56086430282360     -8.29499669260164      h 
   77.45227926347401     38.58802080554255     -6.46104474273895      h 
   80.00123270244077     35.79624484109540     -9.02943189168786      h 
   80.40650943957797     35.09058689010938     -5.96536374578908      h 
   78.59798834553096     33.25033513533820     -7.78189565761008      h 
   84.10594469082062     30.31051580164273     16.46539047577366      h 
   81.76661645022313     51.89890883973359    -21.47581734918088      h 
   69.49594386028606     41.64104087087945    -21.71392063219043      h 
   64.68336700541516     40.07359989845369    -16.15153600572330      h 
   61.89034893581784     40.44608705899419    -10.47616258283661      h 
   65.90847748162875     33.61996463982598      0.12724199108631      h 
  -0.7818025040261D-01  -0.8123681100749D-01  -0.4320281356284D-01
   0.2931161968850D-02   0.6939473422262D-02   0.4029850780575D-03
   0.1102652366516D-01   0.7452571509868D-02   0.2238390891341D-02
  -0.3241562241865D-03   0.5188169901055D-05  -0.7322976389971D-02
   0.2018741768970D-02  -0.1119860695990D-01  -0.1093170187480D-01
   0.2627142515239D-02  -0.1880585016654D-02  -0.8780943499539D-02
  -0.3975643098566D-02  -0.5875961281254D-02  -0.1662728708249D-02
   0.1029818917074D-01   0.4163276533846D-02  -0.1304108338436D-01
  -0.4097414402418D-02  -0.2792811599053D-02   0.3393704477616D-02
   0.5462998159132D-02   0.4342120923746D-02  -0.6366178545424D-02
  -0.1454183710781D-02   0.3148885375820D-02   0.6652195795983D-02
  -0.2355250392494D-02  -0.8836641261193D-02  -0.9168813424281D-02
   0.3990207024491D-03  -0.1745669229155D-02  -0.2761731342283D-02
   0.3343293890001D-03   0.2185172007935D-03  -0.6044371621223D-03
   0.1843917627107D-02  -0.6100737926564D-03  -0.6332472589878D-03
   0.4867823936860D-03  -0.3937653707302D-05  -0.6893552010822D-03
   0.8303174679770D-04  -0.1318432922074D-02  -0.2362603392067D-03
   0.7643330273841D-03  -0.2726592242627D-03  -0.9823334328561D-03
  -0.1024035288419D-03  -0.5805612462732D-03  -0.7964548768417D-03
  -0.8084244212191D-05  -0.2421423186874D-03  -0.1833704151861D-03
  -0.9227855586041D-02   0.6649350647879D-03   0.1326774447173D-01
  -0.1989862990343D-02  -0.9307414470263D-02   0.2769400915166D-02
   0.2000966271784D-02  -0.6500914756437D-02  -0.4800420705365D-02
   0.9918396513356D-02  -0.4213011269616D-02  -0.1797021391687D-02
   0.7047927134181D-02  -0.1724647109578D-02  -0.5434348847935D-02
   0.3971121668187D-02   0.1418582954688D-01  -0.1009221590432D-02
  -0.6074773138371D-02   0.3755467150635D-02  -0.6604830098803D-03
  -0.9165917993640D-02  -0.5253378751486D-02   0.1325187874692D-03
   0.1102622585918D-02  -0.2789435488210D-02   0.1980171237857D-02
  -0.6134097686351D-03   0.6967199723264D-03  -0.9201771081751D-05
  -0.2316498689079D-03   0.1605525151159D-03  -0.3548759755018D-03
  -0.2832013623901D-03  -0.2739852104850D-02  -0.1257958391250D-02
  -0.3764487762346D-03  -0.2130358472972D-03  -0.3800403486976D-03
  -0.5636545887455D-03  -0.2015808940522D-03  -0.1242608475959D-02
   0.8180415974652D-03  -0.7810259936411D-03  -0.6750524967877D-03
  -0.9328874353147D-03  -0.1115594844210D-02  -0.5421096764156D-04
   0.4495668550418D-03   0.6986534272797D-03  -0.1578958067598D-02
  -0.3982039228465D-03  -0.2693394697671D-03  -0.5997983100691D-03
  -0.2993207556240D-03   0.2558937238053D-05   0.3103773406436D-05
  -0.6403416347290D-02   0.1356086676180D-01   0.1298182861024D-02
   0.3546369283433D-02   0.4767069867228D-02   0.3466328180576D-02
   0.7176567396761D-03  -0.1476999634907D-01   0.1259647983456D-01
   0.3989696491825D-02   0.1269807633580D-02  -0.1881225375362D-01
   0.4490758723962D-02   0.2242869463682D-02   0.1550897281764D-02
  -0.1749682392308D-02   0.4926492447019D-02  -0.5163673408780D-02
   0.1682106705014D-02  -0.1604624194547D-02  -0.9792592944026D-02
  -0.5814646102755D-02   0.6596515433753D-02  -0.1150595610166D-01
   0.6269105044291D-02  -0.9727749650034D-04   0.8678441128862D-02
   0.2823658708479D-02   0.3189072962914D-02   0.6065839018320D-02
  -0.5779388437830D-02  -0.2890751786983D-02   0.1305401880235D-01
   0.2081423566956D-02  -0.4036061115367D-02  -0.1362259989575D-02
  -0.2221762737983D-04   0.6484299816961D-03   0.2402738929840D-03
  -0.5965578620853D-03  -0.2915886274736D-03   0.9795838869099D-03
   0.1572586896706D-03   0.6438373588535D-03   0.1396815441169D-02
   0.6255090622144D-04   0.5371167195960D-04   0.5777323039117D-03
  -0.3132929484371D-03   0.1542110685105D-03   0.2834707886224D-02
  -0.2882907645600D-03  -0.2867849620737D-03  -0.9061333857560D-03
  -0.4857087180937D-03   0.5240511052277D-03  -0.1004928329924D-02
  -0.1202755827405D-02  -0.1457147904772D-04  -0.2212590749903D-02
  -0.4695530336120D-02  -0.4652194884375D-03   0.8902083977301D-02
  -0.4636506271905D-02  -0.3575407408759D-02   0.6820825094040D-02
  -0.2277314540789D-02  -0.2334790656814D-02   0.6904731967389D-02
  -0.1869975535915D-02   0.4984836441455D-02  -0.1583576321427D-02
   0.2995954954685D-02   0.5266133268088D-02   0.6865079971113D-03
   0.7782014347200D-03   0.4264773474531D-04  -0.8114126732272D-02
  -0.3883021865818D-02   0.3922816354656D-02   0.1348493979112D-02
   0.4500442783799D-02  -0.5491001797005D-02   0.2516979201966D-03
  -0.3719497874202D-04  -0.2124046357143D-03  -0.7776239595467D-03
   0.8798069778983D-03  -0.9185059114698D-04  -0.3452486133415D-03
  -0.6584383678634D-03  -0.1105254269304D-03   0.1508673472927D-02
   0.3061398504689D-03  -0.9023299802052D-04   0.5020084022585D-03
   0.3810309946934D-03   0.2598056786345D-04  -0.1213200731877D-02
  -0.1318007356890D-02  -0.6739656244770D-03   0.4477892239916D-03
   0.1268677977640D-02  -0.1494693536097D-03  -0.3941893326399D-03
   0.7923196854984D-03  -0.2107765764676D-03  -0.2566925785618D-02
  -0.3238197762286D-02  -0.3216366014466D-02   0.5720422416731D-02
   0.3330170340880D-02   0.1355700657787D-02   0.1404450646521D-02
   0.4078064716712D-02  -0.1700319717957D-03   0.5088334439429D-02
   0.2469410535470D-02  -0.9521935903315D-02   0.3262600995140D-03
  -0.8672217013519D-03  -0.2075821497573D-03  -0.5420612333734D-02
  -0.3809565950458D-05   0.2616061307588D-02  -0.6853936329103D-02
  -0.3937446433443D-02  -0.2997773571906D-02   0.4334544266041D-02
   0.8809350144220D-03  -0.1597677164892D-02   0.6918743470996D-03
  -0.9264616053674D-03  -0.2118566888613D-02  -0.5406478302725D-02
  -0.2503719986792D-03  -0.2450061948081D-03   0.4183348172432D-03
  -0.2303963975269D-03   0.3213200376073D-03  -0.2863147789216D-03
  -0.3709262374098D-04   0.6634312992388D-04   0.2016770182612D-03
  -0.5073640034512D-03   0.2264025981186D-04   0.4659278942615D-03
   0.2017290418132D-03  -0.3307991750281D-03  -0.2521978024270D-03
  -0.1830069269575D-03  -0.1214650038567D-03   0.2656010898736D-03
   0.5273636567042D-05  -0.1282595570492D-03   0.2958577029454D-04
  -0.4619279672730D-04   0.4749937847940D-04  -0.2161654883953D-03
  -0.4599500271085D-03   0.5820053116674D-04  -0.1641196885645D-04
   0.2261108344235D-03   0.1097957550392D-03  -0.6630575361481D-04
   0.7195027587728D-03  -0.6481394674722D-04   0.9869003877230D-03
  -0.4788016588887D-03   0.5867976692766D-04  -0.9006021145172D-04
  -0.2410974566760D-04   0.1807077440244D-03  -0.2382742412422D-04
  -0.6776610519201D-02   0.2014477972281D-02   0.7651195548048D-02
  -0.2733874018314D-02  -0.1289030318795D-02   0.6096094317228D-02
  -0.1677254835779D-02  -0.5352410588985D-02  -0.3371303673481D-02
   0.1462628540997D-02   0.5810547687403D-03  -0.1074583614630D-01
   0.7807615902973D-03   0.3800385656942D-02  -0.1889836409708D-02
   0.3148017475146D-02   0.1584399994206D-02   0.2503980140906D-02
   0.7285283723511D-02   0.1336577684454D-02  -0.6049002487205D-02
   0.5057453940779D-02  -0.4175007431334D-03   0.3746153549305D-02
   0.9361715311105D-03   0.5165795219238D-03   0.7612095285084D-04
  -0.2153858373648D-03   0.3821495271125D-03  -0.7685114041686D-03
   0.6240364862042D-03  -0.2677888967192D-02  -0.8683765294881D-03
   0.1199582059393D-03  -0.9656172674853D-04  -0.3143082702876D-03
  -0.1651317170925D-03   0.2109248070417D-03  -0.9757654785632D-04
  -0.2648335926610D-04   0.7279817309918D-03   0.4547898370126D-03
  -0.3176201398791D-03   0.1057474478997D-02  -0.2047270407748D-03
  -0.6171134470764D-03   0.3052091180692D-04   0.4697956608814D-03
  -0.5702082906007D-03   0.3012949025686D-03  -0.5268353343822D-03
   0.4948292714168D-03  -0.1167839760598D-02  -0.3511003887061D-03
   0.2738248658317D-03   0.6331377974863D-03  -0.1192405520929D-03
  -0.6607348184814D-02   0.4326855420916D-03  -0.6696616576737D-02
   0.3026432475348D-03   0.3314756045854D-02   0.3178643031671D-02
   0.6487219053878D-02   0.4103578207551D-03   0.7023183548187D-02
   0.3077096809149D-02  -0.2236114641039D-02  -0.4682713170314D-02
  -0.8570577089469D-03   0.2721368542899D-02   0.3978542373117D-02
  -0.1689082036428D-03  -0.1614117352391D-02   0.1154428849374D-02
   0.1112995064475D-04  -0.2456588125684D-03   0.3176016692823D-03
   0.1804503698015D-03   0.1376071888124D-03  -0.4294659992282D-03
   0.5756465913804D-03  -0.3243982280819D-03  -0.2826057254551D-03
   0.2303712451357D-03   0.7348245860124D-04   0.1485584919486D-03
   0.6881388360700D-02   0.8376990234686D-03   0.7135665826712D-02
   0.2452786868339D-02   0.3304761682699D-02   0.3495550331076D-02
  -0.1042974055266D-02   0.6267496064522D-02  -0.4957254717304D-03
  -0.8679295328909D-02   0.1183829455073D-01  -0.9721663159965D-02
   0.1403149456522D-02   0.2386029817389D-02   0.4515828332047D-02
  -0.2024106220646D-02  -0.2460038478338D-02  -0.2734146770937D-03
  -0.1402584702932D-02  -0.7132146215219D-02  -0.3906952614176D-02
  -0.2603355111775D-02  -0.2888912518255D-02   0.1538300298514D-02
  -0.5429383606340D-03   0.5275895435296D-04  -0.4310469856250D-03
  -0.3396316060425D-03   0.2863691430139D-03   0.1384845477600D-03
  -0.2374774912463D-03  -0.2330249521738D-03  -0.4427730083451D-03
  -0.2205198098546D-03   0.3246315892962D-03   0.3369695772078D-03
  -0.2990335794971D-03   0.2449316917348D-03   0.8253058157877D-03
   0.2586439303343D-03  -0.3341933628514D-03   0.3772520747007D-03
  -0.8666235299834D-03  -0.3793352769920D-03  -0.1883755236816D-02
  -0.1415095539291D-02  -0.2754842108410D-02  -0.2625269038566D-02
  -0.1787032847548D-03  -0.1885293793724D-02  -0.1573557224121D-02
  -0.1258827189799D-01  -0.2248706258331D-02  -0.4726472347472D-02
   0.1049525052989D-02   0.1076771413592D-02   0.3769612682473D-02
  -0.5857932473522D-02  -0.3047287135764D-02   0.1140276127275D-01
   0.7651231652527D-02   0.1235138773245D-02  -0.1738185822475D-03
   0.2742849279656D-03  -0.1393867550691D-03   0.6227128069068D-03
  -0.2422227244616D-03  -0.5904986690143D-04  -0.4346895947744D-03
  -0.2547986696204D-03  -0.5147199894824D-03   0.9484150928020D-03
  -0.4505421402028D-03  -0.2427265547602D-03  -0.5770328710234D-03
  -0.1330520756460D-02   0.3503492882668D-03  -0.3890166349209D-03
  -0.5211294886597D-03   0.1581407963971D-03  -0.3157770387304D-03
  -0.1283576567166D-02  -0.7556213963156D-04  -0.2251021907149D-03
   0.7861140959131D-02   0.1261711677715D-02   0.8483697928534D-03
   0.7018402468789D-02   0.1516718185107D-02   0.1935718686002D-03
   0.3933187588555D-02   0.2327148053208D-02   0.1959483409477D-02
  -0.9734368603986D-03   0.4516765044641D-02   0.2831458659354D-02
   0.5648138217458D-03   0.3336363132950D-02   0.1274351781537D-02
  -0.1388795413557D-03  -0.2184391959998D-02  -0.3041367795443D-02
  -0.4527561414184D-02  -0.5598396808751D-02  -0.3276243740014D-02
  -0.7660850595301D-03   0.1521337058352D-02  -0.2041851297324D-02
  -0.1181794613013D-03  -0.5511067882305D-03   0.1641898167861D-03
  -0.4921309041792D-03   0.7836312097371D-03  -0.2506007684688D-03
  -0.5834805432135D-03  -0.1347360976222D-03  -0.2984169703565D-03
  -0.8059836778650D-03  -0.2760880197098D-03   0.5127737880269D-03
  -0.5981295261655D-03   0.3991685133402D-03   0.5792280808017D-03
   0.4857983566369D-03   0.5365422790300D-03   0.5698881227974D-03
   0.2104624329626D-03  -0.4785171545562D-03  -0.3915292641998D-03
  -0.3832170466319D-03  -0.4901432392289D-03   0.2647088984656D-03
   0.4917024677347D-03   0.1686923578096D-04  -0.1612727835902D-03
   0.3351028635264D-03  -0.1958978136362D-03   0.5300747498076D-05
  -0.6999182707846D-04  -0.2172374886037D-03  -0.3438018759223D-04
   0.2605622319416D-02  -0.6127666590899D-03   0.5212500316888D-02
  -0.1416499828513D-02  -0.7999260397992D-02   0.3916322147205D-02
   0.1073067085829D-02  -0.6655368321542D-02   0.2953532558106D-02
  -0.1315598961589D-01   0.3120018774556D-02   0.2709757066186D-03
  -0.7215557950901D-02  -0.6557127449790D-02  -0.1178470510420D-02
  -0.3104828293507D-02   0.1519254762826D-02  -0.3855519680545D-02
   0.1360523556570D-01   0.1592306042144D-01  -0.4461385631817D-02
   0.2745934160403D-02   0.1400383097100D-02   0.9981584285199D-03
  -0.6259278214961D-03   0.1790135641684D-03  -0.1386005793221D-03
   0.5431320719866D-03  -0.5612855647985D-03  -0.3530547646806D-03
  -0.4924302195173D-03  -0.7530731824790D-04   0.5045965308060D-03
  -0.5695154898095D-03  -0.2145848824367D-03  -0.2006983053740D-03
   0.1988786425277D-03  -0.3078826598649D-04   0.1228091116366D-04
   0.3558075856786D-03   0.1754701617848D-03   0.2281469603933D-03
  -0.1084355610778D-02   0.5097943622645D-03   0.8364545176487D-03
  -0.3501371929095D-03  -0.6664307125437D-03  -0.6624769460696D-03
  -0.3243948527649D-04   0.1841405278251D-03   0.3823416257669D-03
   0.1202326603147D-01  -0.3795064225984D-02  -0.2058835615944D-02
   0.7316360245842D-02   0.3267981215548D-02  -0.2443828301719D-02
  -0.4483772817345D-03   0.1541349980617D-02  -0.2252026316274D-03
  -0.5435183386685D-02  -0.9211216938789D-02   0.5204865638823D-02
   0.8584499142549D-02   0.3139281176230D-02   0.6556243442692D-02
   0.5048322002059D-02   0.1533258432700D-02   0.2112463058167D-03
  -0.1715288725663D-02  -0.3547831671035D-02  -0.7324638310780D-02
  -0.8005887667582D-03  -0.1116779479590D-02  -0.1696162822888D-02
  -0.4611923578835D-02   0.1272943212664D-02   0.6005944267673D-02
   0.6161137421201D-03  -0.7492395840081D-03   0.4629320318509D-03
  -0.1580294021768D-03   0.4732694908001D-03  -0.6063805859505D-03
  -0.1157993868530D-03  -0.6081474128639D-04   0.4268392496340D-03
   0.1779961662755D-03  -0.1755621648274D-03  -0.5579822859660D-03
  -0.5599179793710D-03  -0.2415729965776D-03   0.5827986851028D-03
   0.5942170815611D-04   0.1162435268962D-05   0.2922678119104D-03
   0.3904181733776D-03  -0.3009849914827D-03   0.4702818193936D-04
  -0.4417551415234D-03   0.2452333586693D-03   0.5708690140293D-05
   0.7316613961340D-04   0.3187248385644D-03   0.2685484645916D-03
   0.1926805211834D-04   0.7174176481956D-04   0.1747031646417D-03
   0.3564326886234D-03   0.6244181421617D-03   0.2419009187753D-03
   0.7346727393478D-03  -0.1047753809338D-03   0.2200407853681D-03
   0.1716045599749D-03   0.4189189705666D-03  -0.4398276392357D-03
  -0.5947339189369D-02   0.6637998319696D-02  -0.4853569385862D-02
  -0.1556011364126D-01   0.3170719150861D-02  -0.2133110336177D-02
   0.6367912811840D-01  -0.5940148961613D-01  -0.3968879911841D-01
  -0.2969924642637D-02   0.2568720020125D-01  -0.9038316596162D-03
  -0.3528141692298D-02  -0.1426622350437D-02   0.3177055719352D-03
  -0.6103489234211D-02  -0.1030471317264D-03  -0.5965023410431D-02
  -0.6125472134465D-02  -0.1906534818800D-03  -0.2386489462095D-02
   0.1175370001376D-02  -0.1780941915508D-02  -0.4367520543795D-02
   0.4138445263827D-02  -0.7862391022606D-02   0.2615372607975D-03
   0.2497454438867D-02  -0.7159435976624D-03  -0.2347857855020D-02
   0.8537098728392D-03  -0.4091291807809D-03   0.5560723093965D-03
  -0.9200797378163D-03  -0.8864717148046D-03   0.4201942609378D-03
   0.1444519743835D-02  -0.5693520670403D-03  -0.5072865598718D-03
  -0.6062268122054D-03  -0.5600291189535D-03  -0.4070034619411D-03
   0.1209380541815D-02  -0.1461293225829D-03  -0.5968597068965D-03
   0.3601567160389D-03   0.2648856678444D-03   0.1483725920408D-03
   0.1907496073615D-03   0.1927242660941D-03   0.4343553529288D-03
  -0.5572483633805D-03  -0.4389875583668D-03   0.8235033607059D-03
   0.8281119120657D-03   0.1860723218699D-03  -0.2989580611183D-03
  -0.4608872570860D-04   0.1208307830438D-02   0.1836494279517D-02
  -0.1651854166650D-02  -0.2144045737253D-03   0.7225887156644D-03
   0.3421226542072D-03   0.4920464779868D-03   0.4346495256643D-03
   0.9143165214988D-01   0.7052155177416D-01  -0.6167586880517D-01
   0.1042231105370D-01  -0.1191455556666D-03   0.5954681671023D-02
  -0.1467279632662D-01  -0.5851630961519D-01   0.7798593809886D-01
  -0.1015495042805D-01   0.1178625849096D-01  -0.1519507261694D-01
  -0.2081029914904D-02   0.3320137530800D-02  -0.5971388012316D-02
   0.1831626106702D-03   0.2232346421640D-02   0.7119624947268D-03
  -0.1381598744651D-02   0.1948961982852D-02   0.1279293880712D-02
   0.4211925770610D-02   0.5515572159827D-02   0.5440983373281D-02
   0.4940987761043D-02   0.9536306867495D-03   0.3248524588325D-02
   0.5798216020318D-02  -0.8663671571549D-03  -0.6256719048696D-02
   0.2174577216952D-02  -0.9957553402910D-03  -0.1366537590145D-02
  -0.1178022775020D-02  -0.1355768133759D-02  -0.1301669567518D-02
   0.2321985168911D-03  -0.2737537965022D-04  -0.5845661423260D-03
   0.9958032268275D-03  -0.2389535536043D-04  -0.5888332374223D-03
  -0.6002847850916D-03  -0.7418671427836D-03   0.3068263821243D-03
  -0.5224938750478D-02  -0.1262037904013D+00   0.4603604647978D-01
  -0.1887676848471D-01   0.4610342440598D-02   0.5891526278554D-02
  -0.1699222746080D-02   0.6519104222933D-02   0.5721361662364D-03
  -0.6226483126915D-02   0.5914309349504D-03  -0.5652179207560D-02
  -0.7174883815403D-02   0.1022257812839D-01   0.3336707915441D-02
  -0.8329374647426D-03  -0.5629507719443D-02  -0.2692521045395D-03
   0.1917508747621D-03   0.1731071161309D-03  -0.1004679455764D-02
   0.1162945440043D-02   0.3821784080599D-03   0.9166507263757D-03
   0.1916948558613D-02  -0.5642178622843D-03   0.2043470080663D-02
   0.8920386009076D-03   0.1119971208687D-03  -0.5555291462891D-03
  -0.1585274866802D-02   0.2231110608242D-02  -0.9986449282287D-03
  -0.1593333375981D-02   0.2842466163486D-02   0.1952225817143D-02
   0.2947925272250D-02   0.2051051648044D-02   0.5132610568715D-02
   0.6078975561562D-02  -0.6631847290206D-02  -0.1306416461092D-01
  -0.1332565987553D-02   0.1314510249733D-02   0.4645190456199D-02
   0.7122069972666D-03   0.2299867651475D-02   0.1130880901583D-02
  -0.1808551059161D-02  -0.1793108637318D-02   0.1106607425148D-02
   0.2666426312971D-02   0.3323194749242D-02  -0.2198240864858D-02
  -0.5081272813577D-03   0.4730341745591D-04  -0.3954002425731D-03
  -0.3408372549639D-03  -0.1436010884420D-03   0.1025612946429D-03
   0.2616585269247D-03   0.9664774565636D-04   0.2900437445330D-03
  -0.7634132593944D-04  -0.3698925192259D-03  -0.1797958242199D-04
  -0.2642116894839D-04  -0.2987568689333D-03   0.2103170976593D-04
  -0.3386754174152D-03  -0.6982113104653D-04   0.1802458966039D-03
  -0.5924684709759D-04  -0.1505775679257D-03   0.7374851892196D-04
  -0.8329870640825D-04  -0.2530965404293D-03   0.5756490659395D-03
  -0.2106774260915D-03  -0.2384978628370D-05   0.1057181835628D-03
  -0.3352158612271D-03  -0.1736110590486D-04   0.2793836010810D-03
  -0.6214706492411D-03   0.1490399432288D-04  -0.3797368804454D-04
   0.3071762039874D-02  -0.6913953424663D-03   0.2471428395890D-02
   0.7509743057487D-02   0.4876146822768D-03  -0.7748855237031D-03
  -0.7823506895273D-01  -0.3263538893998D-01  -0.1624920387304D-01
  -0.2246185819460D-02  -0.3748658193642D-02   0.8182136271625D-02
   0.2110595914104D-02  -0.3395056388654D-02   0.3358904784417D-02
   0.8906719145024D-03   0.1836931927978D-02  -0.2493131961688D-02
  -0.1078998733570D-02   0.2165306485172D-02   0.7373003753058D-03
  -0.2727020243464D-02   0.2625602988504D-02  -0.2659596577495D-03
  -0.2019641393229D-03   0.7265527464830D-03   0.2303444155544D-04
   0.1250372218053D-03  -0.7936523813109D-03   0.7621656868136D-03
   0.3374436144741D-02   0.1112082957322D-02  -0.1031854387162D-02
  -0.4229207833268D-04  -0.1084599584789D-02   0.2736167806264D-03
  -0.1915302110100D-03   0.2669923356836D-03   0.1455621601818D-03
   0.3811881292815D-03  -0.5970199235526D-03  -0.1925806028314D-03
   0.1938122004339D-03  -0.6660452181157D-03   0.2742248714533D-04
   0.3547943083421D-03  -0.1256463365986D-02  -0.1058564971810D-03
   0.2980327686281D-03  -0.7458502711794D-04  -0.2170570410590D-03
   0.4215721502441D-03  -0.5320522686589D-03  -0.7430361444265D-03
   0.8022014642115D-03  -0.6424556096978D-03  -0.6372456108607D-03
   0.2630015050369D-03  -0.1015700482029D-02   0.1190280056424D-03
   0.3311520151270D-03  -0.6959707009449D-03   0.1717316903904D-03
   0.4612428549019D-03   0.9832011916465D-04  -0.5724884576582D-04
   0.6232649174604D-01   0.9368852444301D-01   0.8090171892648D-01
  -0.4725511192591D-01   0.3924132929649D-01   0.4267152124719D-01
  -0.1043514601221D+00  -0.7196180372681D-01   0.5844446788348D-01
   0.1649009809585D-01   0.4024559808310D-01  -0.6014924903153D-01
   0.2139791631292D-01   0.1221305283783D+00  -0.6566053797447D-01
   0.7157031422320D-01   0.2127970949138D-01   0.2148987841980D-01
$end                                                                            
