$grad                                                                           
  cycle =      1    SCF energy =  -322.28533562956   |dE/dxyz| =  0.402454
   -7.84298697302299    146.92447963429117     16.75074727870960      n 
   -8.54601499391716    145.11212341229481     18.63619687455958      c 
  -10.20258606652901    146.35293984193501     20.68057789217927      c 
  -12.04455152872593    145.31164968029807     21.66683620853247      o 
   -6.34983971004347    143.83969449008447     19.92865781571945      c 
   -7.37657244398597    141.23593583594277     20.80133089524671      c 
   -8.63784299669264    139.87437007988589     19.40676255041647      o 
   -6.64076471577785    140.53873834884743     23.16547516743256      n 
   -6.09173038198958    146.98147595646873     15.98529925473366      h 
   -9.69282667872010    143.63771688753218     17.71684736075016      h 
   -4.85060412516592    143.48519765399593     18.55741222326900      h 
   -5.60840011473660    144.93206695692101     21.49870996913209      h 
   -7.67882651079905    139.17535859439613     24.02297285658118      h 
   -6.20783903488219    141.91185658506944     24.41148271620742      h 
   -9.36256479123838    148.58072673171935     21.43295930913585      n 
  -10.51115918378654    149.87369479576654     23.54388859887895      c 
  -13.36726145337387    149.78234934849621     23.39152986127938      c 
  -14.62204756946661    149.22934274840156     25.26247915925186      o 
   -9.49942992221548    152.58519462835574     23.71978576913906      c 
   -6.63428825324051    152.62360285115048     24.19065700177669      c 
   -6.07304304742800    155.33946808353028     25.02095267793631      c 
   -5.82897583807740    156.88675467309386     23.27220921171103      o 
   -6.02163724949179    155.81188805165212     27.33550004454084      o 
   -7.72633300928313    149.28246476294163     20.71668722480630      h 
  -10.00696398424226    148.85268210334664     25.29600288493122      h 
   -9.94491373457733    153.61527201017671     22.00999871744300      h 
  -10.46314379211987    153.48458566530240     25.31489928100841      h 
   -6.16557091512209    151.30829940519365     25.71970920330175      h 
   -5.58074596213753    152.10981831721190     22.51917840347108      h 
  -14.29816593063731    150.47698332105202     21.15314948832080      n 
  -16.91694762904211    150.33634555007146     20.56208492745890      c 
  -17.86363102583055    147.95616642011413     19.36409442971907      c 
  -20.14897695244879    147.81616631221078     19.03488054513151      o 
  -17.79762601609147    152.48602022033225     18.94360367355922      c 
  -17.86068794698397    154.96537081563181     20.52777964703170      c 
  -20.47320464205132    156.32682936111050     20.66027241590087      c 
  -20.83580807213825    158.14590749553375     18.59012587162192      n 
  -22.11654294139548    157.83307619322116     16.39313238951349      c 
  -24.29414739760360    156.62666736000713     16.20080686743796      n 
  -21.20599307933225    158.94980852332921     14.34676261731277      n 
  -13.04707021027321    150.75639286068341     19.73225817488832      h 
  -17.91897653576422    150.39428642719832     22.38633636279080      h 
  -16.53436733505896    152.66100385757318     17.32418344091354      h 
  -19.68741690355326    152.03880283517853     18.25701529804966      h 
  -17.27507416210591    154.52903761000616     22.44952853057216      h 
  -16.47302285060398    156.28541541392011     19.76311238071719      h 
  -22.01056093094401    154.95751157674462     20.64382371891793      h 
  -20.57015955598697    157.34691111216685     22.45222093046856      h 
  -19.27447211601648    159.23497952935469     18.36664381137617      h 
  -25.11786917185368    155.36462567382429     17.44684399099085      h 
  -25.10588584985681    156.59495770358689     14.48679806384727      h 
  -19.76042926693411    160.18767714716239     14.43816423158471      h 
  -22.27260535250513    159.15387295478268     12.77720505450291      h 
  -16.25610379875356    146.09027602112005     18.90864509748586      n 
  -17.08000242168380    143.48216973004472     18.69951835685456      c 
  -18.11408201044013    142.59032388050841     21.32392843638066      c 
  -19.99038703420476    141.23208491309700     21.54306476075711      o 
  -14.97645060012594    141.72360568195998     17.74912192655444      c 
  -14.14533249784770    141.94926739236678     14.93948934937227      c 
  -15.92999220903786    140.85843735103055     12.90216591279829      c 
  -16.45706304481035    138.11599826190567     13.06818862454521      n 
  -16.63587273043441    136.34587641294337     11.24942224255819      c 
  -15.62391902478954    136.63346898353115      8.96211910976674      n 
  -17.81065857308381    134.15683142639199     11.76914833925403      n 
  -14.38596796430746    146.37944656540986     19.12108366353460      h 
  -18.70728831072597    143.41596856883081     17.41162426934219      h 
  -13.32310719568713    142.05949868178388     18.93072601400143      h 
  -15.58081376966199    139.78656442984720     18.11265697981807      h 
  -13.87716071416221    143.94426495594314     14.50068804071437      h 
  -12.31707806869857    141.00781646040497     14.78799030990107      h 
  -17.75216770690411    141.83132478141636     13.04238017559560      h 
  -15.14826283276043    141.27110519847358     11.04476506360081      h 
  -17.20228817126420    137.61682144145803     14.75695617324902      h 
  -15.46582819242838    138.44317721286816      8.25238160744095      h 
  -16.05486924324753    135.36677548483470      7.60634346362502      h 
  -18.29020127603367    133.67133794486938     13.54776474956615      h 
  -17.75546242916788    132.76309629385813     10.47242810943917      h 
  -16.91638051434788    143.50782855729668     23.34017513828920      n 
  -17.92896262020027    142.98883338845664     25.82495754900730      c 
  -20.29689966912033    144.61209954505605     26.27243223565578      c 
  -22.33590434384879    143.52709175503878     26.35539497766779      o 
  -15.75867777802848    143.07839795572471     27.72099912003022      c 
  -14.16475938251769    140.69854544316587     27.21238850418478      c 
  -11.65867957780348    140.19292714165383     28.80040235610276      c 
  -11.89306280772534    139.48980314649199     31.04132491313025      o 
   -9.64157163612813    140.43174263232703     27.60976727495811      o 
  -15.26557182181260    144.45989534263057     23.20173840406521      h 
  -18.69605544463494    141.05457250676267     25.79769115022063      h 
  -14.65029368382156    144.79929029168790     27.45613167051056      h 
  -16.45166722432480    143.03996273498225     29.66107043224042      h 
  -15.33493515065254    139.04165857542708     27.60818271952956      h 
  -13.58375331925639    140.65980461991131     25.23470599643681      h 
  -20.06863157441800    147.12308054733873     26.36926906193966      n 
  -22.17204070484813    148.78198977692279     27.03734125744557      c 
  -24.57298377333901    147.70611492451511     25.86843904913828      c 
  -26.47880970716693    147.48659123050751     27.16073366077749      o 
  -21.63203104192346    151.58393040925455     26.42185380207003      c 
  -19.29823088902195    152.45744533618094     27.93803260518035      c 
  -18.42807867235263    155.28306270133379     27.68487157498038      c 
  -20.15683542372928    156.81717461838778     27.24114158628056      o 
  -16.12708941064475    155.73491322624105     28.02050128382312      o 
  -18.31888736791146    147.90113212253300     26.30857592709105      h 
  -22.46126970592047    148.67195268557080     29.09648060991888      h 
  -21.32489193035241    151.82181017056553     24.39877935986894      h 
  -23.26371252196287    152.72567637845967     26.93103252093637      h 
  -19.69005689927039    152.21148323758280     29.95609082181650      h 
  -17.63979023871887    151.31303753849892     27.50203665403158      h 
  -24.42647173368712    146.86264675148740     23.49167323932249      n 
  -26.69444604838084    145.93774937532274     22.26921572177913      c 
  -27.26563100878522    143.14186635627541     22.59939492146734      c 
  -29.46788028986733    142.51695629815993     23.02562052685333      o 
  -26.81637145972599    146.45336155298887     19.41225160620091      c 
  -28.40988910048781    148.78329215658286     18.73766593144989      c 
  -27.28600186466818    151.43195205931565     19.48071738683556      c 
  -27.21576951341409    152.95362315247638     17.66092976387534      o 
  -26.58773101342261    151.89575576339016     21.68574719726241      o 
  -22.94757801100524    147.35444192745547     22.38718216803194      h 
  -28.27496958580571    146.91470737952724     23.19774494051389      h 
  -24.89139008656570    146.68664260648691     18.69894191012668      h 
  -27.65718459462903    144.81090327218521     18.49094985487472      h 
  -28.70235753176544    148.84137530777494     16.69708319779274      h 
  -30.25338741199877    148.62538237659720     19.65619633107439      h 
  -25.46430308267593    141.40517199794263     22.15997326680289      n 
  -26.29641193708891    138.87606762732023     22.71657594035692      c 
  -26.82485530122742    138.37073271629245     25.52973643916596      c 
  -27.64243732034139    136.30386502719335     26.13743002826690      o 
  -24.83606479405407    136.74228043774974     21.49604994213092      c 
  -26.50683173007094    135.47152768507098     19.81334363479640      o 
  -23.59160663479758    141.81269906760545     22.18456652105573      h 
  -28.20189176061723    138.75443710222922     21.88058074320881      h 
  -23.20425338458421    137.51272064827577     20.47162875063830      h 
  -24.15696814220626    135.46352355995040     22.97517501507907      h 
  -25.99260879766451    133.72019082622714     19.69322380916368      h 
  -26.56791297475633    140.30946140788438     27.14516365744817      n 
  -27.92258217822890    140.48276449690979     29.54825898338867      c 
  -30.74192610846505    140.59650494127430     28.98589654098137      c 
  -32.10058145393474    138.71692040810672     29.02431359597728      o 
  -27.15857549642250    142.77100503090401     31.15636318404914      c 
  -25.50348743991758    141.82280359930812     26.66668360919364      h 
  -27.60817378169274    138.72699004507490     30.61494635275900      h 
  -28.52136377969076    143.04743768203494     32.66405658795694      h 
  -25.31639899964711    142.41862066899853     32.00117295629823      h 
  -27.00512985100683    144.47871316806018     30.02403294899709      h 
  -31.62915938980447    142.90063830785172     28.51710931002591      n 
  -34.30355531830676    143.33316321717982     28.80742676716683      c 
  -35.76747815977580    141.29783376368064     27.39655033022395      c 
  -37.65454663603648    140.33736792072284     28.33932985858085      o 
  -35.03400860724817    145.93097447082289     27.86759716470054      c 
  -30.45612335892892    144.40056020377747     28.41565214310230      h 
  -34.81088827985541    143.14514372008352     30.81845202135103      h 
  -37.04936193554500    146.21613616012147     28.11942229169107      h 
  -34.02198838608447    147.37444749704474     28.92255639008373      h 
  -34.56656052529544    146.10926773327336     25.87325131960508      h 
    3.79518097357396    137.63928339796763     28.66282655532099      n 
    1.12034649599267    137.70554371591857     29.00510344605511      c 
   -0.34405854495713    137.34895234368162     26.48376835580577      c 
   -2.36436030905788    136.30284872558585     26.00334621408335      o 
    0.65285215487151    140.23215078100674     30.26214432834850      c 
   -2.17603959814902    140.52481823557574     30.13168784747100      c 
   -3.47478700709853    138.17082447609332     31.45922481646320      c 
   -5.06781707985714    136.94093468736733     30.21661080050946      o 
   -2.80058404758360    137.84569642410560     33.69647025497657      o 
    4.72280257337589    139.15266239766237     29.36618820638665      h 
    0.49404535391411    136.21349275571669     30.31508808636260      h 
    1.20637512862892    140.14993124421107     32.23552430219696      h 
    1.63525547394081    141.75066534227116     29.28220491277347      h 
   -2.82089103375304    142.20931895335033     31.15105547033521      h 
   -2.82014511281154    140.65108917737697     28.17774614767082      h 
   -4.11871932308656    131.83909949966483     23.76580835503022      n 
   -6.52427859541810    131.69384282971646     22.41239916167222      c 
   -6.57113337239775    130.35615504188522     19.80179055294251      c 
   -8.45196599472169    129.12249838267806     19.16766332532884      o 
   -7.77780938980636    134.28193618826327     22.24012690681380      c 
   -9.49037972644554    134.11931197194679     24.51644895096210      c 
   -8.61946093413009    133.64934554614081     26.59570338812367      o 
  -11.96599208269078    134.12051020597522     23.91196651288455      n 
   -3.69874199734131    133.41192145085753     24.77310514514551      h 
   -7.73611451349969    130.45139869974761     23.53791036580068      h 
   -6.33808846547941    135.72553449159929     22.47648102943804      h 
   -8.75149714067456    134.55704335197626     20.45472328176007      h 
  -13.28276269467815    134.03933170748871     25.28454658558080      h 
  -12.54853495896630    134.52494312454016     22.15453822467731      h 
   -8.83987707276008    146.73900904566460     15.38532691786491      h 
  -35.19256748088533    140.73383220888971     25.68703457401023      h 
    4.43283613755436    136.26610222461184     29.43763706720882      h 
    0.36239694407881    138.04326641322419     24.87444776066152      h 
   -4.02995577606642    130.57744310195795     24.90286866068281      h 
   -5.08526369292588    130.49447746148428     18.64242763851946      h 
  -0.7423243292349D-01  -0.3596633096183D-01  -0.8432462312720D-01
   0.9795600364737D-02  -0.1717116219587D-03   0.8855207505997D-02
  -0.9490022736284D-02   0.1462877950566D-01  -0.5741626255065D-02
  -0.6660986537334D-02  -0.1585193113330D-02   0.6168459309947D-02
   0.1672268409438D-02   0.2318777861216D-01  -0.4376035914204D-02
  -0.2359553793776D-02   0.5743985287012D-02  -0.5547488950246D-02
  -0.1094469069664D-01  -0.1269900201334D-01  -0.1071003635987D-01
   0.1112055805120D-01  -0.6055172979194D-02   0.1088650850797D-01
  -0.8603220260774D-02   0.7537421418277D-02  -0.1702631571939D-01
  -0.2575702318562D-03   0.3274537149453D-02  -0.5161860385857D-02
  -0.3580895129163D-03   0.1769430164774D-03  -0.3508992533856D-03
  -0.6557629857841D-03   0.1521277669471D-02  -0.1658886668254D-02
  -0.4776724852507D-02   0.1294035861774D-03  -0.1693430436800D-02
  -0.3178916342833D-02   0.1951621945716D-02  -0.4399510566215D-03
  -0.1246916384252D-02  -0.1131862406987D-01   0.3944453266152D-02
  -0.1268235817732D-01   0.1749338010330D-02  -0.7047807116764D-02
  -0.4066408862825D-02  -0.1419233567873D-02  -0.1234444213212D-01
   0.5073474729271D-02   0.1928223707437D-02   0.7273652343007D-02
  -0.2903517899374D-03   0.1003873827430D-01  -0.5208116263521D-02
   0.1284891601608D-01   0.1376262272932D-01  -0.8585748570498D-02
  -0.2464335461542D-02  -0.1172650401238D-01  -0.6481854469912D-02
  -0.3072909159707D-02  -0.7183541214951D-02   0.4280189901930D-02
  -0.1607372255066D-02   0.3559265795701D-02   0.3370546281450D-02
   0.3489606811202D-02   0.7233368077588D-03   0.8243559512577D-03
   0.1054585302024D-02  -0.2257395341781D-02  -0.1154972828019D-03
   0.3241267876751D-03  -0.3935955839278D-02   0.3047741856533D-02
  -0.1180796969719D-02  -0.1898932053349D-02   0.1484307747915D-02
   0.3213156238568D-03  -0.1867378046040D-02  -0.1969953744524D-03
  -0.2963364325876D-02  -0.2525030263647D-02   0.5404743585534D-02
  -0.8617850791709D-02   0.5618828917608D-02   0.5597900278053D-02
   0.5168493244484D-02  -0.4124998771556D-02  -0.6984779093177D-02
   0.1306656153753D-01   0.1104584173545D-01  -0.8521794859727D-02
   0.7211468066432D-02   0.1120117295096D-01   0.2200894942348D-02
   0.4290476730425D-02  -0.2930169578640D-01   0.2226147630665D-03
   0.8168244175754D-02  -0.4200368640302D-02   0.1215696814587D-01
  -0.2327609436558D-02   0.1855676409862D-03   0.8612405221666D-02
  -0.6227591683334D-02   0.1106155205172D-01   0.5646914001268D-02
   0.6993058959661D-02   0.9015644224520D-02  -0.1947487687414D-01
  -0.8704807394475D-02  -0.1907109837492D-02  -0.4028992950195D-02
  -0.6280283343001D-02  -0.1429951081086D-01   0.1439027468013D-01
   0.1150686034574D-02  -0.2868566643033D-02  -0.1052641022415D-03
  -0.5436499678899D-03  -0.2860869970631D-03   0.6047401552411D-03
   0.3138290357285D-03  -0.1837968445326D-02  -0.1255694113135D-03
   0.8559349584423D-03  -0.5373474609296D-03  -0.6083755729248D-03
   0.9637252642419D-03  -0.2235112849072D-02  -0.2005195023519D-02
   0.1152735380882D-03  -0.9666671404662D-03  -0.2172214630312D-02
   0.7302639961352D-03   0.6137367288922D-03  -0.1884673247305D-03
   0.4663468506344D-04  -0.3381698495391D-03   0.3071039883881D-03
  -0.3195929253685D-04  -0.9326089837436D-03  -0.3377891774634D-02
  -0.4176780150163D-03  -0.2616169397737D-02   0.1224987322142D-02
   0.2840437783171D-02   0.1961504172558D-02   0.3067374513452D-02
  -0.2455812323467D-02   0.1055475106527D-02  -0.3044967596055D-02
   0.2646103818132D-02   0.2733340382026D-02  -0.1077045900691D-02
  -0.3297238070800D-02   0.1008533320902D-01   0.1398195367782D-01
   0.6619906807064D-02   0.7165318334291D-02  -0.8236101775212D-04
   0.4693442877479D-02  -0.3495735695453D-03   0.8062593432393D-02
  -0.7746394981303D-02  -0.4467088769392D-02   0.1132604103316D-01
  -0.3259198536243D-03   0.4377237546857D-02   0.6370781628972D-02
   0.4269437309709D-02   0.3996864035821D-02  -0.2074053980075D-02
   0.8080893552790D-02   0.8010333382763D-02  -0.1583341564826D-04
  -0.3385537135362D-03  -0.9865084985584D-03   0.2987651505643D-02
   0.1813690010920D-02  -0.3377404273216D-02  -0.1267581434682D-01
   0.6337032830742D-02  -0.2486463956839D-01   0.9884299656016D-02
  -0.7742672499858D-02  -0.8567515908170D-02  -0.9031102627555D-03
   0.3806682025055D-03   0.2177035673458D-02  -0.6388315139743D-02
   0.2424012492432D-03  -0.1446820792379D-02  -0.1552380985925D-02
   0.1816425936061D-03   0.1610014936638D-02  -0.1053442520864D-02
   0.2674545745321D-03  -0.8541218722800D-03  -0.1432884828304D-02
   0.1015014581463D-02   0.4114458740351D-03   0.5599590202821D-03
   0.7020490343351D-03   0.7945388502987D-03  -0.1512247860577D-02
   0.1890892400305D-03  -0.6924684869382D-04  -0.1172153075262D-02
  -0.3481644556180D-02   0.1100436550550D-03  -0.1564422347690D-02
  -0.4736065075329D-03  -0.8711028964103D-03  -0.4471369248491D-03
  -0.4640422904720D-02   0.1385501801264D-01  -0.7762475365863D-02
  -0.8595135362959D-03   0.3904232780573D-02  -0.2034881490522D-03
   0.1005083760157D-03  -0.9873401278780D-03   0.3715953697216D-03
   0.4488417283458D-04   0.1770429249497D-02  -0.6948986070634D-03
   0.3105428350890D-02  -0.2496141692355D-02   0.3398772309400D-02
  -0.2682815400717D-02  -0.7281130476451D-03   0.5641715333671D-03
  -0.3332234393260D-02   0.4511739632671D-03   0.2195480644487D-05
   0.1363252635554D-02   0.2460525174091D-02  -0.9057720797434D-02
  -0.4141350450615D-02   0.6360064964216D-02  -0.2429669721870D-02
  -0.5225176171578D-02   0.4125807238349D-02  -0.6681432761672D-02
   0.1112237348646D-02  -0.1579031974765D-02  -0.2572635431378D-02
   0.5940788772818D-02  -0.6117079935289D-02   0.5811135904825D-02
   0.3716264666057D-02  -0.5652154845303D-02   0.2391357772989D-02
   0.2244261037646D-03  -0.2516728398170D-03  -0.2044249511261D-03
  -0.3558682324522D-03  -0.9364065847684D-04   0.2784895055567D-03
  -0.5953706800449D-03   0.2343971194863D-03  -0.5909901291875D-03
   0.1190343625527D-03  -0.3727699503707D-03  -0.7371687895953D-04
   0.9710305395705D-03  -0.3768487778101D-03   0.1050295526633D-02
  -0.5486087885800D-03  -0.8834689806772D-03  -0.4541868727920D-04
  -0.7164068952818D-02  -0.2653005773172D-02   0.2089663046042D-02
  -0.4967345071078D-02  -0.1164965487656D-02  -0.1807160551542D-02
   0.2138203502958D-02   0.8457430130202D-03  -0.2047851667531D-03
   0.3783705871922D-02  -0.2114235090538D-03  -0.4925013891630D-03
  -0.1092303514818D-01   0.5249066125773D-02  -0.2799347490326D-02
  -0.9358004095329D-03   0.4810575039173D-02  -0.1764440472157D-03
   0.6711050127444D-02   0.7764492486854D-03   0.1136652699487D-02
  -0.6465910200681D-02  -0.5022706457253D-02   0.1293969213465D-02
   0.1140725180362D-01   0.3653926105619D-02   0.2682277848745D-02
  -0.5652336083579D-03   0.1810179998446D-03  -0.8040230880544D-03
   0.1160123259048D-03   0.5481507860426D-03  -0.8846095945417D-04
  -0.1406945914210D-03   0.2253607084769D-03   0.1517997653555D-03
   0.5107143060479D-03   0.4716410949292D-03  -0.3929421790206D-03
  -0.3078527485681D-03   0.2342218341909D-03   0.2153096548360D-03
  -0.5454511114717D-03  -0.1314310896641D-03   0.1269843264716D-04
   0.4792827232551D-02  -0.4494339253659D-02   0.9578929939260D-02
   0.2738071204734D-02  -0.5353588110097D-02   0.4284152151361D-02
   0.6807382706397D-02  -0.1127466140565D-02  -0.4504838416931D-02
  -0.3982420634428D-02  -0.4886551720980D-02   0.1930697006833D-02
  -0.3818952309083D-02  -0.9105836989036D-02   0.2747790136966D-03
  -0.2494054327413D-02  -0.1577250309340D-02  -0.5392676530463D-02
  -0.1314779138045D-02   0.3728023533108D-02  -0.9174885040424D-03
  -0.1420739625636D-02   0.1744666288539D-02  -0.5642786918544D-02
   0.2657055256016D-02   0.6477393718678D-02   0.8968885385582D-02
   0.3221294680252D-03   0.1087831503342D-02  -0.7122502618040D-04
  -0.1685592289087D-03  -0.2337563527338D-05  -0.5712182590318D-04
   0.2361415679388D-03   0.6223764355341D-04  -0.4355314031990D-03
   0.2397164007440D-03  -0.1601995895644D-03   0.1311965296993D-03
  -0.4384943728229D-03  -0.3465497225203D-03  -0.4342208554776D-03
  -0.2460253882556D-03  -0.2874461109261D-03  -0.1047598918365D-03
   0.1743645600185D-02  -0.1596358907207D-02  -0.3740162358399D-02
   0.2735398324023D-02  -0.3209931924422D-03  -0.3053181432932D-02
   0.4656158456564D-02  -0.3853066869419D-02  -0.2035016016289D-02
   0.1725592635949D-03   0.6012907103257D-02  -0.3637636075591D-02
  -0.3529231401065D-02   0.6449618964965D-02   0.6216649432230D-02
  -0.9702694119190D-02   0.7865043587415D-03  -0.3491326002052D-02
   0.1475996742760D-02   0.2246480479435D-04  -0.4477330657590D-03
   0.1020567670239D-02   0.3536409816417D-03  -0.1872445895117D-02
   0.7339610315080D-03  -0.6004130455483D-04   0.2251352845623D-03
   0.4205121727700D-03   0.4495690706543D-03   0.1071781986259D-02
   0.1387862171802D-02  -0.1815824898058D-02   0.1076161082090D-02
  -0.8885875132879D-03  -0.5346713600881D-02  -0.3782481462608D-02
  -0.6921174331841D-02   0.2942396529418D-02  -0.1227677168671D-02
   0.1208025379620D-02   0.7840220357317D-02   0.2413064599475D-02
   0.1922739706440D-02  -0.6522810952334D-02  -0.1254123082180D-02
  -0.8027130172312D-02   0.7633829068914D-02   0.3566730188518D-02
   0.2156031535938D-02   0.1254115700845D-03   0.7394703385244D-03
  -0.4528851510999D-03   0.3338498987014D-03   0.1528407566713D-02
   0.1560041261427D-03   0.3656216407860D-03   0.4144359461536D-03
  -0.3773885083299D-03  -0.7196185304126D-03   0.5047629689752D-03
  -0.5288281043680D-03   0.3181193764157D-03   0.3426680709087D-03
   0.2631088286410D-02  -0.3224439486885D-02  -0.2588005206632D-02
   0.5172241663863D-02   0.4433205654759D-02   0.3641654030477D-02
   0.4038152480188D-01  -0.4663472506359D-02  -0.8377301647219D-01
  -0.1354403979939D-01  -0.9822399351458D-02   0.8802041491708D-02
   0.1900329156708D-02  -0.5820304076440D-02   0.4691665878235D-02
   0.4080426113705D-03  -0.1668410961382D-03   0.1516230806838D-02
   0.2321687683289D-03   0.3940617056993D-04   0.7841632058009D-03
   0.8045013937439D-03  -0.2105106804991D-03   0.2110177507294D-03
  -0.6917019696709D-03   0.2917370545297D-03   0.4963830300340D-03
  -0.3602138040420D-03  -0.4859328987851D-03  -0.4115593828635D-03
   0.1826924988096D-01  -0.8353323590831D-01   0.7391553891820D-01
   0.3194111771078D-02   0.6667382912985D-02   0.4120721198824D-02
   0.4388211131734D-01   0.2867318891591D-01  -0.4492221316853D-01
  -0.1967682439455D-01  -0.2632565557387D-02  -0.2831887852898D-01
   0.2710107843365D-01  -0.2629706263988D-02   0.4306696932484D-02
   0.1492940358961D-01  -0.1016098182970D-01  -0.8098628521535D-02
   0.1433947462093D-01  -0.7202509854608D-02   0.1197188771230D-01
  -0.1382373613166D-01  -0.8199229405589D-02  -0.1460926710569D-01
  -0.6269533549459D-04   0.5379916964993D-02  -0.4127931045686D-02
   0.5654876210129D-02  -0.5172308435610D-02   0.1187712422158D-02
   0.4540650651281D-02  -0.5106306456500D-03   0.3060470567205D-02
  -0.2419818335571D-02   0.5444861915694D-03  -0.2146357159652D-02
   0.4069209501980D-03  -0.8861728255126D-03   0.1677824741635D-02
   0.2784256637423D-02   0.4123901481684D-03   0.1270611248919D-03
   0.3192279994385D-02  -0.3083632157677D-03  -0.1202032653007D-02
  -0.5521046784560D-02  -0.8074557259798D-01   0.1040539625925D+00
  -0.1134020702723D-01   0.1550851045658D-01   0.1055082989424D-02
   0.8059591445028D-01   0.1807044646511D-01  -0.4608324581483D-01
  -0.3207328262767D-01  -0.2307151673199D-01  -0.1078360235772D-01
  -0.1282610464892D-03   0.5838033866677D-03   0.4684341365568D-02
   0.6591199584538D-03  -0.6556729937114D-02   0.2157687156232D-02
   0.1306270759101D-01  -0.3590939275498D-02  -0.5213670203203D-02
   0.4876592462935D-02   0.1176879815959D-02  -0.7114322988208D-02
   0.1222559475809D-01  -0.6312310290157D-02   0.9534290974042D-02
   0.8434888946544D-02   0.2245743049782D-02  -0.6102823703079D-04
  -0.4096328979512D-04  -0.1799124653733D-04  -0.5133390278091D-03
   0.3274953212029D-02  -0.2079368375920D-02  -0.7602470426464D-03
  -0.1413108329863D-02  -0.4301271436164D-03  -0.1247425230473D-02
  -0.1172303485168D-02  -0.2275150883580D-02   0.1253594421858D-02
   0.8806252185999D-01   0.9938264629542D-02   0.1088050852351D+00
  -0.2841095519418D-01   0.1509768756685D-01   0.6829402143522D-01
  -0.5491213236947D-01   0.1140327861429D+00  -0.5650850466999D-01
  -0.5197063917976D-01  -0.4039786299681D-01   0.5646188282282D-01
  -0.7503729971195D-02   0.1050268122120D+00  -0.8940087237306D-01
  -0.6072254850423D-01  -0.8369894646786D-02   0.4235277965883D-01
$end                                                                            
