$grad                                                                           
  cycle =      1    SCF energy =  -401.89312605518   |dE/dxyz| =  0.547600
   27.08727539388219     65.76779377953619    150.78030239545819      n 
   28.57294182803698     64.12059866877122    152.39727420127616      c 
   31.21348929657333     63.85484639098060    151.22155308374363      c 
   31.49739846228465     63.01562197872978    149.08256689336955      o 
   27.36602163668182     61.47734946868276    152.63344822281292      c 
   29.06472920208250     59.79038376592374    154.21891336317060      c 
   24.72928792688484     61.59682134659378    153.78913915178444      c 
   26.87117201710444     65.22272426369946    148.95014002888183      h 
   28.71849715783328     65.03475485794685    154.24442942370578      h 
   27.23588862435246     60.70379147603584    150.71986836622571      h 
   28.21862323562430     57.93409966331509    154.43069468158933      h 
   30.90703534993171     59.58600999918251    153.34089611881660      h 
   29.32340671649420     60.61062203617745    156.08793036552629      h 
   23.88892313664423     59.72640335074112    153.78436584236442      h 
   24.80742261940734     62.28685201873566    155.72324389430491      h 
   23.52297016069814     62.85533389586696    152.69863721487201      h 
   42.19871666065168     48.98623667766828    148.34264182175934      n 
   40.65656586641686     51.19627847009148    147.79815718404078      c 
   38.18983602488890     50.27572251668562    146.55819830712304      c 
   37.87409981354830     48.07483605531349    145.95463199571350      o 
   42.28450719178674     52.82352695843355    146.01250761436728      c 
   44.60290405638368     51.15424418936672    145.45043085449291      c 
   43.71781618847341     48.48008780913980    146.13410026670459      c 
   40.17724835473845     52.10308328441778    149.58725852448762      h 
   41.24828593352633     53.20434240768396    144.27220889102455      h 
   42.78585930109696     54.62266223552388    146.87134211662840      h 
   45.18534092734824     51.28156033254339    143.48460868613290      h 
   46.19468110043126     51.63229918080758    146.66584206244994      h 
   42.51746727079694     47.69015190618735    144.64843222968426      h 
   45.26224459890813     47.18844851836604    146.52006619823385      h 
   36.37745988007875     52.06547039115022    146.31634575113830      n 
   33.89443181005171     51.42083566308197    145.37496185399200      c 
   33.67534950745994     51.80483210503036    142.53289766495257      c 
   34.92345543362918     53.33453121209328    141.32206073348655      o 
   31.83929112222245     52.96992047050549    146.69713131682948      c 
   31.22664338203044     52.05314808066394    149.37557931873340      c 
   29.91738302076699     54.18503220470963    150.80387224292292      c 
   29.52805769904021     49.72343741112383    149.29945524473217      c 
   36.87629286526787     53.90318453876873    146.29312386571564      h 
   33.66122439161501     49.40094646073794    145.76394762994917      h 
   32.45628834126395     54.93941155691385    146.72831612889036      h 
   30.11903410267479     52.90752387262446    145.56603176032166      h 
   32.99336567523707     51.55955031911235    150.33424984474956      h 
   29.54152896743900     53.62539647811020    152.74358850699670      h 
   31.10110705210576     55.86037882183373    150.84392065978042      h 
   28.14641748248971     54.67860826030204    149.89059892766369      h 
   29.19043051037379     49.00759500342097    151.19500568845308      h 
   27.72024885253006     50.20363068700269    148.44978597455227      h 
   30.37392427955049     48.20638905194075    148.19905584605053      h 
   31.85980088732460     50.38827516832451    141.49248582563808      n 
   31.55754847250995     50.34120308797850    138.78297576335765      c 
   30.74597098862488     52.97319676378385    137.90733721229822      c 
   31.37141671866248     53.89087206789650    135.88514138268150      o 
   29.48085408620922     48.46738682251766    138.02505266458351      c 
   29.42576836672838     46.07526190108774    139.78282907527054      c 
   28.56358955522768     46.48512343689901    141.95058662082346      o 
   30.13470786008454     44.04539098222021    138.87021390941857      o 
   30.94336337846415     48.99258268448649    142.45883100494530      h 
   33.36119581669099     49.85796052385169    137.87764806805947      h 
   27.65938057277820     49.39520215305549    138.26968166319165      h 
   29.78539202969531     47.86386586774345    136.08481730583060      h 
   28.97065920765379     53.95929642063606    139.42585606021694      n 
   27.71487654080223     56.32955010462846    138.95729336158550      c 
   28.12002011802246     58.10734404006703    141.21577265187096      c 
   28.71135773426848     57.30650867404998    143.28308771431335      o 
   24.84824281319269     55.82708798824802    138.71343944919329      c 
   24.18254337157270     53.68967936736360    136.87823610655531      c 
   24.85255973187510     54.32342667502380    134.13420339868725      c 
   23.56615462161016     52.59361944804658    132.21841819998085      c 
   24.63227052500329     49.98646004648801    132.34969719069184      n 
   28.85874367466206     53.32263173213452    141.22257554793643      h 
   28.52242300850192     57.10776930323878    137.22154283349215      h 
   24.15290900387519     55.31814014230317    140.58539212342572      h 
   23.92946794085596     57.57478856479963    138.13586899028883      h 
   25.18124962323589     52.00241085132797    137.49915725876050      h 
   22.15748678637476     53.34433214817281    137.02610545755502      h 
   24.24341072328014     56.24660568180878    133.73566741454462      h 
   26.89966519441898     54.25860958235432    133.89334414029813      h 
   21.53983495417018     52.49740193427813    132.58390162116945      h 
   23.86806288407027     53.31927761918568    130.31444300308749      h 
   23.77047614366498     48.81425723886926    131.05622993285840      h 
   26.54029661232987     50.04507333988615    131.96228504924795      h 
   24.42188885308488     49.24717657085265    134.13438479782747      h 
   27.42971317078138     60.54237615501468    140.78423345496745      n 
   28.06349805885461     62.49975081941352    142.57842057612228      c 
   25.81105619617895     64.11318873169267    143.39255722477571      c 
   25.84867541473721     65.32964082073369    145.36656197358141      o 
   30.17392748301392     64.13981413449248    141.40039826049971      c 
   32.10445403644140     62.42388733559715    140.73672215771327      o 
   31.08425402123289     66.21354124570659    143.15404303030709      c 
   27.45869059263809     61.09864022992976    138.95371972862176      h 
   28.84702488255070     61.59054418154704    144.26900176266079      h 
   29.42948912770742     65.02389617668001    139.66097268692161      h 
   33.71326023986745     63.26917899117586    140.78724486441462      h 
   32.70752198422132     67.18775270766550    142.35023011533036      h 
   29.58807588236124     67.58928414214172    143.43188091151157      h 
   31.60488966098053     65.43832735915372    144.98776373818481      h 
   23.89324483217590     64.19365944768677    141.75127491003678      n 
   21.62074670555571     65.66695485100777    142.18258472690229      c 
   19.40418166230348     63.82774767664809    142.44632197214978      c 
   19.18896495231106     62.09161639636594    140.92916947149240      o 
   21.19810625762717     67.57863043415736    140.00212162858247      c 
   22.09093826008321     66.59670781809484    137.43670360136036      c 
   21.22927051041460     68.33138778582436    135.28272466432136      c 
   21.99935819842297     67.28985239161638    132.68952020254991      c 
   20.77513911935672     68.73414377103053    130.61065058124379      n 
   23.78873869069884     62.84903206592816    140.39780797364574      h 
   21.85470838410555     66.69501982190241    143.95682123169843      h 
   19.19088866063519     68.04883010411294    139.94122248922790      h 
   22.20704343115576     69.31644895134005    140.46169945624649      h 
   24.14791445856914     66.49515718381399    137.44424280381963      h 
   21.33116173359377     64.70014944009500    137.16436382772761      h 
   19.18441529913814     68.55381087728524    135.38424748845028      h 
   22.04792688521801     70.20291815978639    135.54324526454519      h 
   24.04132756951801     67.46138100643252    132.47149057009744      h 
   21.48593494323622     65.30013076090988    132.53745145227899      h 
   21.43466199851445     68.19922777086074    128.86595733081955      h 
   18.83986681457174     68.62239533289848    130.67105029910016      h 
   21.14546020798399     70.69671446161539    130.78598491212568      h 
   17.80206767671763     64.27596346997224    144.32971496091878      n 
   15.65127120636287     62.72496861562040    145.00245817119958      c 
   13.34907161581357     64.39444730485963    145.63933711645132      c 
   13.60457191149900     66.32389647015444    146.91351055674616      o 
   16.12334371000749     61.24487921306369    147.49029977837674      c 
   18.36357252747406     59.51123139815192    147.39134118291477      c 
   20.80989845293050     60.48046062353474    147.40867732865166      c 
   18.02231046568403     56.91067055867065    147.32390094559241      c 
   22.87263140294426     58.87670097142875    147.32552016218537      c 
   20.08809134069745     55.30989886375693    147.26388651734584      c 
   22.51579473426353     56.28539100395206    147.25855508133512      c 
   18.19051878684281     65.70111604644538    145.56077642319704      h 
   15.23276893190762     61.43172107433339    143.45100295126062      h 
   16.39188822947532     62.63490182231187    148.99615862027028      h 
   14.41651783166193     60.17034259862187    147.91615455773743      h 
   21.11871787026525     62.49441504761562    147.54355511308253      h 
   16.13592632117261     56.13659459251896    147.34991863350288      h 
   24.76359791745397     59.64632157020505    147.31204170961541      h 
   19.80621694874039     53.29207961241570    147.24931366381847      h 
   24.14010415848179     55.05196031344960    147.21866049157140      h 
   16.28691279515677     46.18495066303492    159.51190438719911      n 
   16.08147970303940     46.11094296606774    156.78161795992520      c 
   18.68092277925926     46.58101618954677    155.57787203195392      c 
   19.33790773908161     45.50775236241255    153.63015322427123      o 
   14.11116496351336     47.97383183321219    155.73523319067039      c 
   11.55170179421542     47.67580114874929    157.05664510753923      c 
   13.81386755035543     47.50583679635063    152.90323559462854      c 
    9.62338146862169     49.61042838462107    156.13701421466979      c 
   15.28616654672576     47.48331552039860    160.49469718313296      h 
   15.53896282296787     44.18088735407867    156.23578938936265      h 
   14.82379087132353     49.88913684480698    156.06732282468073      h 
   10.83138809555044     45.77290107382922    156.71295208055614      h 
   11.76934037963007     47.89875068119897    159.08777285233310      h 
   12.83386445895275     49.07387817326089    152.01600258125225      h 
   15.64350278978352     47.29057629876235    152.00323686187878      h 
   12.73396063220857     45.78724393807097    152.58360864108184      h 
    7.91489791605936     49.50681977642048    157.27490789664697      h 
   10.38661805025409     51.51404772911066    156.28045681479210      h 
    9.10061677707013     49.26941622359207    154.18222042591174      h 
   20.16143850890343     48.23611495097125    156.75571977469326      n 
   22.69327281108036     48.72929346661646    155.84970375200930      c 
   24.37495241821238     46.40308631005799    156.21286666324249      c 
   25.61599871355017     45.54209441804057    154.45371209847528      o 
   23.68063025913094     51.12482140200053    157.14339258758019      c 
   22.50308696276934     53.42008977691143    155.83070619871307      c 
   26.55171532125171     51.27781909732856    157.09815564977225      c 
   22.51452861636572     55.72473680426102    157.53507915702954      c 
   19.53140418089772     49.18809593575507    158.29379348689324      h 
   22.61670909309293     49.01574001328024    153.79441513340916      h 
   23.04301177907758     51.06432666210940    159.10908034899307      h 
   23.54396555022036     53.81531276419550    154.09514026207401      h 
   20.54757579303389     52.99951075732166    155.33415734833355      h 
   27.18502350176574     53.11508226298311    157.75497523457452      h 
   27.38085251168956     49.84617033298067    158.30378375480458      h 
   27.24487923026020     50.99345572823746    155.18573562401377      h 
   21.76816299986133     57.34871503775503    156.53676673993891      h 
   21.32148373061231     55.39856501297884    159.17575662019189      h 
   24.41160317735498     56.17931837433831    158.17622635863077      h 
   22.76165534191700     40.76973175188972    156.63918321868178      n 
   21.78875160470803     38.89766426622339    154.89856597730599      c 
   23.22601098448562     38.87486881957097    152.37141315615114      c 
   23.68652390750880     36.92854669813288    151.22114278436680      o 
   19.01348610274750     39.55342357247173    154.35175643431845      c 
   18.21487181403071     38.25421275642117    152.16770954821456      o 
   21.44769558994278     41.75258987678345    157.63915679955713      h 
   21.94422033157661     36.98192179119715    155.67824964852042      h 
   17.86047353130783     39.04615664116029    156.00082690854856      h 
   18.90536815206308     41.59849088413210    154.03505958835044      h 
   16.48993422695450     38.71813469365634    151.79645780508406      h 
   23.77628026192962     41.18280884329761    151.49710624678013      n 
   25.01823879544635     41.55350749123271    149.10767004009207      c 
   27.85246515846127     40.95675700917307    149.14515468257272      c 
   29.11788588345614     41.05562591313920    147.21433774024985      o 
   24.68415935522248     44.26638204729357    148.18903259240582      c 
   21.96166172314359     44.86591947507344    147.44983301644521      c 
   21.77368390924433     47.63524499484351    146.57827020571520      c 
   20.13733483086556     47.97319130946784    144.40510870157195      n 
   20.82066560021873     47.70974511376397    141.99636636332409      c 
   23.21573545261564     47.44619855301417    141.27705424208892      n 
   19.05633342747948     47.98480577793536    140.21273483029108      n 
   23.56829888192853     42.68402481429380    152.66301458928905      h 
   24.19405340717022     40.20998839632679    147.75739359737418      h 
   25.31078840670516     45.51348112105195    149.70726706321432      h 
   25.95218600134103     44.51798090945934    146.57819072384177      h 
   21.40648329692021     43.60180738151900    145.91937408742771      h 
   20.72759005574049     44.51794227457923    149.05970616311066      h 
   21.03094966571315     48.79851329080165    148.10645093952073      h 
   23.65628096868713     48.33233612948523    146.10642618222107      h 
   18.26411079625757     47.97993645947674    144.78875425372587      h 
   24.65356053281655     47.05508159798855    142.48164404815884      h 
   23.59135763373506     46.95579123562491    139.47827306543746      h 
   17.21281695456831     48.09780011162989    140.68016278080430      h 
   19.46153363128265     47.59013877712735    138.39536441758665      h 
   28.85548476648449     40.44884211445519    151.41120398597627      n 
   31.45613671362220     39.69640073630526    151.75562275238360      c 
   31.63835993916292     36.82972386341772    152.21393228631936      c 
   29.85197696269110     35.48153864661531    152.74983641303862      o 
   32.63698733086149     41.18080584169471    153.94073215636666      c 
   32.60875630710208     44.01293441653181    153.41974544862342      c 
   34.40736613266413     45.69462908780321    155.87172654981433      s 
   32.21692978152538     48.18804473759889    156.69458624374752      c 
   27.73689364883140     40.13554667163892    152.93737371840206      h 
   32.42882561242333     40.12272219936284    149.97326842691615      h 
   31.54578841898838     40.78227837416899    155.64519229681184      h 
   34.57592998497328     40.55185399198749    154.24455372345366      h 
   33.47651852292368     44.43132304041183    151.59890740921105      h 
   30.68283408380020     44.73234171891665    153.44285280323649      h 
   32.85298690329211     48.99272428977768    158.46870762606090      h 
   32.23292473962317     49.63272767730042    155.23682173058609      h 
   30.35334003241183     47.36158532511394    156.89131996034752      h 
   35.97769860726820     61.25605547713823    161.32443531454848      n 
   36.08799883842326     58.94944286570440    162.78005113088196      c 
   38.82401277314902     58.14850551325656    163.15500868518046      c 
   40.42294245240244     58.41405283968552    161.50246331824613      o 
   34.44039940265007     56.85369913023096    161.65318738601883      c 
   35.35295541100916     55.94620391624538    159.14971075306599      c 
   34.86013261340822     57.38183987667951    157.01530486703075      c 
   36.63075460631094     53.66688352481360    158.91475457240924      c 
   35.57586405016724     56.53011955540191    154.66125524158011      c 
   37.37278289017937     52.80184344674978    156.57130992968217      c 
   36.79628118373795     54.21836164747518    154.43528074373415      c 
   37.39463511243851     53.28100579888864    152.11644860060693      o 
   37.02103320048182     61.45582040940309    159.73480997123724      h 
   35.30018693887187     59.40701539933897    164.64093143099157      h 
   34.40120951909385     55.30170794092702    163.00326724545948      h 
   32.53803526610346     57.62397106576349    161.46796562573380      h 
   33.86868765789369     59.15573163404641    157.19078702512653      h 
   36.99283329937496     52.55001017296171    160.58420918238249      h 
   35.13003578120497     57.63359648617554    153.00040809973581      h 
   38.33188088581131     51.02100761963960    156.32469704140348      h 
   36.59269770057769     54.32377829727604    150.84358235102545      h 
   15.62816927960963     59.78019564087089    137.73731846546090      n 
   14.52158286771431     57.43557230218094    138.68308920436229      c 
   11.87809002072387     57.85532812521082    139.76703914544626      c 
   11.54817401299519     59.22231131265921    141.60760571514356      o 
   16.10038967226219     56.17681320470952    140.77426320303334      c 
   15.31283733488472     53.41103404518933    140.98131443384398      c 
   18.92676065974566     56.29123383041819    140.25509740705789      c 
   17.08273953948815     60.52712401058201    138.76320723248767      h 
   14.38364212438002     56.15956555578371    137.05690878024504      h 
   15.70440538960423     57.13813944877375    142.55814961058607      h 
   16.30803454838555     52.55887596398227    142.56079992439584      h 
   13.29992559487534     53.20493866648768    141.31934470294510      h 
   15.79088668473774     52.41529858803835    139.25192876523079      h 
   19.87486954050142     55.00318608002922    141.53901157373997      h 
   19.29233751635511     55.73643123194675    138.31900194879879      h 
   19.69439415612833     58.15642559073684    140.60396795943197      h 
   25.51214814653978     65.90778583607316    151.40635219434790      h 
   32.74210965565678     64.37136642644093    152.20521512640207      h 
   42.49570063800549     48.89922200077154    150.01500270854422      h 
   11.63132861699311     63.91281760028767    145.01607474724065      h 
   15.78792728489505     44.69353863164869    160.15941159622017      h 
   24.47327795132391     45.56276406718611    157.90261657993392      h 
   23.75965428635388     40.01157856972161    157.78886310099571      h 
   33.30804377988578     35.95530395750566    152.07751431212293      h 
   34.38338243767316     61.51583242730423    160.79223811412459      h 
   39.36674519630719     57.37696936051258    164.79245720195914      h 
   16.24880865742417     59.52512236258981    136.17453045733674      h 
   10.38624919407913     57.00908245074628    138.97372749804103      h 
  -0.1167572133774D+00   0.3757884272848D-04   0.4911847688995D-01
  -0.7044869654768D-02  -0.5547705877198D-03   0.1313480104872D-01
   0.6737075079626D-01   0.3081260782994D-01   0.5949181075038D-01
   0.2893779463482D-02  -0.7137026403495D-02  -0.1611130037599D-01
  -0.2264164188360D-02   0.4739386104371D-02  -0.3593288406711D-02
   0.4304643747623D-03   0.1774277725974D-02  -0.3847816246854D-02
  -0.2264917445330D-04  -0.2698066342609D-02   0.1969787423864D-02
  -0.1144613181157D-01   0.4597315623938D-02  -0.1159999107459D-02
  -0.5780604231933D-03   0.4605849267977D-03  -0.7105483434190D-03
  -0.4091097537669D-03   0.2041301530476D-03   0.3068918567620D-03
  -0.7859822217492D-03   0.8112395653067D-03  -0.4283040635906D-03
  -0.6517555675230D-03   0.4725631435098D-03   0.6223036352877D-04
   0.2764726683096D-03   0.2583168777367D-03   0.8494502125400D-04
  -0.1932387144284D-03  -0.6799721410790D-04   0.6649329046195D-03
  -0.6815688880274D-03  -0.3913278926329D-04  -0.1381534952751D-03
   0.1697361483509D-02   0.1599074037170D-02  -0.7516091696561D-03
   0.5077660284986D-01  -0.8090112617741D-02   0.1185461190300D+00
  -0.3358866246771D-02   0.1292659388971D-01   0.9703511121208D-03
  -0.5836784170839D-02  -0.5463172032611D-02   0.7202511984236D-03
   0.5728897734350D-02   0.7651918578331D-03  -0.4730881763150D-03
  -0.5176892060760D-03  -0.1019066021296D-02   0.6226117406636D-02
  -0.1692894713345D-02  -0.2033279125589D-02   0.7867396370985D-02
  -0.2308350904010D-02  -0.1022287349609D-01  -0.1562946249929D-01
   0.3030677243011D-03  -0.2079780373845D-02   0.3407363865857D-02
  -0.2573321387348D-03  -0.8841255739449D-03   0.1374888122529D-02
  -0.1876001357352D-02   0.7144131878095D-03  -0.3784001515265D-03
  -0.1537011292171D-02  -0.2076424659657D-02   0.8461346284815D-03
   0.4754156782174D-03  -0.2793451727681D-02   0.2938808397858D-03
   0.9461818611835D-03   0.5453369393245D-03  -0.7468684779626D-03
  -0.1224406532594D-02   0.1337103678976D-02  -0.1678903746071D-02
   0.7521086918644D-03   0.2935654027386D-02  -0.2090763772920D-02
   0.9762222993997D-04   0.1509239399098D-04  -0.2161853280471D-02
  -0.1204100443397D-02   0.5842749511094D-03  -0.5894713662871D-03
  -0.2056418175649D-02   0.9727978163593D-03  -0.1933851498296D-02
  -0.2618332268768D-03  -0.5751227341294D-03   0.3109531750337D-03
  -0.4828597651835D-03  -0.3656052835809D-03   0.6412366914293D-03
  -0.5716564840624D-04  -0.1460216968235D-03  -0.2732925274563D-02
   0.7401037143575D-03   0.5082385979522D-03   0.4301667948766D-03
  -0.1324064989845D-03  -0.4742952054036D-04  -0.2159379599155D-03
   0.1560984891342D-03  -0.2208125556420D-04   0.2780656906641D-03
   0.2480246286453D-03  -0.1321865649588D-03   0.2759188718607D-04
   0.2706022266829D-04  -0.1530332730238D-03  -0.5055652283401D-04
  -0.9428636220126D-04  -0.3481774615235D-04   0.3255465640582D-03
  -0.4652233121077D-04  -0.3812271725968D-04   0.8701360179986D-04
  -0.3827433075976D-04  -0.6712040161531D-04   0.3106041738426D-03
  -0.4998406348858D-04   0.1168370932072D-03   0.2558014787753D-03
  -0.7824999835586D-04   0.9009253079819D-04  -0.5352214794120D-04
  -0.9387644342589D-04   0.7327929268607D-04  -0.5268109401044D-04
  -0.2153813065333D-03   0.1707885476839D-03  -0.9909430814059D-04
  -0.9693220133606D-03   0.1237784235097D-02  -0.5794853358542D-03
   0.2069113601861D-03   0.7149718648228D-03   0.1017891761955D-02
   0.5167287341720D-03  -0.5068099000152D-03   0.1823228877388D-02
   0.1629533514841D-02   0.7666094619245D-03   0.7739337782707D-03
  -0.2299887341433D-03   0.7113339184624D-03   0.1034338223132D-02
  -0.4946548104336D-03   0.9810774575757D-03   0.3167378008583D-03
  -0.8833970359011D-03   0.9235881933805D-03  -0.1133842557789D-02
  -0.4258517611100D-03  -0.1413152955964D-03  -0.1172685589441D-03
  -0.1289819485902D-03   0.3784219190389D-04  -0.4600680517995D-03
  -0.4688969917702D-04   0.3382772964973D-03  -0.7206112314647D-04
   0.3092784598884D-03   0.1848558038286D-03   0.3533740836552D-03
   0.1885565053277D-03   0.2727758650113D-03   0.2789410012433D-03
  -0.7456423995063D-03  -0.2355483179325D-02   0.9085526437750D-03
   0.1938111982217D-02  -0.1560805977526D-02   0.8719615710806D-03
   0.3574604905348D-02   0.7059529863633D-03   0.8072689465749D-03
  -0.1131348547519D-02   0.2231554295345D-02  -0.1570216559474D-02
   0.4513233393531D-03  -0.9414926558853D-03   0.4904773516002D-03
  -0.3747335453377D-03  -0.4691307095445D-03   0.1939254203178D-02
  -0.6538387249480D-03  -0.9417030065241D-03   0.1887306480287D-03
  -0.7381430772748D-03  -0.8205862342989D-03  -0.1870448534461D-02
  -0.5186745099694D-03  -0.1066298782069D-02   0.1366568548685D-02
  -0.5900270858019D-04   0.9228208406523D-03  -0.8178835851685D-04
  -0.2779153627928D-04  -0.7014857946591D-03  -0.9131161590080D-03
  -0.5432412670191D-03  -0.8559895301358D-03  -0.1794355658410D-04
   0.2615222726133D-03   0.5010627699908D-03  -0.1839112496937D-03
   0.1053646092387D-03   0.4662490286933D-03  -0.2056134593823D-03
  -0.4353182973557D-03  -0.7262712027017D-03  -0.6082585212172D-03
   0.2352004253317D-03  -0.5724709931911D-03   0.6045240166095D-04
   0.1311398941850D-03  -0.3373272987032D-03   0.5733531966674D-03
  -0.1055837303589D-03   0.1669165405263D-04  -0.2831175452316D-03
  -0.2274239348900D-03  -0.8271489320239D-05  -0.2746083631838D-03
  -0.8353000969081D-04   0.3669960810793D-03   0.5757911338794D-04
  -0.5629647190422D-04   0.5610972514765D-04   0.1995893161882D-03
   0.9232320859306D-04  -0.7528583500956D-04   0.3551973397153D-03
   0.1000219748544D-02   0.4551974626286D-02   0.4105845697879D-02
  -0.1230682837920D-02  -0.1402999485777D-02  -0.2163099343294D-02
  -0.2086739242816D-02  -0.3068789528436D-02  -0.7863099634170D-02
   0.1403751711976D-02   0.3878303331595D-02   0.8019652190165D-02
  -0.1028355174809D-04  -0.2410709847500D-02  -0.9770031321256D-03
  -0.1985821996861D-02   0.1748259627725D-02   0.3019611868708D-02
   0.3138066262025D-03  -0.2801883217150D-02  -0.2816428255413D-02
  -0.1297323921406D-03   0.1996980152652D-03  -0.1117592685812D-03
   0.6249120611964D-05  -0.1745961204735D-03   0.5932822862661D-03
   0.6500489014845D-04   0.8643100108335D-03   0.8799143462212D-03
  -0.6853273611143D-03  -0.5736275659281D-04  -0.1942684814954D-03
  -0.1225089337240D-03   0.7398806402174D-03   0.2834833196413D-03
  -0.8928734253699D-04  -0.4753993183910D-03  -0.2001148992065D-02
  -0.7355477596955D-04   0.6209253860456D-04   0.6804330938688D-03
   0.1000880651797D-02  -0.9578953339014D-03  -0.1007289877284D-02
   0.1356002533151D-03  -0.2706320570702D-02  -0.2442625095704D-03
  -0.7867304959651D-03   0.6396117807470D-02   0.1278288183305D-01
  -0.4276949372193D-02  -0.4778695789379D-02  -0.6610874356072D-02
   0.5131086173231D-03  -0.1172017539776D-02  -0.2482216419064D-02
   0.1257451646358D-02   0.7863758027880D-03   0.2382074237263D-02
   0.1587340257312D-02  -0.5484407195421D-03   0.2608073947379D-02
  -0.1565520728225D-02  -0.1312527906290D-02  -0.3194830537015D-02
  -0.3519036285356D-02  -0.2542005353094D-01  -0.3545241795192D-02
   0.1273753144032D-02  -0.8107099261025D-03   0.2813222407663D-04
  -0.3031183826656D-02  -0.4185606605382D-03  -0.2982067230336D-03
   0.4569770534714D-03   0.1454007568163D-02   0.4151186888246D-03
  -0.1042652126320D-02   0.3329852653217D-03  -0.1970715700026D-03
  -0.2120795866277D-03   0.4534716574790D-03   0.2994018662668D-03
   0.1334176338281D-02  -0.8990396421206D-03   0.1286808411395D-02
   0.1426317420943D-02   0.2649031687664D-02   0.1060892691338D-03
  -0.1472615899858D-02  -0.2691468186104D-03  -0.1386881992508D-02
  -0.3862790585085D-03   0.9438446535683D-03  -0.7555466868810D-04
   0.1887667348684D-02  -0.8658873746047D-03   0.4454992732780D-03
   0.4961874966717D-03   0.3521098732679D-02   0.9897623296902D-03
   0.3128689085254D-02   0.6187769793585D-02  -0.1737349053743D-03
  -0.7390981859761D-03   0.1737514806652D-01  -0.5231677056728D-03
   0.2320179419868D-02  -0.5302358694743D-02  -0.1001951691726D-01
   0.8081999470636D-02  -0.4332592344726D-02  -0.2303549815464D-02
  -0.8000295588363D-01  -0.4536692635854D-01  -0.3516029491049D-01
   0.1152329894478D-02   0.2343669141853D-01   0.1593570613904D-01
   0.8140162165400D-03  -0.1395454553542D-02  -0.2194836489478D-02
  -0.1053910324627D-02  -0.7979627823690D-03   0.1548248612320D-02
   0.4196059681373D-03   0.1083591753020D-02  -0.6130618990133D-03
  -0.1520108662021D-02  -0.3064700184999D-03   0.8613048866512D-03
   0.6629055364632D-03   0.6589508007822D-03   0.5906603290839D-03
  -0.1080895392774D-02   0.9221601704350D-03  -0.3463415963656D-03
  -0.2171877538658D-03  -0.4455056600448D-03   0.5307794122735D-03
   0.3495063507689D-02   0.2376884434130D-02   0.2950499575598D-02
   0.6208356933335D-03  -0.1383943117032D-02   0.9068287364859D-03
  -0.2475184669483D-03  -0.4168494924495D-03  -0.1716937594885D-03
   0.2282957164902D-03   0.1825827755303D-03   0.3054630816305D-03
  -0.1513907134417D-03   0.5510210805369D-03   0.2277222710370D-03
   0.4217950585969D-03  -0.3305337597081D-03   0.2385796010565D-03
   0.1635709448198D-03  -0.1095409932437D-03   0.1142540428138D-03
   0.4670413024887D-05   0.2444544534142D-03   0.2704015450607D-03
   0.2693936136131D-03   0.2477486871012D-03   0.5333376464842D-03
  -0.4481405703718D-01  -0.1063507796109D+00   0.3423832251006D-01
   0.3796798887110D-02  -0.1847774280518D-02  -0.2328092222286D-02
   0.6841990496490D-02   0.4949970834402D-02   0.3283017656780D-02
   0.1064842687242D-03  -0.3662743473154D-03  -0.1834475323021D-02
   0.1336394340332D-03   0.2175485198395D-03   0.7321186529053D-02
   0.6227289365739D-03  -0.6383240668705D-03   0.2522759308730D-02
   0.5857997397378D-03  -0.3555502765777D-02   0.2888363377574D-02
   0.3826722786558D-03  -0.6580709863825D-03   0.3076860220265D-03
  -0.1815828243246D-03  -0.1084751719588D-01   0.1090722648775D-01
   0.1462472348462D-03  -0.1916384297015D-02   0.3038990169124D-02
   0.9740597813958D-03  -0.3501048712710D-03   0.3512677844576D-03
   0.2891544073144D-03   0.7346171988169D-03  -0.2170819279395D-03
   0.3467845867434D-03  -0.6882502378278D-03  -0.2758469053999D-02
   0.3988210481460D-03  -0.8817705623332D-04   0.5358090831585D-03
  -0.3760782059716D-03   0.1988266975763D-03  -0.1772049480004D-03
  -0.9497909057946D-05   0.9143210636745D-04  -0.3927754696014D-04
  -0.2415263709399D-03  -0.1231126296846D-04  -0.2581459469697D-03
   0.2701854848256D-03   0.7912867020555D-04  -0.7949506230225D-03
   0.2127756190760D-03   0.4459737444579D-03  -0.1521503508036D-03
  -0.1473480078494D-02  -0.3691911068861D-02  -0.3334154671729D-02
  -0.3088881191539D-02   0.6655380900069D-02   0.2964469479385D-02
  -0.1004048177179D-01  -0.2753321147907D-01   0.8610270105007D-01
   0.1197495964467D-01  -0.1126467021085D-01  -0.1759447396833D-01
  -0.5516918602396D-03  -0.1232232990290D-02  -0.7440031342696D-03
   0.1013489375038D-02   0.9763211107217D-05   0.2032502263188D-03
  -0.2036636895460D-03   0.1683255773474D-03   0.2024937794752D-02
   0.8243383515484D-03  -0.2781831435687D-02  -0.2155455542252D-02
  -0.5181686699045D-03   0.5977566108229D-02   0.7318468094242D-03
   0.4421360911870D-04  -0.5483041686810D-03  -0.1411853606387D-03
  -0.1372080586002D-02  -0.9109536708757D-03  -0.1071017807091D-02
   0.2440250134004D-03   0.2331304687247D-03  -0.2829058785812D-03
   0.5491040052489D-04   0.3264184970620D-03   0.1140937127310D-02
  -0.2372154133468D-03   0.3203991888020D-03  -0.3784703967516D-03
  -0.6356423172429D-03   0.6706334297173D-03  -0.1862407556590D-02
  -0.2059212225491D-03  -0.9277865567695D-04   0.1741825774950D-03
   0.9976851143510D-03  -0.1912388410213D-02   0.7522258499724D-03
  -0.1146404100419D-02  -0.4090377183862D-03  -0.1442562603050D-02
   0.6316495358450D-03  -0.2621809026069D-03  -0.3070524754616D-03
   0.6638262761933D-01  -0.6526268731662D-01   0.8004007296506D-01
   0.8525946620744D-02  -0.1356175459980D-02  -0.8834120910570D-03
   0.4742917716453D-02  -0.2421548669596D-02  -0.2033434671120D-02
  -0.1241064877003D-03   0.2866020317787D-02  -0.3877432308122D-03
  -0.8588430476778D-03   0.2263903321626D-02   0.6787264461648D-02
   0.2360379231209D-02   0.2233185240810D-02  -0.8230391394652D-03
   0.6294169970266D-02   0.3941334118794D-02   0.7815078660809D-02
   0.2463336975467D-02   0.2737644460539D-02   0.2075297118081D-02
   0.9582600820692D-03   0.1373053166281D-02  -0.3758609881716D-03
  -0.9514037822856D-03  -0.1256779154417D-03   0.5093409990173D-03
   0.4653838904054D-03  -0.1189068805184D-03   0.1576889230386D-04
  -0.1637590188937D-03  -0.4112402640345D-03  -0.8900188318012D-03
  -0.1462933720238D-02   0.7516486111244D-04   0.9037048576158D-03
  -0.3171572360996D-03   0.1031031740292D-02   0.1179120767203D-02
   0.1583647886518D-03   0.6850056139990D-03   0.3632874027653D-03
  -0.9372084381429D-03  -0.5155444283553D-03  -0.5394779220372D-03
  -0.1593952560154D-02  -0.8386638880954D-03   0.1144226831584D-02
  -0.1846936064065D-03  -0.1830187771197D-02   0.1426083993026D-02
  -0.6304584300140D-03  -0.2593519681761D-03  -0.8946170064001D-04
   0.6716313725245D-03   0.7863279734984D-03  -0.3763345470678D-03
   0.1220063583337D-02   0.6593663065775D-03  -0.1856134887347D-02
   0.9368411559228D-03   0.1383843345599D-02  -0.4135422069100D-04
   0.2175278165597D-03   0.1698204629749D-03   0.1197764631278D-03
  -0.1045717869805D-03  -0.2224735071144D-04   0.1518811036804D-03
   0.3340312049255D-03  -0.2738223347144D-03  -0.5059355562247D-05
   0.6644693203712D-05  -0.7809911574801D-04  -0.8042257766027D-04
   0.2474739207305D-03   0.6198212639000D-04  -0.1858216784647D-03
   0.2701964605105D-04  -0.1964327401556D-04   0.3096273851432D-05
   0.1491135537192D-03   0.6781985627540D-04  -0.7936670663358D-04
   0.5675447307961D-04   0.7640218591863D-04  -0.3967241838205D-04
  -0.3672171708042D-03  -0.1975546900467D-03   0.1378127540612D-03
  -0.2965862897503D-03  -0.3421871048558D-03   0.3896046616750D-03
   0.5159292362257D-04  -0.8789238277875D-04   0.2032264759408D-03
   0.1835512041098D-03  -0.7691392774672D-04  -0.1589010488958D-03
   0.9399828069880D-04   0.1152185034562D-03   0.1298819613530D-03
  -0.5359395881624D-03   0.2078417340311D-02  -0.1061222313498D-01
   0.1752287237525D-02   0.1123606478660D-01   0.4928065235499D-02
   0.7586024788364D-01  -0.2473378869910D-01  -0.9444617800772D-02
  -0.5405966746577D-03  -0.1452360051008D-01   0.1795891488683D-02
  -0.1283689060108D-02   0.7456981405411D-03  -0.2969273110426D-02
  -0.9880969016476D-04  -0.1027282647514D-02  -0.4456447228678D-03
  -0.3364639549902D-02   0.5353808263479D-02   0.1286427730129D-02
   0.2600135602833D-02  -0.1934058653460D-02   0.1346231285834D-02
   0.1005450352801D-02  -0.2010093150385D-02   0.5485128135182D-02
  -0.1362466194419D-02   0.1096986516270D-02  -0.5477117394726D-03
  -0.1316009137450D-02  -0.6104031987555D-03  -0.1650503108324D-02
  -0.1832735087213D-04   0.4375093479355D-03   0.6219002404267D-03
  -0.5457019062396D-03   0.3790134388998D-04   0.9203382575887D-04
  -0.8640473454260D-04  -0.4345665622382D-03   0.2098228031202D-03
  -0.1056698361193D-03   0.4937555312526D-03   0.2502600566542D-03
  -0.6359272035340D-04  -0.1331141948596D-03   0.1249919943110D-03
  -0.1251102338811D-03   0.1498802512269D-03  -0.7437408942834D-03
  -0.1149167629059D+00   0.3918645327035D-02  -0.3514173935477D-01
  -0.1591441928066D-01  -0.1052248437163D-01  -0.3461522204645D-02
   0.8583695628908D-02  -0.3082362392124D-01   0.8566434518671D-01
   0.1286938959575D-01   0.1119818110880D-03  -0.9691905447241D-02
   0.1953596058842D-02   0.1107501877553D-01  -0.5504941267461D-02
   0.1263704829815D-02   0.5302540173554D-03   0.5493272846692D-03
   0.1806643876725D-03   0.3860770270942D-03   0.4942602074511D-03
   0.1415779619724D-03  -0.9595688416827D-03   0.2746005500813D-03
   0.1086910951823D-02   0.5804177407978D-03  -0.3253686362324D-03
   0.6203202214613D-03   0.7295276924584D-05   0.1941221584916D-02
   0.1847453666542D-02  -0.2312643527413D-02  -0.6619920878023D-03
   0.6153722127330D-03   0.2620472110068D-03   0.3026270171805D-02
  -0.1464227471324D-01   0.1305192366503D-01  -0.5465090487159D-02
  -0.9123455227487D-03  -0.3990647392623D-03  -0.2034639801552D-02
   0.1585977960425D-02   0.2744826983627D-02  -0.3456019312455D-03
   0.1127482008958D-02   0.3646509573896D-03  -0.7455070043686D-03
   0.2112444667587D-03   0.9891786480394D-03   0.1311013344404D-02
  -0.1511493064390D-02   0.4901390257449D-03   0.7458990740563D-03
  -0.1430122690624D-02   0.6316527940036D-03   0.9702922205323D-03
   0.1838526207956D-03   0.4768447667376D-03  -0.1121397884013D-02
  -0.1609187685085D-02   0.4074708385299D-03  -0.1431573730040D-03
   0.4661923448322D-01  -0.2653677640488D-01  -0.1142830991155D+00
  -0.4299447600060D-02  -0.2134442209459D-02   0.3854411640999D-02
  -0.6258159020278D-01  -0.5364043496909D-01  -0.4822060203913D-01
  -0.1170094133886D-02   0.9590764972042D-02   0.1270767321880D-01
   0.6011726350685D-03   0.7371245938287D-02  -0.3539822626257D-02
  -0.5702927262932D-03   0.3298994263066D-02  -0.3960042019489D-02
  -0.7587703476312D-03   0.1122550780772D-02  -0.1048132212592D-02
   0.1362918636748D-01   0.5040219122420D-02  -0.7268529894394D-02
   0.3718780428965D-02   0.2553247881595D-02  -0.2146070044617D-02
   0.1772412293335D-03  -0.6814270113958D-03   0.7804507827441D-04
  -0.6332423780518D-03   0.1216999804110D-02  -0.3587423987465D-03
   0.2438971056875D-02  -0.1525823861738D-02   0.6722598355269D-04
   0.1593529465890D-03  -0.4533526852785D-04   0.3791831938394D-03
  -0.4314715073661D-03   0.7961968456620D-03   0.5756979260283D-04
  -0.2119230435935D-03  -0.2223207911290D-03   0.7108853137724D-03
   0.1145458718781D-02  -0.3083159404672D-03   0.8520448536169D-03
   0.1261189804998D+00  -0.1593771197983D-01  -0.5475834739404D-01
  -0.5805227900118D-01  -0.2280415699885D-01  -0.4502351063328D-01
  -0.4195778786743D-01   0.1834849713577D-01  -0.1176171324438D+00
   0.6497607429362D-01   0.2681493607670D-01   0.2536801225745D-01
   0.3426002038020D-01   0.1230302877127D+00  -0.5337672459682D-01
   0.1299832544081D-02   0.2904590014904D-01  -0.6954984233588D-01
  -0.8707147701485D-01   0.5999715612492D-01  -0.9130525635261D-01
  -0.7559124087167D-01   0.2311636817455D-01   0.8086388466677D-02
   0.1343995808535D+00  -0.2422099884525D-01   0.3558147462612D-01
  -0.1335455063179D-01   0.3202986518693D-01  -0.6894751115851D-01
  -0.4540031603139D-01   0.1996316317441D-01   0.1271961520399D+00
   0.5739574557098D-01   0.3684799104963D-01   0.3577755539834D-01
$end                                                                            
