$grad                                                                           
  cycle =      1    SCF energy =  -558.32250778638   |dE/dxyz| =  0.725147
    4.76235130833097    180.07772375706395     -2.49934740071786      n 
    3.19326407997955    177.89525814525743     -1.81977014677464      c 
    4.68546299117237    175.92780375237592     -0.26663160469140      c 
    4.29946551803832    175.50100280405098      1.97690884695234      o 
    2.11308423551685    176.71806130010199     -4.24123429207823      c 
    5.65476627415925    179.98786012686941     -4.18991097784512      h 
    1.67670069345006    178.58770302204599     -0.59318385449896      h 
    1.14789774356517    174.96336010413600     -3.78559034074896      h 
    0.75472611559310    178.01359664113309     -5.07240157711992      h 
    3.57638267581642    176.33158148103340     -5.63094315541828      h 
    4.23182555463551    171.08439408035034      5.82703302046653      n 
    3.95711894195907    168.34674539850789      5.64965024895439      c 
    6.10698769236607    167.08520803501648      7.17506853128950      c 
    5.77073457219231    164.94853465925576      7.99362115711473      o 
    3.56922905965385    167.02506635697083      3.05626387724975      c 
    2.09329347145416    164.47262220451424      3.31313633091490      c 
   -0.74765676665698    164.77837441351883      3.08235205363889      c 
    2.81996063020546    162.55612031193482      1.31364535807907      c 
    4.89050233602253    172.10305998088430      4.34641309133352      h 
    2.26000250974503    167.90941645659530      6.75596619552397      h 
    2.53767560760264    168.29745276979588      1.80703720979998      h 
    5.41543920972719    166.62917034908116      2.22423904061939      h 
    2.58314230774013    163.66910621896338      5.15161578031528      h 
   -1.69506152531951    162.99830004354308      3.45732218463053      h 
   -1.45768873401703    166.19107669460325      4.39814990595023      h 
   -1.21159799648231    165.37623075640099      1.17454767462986      h 
    1.68339879230638    160.85905272932553      1.52638471029537      h 
    2.55470425410948    163.30796977046973     -0.57874704725596      h 
    4.79026716850985    162.00851083926020      1.51255589138505      h 
   -1.72352813535487    170.09420422034009     16.17567432659521      n 
   -3.19341489503914    168.22556485533789     14.83459415130575      c 
   -5.51387502119800    167.65646306362447     16.52064061161661      c 
   -7.48945648344753    168.57583069612627     15.74258135336352      o 
   -1.41540876340756    166.15408512376365     13.80212379175175      c 
   -2.31249298165231    164.60893007515099     11.43754618896511      c 
   -4.55969645483255    165.78863433908708     10.01000171946164      c 
   -0.10833203093421    164.18356077715814      9.59545821696873      c 
    0.03048075346246    169.62072570011796     16.76014006365277      h 
   -4.03177923310612    169.20484776084294     13.20866442579184      h 
    0.30925076107768    167.15097174413731     13.26166675964119      h 
   -0.92536098905686    164.84427209400496     15.31341339573057      h 
   -2.93333024911161    162.75013829411341     12.10823649772857      h 
   -5.09882874710074    164.55176236881383      8.46400777784745      h 
   -6.17712790171671    166.01610694117883     11.25348888820355      h 
   -4.03210190967012    167.61477234811639      9.23396581931733      h 
   -0.70598138362937    163.02215065533997      8.01814466290558      h 
    0.54190781440608    165.99685210018285      8.90845639172023      h 
    1.47008640885287    163.24311580452266     10.51365109982239      h 
  -10.25747036975852    172.35496281076027     15.72115016639226      n 
  -11.23690014684304    171.94537688939999     13.23487034231214      c 
  -12.84515554315391    169.63959187796544     13.28147362492485      c 
  -14.90870973480606    169.61050251611343     12.26074378385042      o 
   -9.14622374608463    171.90720112519574     11.26704048450608      c 
   -9.34354752791154    174.36000682720194      9.73627678029854      c 
  -10.05538692743524    176.70424437040248     11.28961049951391      c 
  -12.05237390359518    176.96634735608254     12.43865438114253      o 
   -8.36984733830021    178.60465501068583     11.24845409740396      n 
   -8.36396181933442    172.29150616373803     15.98951693861524      h 
  -12.59686259761049    173.44744031102167     12.81151729592462      h 
   -7.33778550556008    171.82907897554028     12.24036771194590      h 
   -9.31605438525457    170.28065662288662     10.01609131749161      h 
   -7.58612089680498    174.71660637080288      8.72361002473916      h 
  -10.87123501130793    174.14394150855992      8.36077910528506      h 
   -6.77075273472636    178.52515704359632     10.22988395060665      h 
   -8.86578921361814    180.23460620416685     12.09999680617417      h 
  -19.30229329015385    168.56361493103466     14.31140545684068      n 
  -20.76046832511284    169.53075051562121     12.25040936566322      c 
  -22.28951469475465    167.70074271539937     10.58960578578150      c 
  -24.33095805987582    168.48405831781207      9.81373745103862      o 
  -19.16866309996012    171.18197546017001     10.45995026789322      c 
  -17.73736738460757    169.79158710769244      8.37550369265679      c 
  -18.32971359785944    171.17173406582134      5.91242409055899      c 
  -20.54875167349406    171.88152079815373      5.54036638214575      o 
  -16.48422830810984    171.53226993030654      4.45959684983440      o 
  -17.42455223756214    168.66341120893972     13.90867457928937      h 
  -22.23708888681271    170.74681291690425     13.07237630468097      h 
  -20.53092342989190    172.42583542025218      9.52527245652997      h 
  -17.90929443207745    172.36547445009259     11.57732924691435      h 
  -15.70079522767097    169.83006643785112      8.58759728715478      h 
  -18.34849431606339    167.84431840211730      8.15803020806298      h 
  -21.44430736063753    165.39286267573178      9.85411059972607      n 
  -23.02188671882840    164.07382773817608      8.02984168499606      c 
  -23.72732417904730    161.41217399251059      8.81090260152146      c 
  -22.19200708983603    159.94174371173850      9.74022695608651      o 
  -21.95573252202863    163.96004729625005      5.33362518374278      c 
  -23.94795037810204    163.15991868849392      3.77884562575497      o 
  -19.84463290089223    164.63737332685082     10.57797862478067      h 
  -24.74651908020386    165.22155732920194      7.94415112754467      h 
  -21.20467007217960    165.80825782857715      4.78991356865939      h 
  -20.47700962981667    162.53362055391420      5.18516596366972      h 
  -25.02569816038581    164.57775599862325      3.38120656129479      h 
  -21.98803335388978    154.71706745372998      0.64741038532155      n 
  -20.50559297823947    156.29562362184649     -0.98041892181837      c 
  -17.66922795605389    156.20454866805881     -0.31458304444148      c 
  -15.99101427166391    156.28039028547826     -1.90587698515239      o 
  -21.54289800548119    159.04941391623669     -0.51642443346866      c 
  -23.95530254191195    158.94013472574389      0.66644152282734      o 
  -21.53428042032645    160.51560224715629     -3.02341829522304      c 
  -23.21483574766610    155.79535163585831      1.67905084715847      h 
  -20.74215632527369    155.71548867217010     -2.95609391605376      h 
  -20.22735183972191    159.95713232821080      0.80513400084501      h 
  -24.11697105049450    160.39417732935087      1.79828358100649      h 
  -22.04547089003787    162.47140897834501     -2.67847367118534      h 
  -19.61916684212773    160.43195626433382     -3.75922169444696      h 
  -22.82682746703818    159.66569905762768     -4.36614598348387      h 
  -17.33536313238404    156.25072313783855      2.19358437152042      n 
  -14.96356923443763    155.87796196061035      3.47856356242519      c 
  -13.89160976664039    153.35301672845881      2.69320442567770      c 
  -11.90134881003768    153.31153993484151      1.52591334971575      o 
  -15.31883773255865    156.01775705838156      6.33439038196766      c 
  -16.89269892360832    158.28410694442920      7.27960856934782      c 
  -16.59979209367387    158.62819506303049     10.12983688735982      c 
  -16.08456109187307    160.71743018719286      5.97414768049557      c 
  -18.87202026802890    155.76208853041041      3.23142821292056      h 
  -13.63108150546756    157.32098989249843      2.82044086966246      h 
  -16.20436538864123    154.26982828249271      6.98070179773031      h 
  -13.43379112227914    156.09389060123257      7.17573585323753      h 
  -18.89016181931174    157.91568722832119      6.89544217130570      h 
  -17.71114370938767    160.22846517289878     10.75957183496509      h 
  -17.25376314639824    156.94974421293162     11.12237526268608      h 
  -14.62428209405673    158.94009470796232     10.61271562292756      h 
  -16.91842833288037    162.33012716098196      6.93025150891782      h 
  -14.04051009807186    160.90518526287394      6.11161840608948      h 
  -16.60882183580602    160.73027120477553      3.99143985004193      h 
  -13.28586811062138    152.77209856901260     -4.68009704196284      n 
  -11.20131971449416    154.29621881427786     -5.55500109301749      c 
   -8.58576995069667    153.51180391897415     -4.52176493014836      c 
   -6.61404410631704    153.78447329766212     -5.73206285432598      o 
  -11.59260831087111    157.10539772117195     -4.92961194420939      c 
  -10.67571675207661    157.90930669791067     -2.28071223657645      c 
   -7.22900754767883    158.40434813695509     -1.57599782273335      s 
   -6.39132392914994    161.07701967975723     -3.63193910354349      c 
  -14.40375368945370    153.62606499927833     -3.37354369384656      h 
  -11.07719601669958    154.05657815776135     -7.60424341476805      h 
  -10.61965757183141    158.22122542075977     -6.37284873087706      h 
  -13.60115410665984    157.50500662443434     -5.02232023915767      h 
  -11.55503822783315    159.71009537598044     -1.83283057287836      h 
  -11.19739317161890    156.50484027639436     -0.88781022582112      h 
   -4.44284306377791    161.48180438139011     -3.17783662208010      h 
   -6.63487427067444    160.45251815828217     -5.56108288855799      h 
   -7.64297703174169    162.63271611293351     -3.17868512225941      h 
   -5.62028911862161    148.04675977894439     -8.64632545415878      n 
   -4.62579323911235    149.73878436839860    -10.58259382744451      c 
   -1.96920169812286    150.39216687372397     -9.72443764628133      c 
   -0.01158390592974    149.42685854017992    -10.55087064814539      o 
   -6.22505628378665    152.16898275693100    -11.00114745350169      c 
   -9.03415933462447    151.71659771529110    -11.79886729694318      c 
  -10.49114142319721    154.17225169709675    -12.40122998199129      c 
  -13.37981967479102    154.08598571771586    -12.23267746595914      c 
  -14.56552266323765    152.61666261641707    -14.28189522920921      n 
   -7.15778356802407    148.75631565763049     -7.75995330203720      h 
   -4.47599666187470    148.66504302225687    -12.35650224444641      h 
   -6.22089063823340    153.32783479263642     -9.31173180589809      h 
   -5.26898760388910    153.19905132677093    -12.50811408373822      h 
   -9.05381471531864    150.48938383803568    -13.45605045745919      h 
   -9.99990348810529    150.70137811458491    -10.28167263366533      h 
   -9.84763917444223    155.65017719261030    -11.11383934260516      h 
  -10.01466734738375    154.78831186547964    -14.30573853475866      h 
  -14.02253632289490    153.30207679426741    -10.43497853082349      h 
  -14.08646339073603    156.00820331036147    -12.42905696628007      h 
  -16.46611690513685    152.95925345525998    -14.28065928683330      h 
  -13.84796792080597    152.90852294541153    -16.29114519584610      h 
  -14.29556080149778    150.72977383627557    -13.96902701128919      h 
  -20.54313823991605    177.03233467137269     -2.43447914825365      n 
  -18.01949472677643    177.01675817135455     -1.15537637048123      c 
  -16.20785024700419    178.72204418591230     -2.72754792770196      c 
  -15.92482072944707    178.17783621049779     -4.95254017321153      o 
  -17.03645931573099    174.24227742004638     -1.13825852739779      c 
  -14.79826317121034    174.03892736641782      0.24530439630002      o 
  -21.66349197053555    175.60702434794723     -1.70338227799131      h 
  -21.45208960642035    178.73775302192692     -2.14270154994944      h 
  -20.26913782708652    176.80438794970138     -4.36440998522877      h 
  -18.20002157443425    177.68414369959888      0.78656718034331      h 
  -18.48623627213309    173.02272411082063     -0.30661781044786      h 
  -16.62836432446096    173.66341882661399     -3.07871814106298      h 
  -15.21945383537456    173.29773181598921      1.89957577220911      h 
  -15.26863298831095    180.79506088583625     -1.55283791408573      n 
  -13.38563279797775    182.29300960268020     -2.91870075463938      c 
  -11.30904000428892    180.29643914970953     -3.70009073878194      c 
  -10.95149231374757    179.66230202749077     -5.88380038949520      o 
  -12.45343082051561    184.81090882420006     -1.67361421823001      c 
  -13.01310356816920    185.51422523031317      1.08307993374470      c 
  -10.59842607144532    185.30012330480719      2.79791456760633      c 
   -9.14566688107497    183.47394009806845      2.39301312134992      o 
  -10.34506157804287    186.95901449525630      4.44662849854886      o 
  -15.20637351990522    180.85620178066611      0.35433736778485      h 
  -14.27362089973405    182.79067017184374     -4.72592575349893      h 
  -10.39146681643123    184.79088317381590     -1.87663026241906      h 
  -13.14326178074999    186.34044999911751     -2.86561559240093      h 
  -13.64186595659836    187.47112837690722      1.22005365083148      h 
  -14.45760993603542    184.33059113594564      1.95441123433762      h 
  -10.34960420748239    179.15453162405356     -1.64272972292876      n 
   -8.69449471865061    176.94719822937972     -1.57457950744142      c 
   -9.52130662247278    174.62758019911891     -3.20791588020997      c 
   -9.42900843679488    174.63588543487299     -5.50942052290758      o 
   -8.42023723525081    176.43823757902979      1.24550954551600      c 
  -10.25041396865769    180.22887301109651     -0.05464870561520      h 
   -6.84193480139339    177.44000036207152     -2.39371570634006      h 
   -7.12558067933607    174.88371682581371      1.61567608366240      h 
   -7.65955611754745    178.12749892654119      2.13638926396799      h 
  -10.24874170915810    176.02795378660073      2.08949033883278      h 
  -10.15429888276000    172.51411544441649     -1.96877212694287      n 
  -10.31052221537260    170.03772829391801     -3.12006063582551      c 
  -11.75727270007785    169.75880786336134     -5.55854398316360      c 
  -11.52068147372773    167.76721282297734     -6.72632000078764      o 
  -11.73461986310599    168.07415596146367     -1.48792677126753      c 
  -10.59931901249876    167.25068709566244      1.05795566650011      c 
  -11.86773121543431    164.79935430067422      1.90856003317301      c 
   -7.76155352820717    166.82596437250535      0.88697827907420      c 
  -10.62912808082494    172.60988302709757     -0.12344254475334      h 
   -8.39944167366527    169.33844508303324     -3.45585648068097      h 
  -13.63014239878713    168.80590340465500     -1.12542951524410      h 
  -11.90115875935410    166.38463428738416     -2.66150075534236      h 
  -10.98992088567827    168.71205914932929      2.46828396027448      h 
  -11.21489843894653    164.29743399328990      3.78668388055828      h 
  -13.90725652307887    165.03492388353953      1.96934497449872      h 
  -11.39787812008400    163.26793485683797      0.62064783906247      h 
   -7.08278265075109    165.91174921821093      2.59525534090410      h 
   -7.31015522567996    165.61926518516688     -0.70840951650114      h 
   -6.75107921115129    168.60671221340843      0.69199182954309      h 
  -13.54405261858758    171.42299862412833     -6.21235979471227      n 
  -15.33899748526609    170.64322417633744     -8.15296061229086      c 
  -14.01623925430961    170.10139123533011    -10.71410998877767      c 
  -14.93618370562635    168.78670429715746    -12.36975906882318      o 
  -17.45569436694993    172.60102497148119     -8.43813091779492      c 
  -20.04716034245311    171.42659402163275     -9.07448343736464      c 
  -21.50810314997285    170.30653484694338     -6.82180906129640      c 
  -23.85351234499381    168.79309114265419     -7.61182756549289      c 
  -25.88892801894020    170.44000653334953     -8.66274578824495      n 
  -13.51201179733233    173.21968097816600     -5.57342776747436      h 
  -16.11368607713793    168.82482309991931     -7.52653021352429      h 
  -17.55352939164468    173.73279739930624     -6.72216473474314      h 
  -16.92664722932350    173.89716202185258     -9.95468056526087      h 
  -21.14143634743489    172.94524916168925     -9.93867850538400      h 
  -19.71999362935588    169.98464326433830    -10.51127549679667      h 
  -20.26383976023460    169.03268313740466     -5.78985644621237      h 
  -22.05550482687030    171.81841612676254     -5.53917461381466      h 
  -23.32275851668305    167.41677095364983     -9.05031838783095      h 
  -24.60542100486329    167.80116628688845     -5.97216970188780      h 
  -27.41996878777444    169.38316254311459     -9.23532189572923      h 
  -26.48140661599858    171.73473991153742     -7.33035727612332      h 
  -25.21543199210790    171.41995063714569    -10.20912112549961      h 
  -11.79155266630316    171.28454159330278    -10.78006615439220      n 
   -9.78739579625927    171.47368497750642    -12.63596325057505      c 
   -8.20743932930905    168.95980727932263    -12.84493479727379      c 
   -7.66900487617325    167.84593590831929    -14.79757538239644      o 
   -8.24009795942479    173.90656692126188    -11.75245567411570      c 
   -6.25381500539158    173.36866398661954     -9.65583103967846      c 
   -9.97964563840102    176.13196336252244    -10.96028836915630      c 
   -4.66108101905210    175.63076195129776     -8.76904775499990      c 
  -11.41592531564943    172.41191171366663     -9.28233461921625      h 
  -10.58820471877420    171.84167024448482    -14.50707216519470      h 
   -7.18960271063046    174.50202054544070    -13.43401880666603      h 
   -7.25829566145756    172.62928080961001     -8.03401011241488      h 
   -4.94730395255458    171.93993554673909    -10.36589324397651      h 
   -8.94466628894824    177.87471114216058    -11.29216024154175      h 
  -11.68087142444481    176.19527720352156    -12.10385507627444      h 
  -10.44465950143058    176.12927619924562     -8.97089581268099      h 
   -3.16923534847284    174.94301265383172     -7.53636938858635      h 
   -3.77936205403082    176.55462345887653    -10.38057767618359      h 
   -5.79888936440693    176.99804420450721     -7.75185450089069      h 
   -7.58302663799272    168.15596109628748    -10.53725182181865      n 
   -6.48102495787517    165.81049927013115     -9.76838678801126      c 
   -8.30766086622845    163.55460483997368    -10.14856241252695      c 
   -8.17408602554086    161.65257691760979     -8.85098668733422      o 
   -5.86004763772351    165.90151077429141     -6.92313387389322      c 
   -3.54377085780292    167.41563757690574     -6.01443241363017      c 
   -4.11511842591271    169.92736211265014     -4.71081665111611      c 
   -2.09329580696646    165.78606675445579     -4.08613792436961      c 
   -8.64520575827465    168.95526703490623     -9.16059128825755      h 
   -4.79913763622420    165.41142365905898    -10.91370607629663      h 
   -7.58299857423957    166.48384228453054     -5.96887689882970      h 
   -5.52754867830111    163.94537071453146     -6.42672303265639      h 
   -2.33788531918397    167.76690817553273     -7.65265812593686      h 
   -2.39684999824067    171.05059519885643     -4.65241971905596      h 
   -5.54628270874678    170.99689317318737     -5.68554973053831      h 
   -4.68382369246177    169.58718843020580     -2.76678414166928      h 
   -0.42589831940246    166.79119863654006     -3.43190251580350      h 
   -3.29572869646742    165.36219628541863     -2.48199287456154      h 
   -1.48147755290921    164.02269358229793     -4.94713780425863      h 
  -10.04317328072639    163.78739319845303    -11.98896364934502      n 
  -11.62633167116818    161.67443539032649    -12.68052306518236      c 
  -10.68801660543766    160.59159630914601    -15.18357843570224      c 
  -11.34135053063316    158.48795324727297    -15.85109351410905      o 
  -14.52896046024351    162.30220024326064    -12.82291922578079      c 
  -16.33744170318279    160.32049183972873    -11.68231697692376      c 
  -17.56883351393444    158.84951411234110    -12.96499603063064      o 
  -16.49357036298196    160.36791005456280     -9.14632227186029      n 
  -10.23758748628012    165.39076619184277    -12.98071336398696      h 
  -11.30123603761809    160.23853449220400    -11.21532258831379      h 
  -14.83220804669498    164.10632869522777    -11.87535049956606      h 
  -15.04118281499851    162.52386564494475    -14.80833378119839      h 
  -17.56959796722936    159.08165822318216     -8.24141067116149      h 
  -15.37174969102036    161.50935090804924     -8.12152893153421      h 
   -9.09282690340851    161.93484960483755    -16.64853063678511      n 
   -9.09049411495876    161.08332274860035    -19.27280564909384      c 
   -6.50332215900585    160.16934024753826    -19.74739839085300      c 
   -4.91861381798606    161.44746222579559    -20.87447244501776      o 
   -9.83801760396885    163.14093812383399    -21.11069882745907      c 
  -12.30700562095204    164.21657187876895    -20.10503862467560      c 
  -13.76208525022409    162.91432618646539    -18.87062795385425      o 
  -12.64881884531471    166.71294300382448    -20.52584060433738      n 
   -8.62345756826361    163.75853749592338    -16.29919307681513      h 
  -10.45749032639838    159.53028077396979    -19.38580988948769      h 
   -8.42098994597765    164.63143407371663    -21.12391953085815      h 
  -10.12226713842541    162.37720214829341    -22.99940921781106      h 
  -14.28026886642862    167.53383087568807    -19.98339670718277      h 
  -11.48808430071239    167.69749218173132    -21.66221255047883      h 
   -5.91725997050591    157.94289671479839    -18.83348882678746      n 
   -3.76638225081705    156.69808660183168    -19.91138123471141      c 
   -2.44111806391681    158.23538562484714    -22.02849438787298      c 
   -0.19293578034702    158.70158714662077    -21.59966035539774      o 
   -4.48697145054948    153.98923417703173    -20.71043253880562      c 
   -2.24817684115905    152.90213749642228    -22.17172651296467      c 
   -6.89601736117686    153.71565487035480    -22.28164411788972      c 
    0.13228920607813    152.87422412009920    -20.55311930901944      c 
   -7.27418049010647    156.86341733826583    -18.02461669970474      h 
   -2.29557035481835    156.54772692329976    -18.46044042028564      h 
   -4.73022695344089    152.88842954702929    -18.98294438313544      h 
   -2.69761688304596    150.97712746443415    -22.75225784550909      h 
   -1.96448788993692    153.96388329479615    -23.91549756956676      h 
   -6.87320730297443    151.86433662039823    -23.17879892287889      h 
   -8.59444867018662    153.82132867557462    -21.12438974815358      h 
   -7.04613153293851    155.11443921305312    -23.77949234628865      h 
    1.52598049753687    151.61356784718981    -21.37133115772964      h 
    0.94223406916616    154.73638822518566    -20.30938097869134      h 
   -0.35686124759027    152.10597037238526    -18.71277151024970      h 
   -1.17206026388965    163.61181377616265    -23.72043259757610      n 
   -0.57970947107591    165.87971387583815    -22.35584497810809      c 
    0.81046476902655    165.31472059022340    -19.88571396983310      c 
    1.82989499718865    166.79166647164695    -18.42466518988363      o 
   -3.10739950711412    167.09156937526001    -21.53572610225164      c 
   -3.78974262858536    166.00000379778226    -19.20113411978436      o 
   -5.12505754574564    167.10637877202058    -23.64425215078214      c 
   -2.97160742338021    163.03703457287639    -23.44376206453014      h 
    0.50101804809224    167.16086651833831    -23.55940773551003      h 
   -2.69957507603407    169.06521885445343    -21.05050877998801      h 
   -4.29684436024330    164.26155139697426    -19.51690434751486      h 
   -6.67251041947645    168.31575138546202    -23.04562605203406      h 
   -4.27330797113240    167.93519606719306    -25.31458786853388      h 
   -5.87090107821338    165.25687585120343    -24.11089649241542      h 
    7.15523537160308    167.85010686116786    -18.04942287675022      n 
    8.36030376002929    169.24343075532008    -16.00770797463973      c 
   10.39240556519757    167.55881756540333    -14.77008604337987      c 
   12.06790278610990    168.35649847652184    -13.38572306432820      o 
    6.47247062732817    170.49644412762561    -14.19726334158804      c 
    7.70111951673812    172.84038832583244    -12.82103417558041      c 
    6.39741753320995    175.48427030953675    -12.26545262356890      c 
    6.58850585794257    176.71220560535804    -10.27550185225268      o 
    5.18783294599621    176.44885212074306    -14.27302675156525      n 
    5.28063529430573    167.42931029991729    -17.99626817486451      h 
    9.47543961223882    170.76189206902049    -16.90738043486600      h 
    4.84348084874244    171.05401386144220    -15.33288370006678      h 
    5.83020834757714    169.15117095451157    -12.77949833388532      h 
    8.49914408396914    172.17845267311750    -11.04410860058499      h 
    9.32494965184256    173.44064802274383    -13.96121160119390      h 
    4.97854753301380    175.45663044175404    -15.87717481586416      h 
    4.31619568875654    178.13716760731555    -14.11565431666508      h 
    3.79606470939435    181.47618894810410     -2.55544811940710      h 
    6.05475856577813    174.91705815287679     -1.08790325627371      h 
    2.71710169632006    171.78723142600649      6.14982284556219      h 
    7.72547644828880    168.01423467081713      7.47250393620467      h 
   -1.49868350900037    171.45792911037032     15.18458336663975      h 
   -5.31186305190061    166.61927166295845     18.08732160202803      h 
  -10.71540727524837    173.90022998966359     16.26429389426144      h 
  -12.23706775797585    168.08106985814169     14.16028106857804      h 
  -19.61805724852954    169.47944573582018     15.70929995631332      h 
  -25.49840829857277    160.79652184298320      8.57574810773237      h 
  -22.87268626565699    153.60719356874858     -0.28967614065654      h 
  -14.80904355961932    151.75981936260828      3.13035606084056      h 
  -14.28472098687688    152.36737874110466     -5.99579334607084      h 
   -8.44085622500105    152.74556255837601     -2.80044614710012      h 
   -6.06869419445575    146.56925332430197     -9.35939595325770      h 
   -1.70329361885278    151.69961225847084     -8.38617622835872      h 
   -3.40917749337906    158.75527495229105    -23.56590786232954      h 
   -0.96056706820697    163.88009544986872    -25.38652309454870      h 
    0.97285519808618    163.53233990081131    -19.27923842211209      h 
    7.32117767758955    168.71669341290288    -19.50340116825882      h 
   10.39185342393587    165.69479860113415    -15.08072596222294      h 
  -0.7706977973592D-01   0.1020312600200D+00  -0.1351942969331D-01
  -0.9540994279404D-02   0.2834054742348D-02   0.7017677472620D-02
   0.5546345054331D-01  -0.4061115299787D-01  -0.5089818490381D-01
   0.4380878265979D-02  -0.8585426978337D-02   0.2142345131225D-01
   0.5691872153115D-02   0.8132823134246D-02  -0.5615483930328D-02
  -0.1561417331183D-02   0.1322102988033D-01  -0.4066668774404D-03
  -0.3503323244196D-03   0.1199554881013D-02   0.1238479673641D-03
   0.1480011580101D-02   0.1635392014891D-02   0.1699577090922D-02
   0.3304667840364D-03  -0.5387856771034D-03   0.3100303918080D-03
  -0.2259013608207D-02  -0.3630726448013D-03  -0.2094875907447D-02
  -0.1109639483863D+00   0.5098995998299D-01   0.2792974093086D-01
  -0.8405546563045D-02  -0.1303134696547D-02  -0.1004604719210D-01
   0.8314696960912D-01   0.5700195726326D-01   0.1977444501363D-01
  -0.9762214793492D-02  -0.1448784689637D-01   0.1623937825939D-02
   0.1186689765894D-02   0.9020673285772D-02  -0.2284139445056D-02
  -0.5169347395313D-02  -0.6570032108494D-02  -0.1782521739507D-02
   0.4334298484091D-02  -0.1131428944945D-01  -0.4601844316689D-02
  -0.1166261243586D-01   0.3049101301695D-02   0.4191200261521D-02
  -0.9746190597387D-02   0.1095482997283D-01   0.5694479843854D-02
  -0.5867186555130D-03  -0.2533450123455D-03   0.1197447541711D-02
  -0.4263103555105D-03  -0.9805740506622D-03  -0.7108326138780D-04
   0.4570685234351D-03  -0.1603075728491D-02   0.1034478086322D-02
   0.3836884671289D-03  -0.6086403372000D-03   0.1802464281400D-03
   0.2135894810860D-03   0.1745148576426D-03  -0.1100951309644D-03
   0.1242520329116D-02   0.2271902307382D-03   0.2728108480991D-03
   0.8927551194594D-03  -0.2996999264087D-03  -0.3653372128977D-03
   0.3183963744538D-03  -0.2930477525705D-03   0.9112106960794D-03
   0.1073496806307D-02  -0.2038304654058D-03   0.6851225204641D-03
  -0.2091883431930D-02   0.4278291476221D-03   0.8773444746057D-03
   0.1166594037868D-01   0.8254458872275D-01  -0.8541595912746D-01
  -0.4563777485411D-02   0.6649002620426D-02   0.8030194643327D-02
   0.9529014009858D-02  -0.4563940343487D-01   0.9312602495673D-01
  -0.1511712935803D-01   0.2478426963132D-01  -0.2076639366303D-01
   0.9076558979408D-02   0.8313698047577D-02   0.8081549106978D-02
   0.4350047560855D-02   0.3905640303821D-03  -0.5473908561335D-02
  -0.7248084222318D-02   0.1736317556203D-02  -0.4396482857787D-02
   0.6005356091452D-02   0.2819101219214D-03  -0.1064917032654D-01
   0.2032295582286D-02   0.1440520240746D-01  -0.4472209673572D-02
  -0.3945411232823D-03   0.1787211480345D-02  -0.2429153673489D-03
  -0.3082844284293D-03   0.2330466320415D-03   0.4296242335934D-03
  -0.8498215268971D-04   0.2273539383891D-03  -0.5394097935206D-03
   0.7816150173712D-03  -0.6814611278530D-03  -0.2786181251767D-03
  -0.3649730369112D-03   0.1475807985810D-03   0.3746071551319D-03
   0.2750102840479D-03  -0.2970318699380D-03   0.2054105557935D-03
   0.7103007104922D-03  -0.5435046041938D-03   0.8494581787657D-03
   0.9961820036497D-03  -0.3535173845346D-03  -0.2741057920679D-03
  -0.2035968125641D-03  -0.5773588088223D-04   0.6780413001534D-03
  -0.3426863313003D-04  -0.6050191237355D-03  -0.9549135487050D-03
  -0.3373673031796D-01   0.9838024734375D-01   0.1290452713515D-01
   0.6261196973066D-03   0.6494332322459D-02  -0.3778285680724D-02
   0.2625601949081D-01  -0.4458842185035D-01   0.4022379421206D-01
  -0.1950482233212D-01   0.1605822654989D-02  -0.7671323716635D-02
   0.2293084239740D-02  -0.8324678792885D-02   0.1035238857845D-01
   0.9510214202065D-03  -0.7576385697276D-02   0.3600390446497D-02
  -0.3423685563366D-02  -0.3723363914852D-02   0.4398868038474D-02
  -0.1692267291975D-02  -0.3712372690966D-02   0.3887628889280D-02
  -0.5911567453017D-04   0.4734805973539D-02   0.1220084320075D-03
   0.7496045142274D-03   0.9271690126362D-02   0.9470267100064D-02
  -0.1458803367909D-02   0.2178426688809D-02   0.1532621140329D-02
  -0.2031608088059D-03   0.1848659240793D-02   0.7032682326074D-03
  -0.1183844060691D-02  -0.2832464936427D-03   0.7705169689432D-03
   0.5735683470921D-03  -0.6927861466846D-03   0.2651817122985D-03
  -0.5428365809876D-03  -0.7394962520011D-04  -0.6270801963270D-04
  -0.9791719658395D-03  -0.9730084396122D-03   0.7255235767071D-04
  -0.1923267229804D-02  -0.4134646616567D-03   0.3956327140198D-03
  -0.2539709657187D-01   0.8991111023413D-01   0.9526584487570D-01
   0.3469642799659D-02  -0.2479702611268D-02   0.6055332547769D-02
   0.1683269082304D-02  -0.3429122781011D-02  -0.3920315925433D-02
   0.1086629766739D-02  -0.1859015301039D-02  -0.1277452022102D-02
   0.1102105513975D-01  -0.1704708173751D-02   0.5207973403404D-02
   0.5592586399343D-02  -0.5176392430156D-02   0.1606400485219D-02
   0.1442935282530D-03  -0.6781676894636D-02   0.8362372874625D-02
  -0.6025403992571D-02   0.4142841261553D-03   0.1105357564649D-01
   0.3162019257714D-02  -0.1922698822063D-02   0.5871542589945D-02
   0.6315890898059D-02   0.4684744899989D-02   0.1939188638957D-02
   0.1278319609541D-02  -0.4448353511365D-03   0.3622804825687D-02
  -0.2954450328385D-03  -0.1822885738780D-02   0.1713878267629D-02
   0.5177516107062D-03   0.1421668965986D-03   0.1348909190513D-03
  -0.6532501028360D-03   0.7304844509645D-03  -0.1744566831768D-02
  -0.4847301770528D-03   0.5098732895395D-03  -0.1598514685309D-02
   0.1759484585905D-02  -0.6770087121424D-02  -0.2008658657500D-03
   0.2411482068747D-02   0.1109073256960D-03  -0.1082497628772D-01
  -0.9358146936034D-01   0.8038100566587D-03  -0.2976070668192D-01
   0.1564738711344D-01  -0.1885518823249D-01   0.9871430586145D-02
   0.2795291976794D-02   0.3522478302608D-02   0.3853441443436D-03
  -0.2781935779992D-02  -0.2375491025150D-02   0.1187318244809D-01
   0.3922645567229D-02  -0.8377332106554D-03   0.1035525871017D-02
   0.8587818213503D-03   0.5470151255928D-03  -0.5436867759770D-03
   0.2456724171221D-03  -0.1527525541760D-03  -0.4487837177031D-03
   0.2796941313466D-03  -0.4842076639167D-03  -0.3132979186102D-03
   0.2015604944041D-02  -0.4866247681748D-03  -0.1498604188003D-02
  -0.7055083126799D-01  -0.6033833127805D-01  -0.8175817004771D-01
   0.7779638129541D-02  -0.1378056463439D-01  -0.2457990781966D-02
   0.8923171991527D-02  -0.4735945581534D-02   0.1501239569205D-02
   0.1200288847042D-01  -0.3110219746979D-02  -0.8097120895855D-02
  -0.7248880960172D-02  -0.7543867915995D-02   0.7841840975287D-02
  -0.4698592531768D-02  -0.1113283808759D-01   0.7065390008420D-02
  -0.1966626349317D-02   0.7061333451110D-03  -0.7411069189888D-02
  -0.3233169357235D-02   0.4218739199753D-02   0.2277929808400D-02
  -0.2323752821100D-02  -0.4165318652402D-02   0.1745213021830D-04
  -0.6868537057608D-03  -0.2151900608632D-02   0.7810508839460D-03
   0.2480563327477D-03   0.4883317488593D-02   0.4735864403550D-02
   0.1071058984936D-02   0.1303729816476D-03   0.1023609938670D-02
   0.4800091332004D-03  -0.1068076008182D-02   0.8200105718974D-03
   0.1763573561465D-02  -0.1835654651099D-03  -0.8024539537956D-03
   0.6908433956369D-02   0.7764061574832D-02  -0.2932977038098D-02
   0.9640817031173D-03  -0.6531135906257D-02   0.5858004800071D-03
  -0.6476617156144D-01  -0.6538446731894D-01   0.2843870890590D-01
   0.1325765528964D-01   0.9226216162838D-02  -0.9222040525285D-02
  -0.1102346244841D-02   0.1371384900609D-02  -0.7483817176135D-02
  -0.1466868901715D-02   0.7804380030312D-03   0.2662065429775D-02
  -0.3558902003328D-02   0.7735613916430D-02   0.1417352062793D-02
  -0.5326075619754D-02   0.1378649103283D-03  -0.3325204966021D-03
   0.2782084201412D-02  -0.8740721585417D-03   0.3018327350949D-02
  -0.4335468217780D-04  -0.6806330236850D-03  -0.4172009528048D-03
   0.1031579696744D-02  -0.1756246045356D-03  -0.9584152206156D-03
   0.9982243557717D-03  -0.9753339828328D-03  -0.6715004548733D-03
   0.2717872618305D-03  -0.1187533527784D-02  -0.5006224858457D-03
   0.1625396375834D-03   0.5777829214784D-03  -0.1321351445541D-02
  -0.7057307265064D-04  -0.1240882868874D-02  -0.5802613896192D-03
   0.7107510006084D-03  -0.9585396341220D-03  -0.3879351074361D-03
  -0.6507770138953D-03  -0.1316697329426D-02   0.1114384668988D-02
   0.2669883320966D-03  -0.1249330812647D-02   0.7581176147707D-03
  -0.2074914297532D-03  -0.9281232576769D-03   0.3533082927154D-03
  -0.7292528076436D-01  -0.1729456619063D-01  -0.1028527079873D+00
  -0.1367280742152D-01  -0.3064240295878D-03  -0.5280998285537D-02
  -0.1363453316332D-01  -0.3264418476400D-01   0.7783290320523D-01
   0.2737910844384D-01  -0.1649679782762D-02  -0.1241083057173D-01
  -0.2226757598992D-01  -0.1032620633019D-01  -0.1547288148977D-03
  -0.4670182684712D-02  -0.4089222752944D-02   0.7040812145874D-02
   0.1414381197249D-01   0.4710082223369D-02   0.7137726492490D-02
   0.8436459375279D-02   0.1609835607008D-01  -0.1036845743970D-01
  -0.1145864861887D-01  -0.1063998917856D-02  -0.2544795619227D-02
  -0.3015665306037D-02  -0.3732075123424D-02  -0.2051626467513D-02
  -0.9563848943176D-03  -0.3223626240122D-02  -0.2386580994767D-02
   0.7497403329752D-03  -0.8808225685679D-03  -0.1008410014540D-02
   0.7106174685924D-03  -0.1030738740377D-02  -0.2099129710579D-02
   0.5363848766354D-03   0.8455690920609D-03  -0.5966805232647D-03
   0.4291190466696D-03   0.1035163905583D-02  -0.5234330743000D-04
  -0.1350405467204D-02   0.5351671083671D-03  -0.7205831591699D-03
  -0.4875209304724D-03   0.5686634021428D-03  -0.3205146196633D-03
  -0.2815642345008D-01  -0.1104769682840D+00  -0.5459350753446D-01
   0.8979097666260D-02  -0.6772101982481D-02   0.4736210210871D-02
  -0.2369231931248D-01   0.5460635960370D-01   0.6107754577163D-01
   0.2884563589271D-01  -0.3372660243246D-02  -0.2330478408094D-02
   0.7760209424485D-02   0.3409010159042D-02   0.1336534227667D-01
  -0.3549455969765D-02   0.6974743284276D-02  -0.6808596335283D-03
  -0.6169137610130D-02   0.1602604773751D-02   0.2800373995277D-04
  -0.6839960555116D-02  -0.3947843653996D-02   0.2628600722717D-02
  -0.1372391498932D-01   0.9194153970832D-02   0.4723935436385D-01
  -0.4004833612659D-02  -0.6952083319518D-02  -0.3971753941073D-02
  -0.1295310628626D-02  -0.2757384031950D-02   0.5283398239645D-03
  -0.3184936937487D-02   0.1905147741351D-02  -0.8747055260421D-03
   0.6919741082247D-03  -0.3169979135199D-02   0.1955463812225D-03
  -0.1509981073306D-02   0.6000121965783D-03   0.3231472853543D-03
  -0.1698739053100D-02  -0.9041165347749D-03  -0.1642563043377D-02
  -0.9039502483878D-03   0.4925225977356D-03   0.1219841095671D-02
  -0.1477850077428D-02  -0.1671408282518D-02  -0.1072475017463D-02
  -0.8654182505619D-03   0.4244759805672D-03   0.1768287913236D-02
  -0.2064298846034D-02  -0.1978108498959D-02  -0.1489891681561D-02
   0.4548342600156D-02  -0.3251020040086D-02   0.2482917650831D-02
   0.1364004584977D-01  -0.3528281224819D-02  -0.5118841997488D-01
  -0.1275467233846D-02   0.6487853980480D-02  -0.1210503785064D-02
  -0.4482808972551D-03  -0.3640868333623D-02  -0.5576803403014D-03
   0.1316036626364D-02  -0.1962212012437D-02  -0.3765533186287D-03
   0.1869287672579D-02  -0.5439086925177D-03  -0.7503205372238D-03
   0.3600975911159D-02  -0.4062911491942D-02  -0.8009234105345D-02
  -0.3062926963652D-03  -0.2862031486666D-02  -0.4018844279550D-02
  -0.5523543242541D-03   0.1181482257101D-02  -0.4027785606560D-02
   0.6487299445625D-04  -0.1661354900365D-03  -0.9875060678662D-04
   0.2720308725061D-04  -0.1347620819800D-03   0.2852011624649D-03
  -0.4859151671456D-03   0.8073879992170D-04  -0.2711551368468D-03
  -0.2590798621813D-03   0.2825752551587D-03  -0.3842564875237D-03
   0.3698990810136D-03   0.6787425035682D-04  -0.4382580011829D-04
  -0.1535109856554D-04   0.2606822820655D-04  -0.1646102169938D-03
   0.2091311670623D-03  -0.1381023965698D-04  -0.9123946416689D-04
   0.3702140306400D-03   0.7597209047515D-02   0.6282369862027D-02
  -0.9886503897963D-03   0.4108095059032D-02   0.5129906875345D-02
   0.2093211968279D-02  -0.2700509807073D-02  -0.3987081477565D-03
   0.4224941801558D-03  -0.8821024480937D-02  -0.8880217070445D-02
  -0.4188010466409D-02   0.9129734230163D-02   0.8212415512807D-02
  -0.2574683652592D-02   0.6920867483520D-02   0.4866032591751D-03
  -0.3406426878147D-03   0.4082176422480D-02   0.1048022785376D-02
   0.5240080746909D-02  -0.9017492369010D-04   0.1436542320617D-02
   0.1611108849877D-03   0.1025198722040D-02   0.2795969972813D-03
   0.5176597808194D-03  -0.5564236717241D-03   0.3742820380991D-04
   0.2014189549439D-03  -0.2916849724303D-03  -0.3891429203675D-03
   0.4592824469981D-03  -0.1026695632137D-02  -0.1748777434522D-03
   0.6571852616710D-03   0.5291144167891D-04  -0.5359206624850D-04
   0.3536635323179D-03   0.1069124112768D-02   0.5633486378163D-03
   0.4237401849236D-03   0.9477055002050D-04  -0.3482087466204D-03
   0.2736757844580D-02   0.1710589600731D-02   0.7488135135096D-02
  -0.9850724617470D-03   0.4843512532332D-03  -0.6544505838957D-03
   0.2764393068318D-02  -0.4775885812683D-02  -0.7555082627713D-02
  -0.6436290575103D-03  -0.2801142314753D-02  -0.2563732554100D-02
  -0.5287846067271D-02   0.8905447254674D-02  -0.4688791939157D-03
   0.6381884625151D-03  -0.7007820053212D-03  -0.1134054009391D-02
   0.6958314467534D-04  -0.4385211336510D-03  -0.7289859728582D-04
   0.2389233632502D-03  -0.2908902852187D-03   0.3208108595099D-03
   0.3701248503959D-04  -0.9800268112770D-04  -0.8463987827338D-03
   0.1328665472703D-03  -0.8151577346853D-04   0.3079147362525D-03
   0.4054626573750D-02  -0.1423228646126D-02  -0.9233181682278D-02
   0.3062398712911D-02   0.2360461206472D-02  -0.7425958486996D-02
   0.2919455144473D-02   0.1844600188678D-02  -0.2038501771006D-03
  -0.4816851994399D-03   0.5671741482896D-03   0.6018179613489D-02
   0.3537715754980D-02  -0.7578566292398D-04  -0.6464664082331D-02
  -0.2208331307600D-02  -0.3705612498341D-02   0.1732639324505D-02
   0.2160351092589D-02  -0.3041764847682D-02   0.1443706896844D-02
  -0.2954973591982D-02  -0.2950687055865D-02  -0.1895273539022D-02
  -0.9728553881950D-03   0.4783069847242D-03   0.2419594347868D-03
   0.1221383109756D-02  -0.2260800580535D-03  -0.4543708575131D-03
   0.1898812461699D-03   0.4199016382555D-03  -0.2891143329176D-03
  -0.2674585747960D-03   0.6611386238378D-04  -0.8864006973413D-03
  -0.2818963573209D-03   0.5337826147622D-04  -0.6783016493534D-03
   0.2677776749068D-03   0.4565006883159D-03  -0.3595639065942D-03
   0.1572871471463D-04   0.6467619774739D-03  -0.5441283491674D-03
   0.1888808979441D-03  -0.1363724660550D-03  -0.5872779210671D-03
  -0.5576352072288D-03   0.2588465167120D-03  -0.1478725633925D-03
  -0.3080362182570D-04   0.3836941339525D-03  -0.3424888253842D-03
   0.1057658502883D-04   0.3539345056617D-03  -0.2091319727037D-03
   0.6063526590335D-02   0.2941568487949D-02  -0.1767424012284D-03
   0.4229358101864D-02   0.8111775771902D-03  -0.5958682617495D-04
  -0.6674070142789D-03  -0.3338934643017D-03  -0.2099123217789D-02
  -0.2505744225105D-02  -0.1787514761026D-02  -0.4914624714038D-02
   0.3596856335500D-02   0.7861931219562D-03   0.3545788549489D-02
   0.1627892817236D-03  -0.2581739683862D-02   0.3263834281196D-02
  -0.1818514175286D-02  -0.8229845109727D-03   0.2990699155915D-02
  -0.4109992523602D-02  -0.1403526542691D-02   0.8253025649107D-03
  -0.3256814091743D-02  -0.3292169345774D-02   0.5258570180533D-03
   0.5264440751977D-04   0.2652628356600D-03   0.3246297706220D-03
   0.2016071392115D-03   0.1961481431640D-04   0.4438450551098D-03
   0.5345769471301D-03   0.1050040351480D-02  -0.1173729298886D-03
   0.3028047096552D-03  -0.7110617035716D-04  -0.2387631612816D-04
   0.7737516184595D-03   0.7716192257120D-03   0.1312223884179D-03
   0.3413998793155D-03   0.5563369531992D-03  -0.6879248522001D-03
   0.4232404797202D-03   0.2363498862393D-03  -0.2299733940364D-03
   0.1453063885537D-04   0.2400894090653D-03  -0.6173179887289D-03
  -0.2117323970457D-03   0.5505536151288D-03  -0.5766529447620D-03
  -0.1356128544677D-03   0.3212401900951D-03  -0.8638960647983D-04
  -0.3387051616661D-03   0.9548917157819D-03  -0.8217370431297D-03
   0.2948870130134D-03   0.7810231445344D-03  -0.9562591119973D-04
   0.1122975250144D-03   0.8287964760573D-03  -0.1816519565747D-03
  -0.8552092190036D-02  -0.7132153535216D-03   0.2109472955582D-02
  -0.7426384204949D-02  -0.9181686229899D-02  -0.3471308937589D-02
   0.4418330324704D-02  -0.1191848864515D-01  -0.6733814835474D-02
   0.4116326937339D-02  -0.8846105184798D-02   0.4047694511042D-02
  -0.8238782553223D-02   0.1284062040859D-02   0.6869437774050D-02
   0.4043126538904D-02  -0.7408446492809D-03   0.1211780438137D-01
  -0.7535745255588D-02   0.6484289195443D-02   0.1078044605168D-01
   0.5040252734891D-02   0.3680518640375D-02   0.9106610020872D-02
   0.2527331603447D-03   0.3495840080771D-04  -0.3077684705567D-03
  -0.2418234632724D-03  -0.1262793548490D-03   0.9762911324942D-03
  -0.4342008972221D-03  -0.3927165939915D-03   0.4363515909843D-03
   0.5188499846411D-03  -0.1182619310379D-02   0.4972558270261D-03
   0.6226882714961D-04   0.4683070394418D-03  -0.5309492648996D-03
   0.7607912674380D-03  -0.8176769178442D-04  -0.9294462491670D-04
   0.7454125807989D-03   0.8332311137869D-03   0.1814862456266D-03
   0.4199880278727D-03   0.1285353592405D-02   0.5130001523001D-03
   0.8369436451263D-03  -0.7290795983826D-03  -0.4783597735861D-03
   0.2709828386801D-03  -0.7014911613423D-03  -0.2950971594206D-03
   0.1140816602735D-02   0.3813415789521D-03   0.1714173267171D-03
   0.1051266308754D-01  -0.4764502647659D-02  -0.6064259111167D-02
  -0.6454215597504D-04   0.5954382273368D-02  -0.5641679550692D-02
   0.1998923332353D-02  -0.1284651972004D-02  -0.2525117765030D-03
  -0.1003374580040D-02  -0.7164431565269D-03   0.7948922572740D-02
  -0.2611186691599D-02  -0.1801598007669D-03   0.5113504231298D-02
  -0.1698725260368D-02   0.6361431876833D-02  -0.1103144966909D-02
  -0.4460922932171D-02   0.3538546350815D-02   0.2005062090499D-05
  -0.2845491310528D-02  -0.2805082466847D-02   0.9136026231566D-02
  -0.2869746043021D-02   0.1078274297895D-02  -0.2937263183558D-02
  -0.6626402295045D-04  -0.8959865763007D-03  -0.1536203528694D-03
  -0.1777535829533D-03  -0.8203092496043D-03  -0.4510231787689D-03
  -0.1204050649035D-02  -0.5607067837054D-03   0.9590681051938D-03
  -0.1769575498570D-02  -0.4882265907048D-03  -0.8659329269527D-05
  -0.2884551023161D-03  -0.1403762090797D-02  -0.1369544981040D-03
  -0.7133585061661D-03  -0.1233190334846D-02  -0.7269947579977D-03
  -0.5469208803911D-03  -0.9503152713627D-03   0.1174197472593D-03
  -0.4619646596406D-03  -0.2631946596114D-03  -0.5774629672979D-03
  -0.5461064644772D-03  -0.1388402117707D-02  -0.4400071098284D-03
  -0.1375081497360D-02  -0.5275910616048D-03  -0.2474345867286D-03
   0.5072225014385D-02   0.9160136189223D-03  -0.8201420508231D-02
   0.4768835084918D-02   0.1425896569222D-02  -0.1316896995129D-02
   0.8834794528964D-02   0.5103302697755D-02  -0.3736764419892D-02
   0.3463381903908D-02   0.5723445159692D-02  -0.5350158194181D-02
  -0.6106047593937D-02   0.1692902539152D-02   0.1754671804958D-02
  -0.6280651117420D-02  -0.1457868425956D-02   0.2458964267463D-02
  -0.5374153419789D-02  -0.3747696907237D-02  -0.3180954260274D-02
  -0.3118109771053D-02  -0.1362790188058D-02   0.3759200687341D-02
   0.8348859924762D-04  -0.1070840229800D-02   0.9117462636643D-03
   0.3321356944750D-03  -0.1588847725609D-03   0.7777439573508D-03
  -0.8409216186528D-03  -0.4857116923095D-04  -0.3005976422070D-04
  -0.1624297233688D-03  -0.6484560529484D-04   0.2685394874243D-03
   0.2821361208533D-03  -0.5111917931142D-03   0.4713813121047D-03
  -0.7932626187447D-04   0.2264552688309D-03  -0.4550381229990D-03
   0.1327972683039D-01  -0.2357114683604D-02   0.1560756174290D-02
   0.2470079159324D-02  -0.6614340756581D-02  -0.2544835051593D-02
  -0.9819572478601D-02   0.6296283750164D-03   0.3581863281413D-02
   0.2408274326249D-03  -0.1244418775611D-02   0.4325838357570D-02
   0.6974324243947D-02  -0.1187889300228D-01  -0.5983516439906D-02
   0.5097505144662D-02  -0.8474914830534D-02  -0.1579878548349D-02
   0.2400651421128D-02  -0.8881232185315D-02   0.5641911489078D-02
   0.3314675290352D-02   0.1096465071469D-01   0.9641503712802D-03
  -0.3365537367463D-03   0.2131898095119D-02  -0.6060953961827D-03
   0.3143741605038D-03  -0.1917975324020D-03  -0.7258462564629D-03
   0.3944569741424D-03   0.9911929784990D-03   0.8186978776559D-03
  -0.1338817989021D-02   0.3504847774170D-03   0.9413470953956D-04
  -0.3154893263540D-03   0.5001638246072D-03  -0.8155944997769D-03
  -0.3262442698081D-03   0.5530145440095D-03  -0.7006032441738D-03
   0.7918526520155D-02   0.9078981023184D-02   0.8077876089355D-02
  -0.8194324834941D-02   0.1145183583482D-01  -0.2208084017892D-02
  -0.6123424637175D-01   0.1336330782528D-01  -0.8922472063594D-01
   0.3149299812305D-01   0.2149844952468D-02   0.1976125705004D-01
  -0.1226604044269D-02   0.3944225615664D-03   0.6806500796041D-02
  -0.1610869273415D-02   0.3612012483337D-02   0.1435328827975D-02
   0.4617458986170D-02  -0.2164768744680D-02   0.4516796135930D-03
   0.2322635813859D-02   0.8851926259654D-02   0.1494424053522D-03
  -0.7861974929580D-03  -0.2114930356574D-03  -0.1907562636772D-02
  -0.2505305752009D-03   0.8973728645582D-03  -0.2200673820651D-02
  -0.6652173995380D-03   0.1085796672526D-02  -0.1607222031983D-02
  -0.3897470771936D-03   0.2435378743643D-02  -0.1875898492309D-02
  -0.2324486181153D-02  -0.2831937087510D-02  -0.6433025440430D-03
   0.8151527912409D-03  -0.7646359985469D-03  -0.8677508959065D-03
  -0.2032632207053D-02  -0.1791162661915D-02   0.4993983680423D-03
  -0.2566101087892D-02  -0.1151567555942D-02  -0.9337529290339D-03
  -0.3384219223906D-02  -0.1893011283862D-02   0.1872137516707D-02
  -0.2146250427888D-02   0.7028697691440D-04   0.1984136323590D-02
  -0.2274129268207D-02  -0.2264086238578D-03  -0.3076712147045D-02
   0.5506034765088D-02   0.2784704188206D-01  -0.1107136934894D+00
   0.7080692222180D-02   0.1888352562970D-02  -0.6681827102008D-02
  -0.9445839065469D-02  -0.6847685070728D-01   0.3258619842103D-02
   0.1155969925739D-01  -0.1280393157042D-01   0.2015492574073D-01
  -0.4268149703009D-02  -0.1808327200679D-01  -0.7877917503451D-02
   0.1236018721820D-01  -0.6513353884711D-02  -0.2230730165787D-04
  -0.4172967218535D-02  -0.4390784405676D-02  -0.7447680487688D-02
  -0.6242936962025D-02   0.1430943923086D-02  -0.7445455928627D-02
  -0.3378111861562D-02  -0.2352082823876D-02  -0.3639074042881D-02
   0.1634633926300D-02  -0.3051369991657D-02  -0.1134692089253D-02
  -0.2602430172330D-02   0.2596894042630D-02   0.2742634113453D-02
   0.9017242999163D-04  -0.4210006872627D-03  -0.4537205297264D-03
  -0.9023940728737D-04  -0.3465302345783D-03   0.1545119860325D-02
  -0.2458700524028D-02   0.9960412314657D-03  -0.5611501475964D-03
   0.1165650992361D-01   0.6932101907827D-01  -0.9828024080073D-01
  -0.6655940822870D-02   0.5141823555774D-02   0.5341846859513D-02
  -0.8191530016692D-02  -0.8128782151651D-01  -0.3271387125630D-01
   0.1443060278696D-01  -0.3498586656358D-02   0.1098972852950D-01
  -0.2160984303908D-02  -0.2382291617869D-01  -0.1392694664454D-01
  -0.1027017507713D-02  -0.1101720047715D-01  -0.4673650721190D-02
   0.4281961971900D-03   0.7989718620921D-02  -0.6318698872130D-02
  -0.1504999037082D-02   0.2636262845563D-01   0.2248060366106D-01
   0.1342811759580D-02   0.2442864743256D-02  -0.1637540767305D-02
  -0.3292140194230D-02   0.7051316601156D-03  -0.1901316161708D-01
   0.4098052507539D-03   0.1472411553803D-02  -0.2643670481503D-02
   0.7924469433730D-04  -0.8930698141117D-03  -0.1061107715517D-02
   0.6947634357213D-03  -0.1678340915776D-03   0.8213190417605D-03
   0.7644369153446D-03  -0.1020018900363D-02  -0.1980377805490D-02
   0.8892095527821D-03   0.3260138683256D-03  -0.9814823673389D-03
  -0.2765228957521D-03   0.8505771455990D-03   0.9082923510152D-03
  -0.1248380759002D-02   0.5106720674568D-03  -0.1318475926722D-03
   0.7770429721959D-01  -0.1136711720734D+00  -0.4564627074551D-03
  -0.5449146267173D-01   0.3514143364778D-01   0.4426250209878D-01
   0.1228930659458D+00  -0.5683167896888D-01  -0.3113592758207D-01
  -0.6136895527003D-01  -0.4066255739902D-01  -0.9311836349901D-02
  -0.1411493673376D-01  -0.1140714555235D+00   0.7682669772634D-01
  -0.6592897370816D-02   0.3610945035912D-01  -0.6181174795703D-01
   0.4407537968656D-01  -0.1245991755298D+00  -0.4793053860960D-01
  -0.3136762863294D-01   0.6003237697047D-01  -0.3939999383123D-01
   0.2398429288537D-01  -0.7076180031119D-01  -0.1132068545166D+00
   0.7285943973228D-01   0.1702276127427D-01   0.1546457709828D-01
   0.7172464696611D-01   0.9238754872039D-01   0.6958980788925D-01
   0.4050481499969D-01   0.6118737990017D-01  -0.1740247823671D-01
   0.8019847483674D-01   0.3583498153236D-01   0.1046409691568D+00
   0.5070792008027D-02   0.3034731414745D-01  -0.7060710053547D-01
   0.3189340723545D-01   0.1217746566267D+00   0.5350494144578D-01
   0.3399797156798D-02  -0.5333442449000D-01  -0.5856075041422D-01
   0.2905521412344D-01  -0.1071289547063D-01   0.6269934095786D-01
  -0.2099418202062D-01  -0.1667639660491D-01   0.1346044746944D+00
   0.5818802706958D-02   0.8283958539821D-01  -0.7192388593556D-02
  -0.1952040308546D-01  -0.6765028479809D-01   0.1195158050325D+00
   0.1064072431272D-01   0.7416032187246D-01   0.2193048453813D-01
$end                                                                            
