$grad                                                                           
  cycle =      1    SCF energy =  -852.91695828120   |dE/dxyz| =  0.783748
   26.85952015473983     65.68265749117791    150.95962525827358      n 
   28.41530825493144     64.06621872564970    152.53614558267302      c 
   31.02259968521701     63.82366147781936    151.25083204576859      c 
   31.17069878890866     62.96040128840760    149.10652092419846      o 
   27.25463919991573     61.40876648025277    152.70370331011580      c 
   29.12189802543670     59.68245517749573    154.04378511162781      c 
   24.65350710818526     61.38573393554365    153.95160500301921      c 
   26.55647842199417     65.05055455236305    149.17115174733701      h 
   28.61979061439639     64.95563769595844    154.38764565298973      h 
   27.04437275932832     60.74823260489313    150.75155517207980      h 
   28.33615595046545     57.79708229639346    154.24070075138906      h 
   30.88143671290788     59.55911039299006    152.99738041313415      h 
   29.54370539769604     60.40729555706910    155.92352410929374      h 
   23.96328338277423     59.45592134968159    154.03715790111616      h 
   24.75290515696007     62.14377827478830    155.85807285369748      h 
   23.33201933563812     62.50929295903607    152.85662648466794      h 
   47.50939052218533     45.90505896852031    159.27932163241485      n 
   45.16632631530690     45.64784881572576    157.93464367573168      c 
   45.54570528011729     46.14821541462307    155.12559125537632      c 
   47.05613665201714     47.71822654907734    154.30215990309185      o 
   43.23901969653799     47.56735718934710    158.91040557959730      c 
   42.34267885150621     47.02841049840276    161.60677790084935      c 
   41.28134210774666     49.43590579383552    162.77278936834890      c 
   40.37589041902519     44.93044942879821    161.54828229882744      c 
   47.73108476959120     47.41350813298364    160.44490444014926      h 
   44.52182151761397     43.70773682792039    158.22303836922245      h 
   44.12424201958338     49.42791483046721    158.82217047214010      h 
   41.61180467580939     47.62044758310287    157.64297404484088      h 
   43.96279572652082     46.41496342907857    162.74056864877377      h 
   40.57086514885390     49.07874961331483    164.66244592974385      h 
   42.73589608631331     50.88664806212573    162.91607062272482      h 
   39.74684456206603     50.17829947095611    161.63033695174281      h 
   39.69092904275592     44.51891537591771    163.44350607563902      h 
   38.76316731240492     45.48977946010001    160.40127844439121      h 
   41.17208109339393     43.19922020269730    160.78424058698215      h 
   43.98522683608892     44.83980315990903    153.64102771347356      n 
   43.66507077344934     45.57532241445901    150.98602313920293      c 
   42.33465406166546     48.12714406870016    150.73261854694965      c 
   41.52683472963294     49.34771431315851    152.51365824922260      o 
   41.95990641151133     43.53736135543694    149.80421312813027      c 
   40.45625028747456     42.59644460969469    152.11152084105049      c 
   42.29294597050524     42.79672381122349    154.35698116204014      c 
   45.54428861550098     45.69789674616782    150.13839997621969      h 
   40.73579188663550     44.30766646284083    148.34838071632180      h 
   43.10480426388693     42.01664971355723    149.02676772467510      h 
   38.85176851344671     43.84337976635655    152.45072490378746      h 
   39.78270303168356     40.67502311002555    151.86728534215550      h 
   41.24076010257886     43.21915933802598    156.07204073017047      h 
   43.40039232808303     41.07018182735214    154.61012839100457      h 
   36.47979214734208     52.07730873129356    146.07965776949675      n 
   33.94261580609114     51.49068220694139    145.31130060766407      c 
   33.52879584980655     51.92572289179623    142.51651972346659      c 
   34.48843286217552     53.63143302605256    141.27693191143553      o 
   31.99303030368312     53.04665936571047    146.76872984016737      c 
   31.32207979326247     51.91816563470623    149.34509307145964      c 
   29.79191621310409     53.88479810281341    150.78345067548821      c 
   29.80202874571746     49.48707696358684    149.07607678171962      c 
   37.01271388532456     53.90251921256027    146.15468897491931      h 
   33.70162546761741     49.47431350904988    145.70517419985129      h 
   32.73053468661900     54.95994706083932    146.99485507975155      h 
   30.27597733186797     53.21412984053774    145.64209729212479      h 
   33.06650910679722     51.49266861542765    150.37673387647084      h 
   29.24217273640973     53.16583345210261    152.62563738528749      h 
   30.91567152167499     55.57788613138819    151.06760569775807      h 
   28.10550864903001     54.39501948212968    149.73266539949205      h 
   29.32773410047892     48.72182699385080    150.92235127639461      h 
   28.05677520742293     49.85256184969098    148.05433749912081      h 
   30.83541456354341     48.02898336617866    148.05889812536540      h 
   17.95385080492688     64.13154174746663    144.36710317332987      n 
   15.77799982674992     62.59512326946929    145.00917128355064      c 
   13.49540685875277     64.28958946270670    145.68257348851310      c 
   13.72743442547021     66.10396828767736    147.12638961564599      o 
   16.18852611958420     61.09126340311751    147.48455204840059      c 
   18.36654978031369     59.31101023256366    147.37013576301447      c 
   20.82470998224678     60.22620360236190    147.28103021660456      c 
   17.92472202679306     56.73190261860459    147.38387658154474      c 
   22.83273559298448     58.55760645931763    147.22372247212590      c 
   19.94061427110454     55.07886444742543    147.34577755287521      c 
   22.39507578915995     55.98023223276829    147.28407288211895      c 
   18.34746456981164     65.53910789515029    145.61085143473474      h 
   15.36701047036677     61.35727320935899    143.41361465267804      h 
   16.49919161567903     62.47157856707599    148.99143362188315      h 
   14.43859129490938     60.08022599402703    147.90692330052127      h 
   21.19473544271347     62.23190029461961    147.34169999047202      h 
   16.01151166661999     56.03060442090804    147.45571490543642      h 
   24.74412599891386     59.27107020849687    147.15872305038204      h 
   19.60018907936445     53.07002387706532    147.39639555278697      h 
   23.97901896200150     54.69680162976013    147.29598273837394      h 
    0.52887351508642     61.10359599598063    163.50511848543908      n 
    2.32653721193537     59.07111434474717    163.89510372063231      c 
    4.02158845525600     59.74349951715613    166.17149605540496      c 
    5.00269726216127     61.85179862963121    166.31076246303553      o 
    3.94914381392730     58.89665508642605    161.52272240213046      c 
    5.47861273914151     56.46830820186793    161.25625823074861      c 
    3.77216835867059     54.24026627353565    160.58842854037226      c 
    7.45221171654277     56.87068425105796    159.18924107377555      c 
    0.93320397157656     62.50521918780109    162.26886854057184      h 
    1.27286460230736     57.34232435101237    164.28976820715994      h 
    2.69395969339272     59.09581699523521    159.89745071925429      h 
    5.21278010396743     60.52805653761465    161.53337434548871      h 
    6.43829516502656     56.08096777816946    163.04613450188697      h 
    4.88751363219954     52.54845990774434    160.25491738004769      h 
    2.45703596957284     53.85977578326023    162.11586432720108      h 
    2.68444879736518     54.65510794379185    158.89404842868723      h 
    8.61835961583081     55.18885050105894    158.99456612723682      h 
    6.51181147372055     57.21312454431621    157.39821966291598      h 
    8.66844144833435     58.45998859077959    159.64066380006579      h 
   10.61800135950664     58.82986922888561    170.32394208813886      n 
   13.25779317992614     58.57473729577873    169.62652922009536      c 
   14.21795068820607     55.89306089003144    169.96772803275789      c 
   16.14627824313539     55.22054053210828    168.87794540245363      o 
   14.87291985619337     60.19233628538763    171.32903334187114      c 
   15.05233938245948     62.88547391019787    170.44973459006914      c 
   17.78950043280394     63.41993660744228    168.53602493595437      s 
   20.09823377633423     61.21160387901022    169.74832873676394      c 
   10.10244744265844     60.14632211009975    171.61434883369708      h 
   13.52896648053244     59.08792978443557    167.63650482448926      h 
   14.00278131622663     60.16624282324604    173.21002584332518      h 
   16.72231952540818     59.32935982339831    171.55407679725315      h 
   13.41752938816759     63.45803456180261    169.33671756851382      h 
   15.19519822034681     64.15421611200755    172.07539427468973      h 
   21.87243211849277     61.82243970574246    168.91461473816923      h 
   20.21557502886651     61.35858356857587    171.79135964308068      h 
   19.69262159054227     59.29323661526952    169.14071159085711      h 
   12.99407730804608     54.40848474668017    171.58777796215205      n 
   13.94880755231243     51.85213069151914    171.85860650871507      c 
   13.28403762285628     50.43419119672679    169.46397712157929      c 
   14.81747324875600     49.05207509521480    168.43315976578435      o 
   13.03737312105966     50.42030391328608    174.26648729444648      c 
   14.22085348848891     51.41889557895969    176.43143101557311      o 
   13.70011688219558     47.60823684921760    174.12251863883947      c 
   11.38236708924341     54.94595016856923    172.46505266250483      h 
   16.01835223588406     51.94745130185677    171.95699905944559      h 
   10.97876598986888     50.64164735669103    174.39984742220406      h 
   13.31334714401749     52.93035610808371    176.96430866530432      h 
   13.15395932829767     46.71088179280417    175.88340829932869      h 
   12.72741084981619     46.71141930040607    172.55615725003000      h 
   15.72442053934819     47.38835084561268    173.86664277089307      h 
   10.89319771223729     50.78834179382539    168.70849760456449      n 
    9.91976110632570     49.72731195667781    166.37395908622378      c 
   11.82354199970725     50.51609132013723    164.29438138800597      c 
   12.91631938284725     48.95832110340493    162.96493222460089      o 
    7.26228713285979     50.73122577205982    165.83107756935740      c 
    5.13846170676344     49.67591187043828    167.48704028230540      c 
    2.66304624654506     51.15348629984592    167.17776521292697      c 
    2.47924000305682     53.31166651907908    166.34711181221203      o 
    0.59551117351490     49.92157185533635    167.94250033892234      n 
    9.78884947550467     52.08092078257482    169.58946290794884      h 
    9.94250401916364     47.65858437303221    166.47660089758961      h 
    7.28392232670769     52.78439626525147    166.03285171191976      h 
    6.83180933927509     50.31301314402663    163.85803688767732      h 
    4.79179234912702     47.69621559569661    167.04241659779561      h 
    5.67313358476515     49.81074212278132    169.47594743791524      h 
    0.66371837009776     48.15677037369293    168.64897472106040      h 
   -1.07912731775360     50.82747241576481    167.85169039236493      h 
   12.27172568545368     53.00990720916466    164.18997149291715      n 
   13.96417366139278     53.97728979094832    162.29607982701299      c 
   16.46332303621664     52.56024401143012    162.28013535086524      c 
   17.42034416501571     51.77664066592733    160.30548042861858      o 
   14.59124511964101     56.77130107744993    162.55877916447128      c 
   15.75484975355895     57.75687450798623    160.12662319881244      c 
   14.83527767330743     57.10273286119665    157.71481565874544      c 
   17.77624571528263     59.42716155263361    160.21710230235519      c 
   15.90763560493888     58.10576532370269    155.56215818873244      c 
   18.78390781890363     60.49646610022510    158.01145540343137      c 
   17.87925980870758     59.83326244498866    155.67056475291474      c 
   11.23092570001969     54.25021107029430    165.22434751958164      h 
   13.09478561437050     53.63094848520135    160.44488531839031      h 
   12.82062163120917     57.75885934119694    162.93215110887419      h 
   15.87799169941656     57.09472287603591    164.13287253292026      h 
   13.23793418863086     55.85554639460509    157.50852091943634      h 
   18.55473902846846     59.98254556970192    162.01716319348265      h 
   15.18144264872606     57.55447173240211    153.73525743056308      h 
   20.32698367726535     61.81465850592295    158.20569904685627      h 
   18.64832743379790     60.62053923840190    153.95727012400343      h 
   17.54449034544682     52.47113501438063    164.56122752383578      n 
   20.00946805669616     51.32292726769855    164.88592670365313      c 
   19.87988510239461     48.65106582905698    163.74105452225970      c 
   21.43128113762863     47.87986732952206    162.19357902661957      o 
   20.77983383564139     51.38293562671231    167.63402958906437      c 
   23.64525654995077     51.19970924166319    168.03264503675007      c 
   24.15976283788158     51.11781283156424    170.89306776466549      c 
   24.88774088572891     48.87019958057155    166.84341030565074      c 
   16.74640151562824     53.29880976140207    166.09446594360463      h 
   21.37913635253337     52.37847593847854    163.72736407550849      h 
   20.12174340522493     53.15759298273701    168.44971419350108      h 
   19.83099905445673     49.84828410748414    168.63551705944434      h 
   24.52626648733924     52.88997897056272    167.23678843380384      h 
   26.18329752850680     51.09188662207443    171.25172803476102      h 
   23.34404948863449     52.75610311410585    171.82669101843115      h 
   23.32760364400390     49.42881695899027    171.71185150529712      h 
   26.89063726491195     48.88076880627864    167.30042622050692      h 
   24.01756495073126     47.15962310908825    167.58232580383367      h 
   24.68617191279156     48.87722655467093    164.80484578173298      h 
   17.93218932877048     47.24620894480613    164.48072207581257      n 
   17.72947754897858     44.68371401276767    163.59999304221805      c 
   17.69007243621920     44.50729832986399    160.69235699659507      c 
   18.81985519011154     42.85864843455292    159.50572486164657      o 
   15.32297205609327     43.47050042588754    164.61268142814754      c 
   15.20000213104396     41.08294805657371    163.42803284045124      o 
   16.66693272080512     47.89431708044295    165.76833114162920      h 
   19.36494325455331     43.56759266261744    164.22629956132280      h 
   15.43206017715123     43.30425249074384    166.67563753911119      h 
   13.69776888636522     44.64648925787174    164.09295806078291      h 
   13.77233560433039     40.15526406501293    164.08540596510139      h 
   16.26870911233034     46.26601255295816    159.60475262807023      n 
   16.09436335378433     46.32752279170122    156.87924397733946      c 
   18.70397878434913     46.85645020158274    155.77924439477994      c 
   19.42457605226650     45.80324444270338    153.85764592454333      o 
   14.15573386241125     48.19885685753012    155.82988363275473      c 
   11.66100844204832     48.08552232025239    157.26545248505198      c 
   13.75729707017267     47.46758484312043    153.09496959978969      c 
    9.65424175521072     49.81823939656818    156.16709347431143      c 
   15.41197120280641     47.60955853545181    160.65456000301299      h 
   15.58157461187958     44.41625130868246    156.24873404310685      h 
   14.93749537499023     50.10964038817541    155.97693637459025      h 
   10.96693923393458     46.14030722427491    157.26577328719682      h 
   11.97318481296796     48.61448758021084    159.22661005104416      h 
   12.84739081626448     48.98223809220374    152.04947447155988      h 
   15.55099897886769     47.04719358329948    152.19016698752324      h 
   12.57679307912816     45.78920555996681    152.97970127004325      h 
    8.01660182676784     49.88918332639615    157.40879439263890      h 
   10.38657452684191     51.72636089124465    155.94705721991912      h 
    9.02378001465898     49.14592070245045    154.33331355754027      h 
   20.17009767596590     48.54817582675417    156.94299167144862      n 
   22.66970973620446     48.95091684249622    155.87084839038624      c 
   24.23512116771609     46.53973493947945    156.19379581484662      c 
   25.47729855606418     45.63294812668254    154.45839416682418      o 
   24.00965474744701     51.22381162032548    157.09635646248293      c 
   23.45245057355639     53.69287878016527    155.65298945083165      c 
   26.85705610422489     50.81006043853812    157.25487737643905      c 
   21.62096258633638     55.26431396371795    157.22984218766317      c 
   19.57622800666076     49.54066678394307    158.46611785283443      h 
   22.47499922407853     49.23104179986873    153.82690744515364      h 
   23.27616635586344     51.37569051965688    159.02058223987177      h 
   25.19439443637469     54.74735576562757    155.35429481814847      h 
   22.62487954168703     53.30147843352150    153.81148152794776      h 
   27.77935531772473     52.46973721886689    158.03852284072073      h 
   27.32385547614046     49.20856783755221    158.43702977316147      h 
   27.60944238287942     50.45839288407820    155.37616696359930      h 
   21.10166806071750     56.96373152315729    156.21738252868238      h 
   19.90909214806396     54.21052860151247    157.63405205752795      h 
   22.48899323754010     55.81436157687502    159.00567528411935      h 
   24.25058169449685     45.62533057051620    158.54881791254599      n 
   25.71758833722371     43.43030297050180    159.18202351231042      c 
   25.21431024738289     41.27692195144591    157.32698306197059      c 
   26.91392968605643     39.85541067089694    156.65296650011001      o 
   25.13231811397187     42.47651547026038    161.82133026029879      c 
   26.82113759536833     40.17950526445524    162.33791659717201      c 
   26.81950363645634     39.19857572659113    165.05203689119222      c 
   27.72937980913995     41.18083132767270    166.69246478448451      n 
   28.55695569911678     40.88699648828447    169.01744874921496      c 
   28.73750000349600     38.59422304635691    170.00805081949289      n 
   29.09117825603466     42.97739907550071    170.36686663765562      n 
   23.07223377247919     46.37529552706025    159.86227101670997      h 
   27.74394709477879     43.87020460346312    159.01622398154450      h 
   25.44005191965354     44.01753705365193    163.15606817949813      h 
   23.14252411526527     41.93760105734702    161.90249785638937      h 
   26.24690573892007     38.62073135266622    161.12394027608067      h 
   28.76775923855836     40.61892792502082    161.82063074384564      h 
   24.91511656302087     38.63222732813576    165.62169879484239      h 
   28.08234018162459     37.57527503430514    165.08710924709806      h 
   27.73989085018506     42.94634111016033    165.95827544214580      h 
   28.57154960022281     37.04492791035654    168.92066351320540      h 
   29.46811463364847     38.31404721775082    171.74335162134520      h 
   28.76499975679227     44.70200397518971    169.62346876715753      h 
   29.22256695950994     42.86895689848804    172.26451234355764      h 
   22.82053582876936     41.02816150471016    156.57237843855953      n 
   22.04463815697599     38.96403326609311    154.95836329172573      c 
   23.20576811067052     39.09495230369499    152.24486257251493      c 
   23.45823198865348     37.21727974062983    150.90978517444231      o 
   19.14497635329228     38.92124193450792    154.74068269543557      c 
   18.41422107934117     40.32482405290810    152.56890134829302      o 
   21.43658709748790     42.11594928247673    157.32915286363593      h 
   22.71251130708073     37.17027439179832    155.76127708756798      h 
   18.52618099179092     36.95434000659817    154.54195406960611      h 
   18.32010371855359     39.74110466689366    156.45367195502695      h 
   16.62040787485842     40.11778270271856    152.32037044940290      h 
   23.82939973686700     41.39864031043209    151.46469860137225      n 
   24.98385142759158     41.73956525191578    149.04903306219168      c 
   27.83274902081016     41.20859096590810    149.14518058769193      c 
   29.17434971260859     41.46212122512596    147.28126101998413      o 
   24.47027181421213     44.37421083683755    147.99806666975829      c 
   21.68744672286183     44.90561580045976    147.43975141316542      c 
   21.51794924256572     47.64148399649675    146.46957504579845      c 
   19.82641420305929     47.98450297410739    144.33994947666497      n 
   20.44039707601948     48.09463704109282    141.89147124368117      c 
   22.78542410892713     48.32045582589849    141.01436498480680      n 
   18.55151213791764     48.24013896383227    140.21419503060281      n 
   23.63392766329377     42.88110375415603    152.65550685549113      h 
   24.21476613658720     40.29107531642611    147.77249641566232      h 
   25.16163750914014     45.72553596123915    149.39498950200544      h 
   25.60346698306726     44.57781485583867    146.28316617970319      h 
   21.02228114280648     43.58508972305424    146.00382415941306      h 
   20.56946367593347     44.62616756717777    149.14507663178875      h 
   20.85180149804623     48.85920008921018    147.99479372412941      h 
   23.39656307434677     48.27549696712214    145.91257902711087      h 
   17.98033302300254     47.71187426364466    144.75102617958302      h 
   24.38243866809394     47.86826835057123    142.00461215755945      h 
   23.01985073035829     48.08381216570039    139.13895256874795      h 
   16.73744902265831     48.05715911224152    140.76119916509640      h 
   18.90421238546796     48.16706078413120    138.34588172345124      h 
   28.77119999317431     40.46381962596050    151.37279037916332      n 
   31.37787885027410     39.71626479131019    151.70764556851896      c 
   31.56267178468704     36.85765048142848    152.21755091592561      c 
   29.79392451878979     35.51131686100798    152.80797108137261      o 
   32.58087611285489     41.23337100672089    153.84815472418450      c 
   32.44120475490576     44.05771183175937    153.31410512292234      c 
   34.56105794606518     45.80460026759275    155.44480344733637      s 
   32.39635750693444     47.88145380415629    157.07384431239544      c 
   27.64999737649347     40.13844326832941    152.88940908382949      h 
   32.33361577687598     40.12448294433514    149.91241473206918      h 
   31.57801445795309     40.80084107620196    155.59934434805459      h 
   34.55235202189149     40.67696817414263    154.07364130140439      h 
   33.05594152004944     44.45482778058150    151.38829639202564      h 
   30.53212161233081     44.77209784543652    153.57912626215270      h 
   33.43645093158388     48.73859562691715    158.61761782583025      h 
   31.75147833638959     49.33853417567490    155.78547132921017      h 
   30.83422859988352     46.76991724738890    157.79313577911492      h 
   33.89567814176294     35.89440696299006    151.85017905417931      n 
   34.21941785159098     33.22681360155197    151.26110462607559      c 
   34.68045068584391     31.80957060267480    153.73259985037907      c 
   36.16359342217389     32.70141173205364    155.26612401693151      o 
   36.38239661337678     32.92970298119009    149.31492066287959      c 
   38.98168909506807     33.54930065796857    150.41097931381253      c 
   36.38464097210073     30.28069383877153    148.17689887656928      c 
   35.31402322786887     37.05946730288449    151.33729578402520      h 
   32.43901564288684     32.57723723445713    150.42077890875356      h 
   35.95418853032347     34.28591617239940    147.81003997998704      h 
   40.33999643276433     33.73573249840706    148.88312299870938      h 
   38.96396489372956     35.29913698748128    151.48585165923419      h 
   39.61435376985020     32.04549471324599    151.65908966477511      h 
   37.80310147227415     30.17554878680917    146.69527985140559      h 
   36.84631004079805     28.87748880365721    149.59809813634095      h 
   34.56107175693831     29.83260160272193    147.34137897100871      h 
   32.96664477872689     31.47379909597779    159.28939765627874      n 
   33.99790725890225     33.19116454248243    161.18438611175395      c 
   32.06661089008247     33.50751389468248    163.35674324743283      c 
   30.77642905176992     35.40925798077566    163.57006989907313      o 
   34.62220337113504     35.75432607251491    159.92549225150000      c 
   37.21522780759702     36.87817748763430    160.53022301392923      c 
   39.48264648919344     35.51890072184886    159.32777542387214      c 
   40.29533485811541     33.26954672466463    160.68617845464485      n 
   40.56617104389557     30.90971047433142    159.85458171804285      c 
   40.14495997125803     30.29721571633672    157.43580866626809      n 
   41.52597573278187     29.18290926824785    161.41087064455493      n 
   31.76772280615385     32.27593722829284    158.03777670170484      h 
   35.66932410682198     32.26851380367327    161.97920138027098      h 
   34.47298333473362     35.53458347699975    157.88492507671251      h 
   33.17017106026060     37.08905652861954    160.52829853289617      h 
   37.22952271021624     38.80928280194806    159.80988973997108      h 
   37.46067726511907     36.97992610018806    162.57092671291281      h 
   39.00993803985455     35.00754224019376    157.39520821718605      h 
   41.08227072625910     36.83098232263420    159.29788458086804      h 
   40.82241554710798     33.51741284385501    162.51007094635926      h 
   38.87460633399100     31.35904924920621    156.45006931949422      h 
   40.14987542208447     28.43764511271705    157.01737504914706      h 
   41.59524862273938     29.62880422828449    163.30462534463405      h 
   41.43535937995522     27.34294393753806    160.94649617785922      h 
   31.84182521297306     31.55944191970758    164.97275372811751      n 
   29.91495467624592     31.63775719689845    166.92525553781357      c 
   30.83528451335948     31.64446672708499    169.70975636386947      c 
   29.57146230244285     32.66394643091807    171.36320073768854      o 
   27.96029494918206     29.53515899946268    166.50149198323453      c 
   33.00500130617858     30.05619235320127    164.81519018012983      h 
   28.94317854436905     33.44614629509969    166.65038404409140      h 
   26.48545468866141     29.68322046491567    167.92269920971285      h 
   27.12139941349710     29.74875102758573    164.64029952383063      h 
   28.83425204760311     27.68242990184424    166.63857648191458      h 
   35.74705393009518     34.22310238576767    172.23215674309210      n 
   37.67705858543506     36.14678759684421    171.89083204350089      c 
   36.14226033956939     38.51854408917723    171.27600826592587      c 
   34.71487924046472     38.61633353670564    169.45389136940616      o 
   39.63800518317813     35.54412206110293    169.81664508694118      c 
   38.50853232676703     34.85185991741218    167.21927620151328      c 
   38.85104790292765     32.02107883433994    166.40861036488985      c 
   41.05933033328001     31.44105888355823    165.76354006708453      o 
   36.98777491232333     30.57797370317840    166.32196159903017      o 
   34.27183524703991     34.39027268707654    171.02992641388255      h 
   38.69026842631144     36.32549378482364    173.68293666946309      h 
   40.84371317977647     37.21002179779985    169.64720521796423      h 
   40.82740329695952     33.99009861704942    170.48112344812401      h 
   36.51107043639782     35.34647154773809    167.12678254220526      h 
   39.51559086495894     35.95368014377640    165.79340519809941      h 
   36.30615533441479     40.27845422760608    173.09515220514200      n 
   34.85988259756287     42.57439479787926    173.01618155039392      c 
   36.30508065123585     44.70972938425208    171.75331523089258      c 
   38.59540182244415     44.81194173801044    171.48516639962952      o 
   34.15179228960066     43.49838468228964    175.65022840569532      c 
   37.67161658609442     40.14337505772641    174.41445108525639      h 
   33.20931854025625     42.14429820699401    171.84594975320746      h 
   32.95099061758625     45.15969507155315    175.56129340213900      h 
   33.18687119510767     42.01793822395165    176.69877566602165      h 
   35.86265727272559     44.00318890705924    176.67444495177290      h 
   34.75490830388290     46.56633198297297    171.05301268576810      n 
   35.84003914038180     48.95385541434642    170.45795730980581      c 
   33.87985198532530     50.88849906229909    171.22532887826662      c 
   31.65674197375753     50.28453236142461    171.36379069539004      o 
   36.59067085214508     49.01751341582592    167.63839742811322      c 
   34.34241930256036     48.83704397388505    165.89680053277422      c 
   33.35705031089205     46.50653258909878    165.19942926024447      c 
   33.15494213470171     51.02966986053029    165.08212022394918      c 
   31.16064491414465     46.38564362213901    163.80155392032532      c 
   30.93724690683043     50.91096876876380    163.72040365113196      c 
   29.92996430043120     48.58557616232414    163.10419956556711      c 
   32.86221773928835     46.55690862963386    171.32279030470812      h 
   37.56932528638892     49.21667044498474    171.57225936258109      h 
   37.60576439924876     50.77796132396166    167.29044505181500      h 
   37.85782914934780     47.41790527072158    167.34985866966394      h 
   34.30260707253370     44.79421135613424    165.78372775220916      h 
   33.94368690634968     52.82590725194805    165.65257606931183      h 
   30.43170045458870     44.57082390142767    163.22756253698432      h 
   29.99909995225419     52.62478057938468    163.13807085890275      h 
   28.17151161370766     48.48044002136449    162.08217813535677      h 
   34.85936114167113     53.11312248867232    171.84963402754684      n 
   33.35446957660275     55.26654687996231    172.50262104082103      c 
   32.64273426394022     56.73979011891026    170.16225771228341      c 
   34.03679915232942     56.91598320494725    168.30243916641467      o 
   34.97300485474376     57.05781169054771    174.08460526705176      c 
   36.36584518144261     55.63320766504593    176.12768505358679      c 
   35.32678279826310     55.22189237553405    178.52106522132112      c 
   38.78024017150700     54.72465259637197    175.64659481512871      c 
   36.66124278620741     53.98773790204061    180.39216451326726      c 
   40.12942476005110     53.52097625642492    177.53836648441774      c 
   39.09609619411840     53.12040078630741    179.92188041564751      c 
   40.36929346699441     51.88329796314377    181.74609369741248      o 
   36.65672860715897     53.48507470351240    171.30194781007788      h 
   31.68092427044201     54.60759146188557    173.51628956882993      h 
   36.34843984168934     57.96645501433679    172.84105703068195      h 
   33.77542559387378     58.52664831308133    174.90014780434822      h 
   33.45224830749530     55.91786257727704    178.92209839950419      h 
   39.66195088692965     55.01606990651866    173.83031184465489      h 
   35.83019267381218     53.65143703435027    182.22253048647633      h 
   42.00175572831682     52.79353291314899    177.14692082687003      h 
   42.03711715560113     51.29930417663828    181.19071709506187      h 
   30.41897598415321     57.90567212563140    170.28273579594105      n 
   29.53697171095372     59.58971052970040    168.24968956791528      c 
   29.35955996465154     62.11310214709528    169.63804275376458      c 
   28.27667414809170     62.16289489461433    171.69003020802521      o 
   27.04393413655001     58.51045566527178    167.31012929164794      c 
   25.94851581585347     59.89701814681153    165.07476817125516      c 
   27.91577148288647     60.21206245200333    162.97300577749695      c 
   23.70776053887879     58.40250036878003    164.01154017804922      c 
   29.35189349614154     57.90217112655220    171.86026468427613      h 
   30.99322826230289     59.62512793671444    166.80023580189368      h 
   27.40037845484895     56.54487961481944    166.78466368811843      h 
   25.70409974816378     58.52117305097351    168.88087652897255      h 
   25.30244143162917     61.77711406230873    165.65152542892719      h 
   27.01549386834952     60.97962683713961    161.29052592755025      h 
   29.43420844595628     61.48166458966887    163.50790646030407      h 
   28.70084589745977     58.37526462493873    162.49599542032476      h 
   22.82886429738118     59.45568312005697    162.48738128429784      h 
   24.36367001994757     56.59594166839293    163.28616241219436      h 
   22.30956919936431     58.05292272139586    165.47256269572128      h 
   16.00784421046362     60.47593550656353    180.63127981463148      n 
   15.37148866978903     58.36019260578204    179.02208330210561      c 
   12.52365827548977     57.67438469483742    179.14409219587404      c 
   11.70094123016548     55.92843152462750    177.87417396355997      o 
   17.16672502499446     56.11646387110437    179.48695642458259      c 
   19.95658613656226     56.76972796487892    179.05806982144321      c 
   20.56444333416746     57.58472349454321    175.70916419991292      s 
   23.97373615298586     58.16160979290758    175.45976239360701      c 
   16.72125769160980     60.09505470227500    182.36040461980548      h 
   15.64340162972989     59.00056027010685    177.06198437986546      h 
   16.94435457865291     55.49005246370564    181.43955263327078      h 
   16.64174114794729     54.57046785098060    178.23545241418728      h 
   20.55453883184625     58.38277611834643    180.18860952547357      h 
   21.12420312675568     55.13466987319146    179.50138923392134      h 
   24.25557699059102     59.12993753794334    173.67653765035180      h 
   24.56616092686976     59.34774319535197    177.01738438760577      h 
   24.94937262043346     56.35729121977010    175.47596095096756      h 
   35.81782110629622     61.38106226805741    161.23806663215274      n 
   35.91932451046744     59.13503340449664    162.77859728534065      c 
   38.63156676176902     58.29162855675243    163.20520101355075      c 
   40.27776093609918     58.54593406337982    161.60329987460156      o 
   34.22868577062439     57.08613892384567    161.68748126138300      c 
   35.24529310802207     56.04534608044194    159.28110825831786      c 
   34.98457555621344     57.47789123780565    157.10054820552949      c 
   36.38658658121477     53.67681716047284    159.18951507515649      c 
   35.77429050220336     56.54294615154098    154.80375591366118      c 
   37.23302090286344     52.74350805720564    156.91279087540534      c 
   36.89553378975506     54.17037177958101    154.70953440875371      c 
   37.57210394755058     53.16854064023840    152.42463720153057      o 
   36.94698243930588     61.59635925190739    159.71544741983058      h 
   35.13756914516697     59.66275837211902    164.62381973443078      h 
   34.01913219608114     55.60407745317703    163.09695084403288      h 
   32.38835915738330     57.95277596508966    161.36010300045774      h 
   34.07579467662688     59.30079544839096    157.19220536592977      h 
   36.53774849149791     52.58587519766061    160.90675182603275      h 
   35.45277863300475     57.61971176558116    153.10208820821211      h 
   38.11030776095708     50.91192598865643    156.74607999822217      h 
   36.79910913499949     54.17486942825170    151.10557469967625      h 
   39.09857735893640     57.33265501110158    165.49496195509235      n 
   41.65393249551200     56.90145887561382    166.41529815510214      c 
   41.68538176073552     54.57035722510071    168.04520710016905      c 
   39.83963553479226     54.13666544514782    169.37031024065547      o 
   42.49954310470560     59.02466370304726    168.19486028443478      c 
   37.68671641880454     57.09791259511038    166.77359200563532      h 
   42.91286319691818     56.76207398178826    164.78654233762805      h 
   44.44408779678099     58.74183730136099    168.79832492537568      h 
   42.37917380671271     60.86457355159215    167.28352465901503      h 
   41.30242584611440     59.08360970254089    169.86585354839323      h 
   43.76669487857434     53.16899618305594    168.11415327087184      n 
   43.84342715104576     51.12308755160795    169.92276372061036      c 
   45.10271511081184     51.79197847333803    172.49063377439916      c 
   44.95603435434848     50.32617548456259    174.25097829581719      o 
   45.11441104782167     48.74514441304602    168.87607777401470      c 
   47.76153563136860     48.95789682931576    169.00683266472942      o 
   45.29972190358293     53.48406749791177    166.97339341924862      h 
   41.87845524975884     50.65254339972962    170.38748686914477      h 
   44.59263068787196     47.14499396232560    170.07116782814893      h 
   44.48385937313331     48.40629920170795    166.93871160242225      h 
   48.28859521552382     50.04931299976874    167.62387574741967      h 
    6.55499548393293     55.55914553471175    144.18918980418775      n 
    6.87297311622952     54.20165711901528    146.53786869054051      c 
    4.84176346957917     52.21802250497310    146.99337360849560      c 
    3.08245280078740     51.97367761815767    145.54423967405555      o 
    6.57258017530837     56.21149367548409    148.56726578443678      c 
    7.99015477290162     55.55407007379720    150.98177514033767      c 
    3.73572261249472     56.82226106975950    148.69420847449115      c 
   10.67726565631335     54.73847010980782    150.30718254975659      c 
    5.67444277575344     57.24869277753924    144.28566936606461      h 
    8.71761488447179     53.28640527183651    146.45496790754009      h 
    7.52427483524141     57.89290406677718    147.84019335675916      h 
    8.09591617466707     57.25761841013350    152.12897209755386      h 
    7.03374723660650     54.14404827788707    152.14174031779069      h 
    3.47293613504859     58.85160937149870    148.81669623558656      h 
    2.80557744752675     56.19509000934772    146.97405542917699      h 
    2.81175703600718     55.84738421904222    150.23413010491041      h 
   11.88759403399156     54.86687277227295    151.96590866376232      h 
   10.75578948120333     52.79941155407925    149.64052815856070      h 
   11.43546875389166     55.98349741048964    148.86190583283945      h 
    5.03736707733813     50.76837902161556    149.08557096860133      n 
    2.89644183671082     49.22659214834742    149.81060811097592      c 
    0.93783068456116     50.75842886464925    151.33076696908708      c 
    0.56585764664188     52.99937676894884    150.97795397028210      o 
    6.35833851930826     51.15128754058706    150.39825980164002      h 
    1.99204464530468     48.61963864849371    148.05313162360756      h 
    3.55308058891268     47.59626700399031    150.88188597711095      h 
   44.36977436105248     44.10116749933661    181.74521065549945      n 
   42.85566503160019     42.49219598495219    183.35440716802532      c 
   43.68565315561746     39.68299856233430    183.23239827444590      c 
   42.58497187898815     38.09752811600409    184.50231650675997      o 
   40.01492077040499     42.92505190699238    182.88953404554837      c 
   39.18573351526859     45.66777454949595    183.31842064887672      c 
   39.58761174903850     46.60169208933883    186.66732627021804      s 
   38.38256352909043     49.84266942857673    186.91672807671290      c 
   43.68321516820281     44.52856129532097    180.01608585032548      h 
   43.27428321655395     43.04786334790728    185.31450609026550      h 
   39.58361780152836     42.41926774763527    180.93693783686018      h 
   38.93854088136743     41.69740452282474    184.14103805613266      h 
   40.28369784597321     46.99214085068584    182.18788094484637      h 
   37.18592317610172     45.86143147912290    182.87510123639856      h 
   39.08023953674805     50.57091462622563    188.69995281977916      h 
   39.11357280110639     50.94879103383997    185.35910608252519      h 
   36.33215957446849     49.78543610755307    186.90052951916340      h 
   25.32491586996766     65.86203029226917    151.67052402705289      h 
   32.58232895703039     64.36979197518805    152.16737459353413      h 
   47.74437878150698     44.54670283375367    160.27541957018335      h 
   42.08131995845778     48.89515239090206    149.02468142489721      h 
   36.74822465878447     51.48538745088933    147.65132413267344      h 
   32.39666053034857     50.77160484069176    141.53807948228916      h 
   19.33976036290751     63.14880053935046    144.28940898405199      h 
   11.79535696450751     63.92215366661825    144.94373287223266      h 
   -0.93966735777724     60.46131035260283    162.93641924201353      h 
    4.32397522637311     58.46887653997075    167.53346619826408      h 
    9.70143432637298     59.21811172347051    168.94490814665772      h 
   33.77751344851818     30.18472050650854    154.07264495643673      h 
   34.23763242660881     30.80068620503459    158.38161386734569      h 
   32.46979759901248     30.81340073815720    170.16665948079478      h 
   36.42859698128374     32.68478376565161    171.98388901499661      h 
   30.11412658227227     63.66756695289590    168.87297246257333      h 
   17.18421526730004     61.43715999927889    179.86658341497895      h 
   11.36137298738045     58.66032110393407    180.26127009992834      h 
   34.25532209509532     61.55423198778421    160.58908969841221      h 
   46.03093879487566     53.42583240179293    172.69059951196692      h 
    8.07965848532494     55.87352600903524    143.50425942698294      h 
   -0.08990443958231     49.91149785782557    152.67148787515927      h 
   44.61403366217966     45.60054696530233    182.50990705515198      h 
   45.12064177644368     39.16939818105563    182.11522037039160      h 
  -0.1118271657518D+00  -0.2433488276735D-03   0.5778529726279D-01
  -0.8771669093685D-02   0.9179491337513D-03   0.1427150148256D-01
   0.7351531027459D-01   0.3168475434072D-01   0.5751493080806D-01
  -0.1505611447733D-02  -0.8852215990451D-02  -0.1857358927234D-01
  -0.3993915393660D-02   0.7786499646830D-02  -0.1391714736820D-02
   0.3008486452846D-02   0.3344367214038D-02  -0.7626768694666D-02
  -0.4760786500086D-02  -0.6539818974633D-03  -0.1430599037728D-03
  -0.1124308847956D-01   0.5022123467563D-02  -0.1824929793236D-02
   0.9158557172355D-03   0.1366283581291D-03   0.4323569398881D-03
  -0.5154505918932D-03   0.5119918916358D-03  -0.4571763207600D-04
  -0.5570204992559D-03   0.5586898770857D-03  -0.3812843977897D-03
  -0.5025493089355D-03  -0.6358921637121D-04   0.3437246860447D-03
   0.6533573137920D-03   0.2025965287002D-03   0.2697931867516D-03
   0.5115901857936D-03  -0.3362428703372D-03   0.1308334522496D-03
  -0.3094231241855D-03  -0.1329930564006D-03  -0.2170897239599D-03
   0.2019716484667D-02   0.1884141143833D-03  -0.5481697583083D-03
  -0.4232859742638D-02  -0.9630809926168D-01   0.5843752982352D-01
  -0.2940055867607D-03  -0.6250267627677D-02  -0.6007493408877D-02
  -0.2092831471704D-02  -0.8860641481088D-02  -0.1624419574966D-02
   0.5283382331193D-02   0.4806116203543D-02  -0.1217121066283D-02
   0.7439460991091D-02  -0.2742705531492D-02   0.4345093483510D-02
  -0.1210139850283D-03   0.6686807138310D-03   0.3559477137684D-02
  -0.3140511131071D-03  -0.1858002948558D-02  -0.2474424706043D-02
   0.4071580060702D-02   0.1604210663934D-02  -0.4842551051262D-02
   0.7222825905101D-02  -0.6652075182514D-02   0.1221945573866D-01
   0.1565849802806D-02  -0.1442535903396D-02   0.2044751833289D-02
  -0.1490521468781D-02  -0.6221584650948D-03   0.1567701478437D-02
   0.7561124159119D-03  -0.1045806603374D-02   0.9151337047873D-04
  -0.8148464821746D-04   0.1176113376856D-02  -0.6946307412015D-03
   0.1728479555092D-03   0.1288994407568D-02   0.6576041435963D-04
   0.6513301989701D-03  -0.1244667501235D-03   0.2502482215269D-02
  -0.8310574119891D-03   0.6793727401518D-03   0.6280526243863D-03
  -0.5773409154396D-03  -0.1764595504982D-04  -0.4819722730864D-03
  -0.7385116732530D-03  -0.1085778181258D-04   0.5314284309718D-03
   0.1968706170192D-03  -0.1493088632216D-03   0.2283960568550D-03
   0.8287270630824D-02  -0.1842689768002D-02   0.1520487073641D-01
   0.3999199034755D-02  -0.6001591044795D-03  -0.1944837096292D-02
  -0.4848670208229D-02   0.1250364212435D-01  -0.8887795715069D-01
  -0.8218125538636D-02   0.1566502311270D-01   0.4916219902893D-02
  -0.1654385647716D-02   0.3808108589726D-02  -0.1125376795389D-01
  -0.2524535044267D-02  -0.1175955696638D-02   0.1077898856807D-02
   0.5540493651707D-02  -0.2378701656106D-02   0.8536743901726D-02
   0.1245392692278D-02  -0.2764894555071D-02   0.4103263599216D-02
  -0.9354687841972D-03   0.2579618600862D-03   0.5425397380331D-03
  -0.2778008484382D-03  -0.4652389760844D-03   0.6438701410789D-03
  -0.3900027904445D-04   0.1688265529981D-03  -0.1167496235707D-03
   0.1366732669815D-03   0.4646552603391D-03   0.6047020751590D-03
   0.2729932146201D-03  -0.4432921681242D-03  -0.7634644428963D-04
   0.4800701296337D-03   0.8290230549872D-03   0.6840789028424D-03
   0.2088025874496D-02  -0.3883040690545D-01   0.1122253411571D+00
  -0.2656413562173D-02  -0.1285319512738D-02   0.7438049690890D-02
  -0.5575417625076D-01  -0.6298835894985D-01  -0.1789832846577D-01
   0.2026522812238D-02   0.7377500479922D-02  -0.1580218554618D-01
   0.1199326238234D-01  -0.5447345257405D-03   0.1910848543498D-02
   0.3734246639171D-03   0.2693484425818D-03   0.1043043816281D-02
  -0.1860693084253D-02  -0.1607226002480D-03  -0.3837257956895D-02
   0.1842826648250D-02   0.2573123828495D-02   0.1867165964089D-02
   0.7205971132437D-02  -0.8993361581833D-02   0.1340043182319D-01
   0.2088222477720D-02  -0.5659840011822D-03   0.2644294738619D-02
  -0.1076542663573D-02  -0.4821318990267D-03   0.3014536188776D-03
   0.3150559147794D-02  -0.6162358246313D-05   0.1471054674179D-03
   0.5029940726649D-03  -0.7448996598797D-03  -0.1078914831941D-02
   0.4131174449654D-03  -0.1910270659998D-03  -0.2599852293329D-04
   0.2652239481775D-03  -0.7235306883965D-03  -0.1088305491204D-03
   0.6404731129643D-03   0.1956456717369D-03  -0.1367808811045D-03
   0.6888177708992D-03  -0.4355452840744D-03  -0.3375397384492D-03
   0.1161039472392D-03  -0.5873087441438D-03  -0.9218539855288D-03
  -0.2183320814966D-03  -0.5660160421724D-03  -0.6166835934706D-03
   0.1054040937026D+00  -0.7828947397766D-01   0.1601885320787D-03
   0.8742790588749D-02  -0.2026668083532D-01  -0.1078485210363D-01
  -0.8144469267230D-01  -0.3802228475843D-01  -0.4053666487954D-01
   0.1521691169646D-02   0.2418116984921D-01   0.1826397760044D-01
   0.7220862776282D-02   0.1369919544921D-02  -0.5837260079247D-02
   0.3009973986125D-02  -0.1776612145655D-02   0.7634223387571D-03
  -0.2646733397796D-02   0.3182589518092D-02  -0.3517091843797D-02
  -0.2976152613037D-02   0.1499229212633D-02   0.1082692471567D-02
  -0.1907311566549D-02   0.1213456611004D-02  -0.6803458119641D-03
  -0.2045075446379D-02   0.4985690998025D-02  -0.9485780473401D-03
  -0.8030052201332D-03  -0.3517156477875D-03   0.9895895448540D-03
   0.1142786774093D-01  -0.9982093409456D-03  -0.1951995925582D-02
   0.9172182355038D-03  -0.2975771648372D-03  -0.5656792582658D-03
   0.6337872068499D-03  -0.1346545106707D-02   0.5605287671202D-04
  -0.8526607218813D-03   0.1155852857073D-02  -0.1443352796046D-02
  -0.6298963348087D-03   0.8049486134724D-03  -0.2131009399908D-02
  -0.4190310887798D-03  -0.9342603160512D-05   0.2569592043833D-03
  -0.2380391658502D-03  -0.8121983322963D-05   0.1752075641339D-03
  -0.3969736726323D-04  -0.7190453144627D-04   0.2350852273346D-04
   0.6867238145467D-03   0.7929038487493D-03   0.5603730164861D-03
  -0.8698276055442D-01  -0.5503568106386D-01  -0.4940310467433D-01
  -0.7838806840792D-02  -0.1011199583089D-01  -0.6447075485921D-02
   0.6441479657991D-02  -0.8237239574842D-01   0.6519648256013D-01
   0.9105308288435D-02   0.2818953730182D-01  -0.1419683065043D-02
  -0.6877665670638D-02   0.6568535815297D-02   0.2798235764738D-02
  -0.2065457411887D-02   0.1660146931971D-03   0.4384739597757D-02
   0.5899266439590D-03  -0.4613992028869D-03  -0.3769094705287D-03
  -0.1851269948222D-02   0.5910206321432D-02  -0.1058041723982D-02
  -0.1778248737392D-01   0.7812899408539D-03  -0.3821233675243D-02
  -0.3676248135747D-02  -0.1709770382552D-03  -0.9932751803698D-03
  -0.4667899947452D-03   0.1508967376694D-02   0.1725035171202D-02
  -0.7729766520449D-03  -0.1145059423105D-02   0.2651750684017D-04
   0.8448561640082D-03   0.1001614034451D-03  -0.3371139307162D-03
  -0.2656327052612D-03  -0.9915781366547D-04   0.4574717792511D-03
  -0.9042273078481D-03   0.3553374485228D-03  -0.2210502137326D-03
  -0.8665656716085D-03   0.9629087021634D-04   0.5866653909944D-03
  -0.7586089006598D-04   0.9407847438396D-04   0.7018392838686D-03
  -0.7934271381576D-03  -0.1564068012560D-02   0.8069572617122D-03
  -0.2370222737962D-03  -0.1254554594329D-02   0.1194139458550D-02
  -0.5193446192730D-01   0.3724819839967D-01  -0.9750479294905D-01
   0.9305326008717D-02  -0.1218631291016D-02  -0.4503394135896D-02
  -0.1104909252727D-03  -0.6725943093860D-02  -0.7717877338489D-03
  -0.3144697877190D-03   0.2213773009903D-02   0.4602991926837D-02
  -0.6325447669378D-03   0.1782808500701D-02  -0.1634304796192D-01
   0.2332419595381D-02  -0.6032823208527D-02  -0.1255985670026D-01
  -0.9151945630989D-02  -0.7027915510777D-02   0.2001359572509D-01
  -0.6968403557462D-02  -0.1113938454358D-02  -0.7231552513762D-03
  -0.1381976947922D-01   0.3066467195460D-03  -0.5537828895078D-02
  -0.3789344212682D-02  -0.7827005857867D-03  -0.5993043566718D-03
   0.5574400817177D-03   0.1100251365798D-02   0.5905705139085D-03
  -0.6705783281918D-03  -0.1464992353072D-02  -0.9147513948454D-03
  -0.6810585145850D-03  -0.3953908026701D-03   0.7979421406595D-03
   0.3347858485235D-03  -0.8602906653470D-03  -0.2095917100180D-03
  -0.1341009992559D-03  -0.3651948176966D-03  -0.4754817505051D-03
  -0.7381583029237D-03   0.3498044254280D-03  -0.1321452242481D-03
   0.4197795829714D-03   0.1627308938664D-04  -0.2538630623154D-03
   0.5048325645777D-03   0.6419154231424D-02  -0.6082778964937D-02
  -0.2132223326324D-02   0.1934942695692D-02  -0.7471510142900D-02
  -0.3397353580280D-02   0.7925452666776D-02  -0.5635725561402D-02
   0.6953920083543D-02   0.3853581768482D-03   0.4889923911111D-02
  -0.7640727011268D-03  -0.3046187100838D-02   0.1032895195417D-02
   0.4388795623016D-02  -0.1859478824385D-02   0.2406495759043D-02
  -0.1133229929808D-03  -0.3656254762522D-02   0.2304008407899D-02
  -0.3233868096171D-02  -0.5025710198598D-02   0.3362043177250D-04
   0.1815348697775D-03  -0.6634394995074D-03  -0.4300136357222D-03
   0.1124337469472D-02   0.4502085000849D-03  -0.1053267528688D-02
  -0.5789680176166D-03   0.9197743128738D-03   0.5860943405227D-03
   0.7266215124949D-04   0.7940691179659D-04  -0.4058306277451D-04
   0.5113201500533D-03   0.5660514829757D-03  -0.4857978652710D-03
   0.8341865549895D-04  -0.7548850630796D-04  -0.5417200530257D-03
   0.3460211334122D-02   0.1477614950497D-02   0.5855685103038D-03
  -0.3142933458751D-02  -0.2608740251413D-02   0.3455708680895D-02
   0.1136447468656D-02   0.7688360276387D-02  -0.2327338701134D-02
   0.7532256060073D-02  -0.1194886986874D-01  -0.7913257381298D-02
  -0.6455608204414D-04  -0.2318894161057D-02   0.5579930624124D-02
  -0.7349694112142D-03  -0.2544716901305D-02  -0.2526346705695D-03
   0.6924547253813D-03  -0.8932560118135D-02   0.3454255048806D-02
  -0.1028964145769D-01   0.7033928794338D-02  -0.3414755204561D-02
   0.1033594500990D-02   0.6913507648360D-02  -0.2922305606613D-02
  -0.1846689538410D-02   0.3022431607329D-02  -0.7648842443344D-03
   0.2342274087221D-03  -0.4094609568509D-03  -0.1621337490839D-03
   0.2209691797906D-02  -0.9016669964153D-03   0.5198579572725D-03
   0.1130333201292D-02  -0.4959268630995D-03   0.2428811543726D-04
  -0.4245922090771D-04  -0.1295980383538D-03  -0.7164944761567D-04
   0.9456392866283D-03   0.4639482232804D-03  -0.5792143894719D-03
   0.1071090820522D-02  -0.5799005740395D-03  -0.5826468358249D-04
  -0.5526697884472D-03   0.1396048307838D-02  -0.3239510676236D-03
   0.4224826040630D-02   0.2940768219948D-02  -0.6780786422465D-02
  -0.1442601816188D-02   0.2350688536324D-02   0.1264124419827D-01
  -0.7182560502802D-02   0.7749290302127D-03   0.1837092234997D-02
   0.5477686820012D-02  -0.1418787292595D-02  -0.1566041974960D-01
   0.3741703008091D-02  -0.1969562381316D-02   0.8520610512235D-02
   0.5376500458350D-03  -0.1767263991593D-02   0.9734886568010D-02
  -0.3364003599873D-02  -0.5602973672439D-02  -0.1217063186731D-01
   0.3995183541938D-03  -0.4532586554982D-02   0.8963152145076D-02
   0.2044801467915D-02  -0.3914572590834D-03   0.5290552516602D-02
   0.1949271931334D-03   0.1065380679975D-02  -0.1747617250214D-01
   0.7584287805138D-02   0.2830741641928D-02  -0.9992496770336D-03
  -0.3623243118972D-02   0.4037650025152D-02   0.3143350859390D-02
   0.1638877721535D-03  -0.3835586697002D-03   0.4907749501921D-04
   0.1226367252491D-02  -0.4671358830508D-02   0.1055393668464D-02
  -0.8891218457946D-04  -0.3192251485421D-03  -0.8399688474758D-04
   0.3087020997507D-04  -0.1598727784230D-04   0.8679617805169D-04
   0.1088418332568D-02  -0.2201847730302D-03  -0.6552298229550D-03
   0.4048464206563D-03  -0.8063986252086D-04  -0.2301418688045D-03
   0.9081963508476D-04  -0.1082530629096D-02   0.1013244361170D-02
  -0.5254220643361D-03  -0.4695377453610D-03  -0.3532042441910D-04
  -0.2771501594717D-02   0.4973107513218D-02   0.9950048065598D-02
   0.7633445750496D-03   0.2426936826203D-02   0.1382719233391D-01
  -0.1062641972083D-02  -0.4010381006679D-02   0.9935814868258D-03
   0.1352020922826D-02  -0.4614977598581D-02  -0.6022783627525D-02
  -0.4695863295863D-02   0.5939726439470D-02  -0.5352217653585D-02
  -0.3219208421630D-02   0.3856344881896D-02  -0.9526658439629D-02
  -0.8114100588476D-03  -0.3328317109821D-02   0.3521168467441D-02
   0.4220772202472D-02  -0.2365458320517D-02  -0.1082230455041D-02
  -0.1900658852869D-03  -0.8211324988580D-04  -0.5689115651388D-03
   0.1972174596882D-04  -0.1064991299268D-03  -0.6863513513128D-03
  -0.1597955388857D-03  -0.3425904948032D-05   0.2699420731501D-03
  -0.9317256333889D-05   0.1317338322147D-03  -0.2700438918035D-03
   0.5020147730911D-04  -0.2290767809739D-04  -0.8706856596862D-04
   0.2519838666001D-04  -0.6496278625818D-04   0.8646272520336D-04
   0.1861948793949D-03  -0.1458150181713D-03   0.1888468844411D-03
   0.1923104705244D-03  -0.9918165146564D-04   0.8160917332219D-04
  -0.3665356918946D-04   0.8748194402541D-04  -0.1951577169067D-03
  -0.8666890565253D-04  -0.5622968889787D-04  -0.1418738700406D-03
   0.3877449155230D-05  -0.3257274837419D-03  -0.2196336140764D-03
  -0.4403702495614D-02  -0.1225178053899D-02  -0.1332463449699D-02
  -0.2189672265008D-02   0.3498184574993D-02   0.1781767182869D-02
  -0.1045638317818D-02  -0.8208570848891D-03  -0.2899847639943D-02
   0.1109110415741D-02  -0.6089758574833D-02  -0.7302425247035D-02
   0.2148585938557D-03   0.5138361247657D-02   0.4177271444866D-02
   0.5298268996835D-02   0.1790530399610D-02  -0.4491650735285D-02
  -0.2690885510241D-03   0.2134099006929D-03  -0.1709151712262D-03
   0.8034251482913D-04  -0.1067365564747D-03  -0.1555512754017D-03
   0.1172747623591D-03   0.3399511162350D-03   0.1802724695385D-03
  -0.9979887940064D-05  -0.3768273327622D-03   0.2512352786320D-04
  -0.2570840668030D-03   0.3074917127616D-03   0.2866851820227D-03
   0.1146275498062D-03   0.2941024442862D-03   0.2634723571415D-02
  -0.7307773320079D-03   0.1138267846502D-02  -0.6572487713303D-02
  -0.9763209749355D-03  -0.4391836978983D-03   0.2423011444201D-02
  -0.1429553282717D-02   0.6102788864772D-02   0.8300157930547D-02
  -0.1824201672995D-02  -0.1146377031499D-02  -0.2194019690995D-02
   0.1845258828522D-02   0.3280443328404D-02  -0.5325431163434D-02
   0.2188382851518D-02  -0.2635864002118D-02   0.1253387953146D-01
   0.3050989387296D-02  -0.2413237772829D-02   0.2372740831715D-02
   0.2980813021558D-03   0.1432696136632D-04  -0.1000402353688D-03
  -0.5257720026555D-03   0.2476987406797D-04   0.1174011614477D-03
  -0.2922569777193D-03   0.5344369948347D-04  -0.3745235549146D-04
  -0.1129328741870D-04  -0.8511877138000D-04   0.4858114211130D-03
   0.9076002793077D-04   0.1593311660717D-03   0.2469249669923D-03
   0.1105390382187D-04  -0.4486010072101D-04   0.1326863550134D-03
  -0.7008620490178D-04  -0.8837459337809D-04   0.2302694204291D-03
  -0.5565462469083D-05  -0.1836909468169D-04   0.1373079229431D-03
  -0.1538223099777D-03   0.1427435943632D-04   0.6086557388856D-04
   0.2081252961328D-04  -0.2122933293295D-03   0.1222164196883D-03
  -0.9969883149282D-04  -0.2175476576172D-03   0.2727316658719D-03
  -0.1645557074680D-02  -0.1262636499355D-02   0.3679832162661D-02
  -0.2112672337344D-03  -0.2625952739057D-03  -0.5452492960479D-02
  -0.1300072278920D-02  -0.2146475818420D-02   0.3016226194540D-03
   0.3734211739332D-03   0.2969136838520D-03  -0.1537332995023D-02
  -0.3264521874693D-02   0.1309373564612D-02   0.3882408941168D-02
   0.6460300354256D-02   0.2153149447694D-02  -0.1019720675472D-01
  -0.8183545237577D-03  -0.1398277923427D-02   0.2149191365642D-02
  -0.2967347703683D-02  -0.2095356444737D-02   0.5712571915338D-02
  -0.1524789371225D-03  -0.4025023422058D-03   0.6301814560408D-03
   0.2335817779753D-03   0.4183513733639D-03  -0.1067061263483D-03
  -0.1912754019269D-03  -0.2924853082150D-03  -0.9258771197138D-05
   0.1279836734951D-03  -0.5783013394320D-04  -0.1845810363177D-03
  -0.6186953857409D-04  -0.7517208156175D-04   0.1132632916999D-03
   0.1779946629390D-03  -0.1150135367414D-03   0.2999898378364D-03
   0.1114117546285D-03   0.1471303494173D-03   0.1564648700442D-03
  -0.1166899086331D-03  -0.8869731263626D-04   0.9272872147501D-04
  -0.4095713511752D-03   0.2405433615728D-03   0.2056937636492D-03
  -0.4630222899743D-04   0.1697122423366D-03  -0.3962285761370D-04
  -0.7450683962361D-05   0.1363262990552D-03  -0.1155942046186D-03
   0.1232695213260D-02  -0.1539240120380D-02   0.5417888619162D-02
   0.5987026119329D-03   0.2215464223841D-02   0.4594582475939D-02
  -0.1410246906817D-02   0.1759686362872D-02   0.4354758913987D-02
  -0.1461577448957D-02  -0.1200072940088D-02   0.5115803954511D-02
   0.6679393322127D-03   0.4961274595056D-02  -0.4545215729861D-02
   0.1344032104633D-03   0.2882569888523D-02  -0.2920791239143D-02
   0.2973205203516D-02  -0.4620575545377D-02   0.6377198074327D-02
   0.1003937369941D-02  -0.4367156130545D-02   0.3605762103155D-02
  -0.4949832168973D-04  -0.2469627958818D-02  -0.4561291931590D-02
   0.7543755155620D-03  -0.2814882964706D-02  -0.8657112120415D-02
   0.6513056981852D-04   0.5495706474920D-02  -0.3065888247054D-02
  -0.5282219390511D-03   0.4126056079350D-03  -0.2316596840493D-03
   0.2580310162723D-03  -0.2829555574029D-03   0.2003211781521D-03
  -0.9621006927704D-04   0.7661921497807D-04   0.1009028831900D-03
   0.1332973622178D-05   0.1106598205248D-04  -0.2878107413094D-03
  -0.4319140071309D-04  -0.2787280701701D-03   0.3541211442910D-03
  -0.7579602400093D-04  -0.1077715480514D-03  -0.1388052784136D-03
   0.1210277891201D-03  -0.4116507342477D-03  -0.7548697061204D-04
  -0.3697030492277D-04  -0.6251083392214D-04  -0.1417014574358D-03
   0.8199366510542D-03   0.1032772593602D-03  -0.3015882427009D-03
   0.4657052987048D-04  -0.2105847581116D-03   0.7615579527474D-03
  -0.2558184714841D-03  -0.4716092794180D-04  -0.4947043105810D-04
   0.6993337960154D-03   0.4530375358909D-03   0.3904475918807D-03
   0.6321796439709D-04   0.7528172949028D-03   0.7123110442553D-05
  -0.2267288986451D-02   0.2184835972882D-02   0.4370185875017D-02
   0.6239420643216D-03   0.6926910940081D-03   0.6811871872822D-02
   0.5669839433254D-02   0.4607627174222D-02  -0.5755345193098D-02
   0.3763576546570D-02   0.2804078168141D-03  -0.8190842412736D-02
  -0.1366249627902D-02  -0.4594029095323D-03   0.9682867445212D-02
  -0.1617813156204D-02   0.3336097351958D-02  -0.5660779902818D-02
   0.2110795832822D-03  -0.1058718278371D-03   0.1254011579611D-03
  -0.1392266716985D-03  -0.3886209943214D-03  -0.2756050759041D-03
  -0.1062358566456D-03   0.2529825923104D-03  -0.1906080069967D-03
  -0.3149034431166D-03   0.5071931117757D-03  -0.5085020337587D-03
  -0.1555084455952D-04   0.1636217973164D-04   0.3149609104988D-04
   0.6074916835789D-02   0.2774008917856D-03  -0.6165276948780D-02
  -0.2993514380799D-02  -0.1314950390105D-02   0.4448757823547D-02
  -0.4008452970197D-02   0.3037035542031D-02  -0.5669159164886D-02
  -0.1177756815797D-03  -0.2651814350488D-02   0.6805910666669D-02
  -0.4267313312055D-02   0.1018886948720D-03  -0.2708885386517D-02
  -0.4431504603164D-02   0.6567166114723D-03   0.3947097804016D-02
   0.1182224208158D-02  -0.4761316748951D-02   0.1556842520085D-02
  -0.3399822793977D-02   0.3335175229423D-02   0.4955781188339D-02
   0.8853820740685D-02  -0.1182428169108D-02  -0.4047707224607D-02
  -0.1321300838498D-01   0.9620425791300D-02  -0.3904848801125D-02
  -0.1636918405349D-02   0.4074693186364D-02  -0.3108275708434D-02
  -0.1928446039983D-02  -0.2886616597231D-02   0.1934692334165D-02
   0.7721597316740D-03   0.1022535126872D-03  -0.5145732108258D-03
   0.2032989701380D-03  -0.2276578425035D-03  -0.8729798193853D-03
   0.9463587560515D-04   0.1470273748244D-02  -0.1224554565655D-02
   0.1058307577626D-03  -0.8203684479037D-04  -0.2200782590084D-03
  -0.3060525068559D-03  -0.4283441207039D-03   0.1866915924500D-03
  -0.6360942185940D-03  -0.1453714570399D-03   0.1231315558213D-03
   0.6038043249039D-03  -0.1432175706860D-02  -0.6040432717612D-03
   0.3474911887214D-03  -0.8132677810381D-03   0.1272167192182D-03
   0.1279041359179D-01  -0.4100686862640D-02  -0.5726593567990D-03
  -0.2475474941573D-03  -0.3734630294616D-02   0.2542084082896D-02
  -0.3107326637690D-04  -0.1118458470046D-02   0.1344224495469D-03
   0.6380320918093D-04  -0.1907296379583D-02   0.3047801147894D-03
  -0.7927339475452D-03   0.1833671283846D-02  -0.1955316428441D-02
   0.2451403597996D-02   0.1373998205376D-02   0.3983598536648D-03
   0.1724265517226D-02  -0.2401725491233D-03   0.2761475014016D-02
   0.2765722176614D-02  -0.2483100858245D-02   0.2212940420055D-03
  -0.9491352679346D-03  -0.4073103732680D-03  -0.4577302467300D-02
  -0.1297693535023D-02  -0.1751616131751D-02  -0.1019134109282D-02
  -0.3418518752737D-02   0.2704393055213D-02   0.1534867570439D-02
  -0.7823942599088D-03   0.6992452522927D-03   0.6658431037525D-03
   0.3282923767357D-03  -0.5697810772889D-04   0.2080102751923D-03
   0.5021276527803D-03   0.3739451549708D-03   0.2288437363831D-03
   0.9810777258654D-04   0.5892069413284D-04   0.1618785850429D-03
  -0.2839719120633D-04   0.1391197043604D-04  -0.2861141013357D-04
   0.7091323524058D-05  -0.2090835155055D-03  -0.1135749304306D-03
  -0.9570757836495D-04  -0.1765690799487D-03   0.3990487187927D-05
   0.2292668148684D-03   0.4952080398085D-04  -0.2047751957487D-03
  -0.2117719934002D-04   0.8598042053939D-05  -0.4794920574348D-05
   0.2322736935189D-03  -0.4079400826272D-04   0.1092311992357D-03
  -0.1926907785573D-02  -0.2277551383068D-02   0.5329529258506D-02
   0.3410886977804D-02   0.3298773974415D-02  -0.8199345356566D-02
  -0.5075597651070D-01  -0.7852388339034D-01   0.1644488892070D-01
   0.1229052028207D-01   0.7360385919860D-02   0.1268224328062D-01
  -0.1467293226590D-02   0.5056789580175D-03   0.3759611217474D-03
   0.1147026333179D-02   0.3820606100990D-03  -0.1994180543217D-02
   0.5090673149176D-04  -0.9160823756413D-03   0.1267965591482D-02
  -0.4377768493519D-03  -0.7386199141413D-03   0.8341749982200D-03
  -0.6513561827550D-03   0.1931741691658D-02  -0.1202726680958D-02
   0.2969280456179D-03   0.5158400587164D-03  -0.4085434147226D-04
   0.2279968605610D-03   0.9173381306378D-04  -0.1920271915745D-03
   0.2427603457286D-04  -0.1270143706737D-03   0.5106707494292D-03
  -0.6514272302671D-03   0.1063505072242D-03   0.6961491843899D-03
  -0.8333040282037D-04   0.5582726173292D-04   0.1221200719777D-03
   0.9057254448387D-03   0.1447983265658D-02  -0.7630277741641D-03
  -0.1999429053159D-03   0.4967218031008D-03  -0.1058974587810D-02
   0.1004883180850D+00  -0.3543591491695D-01  -0.7505487108557D-01
   0.4332429124163D-02  -0.4599087191558D-02   0.4015198446846D-02
  -0.5201185693087D-02   0.1583339775206D-02   0.4370981329219D-02
  -0.3607470913064D-03  -0.2607500118707D-02   0.9534931543589D-03
  -0.4488752369755D-02  -0.1557138708322D-02  -0.7250694258462D-02
  -0.1133272047948D-02   0.2370570875383D-03  -0.1608742667738D-02
  -0.2072267580413D-03   0.2347456653586D-02   0.4239821141702D-03
   0.5608316771333D-03   0.2498929140723D-02   0.1886365361068D-02
  -0.2600757533584D-02  -0.3687676816706D-02  -0.4248002188564D-03
   0.5782069241812D-02   0.1223954162105D-02   0.1166221410303D-02
   0.2218971718908D-02   0.5535395943276D-03   0.3174153727956D-02
   0.6807890517393D-02  -0.8274091191691D-02  -0.7058989201394D-02
   0.9455198798676D-03  -0.1941127525267D-02  -0.7895866582371D-03
   0.5827928267256D-03  -0.7079114324068D-03   0.1228291974952D-03
   0.2229023356417D-03  -0.5477775688250D-03   0.1018285738843D-02
  -0.3087381800899D-04  -0.1584471737198D-03   0.5424428554246D-04
   0.1807807439086D-03   0.3219301958224D-03  -0.1732010021174D-03
  -0.5998896123456D-03  -0.1074907437561D-02   0.1620202003597D-03
   0.1852032734407D-03   0.8191640832583D-03  -0.7754249720260D-04
   0.4375759646156D-03  -0.2031032276225D-03  -0.5765831214967D-03
  -0.4649284062008D-02   0.1059283302476D-02  -0.1323501653487D-02
  -0.1534727219147D-02  -0.1862254344934D-03   0.7966795377246D-03
  -0.6763077234539D-03  -0.1287948886325D-02  -0.1199024335291D-02
  -0.1411493653959D-02   0.3192784321286D-03   0.1100779511219D-02
   0.8817739913874D-03  -0.2695641555745D-02  -0.1633800767272D-02
  -0.3396236988250D-02  -0.6008652432424D-03  -0.6973386861939D-02
   0.8044070548869D-01  -0.4235057567464D-01   0.1348570249942D-01
  -0.1149701906075D-01   0.9540468505864D-02   0.2139516369295D-01
  -0.3758260574088D-03   0.1179602292587D-02  -0.5180260593410D-02
  -0.3953297883775D-04  -0.1421992104843D-02  -0.2613440483669D-02
   0.5389208867077D-03  -0.3376663196139D-03   0.7807846463661D-03
   0.3932403492348D-03   0.7073159797237D-03  -0.1143833602353D-03
  -0.1121947900692D-02  -0.1085046615524D-03  -0.3126332136110D-04
  -0.6465231309230D-03  -0.1050494475941D-03  -0.2684608094917D-04
   0.5098374348627D-01  -0.1090631826818D+00  -0.2577431084525D-01
   0.8661438414755D-02   0.4646577078792D-03   0.1275543479672D-01
  -0.3812023101696D-02   0.3920915425024D-02  -0.2770673626022D-02
  -0.3030397889968D-02  -0.6039910750927D-02  -0.9978347104170D-02
   0.9427515966977D-03   0.1918027868602D-02   0.1294462960773D-02
   0.2056777359986D-03   0.3553436456096D-02  -0.1148108627647D-03
   0.8145497383555D-02  -0.1771611874672D-02  -0.5034677029296D-02
  -0.3375507214870D-02  -0.1545240473884D-02  -0.5877042205774D-02
  -0.7679107714936D-02  -0.9361125563978D-02  -0.3927621198205D-02
  -0.1621104905197D-02  -0.8497200247931D-02   0.3960846932025D-02
  -0.2108727318464D-03  -0.1808439981393D-02  -0.8915884927953D-03
  -0.1227264769177D-02   0.3931821814917D-03   0.1628362850118D-02
  -0.4823689340748D-03   0.7832345437473D-03   0.1745651690996D-03
   0.5657623113744D-03   0.5700350154993D-03  -0.7690348909293D-03
   0.5071753476544D-03   0.1217665979297D-03  -0.4245898826780D-03
   0.1516957158871D-02   0.1782145433143D-02   0.2187806549533D-02
   0.1050621064848D-02   0.1992428832392D-02   0.3454857205016D-02
  -0.1760669991829D-02   0.4000575729984D-02   0.2800118464403D-03
   0.1483999342234D-02   0.3900116192118D-02  -0.2482098772903D-02
   0.9353742132286D-03   0.3707413783550D-02  -0.5039178180981D-02
  -0.3581983197977D-03   0.4132746816308D-03   0.3084553585553D-03
  -0.9089312091472D-04  -0.3616366613194D-03  -0.4535260414436D-03
  -0.3704219824199D-04   0.3004841760201D-03   0.6170543236700D-03
  -0.6615687655426D-04   0.1658711820147D-03  -0.4881741151182D-04
   0.1104187251589D-03  -0.5043730460296D-04  -0.6171780632926D-03
  -0.5634520642167D-02   0.4762560497388D-02  -0.1549907577849D-02
  -0.2538312201222D-02  -0.5219542778729D-02   0.8870486882554D-02
  -0.2095168583943D-03  -0.8604610414341D-03   0.4206945846487D-02
   0.5970837393450D-02  -0.4278404153024D-02  -0.3266927919521D-02
   0.1912024391980D-02  -0.5289489762365D-02   0.5198283449574D-02
  -0.3047566045997D-02   0.5449552691604D-04  -0.5810522990806D-02
  -0.3497854158872D-02   0.1406572181185D-03  -0.3338093033452D-02
  -0.1518914127565D-02  -0.4200922368615D-03  -0.7086930147017D-02
   0.1270086265921D-02  -0.4911014892461D-04   0.1892975158911D-02
   0.6227940017775D-03  -0.2095070320041D-02   0.1675569992989D-02
   0.2704661119473D-02   0.3309353928435D-02   0.2449867936764D-02
   0.2898630850000D-03  -0.2489425998104D-03  -0.5910187623918D-04
   0.3752650204944D-03   0.4399864627582D-03  -0.2029455679397D-03
   0.1005643999017D-03  -0.5364506509288D-05   0.9308788404862D-04
  -0.6305629655651D-04  -0.2256361136439D-04  -0.1157931824880D-03
   0.1224709174058D-03  -0.3593978906245D-04   0.3806209638309D-04
   0.4703167811655D-03   0.1740882039615D-04  -0.1439220702552D-03
  -0.1910711146094D-03   0.8650660316486D-05   0.2997535692928D-04
  -0.2126775513985D-04   0.2155539299948D-03  -0.3007535978783D-04
  -0.1324070114712D-03   0.7963932548849D-04   0.1519546417717D-03
  -0.1958587704707D-02   0.1641451825788D-02   0.6002249090421D-02
  -0.8330889127891D-03  -0.3836260541563D-03  -0.1720155122761D-02
  -0.4711492627029D-02  -0.3817953869714D-02   0.1846448940156D-01
   0.4556329237840D-02   0.4309312160761D-02  -0.1142324608696D-01
  -0.2612507122370D-02  -0.2900549693187D-02  -0.1125160657820D-01
  -0.1104772512329D-03  -0.3076023369028D-02  -0.4798532345816D-02
  -0.1338063549403D-02  -0.3145857844624D-02   0.7514025705115D-02
  -0.1621669077730D-02  -0.1118579525832D-02  -0.7525275728979D-02
   0.2345100050857D-02   0.1268508827328D-02  -0.1144662884871D-02
  -0.2594711798024D-02   0.4267364176042D-02   0.3227252855604D-02
   0.2006136485567D-02  -0.3896495900312D-02   0.1358774190246D-01
  -0.1151339721270D-01   0.7599595813777D-02  -0.6015127445458D-02
  -0.3371178892611D-03  -0.4818877000190D-03   0.2275358659119D-03
  -0.2435944699571D-03   0.4834220959763D-03  -0.4394206073469D-03
   0.4982466425560D-04   0.9376138991989D-03  -0.3507452033449D-03
  -0.5800626926335D-03   0.5449217254794D-03  -0.7215702511781D-03
   0.1375207428031D-03   0.4208415524906D-03  -0.4967359773461D-03
   0.3756799109538D-03   0.4395021582392D-03  -0.2398730661113D-03
  -0.2074206780170D-04  -0.9819931664528D-03  -0.4769006149209D-03
  -0.4900336893094D-04  -0.8369364026945D-03   0.2656664374734D-03
   0.8914997045294D-02  -0.7109803322157D-02   0.5507196931382D-03
  -0.3046188417359D-04  -0.1606947050739D-03   0.1101653661368D-01
  -0.9952821547846D-02   0.4893094243871D-03  -0.2108108536412D-01
   0.5425909755607D-01   0.6351283768019D-01  -0.4821635102663D-01
  -0.1321948580643D-01  -0.5287123792560D-02   0.2138530294244D-01
   0.9671167762187D-03   0.3229610725051D-02  -0.4780113886307D-02
   0.3051732764834D-02  -0.5196643948464D-02   0.1439575198234D-01
   0.3930222816290D-02  -0.3123507184117D-03   0.1977870529243D-02
  -0.1546702112275D-02  -0.2003053707208D-02  -0.3015778109344D-02
   0.7190675124451D-03   0.7208825444690D-03  -0.9519969522814D-03
  -0.3790943639766D-03   0.7969031677108D-03   0.5821331461502D-03
  -0.5507596418381D-03  -0.2804590186855D-03  -0.2293663707534D-03
   0.5116059962055D-03   0.1477149648266D-03   0.1780457236205D-03
   0.2618628227677D-03   0.2705527567754D-03  -0.5784474583229D-03
  -0.1851593363497D-03   0.3574572087527D-04  -0.4748381535631D-03
   0.3244549639006D-04  -0.9134358518701D-03  -0.3798565571583D-03
   0.1485291938206D-03   0.1267812377569D-03   0.9239981873850D-04
   0.3138783136562D-03   0.8812725428528D-03   0.2964970299058D-03
   0.3605770444909D-03   0.7512825720263D-05   0.4480259747379D-03
   0.7328296390045D-03   0.6157233090934D-04   0.2036825101063D-03
   0.9182399326193D-01   0.5889871465208D-01  -0.5724878084117D-01
   0.7225684895257D-02  -0.1651822716473D-02  -0.6848940662968D-02
  -0.6126908642153D-01   0.5594737444432D-01   0.5149397090410D-01
  -0.2776715930860D-02  -0.9754890894713D-02  -0.5761924485903D-02
  -0.7381691892028D-03   0.5112586126483D-02   0.5857705031725D-02
   0.8215729378286D-04  -0.7999625232499D-03   0.5206218179267D-02
   0.4145561605654D-02  -0.9538694851965D-03   0.2361993265920D-02
   0.6994461748025D-02   0.4395492089893D-02  -0.5666306570362D-02
   0.7758572780450D-02   0.1210189008337D-01  -0.3758419278820D-02
   0.3458575713515D-03   0.1899287895993D-02  -0.2010856215692D-03
  -0.4260168409222D-03   0.2486106008911D-03  -0.3462399338090D-03
  -0.1668552880143D-02   0.2011335949984D-02  -0.3735646863822D-03
  -0.6085708808594D-03  -0.2049343909136D-03  -0.8706271639838D-03
   0.1662329036293D-03  -0.1273390062869D-03  -0.5437193422201D-03
   0.2977366564532D-03  -0.3189017707187D-03  -0.5384280853904D-03
  -0.1210809721364D-02  -0.1028497646278D-02  -0.8338148571832D-03
  -0.7664590108557D-03  -0.1622057928671D-03  -0.7099274152779D-03
  -0.1147476819318D+00  -0.9195137181471D-02  -0.4546562539086D-01
  -0.5674608888999D-02  -0.7051986124228D-02  -0.1723240307992D-02
  -0.7357205714257D-03  -0.3748070819428D-02   0.6670927483058D-02
  -0.2096807323276D-02  -0.5204910527783D-03   0.3427373992747D-02
   0.3774978616604D-02   0.1278857953260D-01  -0.5591093850701D-02
   0.1669399722123D-02   0.1490679391472D-02   0.1047928912703D-02
   0.1810087999179D-02   0.3529379670056D-02  -0.1167452856191D-02
   0.2584172787312D-02  -0.7378715547317D-02   0.3406806705753D-02
  -0.1860100859666D-03   0.3826413486597D-02  -0.3217199901446D-02
  -0.2603222794758D-03  -0.2338259417453D-02   0.9141561336612D-02
   0.5178619355822D-03   0.2881928353427D-02   0.2184465132551D-02
   0.3470692595611D-02   0.2085639111582D-02  -0.2231272523374D-02
  -0.1707482976629D-01   0.1289350023302D-01  -0.6379298109040D-02
  -0.4791327744969D-03  -0.9389660044387D-03  -0.1983097390285D-02
   0.3274759046671D-03   0.9587029413950D-03   0.7854791708866D-03
   0.8498358191684D-03   0.1204440622307D-02   0.6440945105219D-03
   0.4671102621349D-03   0.1014929924459D-02   0.2204022266953D-02
  -0.6907172836404D-03   0.4335026612802D-03   0.7431553145927D-03
  -0.2143643344283D-02  -0.3601569577960D-03   0.2149432697892D-02
  -0.2966740843747D-03  -0.4167825684823D-04   0.6636521759808D-03
  -0.4042763115399D-02  -0.1391577493011D-02  -0.6767789913786D-03
  -0.5315050139949D-02   0.1549806996760D-02  -0.8209790441939D-02
   0.1237322870755D-02  -0.3097747814932D-02   0.5202456878890D-02
   0.1407543493364D-01  -0.6975788064777D-02   0.7325675682224D-03
   0.1464660105331D-02   0.6142531135473D-02  -0.4534586085874D-02
  -0.2478999985956D-02  -0.7981173552066D-02  -0.1793905032068D-02
   0.3388392103732D-04  -0.4377944592453D-03   0.5149925924262D-03
   0.7867073242396D-03  -0.9292331202235D-03   0.1657003204071D-02
   0.3012867856568D-03   0.8099594212042D-03   0.7934555386331D-03
   0.3048937276504D-03   0.1717784276664D-02   0.2661278734368D-02
   0.9088010763262D-03   0.1490526281576D-02   0.2505070413723D-03
  -0.1528574485563D-01   0.6035600624315D-02  -0.1599599541280D-02
  -0.3061832020526D-02  -0.2518417647913D-02  -0.1263006457682D-01
   0.4309206764711D-01   0.8090783847154D-01   0.5121734468533D-02
   0.1828172529489D-03  -0.9792927929036D-02   0.9569918944892D-02
  -0.4463287397391D-02   0.2546786875258D-02  -0.2820544974886D-02
  -0.2421973975074D-02  -0.2905638420172D-02   0.1044158687784D-01
   0.1123421942419D-01  -0.9991436731378D-03  -0.7805140949192D-02
   0.5620277563279D-03  -0.3518099873328D-03   0.9743959662337D-03
  -0.4595133835903D-03   0.1926469221713D-03   0.7428847518426D-03
   0.1373798193786D-02   0.1099618748779D-02  -0.5393011566285D-03
  -0.3141272162540D-02   0.4464742428028D-02  -0.6377162432869D-02
   0.1093409572450D+00   0.3054804774104D-01  -0.2329951173213D-01
   0.1990879781353D-02  -0.4116913043608D-02   0.3726452535019D-03
   0.3627493634423D-03  -0.2744451720564D-02   0.7507148871934D-02
   0.1153437359431D-01   0.6672818182250D-02   0.1049979112917D-01
  -0.2226433773407D-02  -0.2013265904139D-02  -0.9872695845445D-02
  -0.4276239662336D-03  -0.3775663192024D-02  -0.6137532626016D-02
  -0.7524800110540D-02  -0.6291709087057D-02  -0.4290259685584D-02
  -0.3726102474184D-02   0.1065057161753D-02  -0.1001146627030D-01
   0.1004832113458D-01   0.4953646402811D-02  -0.7038996249425D-02
   0.1717027291798D-02   0.4828408224437D-03  -0.2313042185015D-02
  -0.2564509644591D-02  -0.3383789557353D-02   0.5437743166704D-03
   0.2816415423662D-03  -0.2804461452384D-02  -0.2498695965466D-02
   0.1961102947065D-03  -0.7241859869101D-04   0.9770321618805D-03
   0.3617167642839D-02  -0.1470813207558D-02  -0.6069203360795D-02
   0.7946635792327D-03  -0.2158443248757D-02  -0.1331308745725D-03
  -0.1500145508779D-02  -0.5971091990671D-02  -0.2560599628752D-02
  -0.7165152221481D-04  -0.2681978051140D-03  -0.1380370755951D-03
  -0.1790922154376D-03  -0.7970186800734D-05  -0.1312701545059D-03
  -0.7672826206275D-03  -0.5787316865137D-04  -0.3965581665056D-03
  -0.1290037824599D-03   0.2489469616545D-02   0.2821156355688D-02
   0.1869945103587D-02  -0.7118467676927D-02  -0.1272085003213D-01
  -0.4077376790214D-01  -0.4389992727613D-01   0.5921520993443D-01
  -0.1627512357905D-02   0.1441183936632D-01  -0.1560133788224D-02
   0.8915165594696D-04   0.5361263501257D-03  -0.4333407734201D-03
   0.2576838136965D-02   0.4224403309246D-03  -0.5328056563537D-03
   0.1749867066186D-02   0.4156337568338D-03  -0.5765639197834D-03
   0.5450675204021D-02   0.1077803680142D+00   0.5864921321331D-01
  -0.4977228744329D-02   0.4051998131054D-02   0.5857938608813D-02
   0.8103355452454D-01  -0.2158574875676D-01  -0.5497055078638D-01
  -0.8031692271208D-02  -0.9084120726302D-02   0.8772617940592D-02
   0.4616788478066D-02   0.1433998965884D-02  -0.5151697079093D-02
  -0.3280791653965D-04  -0.1139337006544D-02  -0.2771519780007D-02
  -0.3399078514201D-02   0.3144695683470D-02  -0.4880949326518D-02
   0.4368803465752D-03   0.6934700138506D-02   0.6125044020961D-02
   0.6914715330993D-02   0.1270813113308D-01   0.4020159624899D-02
   0.1402800973189D-02   0.2030731226374D-02   0.3067008616973D-03
   0.1508430190792D-04   0.1366226061946D-03   0.3988763427221D-03
   0.7643674499852D-03   0.1688275076317D-02  -0.5599218022909D-03
   0.8195076395295D-03   0.3064642246596D-03   0.4150776806594D-03
  -0.1037240610506D-03  -0.2519709677224D-03   0.4969428768086D-03
   0.3287560200814D-03   0.1760629722660D-02  -0.3563230566866D-04
   0.3031737079784D-03  -0.3192764409270D-03   0.8185821931549D-04
   0.1872110280812D-03  -0.7629772507082D-03  -0.4916545257823D-03
   0.1233807925490D+00  -0.1920968621463D-01  -0.6112487519934D-01
  -0.5971334352786D-01  -0.2310852753946D-01  -0.4008983340642D-01
  -0.2436923434717D-01   0.1129991524975D+00  -0.7700377038491D-01
   0.3930154792327D-02  -0.1976211842273D-01   0.7636899557222D-01
  -0.2418324932597D-01   0.5543585713198D-01  -0.1278082064773D+00
   0.5152350910180D-01   0.5339261148844D-01   0.2885352225804D-01
  -0.1114017386488D+00   0.8104026533247D-01   0.1440737066458D-01
   0.6583089586497D-01   0.2107932990836D-01   0.3050751945501D-01
   0.1220593914522D+00   0.5404966215494D-01   0.4002575265568D-01
  -0.8870706149525D-02   0.5463007836581D-01  -0.5104665663763D-01
   0.7867072261774D-01  -0.2683232618123D-01   0.1140912415238D+00
   0.3677220365106D-01   0.6413610210755D-01  -0.8304828370373D-02
  -0.1028198925766D+00   0.5656300728756D-01   0.6778947432177D-01
  -0.6460798493039D-01   0.3798698115172D-01  -0.1028261256209D-01
  -0.5591782387777D-01   0.1279046455810D+00   0.1588775780524D-01
  -0.3037502314220D-01  -0.6005224841932D-01   0.3144269402042D-01
  -0.9128969818652D-01  -0.8229641892964D-01   0.6421641644604D-01
   0.3966390942229D-01  -0.4385359858814D-01  -0.4467011003228D-01
   0.1323559108258D+00  -0.1691354153808D-01   0.4483309294010D-01
  -0.3602487851154D-01  -0.6719563710048D-01  -0.1134208072173D-02
  -0.1227893948601D+00  -0.2059033386127D-01   0.5963835088386D-01
   0.3775134872056D-01   0.4466688077114D-01  -0.5169010707974D-01
  -0.2564922031781D-01  -0.1192545592219D+00  -0.6506709448399D-01
  -0.5841760372017D-01   0.1237018464082D-01   0.4549252447381D-01
$end                                                                            
