           2           1   1.01946455773255     
           3           2  0.921228022597965     
           4           3   1.64057104938944     
           5           2  0.981050253753274     
           6           5  0.997158104423985     
           7           1  0.949762469133350     
           8           2  0.957848984852304     
           9           5  0.960311770487471     
          10           5  0.970153593121464     
          11           6  0.868922927298332     
          12           3   1.29730527845590     
          13          12  0.977205800890670     
          14          13  0.943163922303050     
          15          14   1.62005467720097     
          16          13  0.998503367794256     
          17          12  0.908774388870600     
          18          13  0.947685180657653     
          19          16  0.981307797155360     
          20          16  0.977346593221960     
          21          16  0.975262734772967     
          22          14   1.30144566142422     
          23          22  0.963767382810402     
          24          23  0.933845688845082     
          25          24   1.63024920182119     
          26          23   1.00037915593669     
          27          22  0.909966015184093     
          28          23  0.951286074967731     
          29          26  0.978782655586296     
          30          26  0.976880726329856     
          31          26  0.980580746524253     
          32          24   1.27581433233840     
          33          32  0.970197509816296     
          34          33  0.943215053013525     
          35          34   1.58788106338584     
          36          33  0.996229334181181     
          37          32  0.915765132563548     
          38          33  0.954026998769264     
          39          36  0.981050478738110     
          40          36  0.978820989194965     
          41          36  0.968666599589767     
          42          34   1.30802167107464     
          43          42  0.988886495238480     
          44          43  0.948425102864327     
          45          44   1.59152653709169     
          46          43  0.981127611224009     
          47          42  0.888420654113290     
          48          43  0.952679321380721     
          49          46  0.983927715133395     
          50          46  0.978602187127244     
          51          46  0.978704888477424     
          52          44   1.29712549195240     
          53          52  0.996569406516548     
          54          53  0.941381829034933     
          55          54   1.58604217522470     
          56          53  0.975012788027945     
          57          56   1.00795793998407     
          58          57  0.913137422898098     
          59          58   1.46042379964104     
          60          58   1.53280496841045     
          61          52  0.899172806117645     
          62          53  0.941268319223986     
          63          56  0.970436608515610     
          64          56  0.967425028012123     
          65          57  0.971912223420552     
          66          57  0.967647536543325     
          67          54   1.32966951311800     
          68          67  0.981145841523722     
          69          68  0.931822505608096     
          70          69   1.63546820264804     
          71          68  0.965086063702444     
          72          71   1.00374679489903     
          73          71   1.00780227535646     
          74          67  0.875634465300735     
          75          68  0.948284859735759     
          76          71  0.961106321624667     
          77          72  0.983632951578693     
          78          72  0.984217809385315     
          79          72  0.984836293539728     
          80          73  0.983532428801564     
          81          73  0.984641990078236     
          82          73  0.974391657545064     
          83          69   1.28633158541227     
          84          83  0.978218830624750     
          85          84  0.933475968455037     
          86          85   1.61179152303475     
          87          84  0.981095670008133     
          88          87   1.00488933239331     
          89          88  0.894209887199035     
          90          89   1.52861409673236     
          91          89   1.48967489278828     
          92          83  0.874628427921738     
          93          84  0.951568535494340     
          94          87  0.973333065691592     
          95          87  0.977256203628095     
          96          88  0.965534120065728     
          97          88  0.978478166505322     
          98          85   1.30794575279288     
          99          98  0.981758751934326     
         100          99  0.951260747644037     
         101         100   1.60163619468686     
         102          99  0.972656940319308     
         103         102   1.00592704719394     
         104         103  0.899008410005654     
         105         104   1.52689150358740     
         106         104   1.49020736712241     
         107          98  0.874570407393598     
         108          99  0.949218651835994     
         109         102  0.964918437216486     
         110         102  0.974124452226315     
         111         103  0.983477577446292     
         112         103  0.972909197320464     
         113         100   1.31672644318299     
         114         113  0.954382469290065     
         115         114  0.937991141767004     
         116         115   1.62445203843986     
         117         114  0.985976846041402     
         118         117   1.00676717340762     
         119         118  0.995255826482197     
         120         119  0.989844800205835     
         121         120   1.29400871866451     
         122         121   1.33793413892814     
         123         121   1.30891943043152     
         124         113  0.903805327492663     
         125         114  0.950838840895216     
         126         117  0.965129802779712     
         127         117  0.971569100260775     
         128         118  0.971918092839049     
         129         118  0.970842417042464     
         130         119  0.964014239533473     
         131         119  0.961666799368593     
         132         120  0.920812518050402     
         133         122  0.914380119575596     
         134         122  0.911902800485462     
         135         123  0.918987591163935     
         136         123  0.910546318717440     
         137         115   1.29511955208492     
         138         137  0.993076178348073     
         139         138  0.930170435252034     
         140         139   1.61687495297119     
         141         138  0.962757106525094     
         142         141  0.996727200342266     
         143         141  0.999413647436952     
         144         137  0.893780686757481     
         145         138  0.945734362206057     
         146         141  0.958473265166310     
         147         142  0.867010340357666     
         148         143  0.983712112599539     
         149         143  0.980699419822601     
         150         143  0.982460144673405     
         151         139   1.32279547908463     
         152         151  0.973731529674442     
         153         152  0.951658556342046     
         154         153   1.57975109929354     
         155         152  0.971426566719595     
         156         155   1.00846725299585     
         157         156  0.990397789940064     
         158         157  0.997652192180120     
         159         158   1.23341939621211     
         160         159   1.45581506502774     
         161         159   1.24809171236644     
         162         151  0.903420352677944     
         163         152  0.942694130647973     
         164         155  0.947050317419542     
         165         155  0.964507875606825     
         166         156  0.969200951169930     
         167         156  0.962477604276313     
         168         157  0.965280518352152     
         169         157  0.960743026555646     
         170         158  0.917270092170229     
         171         160  0.878741402877928     
         172         160  0.915504015975501     
         173         161  0.917322913115162     
         174         161  0.932355281003019     
         175         153   1.33270815685812     
         176         175  0.975217331014295     
         177         176  0.963607233258552     
         178         177   1.90841991562020     
         179         176  0.972264145342718     
         180         179   1.00262544827029     
         181         180  0.998197395258469     
         182         181   1.01181656066968     
         183         182  0.948035711121058     
         184         175  0.896947759687491     
         185         176  0.925915724446053     
         186         179  0.971184507265464     
         187         179  0.970645724302664     
         188         180  0.971824794024162     
         189         180  0.972812258343014     
         190         181  0.968012270736494     
         191         181  0.961635433047223     
         192         182  0.962870949014188     
         193         182  0.957481879747990     
         194         183  0.900282666413524     
         195         183  0.895621458754287     
         196         183  0.898842894707727     
         198         197   1.01252137311452     
         199         198  0.933547889079601     
         200         199   1.63403298496161     
         201         198  0.982161077690488     
         202         201  0.989707204418186     
         203         202  0.963021989155973     
         204         203   1.64865837471760     
         205         203   1.29559423655882     
         206         197  0.940408519678552     
         207         198  0.962263310650572     
         208         201  0.974712849051269     
         209         201  0.955216172862390     
         210         202  0.970449929239485     
         211         202  0.965343591995816     
         212         205  0.920317239962351     
         213         205  0.929035045147512     
         214         199   1.29515231120357     
         215         214  0.982429083724040     
         216         215  0.969287633060356     
         217         216   1.87973605060831     
         218         215  0.962491645059915     
         219         218   1.00506609072432     
         220         219  0.959561775041493     
         221         220   1.66920394117991     
         222         220   1.28087187159962     
         223         214  0.900918490345073     
         224         215  0.937458069772312     
         225         218  0.971170453719248     
         226         218  0.967608014437219     
         227         219  0.963883684210827     
         228         219  0.949920664090451     
         229         222  0.926638483941711     
         230         222  0.926502381323074     
         231           1  0.951223664024135     
         232         177  0.953366962600932     
         233         197  0.958478537907992     
         234         216  0.955720332284273     
