           2           1   1.01438176254898     
           3           2  0.940475474327133     
           4           3   1.61117571415976     
           5           2  0.978354967036741     
           6           5  0.947694319291640     
           7           1  0.953292431805838     
           8           2  0.958731861485424     
           9           5  0.973383897674221     
          10           5  0.969360290791737     
          11           3   1.32546258150380     
          12          11  0.982071972444331     
          13          12  0.946681510158689     
          14          13   1.62918005118955     
          15          12  0.956829897636306     
          16          15   1.01664494869325     
          17          16  0.986436578768541     
          18          17   1.01154272549359     
          19          11  0.916092374704482     
          20          12  0.940502057866091     
          21          15  0.970719947466122     
          22          15  0.966739369812683     
          23          16  0.969922430562483     
          24          16  0.974087101259711     
          25          18  0.978835502744719     
          26          18  0.980080212012126     
          27          18  0.984628657986218     
          28          13   1.31447300350122     
          29          28  0.986189996446238     
          30          29  0.944478532055726     
          31          30   1.61554552442403     
          32          29  0.975131437894324     
          33          28  0.896983852962379     
          34          29  0.950952377160890     
          35          32  0.980937252607119     
          36          32  0.977953762374822     
          37          32  0.982790382037983     
          38          30   1.31565955827366     
          39          38  0.973951612989624     
          40          39  0.985244538126537     
          41          40   1.90313838719392     
          42          39  0.946766551123794     
          43          42   1.00711211401912     
          44          43   1.00304314966578     
          45          44   1.00922301032281     
          46          45  0.972423068601145     
          47          38  0.919027361371343     
          48          39  0.945730119416050     
          49          42  0.969299862466592     
          50          42  0.972550202149491     
          51          43  0.973383269241862     
          52          43  0.976441748673302     
          53          44  0.971811300859622     
          54          44  0.970464496767381     
          55          45  0.968068080175873     
          56          45  0.967044279861073     
          57          46  0.918213810520886     
          58          46  0.668370034790195     
          59          46  0.916673097113066     
          61          60   1.02679454243089     
          62          61  0.936175810492551     
          63          62   1.61190692847184     
          64          61  0.977166343220659     
          65           6   1.23521483736974     
          65          64  0.965824497275154     
          66          60  0.942043270094199     
          67          61  0.948027757581510     
          68          64  0.958909012555828     
          69          64  0.961314300816942     
          70          62   1.32659796729145     
          71          70  0.991283082833653     
          72          71  0.991937001186517     
          73          72   1.89302944851852     
          74          71  0.928317716237209     
          75          74   1.00852587240268     
          76          74   1.00963938863502     
          77          70  0.901073252802793     
          78          71  0.934800150215148     
          79          74  0.964060348297075     
          80          75  0.980082267228971     
          81          75  0.976953451854592     
          82          75  0.980371112649955     
          83          76  0.980525495398703     
          84          76  0.982971926184245     
          85          76  0.984348133421936     
          87          86   1.01623819706341     
          88          87  0.975505447962053     
          89          88   1.89707696703454     
          90          87  0.944861046247273     
          91          90  0.992164797983843     
          92          90   1.00714893273710     
          93          91   1.01964735248269     
          94          86  0.908164771536622     
          95          87  0.958966225519825     
          96          90  0.962514567667264     
          97          91  0.972432830536408     
          98          91  0.968044115425845     
          99          92  0.983621141342697     
         100          92  0.982321477732186     
         101          92  0.982342693877638     
         102          93  0.983339899730142     
         103          93  0.984677963234444     
         104          93  0.981143648953798     
         106         105   1.02133401416878     
         107         106  0.950141522133958     
         108         107   1.62146680154704     
         109         106  0.961522046218291     
         110         109   1.00856071518017     
         111         110  0.965740522708019     
         112         111   1.65243146566239     
         113         111   1.29294332711619     
         114         105  0.947815719665741     
         115         106  0.958430295494772     
         116         109  0.969550192423814     
         117         109  0.975784776988223     
         118         110  0.959374186729102     
         119         110  0.950341376291392     
         120         113  0.928432197356930     
         121         113  0.924143498038760     
         122         107   1.28261719036448     
         123         122  0.982378920562600     
         124         123  0.926570587257908     
         125         124   1.64038721146757     
         126         123  0.975287090572276     
         127         126  0.959042293165826     
         128         127   1.63934084811171     
         129         127   1.32617457508056     
         130         122  0.920220826503825     
         131         123  0.947495958837783     
         132         126  0.969814042365312     
         133         126  0.955207157576781     
         134         129  0.916761939974889     
         135         129  0.923073979642672     
         136         124   1.30407333640865     
         137         136  0.999901126143755     
         138         137  0.964101166861457     
         139         138   1.60994588222822     
         140         136  0.903303935056932     
         141         137  0.945138744800419     
         142         137  0.945427850491741     
         143         138   1.31516980908512     
         144         143  0.972905577517211     
         145         144  0.929847677487324     
         146         145   1.57005186058668     
         147         144  0.978546665599093     
         148         147  0.993007576748119     
         149         148   1.00881811671222     
         150         148   1.00811207322037     
         151         143  0.883544525017921     
         152         144  0.952128463810426     
         153         147  0.971742498776697     
         154         147  0.967438895312185     
         155         148  0.964648302198737     
         156         149  0.978134119037003     
         157         149  0.983656374656183     
         158         149  0.985202072647848     
         159         150  0.983857698695041     
         160         150  0.985796290109309     
         161         150  0.983893664413458     
         162         145   1.35517665159558     
         163         162  0.987051148683558     
         164         163  0.932633962100660     
         165         164   1.61116518718912     
         166         163  0.947280406406892     
         167         166   1.01063960154729     
         168         167   1.40774762384344     
         169         167   1.39890913073005     
         170         168   1.45180799158822     
         171         169   1.46170297477708     
         172         170   1.36600267759439     
         172         171   1.35467817185130     
         173         172   1.08312263978604     
         174         162  0.879195942843685     
         175         163  0.949416923188370     
         176         166  0.967926914242761     
         177         166  0.963634281766393     
         178         168  0.965717293566413     
         179         169  0.961037439356479     
         180         170  0.966222242836857     
         181         171  0.964907255977547     
         182         173  0.822861384258051     
         183         164   1.32462120305209     
         184         183  0.971107799955513     
         185         184  0.935368840371177     
         186         185   1.59202067333857     
         187         184  0.971451342842381     
         188         187  0.993973492634992     
         189         188   1.00938040980041     
         190         188   1.00687102179594     
         191         183  0.897021535685870     
         192         184  0.950284801163327     
         193         187  0.964270501065743     
         194         187  0.966911541181337     
         195         188  0.968830847419829     
         196         189  0.982691005014208     
         197         189  0.980953073311474     
         198         189  0.981735705351112     
         199         190  0.979035022349236     
         200         190  0.984475749066331     
         201         190  0.984553913251885     
         202         185   1.33823886030883     
         203         202  0.980055950626257     
         204         203  0.936928563523030     
         205         204   1.58917512338624     
         206         203  0.955537061750064     
         207         206  0.993623792785520     
         208         206   1.00905718609392     
         209         207   1.01872473717141     
         210         202  0.885054458633570     
         211         203  0.947610094067165     
         212         206  0.962915831658380     
         213         207  0.974126252190234     
         214         207  0.975008831239385     
         215         208  0.978275813330969     
         216         208  0.982343291115720     
         217         208  0.978580963304011     
         218         209  0.983917204941254     
         219         209  0.983420521928505     
         220         209  0.981883171344178     
         221         204   1.33401888262993     
         222         221  0.991605684541307     
         223         222  0.952381183847186     
         224         223   1.60949969492893     
         225         222  0.942573098083278     
         226         225   1.01262493884241     
         227         226   1.39611355988800     
         228         226   1.41327370120709     
         229         227   1.46627737838249     
         230         228   1.44493892262157     
         231         229   1.35724087260104     
         231         230   1.37515297497740     
         232         231   1.07532925990840     
         233         221  0.885470905843255     
         234         222  0.936898662233049     
         235         225  0.970313549669841     
         236         225  0.965334689631790     
         237         227  0.967818886055063     
         238         228  0.968744082866187     
         239         229  0.963001413841374     
         240         230  0.965516407102026     
         241         232  0.871532224443638     
         242         223   1.30719812180254     
         243         242   1.00261919421845     
         244         243   1.02312212404940     
         245         244   1.85152034771014     
         246         242  0.912018561683272     
         247         243  0.920624665053173     
         248         243  0.910132427190047     
         250         249   1.00812937165283     
         251         250  0.984800315312885     
         252         251   1.87206761641142     
         253         250  0.955491701767452     
         254         253  0.994157020857164     
         255         254   1.01011821273893     
         256         254   1.00722546601951     
         257         249  0.920861787316368     
         258         250  0.960440669140972     
         259         253  0.970092848803052     
         260         253  0.966030808215960     
         261         254  0.965510976579772     
         262         255  0.983304362454754     
         263         255  0.983384094774193     
         264         255  0.985650873050623     
         265         256  0.983705627491726     
         266         256  0.983798479767025     
         267         256  0.983870063182923     
         269         268   1.00353383651108     
         270         269  0.977651987029136     
         271         270   1.90039298847311     
         272         269  0.962670773355473     
         273         272   1.00552122525695     
         274         273   1.00257450691595     
         275         274   1.00776284412334     
         276         275  0.950692588381086     
         277         268  0.956749891712523     
         278         269  0.957715330104487     
         279         272  0.968295099901326     
         280         272  0.970040295211625     
         281         273  0.972792313689827     
         282         273  0.976570850651552     
         283         274  0.969744842283768     
         284         274  0.969673996426222     
         285         275  0.965703231510887     
         286         275  0.965318378615023     
         287         276  0.904655650152875     
         288         276  0.899075512005325     
         289         276  0.890384919284602     
         291         290   1.02786405207874     
         292         291  0.947268754971065     
         293         292   1.63699582693521     
         294         291  0.948726851758120     
         295         294  0.996750218502265     
         296         294   1.00874193957083     
         297         295   1.01838387287353     
         298         290  0.910236957616532     
         299         291  0.952241061513421     
         300         294  0.965344237200457     
         301         295  0.969689716820193     
         302         295  0.972374168374667     
         303         296  0.978878031553049     
         304         296  0.985951641365549     
         305         296  0.981332419843676     
         306         297  0.983515624148239     
         307         297  0.984467127691713     
         308         297  0.980600878432712     
         309         292   1.28416876637215     
         310         309  0.987140519312113     
         311         310  0.986097583823214     
         312         311   1.88689113807812     
         313         310  0.944907714149603     
         314         313   1.00983355092882     
         315         314  0.968634994564963     
         316         315   1.62902120518460     
         317         315   1.31161013667627     
         318         309  0.905139630536247     
         319         310  0.947270474898260     
         320         313  0.968044004089991     
         321         313  0.968388614861843     
         322         314  0.957388826255581     
         323         314  0.954763529910607     
         324         317  0.927670278550321     
         325         317  0.922173543315648     
         327         326   1.02779696764547     
         328         327  0.949826671104443     
         329         328   1.62627658705127     
         330         327  0.945702855992258     
         331         330   1.00820487830712     
         332         330   1.01064796679366     
         333         326  0.929548262657362     
         334         327  0.940952106510894     
         335         330  0.966104293551962     
         336         331  0.984099748213938     
         337         331  0.986009632815030     
         338         331  0.980737539932779     
         339         332  0.982882199968422     
         340         332  0.980627779183134     
         341         332  0.984130364172893     
         342         328   1.29182576688609     
         343         342   1.00120026768346     
         344         343  0.949263457591609     
         345         344   1.60827165102218     
         346         342  0.898507585370001     
         347         343  0.941910979687421     
         348         343  0.955519010748388     
         349         344   1.32100684591186     
         350         349   1.00371042883787     
         351         350  0.951208272953517     
         352         351   1.61483216576311     
         353         349  0.886385393485686     
         354         350  0.942526904717256     
         355         350  0.952534014016895     
         356         351   1.30832296544579     
         357         356  0.982888985441921     
         358         357  0.928818745148579     
         359         358   1.62610503794349     
         360         357  0.959041932432805     
         361         360  0.995622122744102     
         362         360  0.999069802967791     
         363         356  0.923578121062083     
         364         357  0.948873037008087     
         365         360  0.958994097215753     
         366         361  0.874348780294509     
         367         362  0.978579570464361     
         368         362  0.979167991533354     
         369         362  0.981709908823945     
         370         358   1.31794169084227     
         371         370  0.992858617407422     
         372         371  0.940945213347659     
         373         372   1.62060645313183     
         374         371  0.939713913867655     
         375         374   1.01040395433036     
         376         375   1.40201891499460     
         377         375   1.40389077219133     
         378         376   1.45115327199496     
         379         377   1.45245663734287     
         380         378   1.34776171957841     
         380         379   1.36632241524395     
         381         380   1.08523863779677     
         382         370  0.887457129204709     
         383         371  0.953162687680067     
         384         374  0.967222292501070     
         385         374  0.966498500770751     
         386         376  0.965340816096196     
         387         377  0.966182045213728     
         388         378  0.963638113638550     
         389         379  0.963345247969291     
         390         381  0.852429504283765     
         391         372   1.29507927894403     
         392         391  0.975166756747610     
         393         392  0.926785343362310     
         394         393   1.62375608829753     
         395         392  0.981730327325730     
         396         395   1.00237110860603     
         397         396  0.922100079907119     
         398         397   1.53179489759817     
         399         397   1.46186545754215     
         400         391  0.918496434170935     
         401         392  0.952460775911232     
         402         395  0.970112106591946     
         403         395  0.974944658624917     
         404         396  0.980263816035398     
         405         396  0.968976894632090     
         406         393   1.31788152179414     
         407         406  0.986690021246612     
         408         407  0.943259706581470     
         409         408   1.59237455390897     
         410         407  0.960911837921933     
         411         410  0.990919212789601     
         412         411   1.00687583837541     
         413         411   1.00802844273590     
         414         406  0.903254331475918     
         415         407  0.946564106515248     
         416         410  0.972149609770476     
         417         410  0.968041508205817     
         418         411  0.967391341185136     
         419         412  0.982810871539442     
         420         412  0.984270717563160     
         421         412  0.981740275507136     
         422         413  0.980470262453351     
         423         413  0.983420564971900     
         424         413  0.975164192529624     
         425         408   1.32902557194523     
         426         425  0.997028057717802     
         427         426  0.991087259402566     
         428         427   1.86765309187898     
         429         426  0.924901957468867     
         430         429   1.01914155005231     
         431         430   1.19154883198186     
         432         430   1.54982287899892     
         433         431   1.26539164058678     
         434         432   1.29116952693975     
         434         433   1.54911867098567     
         435         425  0.850666517970290     
         436         426  0.928698438989161     
         437         429  0.972256382770537     
         438         429  0.962050706111972     
         439         431  0.936038180028094     
         440         432  0.969808502438638     
         441         433  0.964806811313522     
         443         442   1.01841962158281     
         444         443  0.984523273556596     
         445         444   1.85287433228715     
         446         443  0.960632185006260     
         447         446  0.902385546130255     
         448         447   1.53852263857801     
         449         447   1.45399181067113     
         450         442  0.935233891015560     
         451         443  0.950804479522112     
         452         446  0.964199119694230     
         453         446  0.963071080517721     
         455         454   1.01578465681903     
         456         455  0.991132080637065     
         457         456   1.88029436065678     
         458         455  0.932557123240111     
         459         458  0.993312379503355     
         460         458   1.00780166426968     
         461         459   1.02018613625662     
         462         454  0.954423549417167     
         463         455  0.951501508354062     
         464         458  0.962731587638770     
         465         459  0.968261485740972     
         466         459  0.971460134270774     
         467         460  0.982231957111395     
         468         460  0.982064018476980     
         469         460  0.982197936160422     
         470         461  0.983909402675006     
         471         461  0.983343446120146     
         472         461  0.979168534305092     
         474         473   1.02827537792810     
         475         474  0.951770763474083     
         476         475   1.62948032625886     
         477         474  0.942280788554242     
         478         477   1.01824613737694     
         479         478   1.39701020193285     
         480         478   1.40826400989320     
         481         479   1.45951283897861     
         482         480   1.44854947398270     
         483         481   1.36034689597943     
         483         482   1.37160822281444     
         484         483   1.07158495061792     
         485         473  0.949966945653396     
         486         474  0.951779670582042     
         487         477  0.969861488651726     
         488         477  0.967605810872934     
         489         479  0.967538731926891     
         490         480  0.965156150651092     
         491         481  0.966452135660286     
         492         482  0.965293109816346     
         493         484  0.857896749090965     
         494         475   1.29166176760893     
         495         494  0.989304812474893     
         496         495  0.951404441204318     
         497         496   1.61264856191496     
         498         495  0.944701875265235     
         499         498   1.01953163492298     
         500         499   1.57881840870660     
         501         499   1.20558196525701     
         502         500   1.20196809802186     
         503         501   1.24457241189059     
         503         502   1.18709935937822     
         504         501   1.33151272905355     
         505         503   1.33726074320294     
         506         504   1.50391458462875     
         507         505   1.49251924763962     
         507         506   1.36981527275037     
         508         494  0.920132035801830     
         509         495  0.939722807332175     
         510         498  0.964582371122422     
         511         498  0.966875386355549     
         512         500  0.968863513279941     
         513         502  0.933355808647563     
         514         504  0.962070965437078     
         515         505  0.967946866448931     
         516         506  0.963402128582908     
         517         507  0.967971232836579     
         518         496   1.31917922161683     
         519         518   1.00550600130554     
         520         519  0.962954838708255     
         521         520   1.60123869632381     
         522         518  0.881167222526032     
         523         519  0.942674779705314     
         524         519  0.938019548586957     
         525         520   1.31709458364680     
         526         525  0.987428604515236     
         527         526  0.949989258095699     
         528         527   1.60865229539050     
         529         526  0.942185884165735     
         530         529  0.997423347388790     
         531         529   1.01142926154071     
         532         530   1.01713603907653     
         533         525  0.891079489191351     
         534         526  0.940402004202009     
         535         529  0.954380382636566     
         536         530  0.969801181273808     
         537         530  0.972799394056932     
         538         531  0.980513208636070     
         539         531  0.979642873629207     
         540         531  0.985591931581425     
         541         532  0.982507826397136     
         542         532  0.984257722973478     
         543         532  0.984078698717004     
         544         527   1.31268432555123     
         545         544  0.985803596185672     
         546         545  0.944773922219927     
         547         546   1.60331107985267     
         548         545  0.944410639567039     
         549         548  0.995638925918898     
         550         548   1.01129468745924     
         551         549   1.01764603314404     
         552         544  0.897992940670211     
         553         545  0.949443682866520     
         554         548  0.962824803323101     
         555         549  0.975800061065998     
         556         549  0.971797305287340     
         557         550  0.978643255833658     
         558         550  0.978890369795222     
         559         550  0.981896713295839     
         560         551  0.985852012199826     
         561         551  0.982922933499586     
         562         551  0.983531235646272     
         563         546   1.31497362959449     
         564         563  0.974470120297776     
         565         564  0.926188178757737     
         566         565   1.62809609938220     
         567         564  0.985873699851442     
         568         567  0.995102160496256     
         569         568   1.00757661398712     
         570         568   1.00908390276331     
         571         563  0.896303337346221     
         572         564  0.955292534262435     
         573         567  0.966282480212818     
         574         567  0.970876343821413     
         575         568  0.967240221464091     
         576         569  0.985713033506938     
         577         569  0.982481662825597     
         578         569  0.986080962648702     
         579         570  0.983992948144685     
         580         570  0.985537269539528     
         581         570  0.979902908387716     
         582         565   1.31297757834369     
         583         582  0.980374926820836     
         584         583  0.931660964389419     
         585         584   1.65074385303176     
         586         583  0.975075424496001     
         587         586  0.990884829712755     
         588         587   1.00618678411619     
         589         587   1.01067802223387     
         590         582  0.877415321477619     
         591         583  0.951228535581832     
         592         586  0.968942661486727     
         593         586  0.970085570171277     
         594         587  0.967642872477432     
         595         588  0.977983852003615     
         596         588  0.984283134999508     
         597         588  0.983852757718486     
         598         589  0.983505126454147     
         599         589  0.985493614346047     
         600         589  0.983948056751858     
         601         584   1.28451885378881     
         602         601  0.986248418619649     
         603         602  0.997007142746256     
         604         603   1.86476568905816     
         605         602  0.954243421970500     
         606         601  0.910876439048808     
         607         602  0.937178388293022     
         608         605  0.979529898751915     
         609         605  0.971742888111225     
         610         605  0.981705129417564     
         612         611   1.00935112162605     
         613         612  0.976837175651199     
         614         613   1.88093151095002     
         615         612  0.960554496060773     
         616         615  0.994073444381615     
         617         616   1.00847278011589     
         618         616   1.00884735221719     
         619         611  0.920585099963636     
         620         612  0.959622038347545     
         621         615  0.971309911438625     
         622         615  0.968989223241714     
         623         616  0.963908979653047     
         624         617  0.979244930456401     
         625         617  0.983056716146802     
         626         617  0.984653306548150     
         627         618  0.984702031044123     
         628         618  0.985864512147565     
         629         618  0.984494012373246     
         631         630   1.00569605734637     
         632         631  0.980635548082017     
         633         632   1.90015082521051     
         634         631  0.957815463135719     
         635         634  0.994632121316596     
         636         635   1.00941400365862     
         637         635   1.00720648810379     
         638         630  0.957792734462670     
         639         631  0.958586330997781     
         640         634  0.962732987606145     
         641         634  0.974430912599505     
         642         635  0.969515982207885     
         643         636  0.984247598040625     
         644         636  0.980910285778553     
         645         636  0.981720729485308     
         646         637  0.983066986082271     
         647         637  0.984835502143029     
         648         637  0.985707696580685     
         650         649   1.01176306726818     
         651         650  0.944642549170301     
         652         651   1.62422395929634     
         653         650  0.970570045029910     
         654         653  0.995130157858210     
         655         654   1.00957455447526     
         656         654   1.00754259750055     
         657         649  0.934586716259839     
         658         650  0.959797691124577     
         659         653  0.965051682852065     
         660         653  0.968914717885605     
         661         654  0.969191331199979     
         662         655  0.983282629534062     
         663         655  0.984669051993177     
         664         655  0.982988987431258     
         665         656  0.979733815324335     
         666         656  0.984740176496976     
         667         656  0.984899721583170     
         668         651   1.29998900506448     
         669         668  0.981743966216913     
         670         669  0.937363258349220     
         671         670   1.63123610289369     
         672         669  0.955733445723846     
         673         672  0.993776378610887     
         674         672   1.00926075444721     
         675         673   1.01884430494050     
         676         668  0.923595409581027     
         677         669  0.954284231810397     
         678         672  0.964745425488520     
         679         673  0.976650572705764     
         680         673  0.974682820397102     
         681         674  0.979254418092959     
         682         674  0.984348698481959     
         683         674  0.984665374115553     
         684         675  0.985871719243061     
         685         675  0.986956645084766     
         686         675  0.984130611937067     
         687         670   1.30328169953059     
         688         687  0.992014912216295     
         689         688  0.992389763730028     
         690         689   1.89494179933214     
         691         688  0.930420134534344     
         692         691   1.01231397823046     
         693         692   1.39556698772362     
         694         692   1.41286054448403     
         695         693   1.46687590869167     
         696         694   1.44506225813003     
         697         695   1.35593016338113     
         697         696   1.37323387259783     
         698         697   1.07176230546199     
         699         687  0.917024489689941     
         700         688  0.932701454001334     
         701         691  0.968768959705214     
         702         691  0.961325107830573     
         703         693  0.967681227466038     
         704         694  0.967515971334173     
         705         695  0.966533578230675     
         706         696  0.965043738498044     
         707         698  0.856142583426202     
         709         708   1.02926466530282     
         710         709  0.967409557348945     
         711         710   1.90671141186194     
         712         709  0.944997181216146     
         713         712  0.959861325714538     
         714         713   1.64256106506517     
         715         713   1.31382483608329     
         716         708  0.950993208514290     
         717         709  0.959893030171791     
         718         712  0.958239788725509     
         719         712  0.972404586973029     
         720         715  0.907221600585538     
         721         715  0.925325263773091     
         723         722   1.01679581696492     
         724         723  0.973472619273533     
         725         724   1.91008591097256     
         726         723  0.940421308708124     
         727         726  0.992467524959945     
         728         726  0.998625189803566     
         729         722  0.955959234491775     
         730         723  0.960259049977080     
         731         726  0.960839341293019     
         732         727  0.879577449613866     
         733         728  0.980290686082222     
         734         728  0.978788613808347     
         735         728  0.981978531429585     
         737         736   1.00751230320045     
         738         737  0.973263656113286     
         739         738   1.91119283288685     
         740         737  0.962577341995069     
         741         740  0.999812560431649     
         742         741  0.937268093429639     
         743         742   1.58455404153397     
         744         742   1.38638841619175     
         745         736  0.955501471162909     
         746         737  0.960780241052742     
         747         740  0.969030375523608     
         748         740  0.975447956162113     
         749         741  0.979968449617837     
         750         741  0.965801082413755     
         752         751   1.02001207136455     
         753         752  0.993308337272343     
         754         753   1.86914974407363     
         755         752  0.926857880540285     
         756         755  0.995919960475903     
         757         755   1.01274807105407     
         758         756   1.01867308406181     
         759         751  0.932197498815532     
         760         752  0.956819693260140     
         761         755  0.962323268745870     
         762         756  0.974928191226456     
         763         756  0.976083731246587     
         764         757  0.978386538970935     
         765         757  0.977922422352131     
         766         757  0.981884341071850     
         767         758  0.985578899232475     
         768         758  0.984676995878960     
         769         758  0.983640245420200     
         771         770   1.01759083478230     
         772         771  0.976451951658169     
         773         772   1.89191856135832     
         774         771  0.953013539204197     
         775         774  0.988743676743719     
         776         775   1.00539839014500     
         777         775   1.01100506338289     
         778         770  0.953910114923762     
         779         771  0.956337267271111     
         780         774  0.972611586334365     
         781         774  0.972753365420948     
         782         775  0.966270113779571     
         783         776  0.978174540762148     
         784         776  0.986888801443545     
         785         776  0.984722146826790     
         786         777  0.983872460701329     
         787         777  0.986051443880290     
         788         777  0.983531134978482     
         790         789   1.02129290871344     
         791         790  0.940023430757113     
         792         791   1.63728708585123     
         793         790  0.967582253983321     
         794         793  0.992490134982914     
         795         794   1.00652636515702     
         796         794   1.01067754291099     
         797         789  0.916397518995469     
         798         790  0.961383913116066     
         799         793  0.970169670777382     
         800         793  0.973855159826773     
         801         794  0.966729161358243     
         802         795  0.978618109146421     
         803         795  0.984029103597666     
         804         795  0.984704592753679     
         805         796  0.984329042582061     
         806         796  0.986257461133289     
         807         796  0.983969421532765     
         808         791   1.29001727271335     
         809         808  0.989072606111513     
         810         809  0.994899875688075     
         811         810   1.87347522523886     
         812         809  0.956572331963630     
         813         808  0.910138097810770     
         814         809  0.939199970534504     
         815         812  0.977453536443852     
         816         812  0.973922085970591     
         817         812  0.981600968461038     
         818         751  0.952966577685152     
         819         753  0.956546985686164     
         820         770  0.954502067278959     
         821         772  0.953410089039941     
         822         789  0.957086097172213     
         823         810  0.952770447781942     
         824           1  0.948762428069792     
         825          40  0.952876668107020     
         826          60  0.953494932077215     
         827          72  0.952044311767550     
         828          86  0.949920752068996     
         829          88  0.955903295964340     
         830         105  0.947204757083422     
         831         244  0.953043423101351     
         832         249  0.951600029645277     
         833         251  0.955633257839802     
         834         268  0.945800232594241     
         835         270  0.957011223878204     
         836         290  0.951896794746708     
         837         311  0.951364282891041     
         838         326  0.948210056845253     
         839         427  0.953566579256601     
         840         442  0.959101035031180     
         841         444  0.953973369246887     
         842         454  0.945749110442578     
         843         456  0.955613547836309     
         844         473  0.946672477654545     
         845         603  0.951482078662790     
         846         611  0.954620745291535     
         847         613  0.955444343023044     
         848         630  0.952821389916851     
         849         632  0.956097317144047     
         850         649  0.953683930826220     
         851         689  0.951630250481275     
         852         708  0.954238796019643     
         853         710  0.953624301923917     
         854         722  0.946644173249964     
         855         724  0.953497957325913     
         856         736  0.953458563310843     
         857         738  0.955327297521322     
