   -0.30883713
    0.03453285
    0.19828904
   -0.40073383
   -0.04716370
   -0.05049777
    0.00917091
    0.05874829
    0.04484362
    0.03135535
    0.03338186
    0.04216325
    0.04195228
    0.04085304
   -0.40054055
    0.02499460
    0.27327065
   -0.48853336
   -0.02110456
   -0.11322205
   -0.10880639
    0.17990577
    0.04412467
    0.02260427
    0.05121238
    0.04025012
    0.04154672
    0.04318496
    0.04607801
    0.03575232
   -0.21457408
    0.02305849
    0.27438728
   -0.50161918
    0.08551086
   -0.46798596
    0.22768462
    0.07797213
    0.03000250
    0.04146845
    0.33437258
   -0.07638570
    0.02976544
    0.26819435
   -0.49255536
   -0.06555847
   -0.06796865
   -0.00699981
    0.05896754
    0.05264216
    0.06867385
    0.06139320
    0.07306005
    0.07639106
    0.04983758
   -0.07587900
    0.02585710
    0.20501754
   -0.36171187
   -0.06530932
   -0.07415442
   -0.01034077
    0.07884843
    0.06200594
    0.07649215
    0.07584734
    0.07285806
    0.07081834
    0.06500773
   -0.39455091
    0.02700530
    0.26841377
   -0.50879623
   -0.05998630
   -0.09551804
    0.28340539
   -0.51173683
   -0.27394338
    0.16413939
    0.04240555
    0.05967588
    0.04987390
    0.05010821
    0.06714270
    0.20449085
    0.23660734
   -0.16561004
    0.02605566
    0.20334396
   -0.37616487
   -0.07536128
   -0.01242488
   -0.11261796
   -0.11692518
    0.22495336
    0.09285295
    0.06323048
    0.06294446
    0.04021498
    0.04113010
    0.04943213
    0.03823993
    0.04507273
    0.04479863
    0.04263564
   -0.39821354
    0.02789286
    0.26639361
   -0.49006812
   -0.06004653
   -0.01165129
   -0.23839936
   -0.05938279
    0.16462672
    0.05282746
    0.05286182
    0.06203423
    0.05710968
    0.05346066
    0.06353103
    0.05755525
    0.05821842
   -0.17016082
    0.02375839
    0.19833246
   -0.36942213
   -0.07594501
   -0.01222315
   -0.12044841
   -0.11524641
    0.22464619
    0.10860251
    0.05522734
    0.07363226
    0.04531367
    0.04825619
    0.04074428
    0.04186380
    0.03240243
    0.04199099
    0.05031881
   -0.38082035
   -0.00672710
    0.26539218
   -0.50892770
    0.15579906
    0.05839943
    0.03799837
   -0.08322189
    0.02650606
    0.27978223
   -0.50695560
   -0.06395603
   -0.06938168
   -0.00998255
    0.05723401
    0.05470492
    0.06436595
    0.07381639
    0.06609439
    0.06572863
    0.06678785
   -0.18372431
    0.02672795
    0.19831633
   -0.34733918
   -0.01384949
   -0.05281850
   -0.12100768
   -0.10872071
    0.23716440
    0.07241672
    0.05469231
    0.03299205
    0.03166605
    0.06925852
    0.03893397
    0.04750750
    0.04933239
    0.04212684
    0.04506227
   -0.39560369
    0.03302153
    0.19995521
   -0.38228026
   -0.06285096
   -0.03602008
   -0.00499593
   -0.02563123
   -0.11766526
    0.04223219
   -0.04314326
   -0.05842165
   -0.04941914
   -0.04020193
    0.16561236
    0.07460831
    0.05288640
    0.05525123
    0.04279349
    0.19217252
    0.03524128
    0.03182516
    0.03486685
    0.03330691
   -0.63633397
    0.31075400
    0.30990417
   -0.64074956
    0.30265328
    0.31881005
   -0.61198342
    0.33060722
    0.30495533
   -0.62460209
    0.32273949
    0.33273620
   -0.67564850
    0.32541030
    0.30180461
   -0.67486038
    0.30711992
    0.31753589
   -0.65300592
    0.33322804
    0.32029064
   -0.38470793
    0.03637035
    0.20203656
   -0.37091455
   -0.02175326
   -0.06006550
   -0.11280179
   -0.10999701
    0.15930007
    0.05323911
    0.04057122
    0.03919177
    0.04021185
    0.04215939
    0.03194653
    0.04376308
    0.04117077
    0.04174906
    0.03802398
    0.18566297
    0.07969020
    0.17604351
    0.07713415
    0.18295665
    0.07386428
    0.17811363
    0.07717328
    0.17604448
    0.07885801
    0.18161490
    0.08210090
    0.18487789
    0.06729339
