   -0.39124506
    0.03170854
    0.27564848
   -0.46918338
   -0.02378620
   -0.06633683
   -0.12598219
   -0.10979442
    0.15586742
    0.03934540
    0.02603364
    0.04407832
    0.04066468
    0.02533247
    0.04308989
    0.08559686
    0.04323614
    0.03510088
    0.03580221
   -0.17668407
   -0.04034731
    0.27137799
   -0.46542083
    0.19345152
    0.10418609
    0.08423854
   -0.19068163
    0.01430225
    0.25335826
   -0.47573701
    0.06783067
   -0.46522173
    0.22826258
    0.07689174
    0.05875079
    0.05456710
    0.33639279
   -0.06436902
   -0.00126364
    0.29457163
   -0.47070143
   -0.09245624
   -0.07875568
   -0.03594550
    0.08173629
    0.07111706
    0.07230990
    0.06715700
    0.07422962
    0.10905159
    0.06513325
   -0.18257554
   -0.01292099
    0.26827559
   -0.44940685
    0.06944766
   -0.46127370
    0.21431771
    0.08416362
    0.07261149
    0.05743749
    0.34381599
   -0.17964810
    0.00914932
    0.27795538
   -0.48625629
   -0.01471543
   -0.12524613
   -0.12625529
    0.21826334
    0.06656271
    0.03285843
    0.05007476
    0.04247239
    0.06109979
    0.04300920
    0.06043533
    0.06020571
   -0.17362516
    0.01391860
    0.27922739
   -0.50667513
   -0.07671443
   -0.08644277
   -0.02970103
   -0.15464690
    0.22561155
   -0.24205769
   -0.26073372
    0.20883440
    0.08043687
    0.06984879
    0.05449632
    0.07658381
    0.06984203
    0.08926031
    0.09006809
    0.22667579
    0.23448013
    0.26440225
    0.24235696
    0.24755018
   -0.07856793
    0.02981779
    0.21189076
   -0.38563694
   -0.06614967
   -0.08042669
   -0.02920193
    0.06879059
    0.06776906
    0.06566866
    0.08760754
    0.07742309
    0.08241483
    0.08669241
   -0.39571856
    0.03571716
    0.20006962
   -0.36320166
   -0.08174078
   -0.08307262
   -0.03331941
   -0.13186092
    0.22455787
   -0.22658947
   -0.24104217
    0.16976154
    0.04613607
    0.06865632
    0.06754651
    0.05642498
    0.06226403
    0.08076685
    0.10460559
    0.21799097
    0.24299235
    0.24533202
    0.22340883
    0.23894354
   -0.31541923
    0.02663359
    0.19791721
   -0.36485397
   -0.06612411
   -0.06724673
    0.01357095
    0.05512713
    0.04763937
    0.06605788
    0.04226766
    0.04465844
    0.03301931
    0.01711939
   -0.38537842
    0.01517764
    0.20640941
   -0.38860799
    0.10115008
   -0.50786984
   -0.12794950
    0.15635258
    0.08102197
    0.08428064
    0.32212007
    0.05351093
    0.06045213
    0.04803801
   -0.28354134
    0.02189649
    0.25613196
   -0.46382829
   -0.06434044
   -0.05697955
    0.01777296
    0.03707051
    0.04750759
    0.03845609
    0.03499414
    0.02873142
    0.03163155
    0.00936001
   -0.09232294
   -0.01057439
    0.27660210
   -0.48663589
   -0.09147452
   -0.08080121
   -0.01413686
    0.10938141
    0.06776309
    0.08603926
    0.07985664
    0.05873346
    0.06325088
    0.06397779
   -0.17624192
    0.02705034
    0.19976673
   -0.37067271
   -0.07477671
   -0.01249457
   -0.11842256
   -0.11599906
    0.21549177
    0.08750941
    0.07090401
    0.05734983
    0.04780545
    0.04498624
    0.04600034
    0.04377711
    0.04188076
    0.04076773
    0.03421027
   -0.38222323
    0.04228421
    0.19895020
   -0.36316040
   -0.07038557
    0.00145389
   -0.04326422
   -0.03942867
   -0.07892630
   -0.05355555
    0.14373820
   -0.41064825
    0.16280030
    0.05780483
    0.04428685
    0.05858864
    0.04242790
    0.03194867
    0.05042313
    0.06069608
    0.32419654
   -0.28388499
    0.03091086
    0.19709753
   -0.37204320
   -0.05558146
   -0.06065745
    0.00219755
    0.03151261
    0.03983608
    0.04879345
    0.05514300
    0.04631371
    0.03718681
    0.05311149
   -0.38627970
    0.04010048
    0.20473471
   -0.38569232
   -0.06212664
   -0.01068287
   -0.11555519
   -0.11195326
    0.15133636
    0.07285661
    0.05246653
    0.03088807
    0.02304556
    0.03798604
    0.05653971
    0.04076404
    0.04071386
    0.04375307
    0.02577529
   -0.39136858
    0.03630651
    0.19782271
   -0.36862031
   -0.06076303
   -0.09875597
    0.28416307
   -0.49772150
   -0.28477623
    0.16863793
    0.05869886
    0.05677850
    0.05132457
    0.07360309
    0.06951278
    0.22860288
    0.23017777
   -0.40761041
    0.03688814
    0.20369455
   -0.39202989
   -0.01450242
   -0.06234602
   -0.11767608
   -0.10790937
    0.18327715
    0.05210381
    0.02707346
    0.04103611
    0.05263959
    0.04454911
    0.03705742
    0.05051671
    0.04110745
    0.03587532
    0.04459970
    0.17105815
    0.06182251
    0.17678226
    0.06185346
    0.19570408
    0.07011226
    0.19964864
    0.07109642
    0.17087044
    0.06606621
    0.18239857
    0.06174605
    0.16319178
    0.05690369
    0.18313626
    0.06451573
    0.18616969
    0.07162256
    0.18124603
    0.06290138
