   -0.39411394
    0.03274637
    0.20296148
   -0.38064658
   -0.03436131
   -0.06462868
   -0.11368032
   -0.10950169
    0.15425056
    0.06910066
    0.06911896
    0.04318821
    0.02371957
    0.04876068
    0.04513336
    0.03997845
    0.03293039
    0.04459615
    0.03629228
   -0.38728166
    0.02798703
    0.25717368
   -0.48854020
   -0.02739792
   -0.07103556
   -0.10664968
   -0.11901972
    0.16603351
    0.02772107
    0.04934007
    0.03494870
    0.06577188
    0.03858775
    0.03067464
    0.03147931
    0.04731742
    0.05925858
    0.02953613
   -0.17713470
    0.00614231
    0.27493869
   -0.46846948
   -0.08928319
   -0.08677955
   -0.03452377
   -0.13935617
    0.22849331
   -0.24687450
   -0.25799638
    0.22574514
    0.09925381
    0.07567016
    0.08240638
    0.07828163
    0.07665156
    0.08888572
    0.09034470
    0.23682537
    0.24906742
    0.24830801
    0.24750572
    0.24646886
   -0.18937669
   -0.00538276
    0.27881523
   -0.47815092
    0.11093768
   -0.45537939
   -0.14025142
    0.20918898
    0.08690161
    0.04521124
    0.30868764
    0.07177058
    0.06499174
    0.06786179
   -0.16505081
    0.01413896
    0.26670761
   -0.47455434
   -0.08301960
   -0.01332856
   -0.11836749
   -0.11721850
    0.19987563
    0.08984882
    0.06341571
    0.05461433
    0.03231975
    0.04493060
    0.03900853
    0.04372902
    0.04235351
    0.04655951
    0.03709392
   -0.17905321
    0.01219166
    0.27090613
   -0.47477571
   -0.08180035
   -0.07855991
   -0.02494391
   -0.12176117
    0.24818670
   -0.24196242
   -0.24021936
    0.24440722
    0.08518020
    0.07561345
    0.08239048
    0.07267667
    0.05258665
    0.09578615
    0.09234277
    0.21552623
    0.24252168
    0.23046457
    0.22375735
    0.22079521
   -0.17795573
    0.01390278
    0.27165948
   -0.52389637
   -0.13564834
    0.22059465
    0.07712098
    0.06069630
    0.08766478
    0.06414250
   -0.18029277
    0.02090188
    0.28117997
   -0.49938065
   -0.06980791
   -0.10074055
    0.28958381
   -0.50841962
   -0.28633613
    0.24775383
    0.09865350
    0.08692701
    0.05392362
    0.07033799
    0.06612707
    0.23014529
    0.23362881
   -0.23299845
    0.02842746
    0.26989775
   -0.48870343
   -0.13676960
    0.25012337
    0.05880554
    0.07873825
    0.05946627
    0.07754755
   -0.17040086
    0.01167564
    0.27508327
   -0.50473117
   -0.07744464
   -0.09212269
   -0.03078570
   -0.14251727
    0.22849335
   -0.24551700
   -0.25551004
    0.19856897
    0.09625662
    0.04904448
    0.07573252
    0.08721824
    0.08406431
    0.08943332
    0.09327861
    0.22913744
    0.24857211
    0.24988985
    0.24786439
    0.25362071
   -0.21023252
    0.03413774
    0.27930074
   -0.48947630
   -0.04842009
   -0.09376452
    0.36215703
   -0.64145482
   -0.63447836
    0.24105367
    0.05590549
    0.03939013
    0.04543166
    0.04994302
    0.02245210
   -0.17754846
    0.00927434
    0.26480372
   -0.40725818
    0.07460939
   -0.46672778
    0.21298639
    0.09579337
    0.03195067
    0.07445919
    0.34757534
   -0.15165524
    0.00187706
    0.20566479
   -0.41401961
    0.12035214
   -0.47250635
   -0.14132068
    0.22184979
    0.08660305
    0.03455692
    0.32577119
    0.07012900
    0.07472183
    0.07201644
   -0.40772293
    0.02139128
    0.26384670
   -0.51345636
    0.11263979
   -0.46987994
   -0.12945902
    0.20370243
    0.02099573
    0.01474160
    0.33990775
    0.05873795
    0.03899429
    0.05441615
   -0.17255922
    0.02800950
    0.20446782
   -0.37381730
   -0.08636267
   -0.01580190
   -0.12996133
   -0.11479970
    0.23289406
    0.08195806
    0.06497299
    0.06958554
    0.05311737
    0.06585738
    0.05829396
    0.04537660
    0.03850189
    0.04436821
    0.02447987
   -0.15394963
   -0.01939569
    0.20197027
   -0.32116172
    0.07146232
   -0.46474523
    0.30613935
    0.31544917
    0.30962777
    0.13312728
    0.06232503
    0.06855585
    0.33787167
   -0.38418565
    0.03480443
    0.27093305
   -0.50463530
   -0.13494567
    0.17503574
    0.02379851
    0.04801266
    0.06364175
    0.06719021
   -0.16873368
    0.02966467
    0.21369812
   -0.39302038
   -0.07282252
   -0.01081872
   -0.11475879
   -0.12039062
    0.22319827
    0.08679057
    0.05491326
    0.06555646
    0.04253600
    0.05096569
    0.03556272
    0.04075721
    0.05213022
    0.04178761
    0.04044574
   -0.40175808
    0.03998661
    0.20005379
   -0.36816004
   -0.01066164
   -0.12405065
   -0.11489079
    0.16188613
    0.05877936
    0.03971711
    0.05471726
    0.04438922
    0.05279126
    0.04181151
    0.07249283
    0.02818468
   -0.38327467
    0.03792023
    0.26841273
   -0.48930819
   -0.05704397
   -0.07566970
    0.36250819
   -0.59828369
   -0.65221100
    0.14664481
   -0.00155095
    0.08427045
    0.03172362
   -0.00834633
    0.00177607
   -0.16816977
    0.01715055
    0.19783628
   -0.36508891
   -0.08989250
   -0.09593401
   -0.03772161
   -0.12847949
    0.22854369
   -0.24298166
   -0.22867104
    0.23006763
    0.10040196
    0.07146034
    0.08314726
    0.08046933
    0.08542697
    0.09156253
    0.10462564
    0.22086175
    0.25140521
    0.23906248
    0.23618832
    0.22384491
   -0.39107453
    0.04847842
    0.19865317
   -0.39185347
   -0.03250816
   -0.08628902
    0.36571720
   -0.63680986
   -0.63774916
    0.16904201
    0.03502127
    0.05157633
    0.01423742
    0.01880337
    0.02608324
    0.18831373
    0.06247408
    0.17245989
    0.08883488
    0.17731306
    0.07474340
    0.11472426
    0.17186428
    0.07378785
    0.15581838
    0.06069434
    0.16428471
    0.07357442
    0.18382866
    0.07689088
