$grad                                                                           
  cycle =      1    SCF energy =  -961.84695620297   |dE/dxyz| =  0.830294
    4.82221564150357    179.64165322202243     -3.12247825426210      n 
    3.32039612265274    177.37975655189720     -2.51065186398977      c 
    4.86571501296182    175.48335799180035     -0.85233520918869      c 
    4.40695101165156    175.10050053586960      1.38822476479809      o 
    2.31262228785114    176.23544417233651     -4.98932593362005      c 
    5.92428338360571    179.53543332814417     -4.68178202649902      h 
    1.74988537848357    178.03319668876173     -1.32688618082342      h 
    1.31825916423544    174.48346957898380     -4.59795467930727      h 
    0.99148402956695    177.54975992883746     -5.85729162436043      h 
    3.81959829434092    175.87345764498650     -6.33731058587060      h 
    3.96292783537222    170.87837608403657      5.60107813514133      n 
    3.60902668701221    168.13783941018175      5.39690894219453      c 
    5.78531105815091    166.85620657792438      6.82668228430678      c 
    5.52249193814564    164.72151692289270      7.66540954783280      o 
    3.20451092248371    166.98341769145560      2.73231566715471      c 
    2.10814598306813    164.24417913347222      2.69290289325736      c 
   -0.74996945503667    164.08789864628727      3.04177047384840      c 
    2.66812602208190    163.02280041889935      0.15234778493694      c 
    4.50511971829629    171.89088023604796      4.07379603348791      h 
    1.91532054948846    167.67277037698108      6.50186328830532      h 
    1.91183319441958    168.21617926193579      1.70256078728704      h 
    5.01239808981966    166.94312072404625      1.73583451431757      h 
    3.04055121850852    163.15618657498626      4.18720262847274      h 
   -1.34633640020737    162.13038892922197      3.22703217349136      h 
   -1.36225812575544    165.11881553243614      4.70626344752607      h 
   -1.69312558744493    164.88676493695138      1.39883108847119      h 
    2.01055668643055    161.07822241964820      0.14481393531536      h 
    1.71442772503112    164.03192387556490     -1.36037899247598      h 
    4.68455655879846    163.00445474168711     -0.25822773620318      h 
  -22.17340103975745    154.86898482636991      0.18275118095589      n 
  -20.45655629816746    156.38400895514673     -1.31186041951236      c 
  -17.71382971766398    156.32447109102912     -0.28982273633602      c 
  -15.87966339936830    156.60839306549190     -1.66967614953825      o 
  -21.53127374048537    159.17061008120419     -1.28402457259785      c 
  -22.90210954265117    159.39712511569377      1.00425696958331      o 
  -23.08489165180681    159.79102601574380     -3.68518543446104      c 
  -23.14415714329826    155.97475954371131      1.42798385932154      h 
  -20.40169311905051    155.67807488968822     -3.25598404266276      h 
  -19.88656656977286    160.44541266890420     -1.22105807475552      h 
  -23.65743233637818    161.05569017572677      1.21458406205890      h 
  -23.82814174497975    161.69850144996784     -3.54720405616069      h 
  -21.87476258371344    159.64886859424007     -5.33299288899905      h 
  -24.64113244605409    158.46976206139320     -3.89140772281107      h 
  -17.54067516053128    156.08181191100311      2.21209991563130      n 
  -15.14497297880865    155.79977809156048      3.46997341476843      c 
  -13.97510480533498    153.32251587946163      2.69419788125438      c 
  -11.93147746692668    153.32053797814368      1.61241643244458      o 
  -15.43046320263271    155.95449775468433      6.32697475492428      c 
  -16.96167398500835    158.26170932420641      7.19813813220167      c 
  -16.45105138644847    158.88557112374784      9.96846753146573      c 
  -16.32126222657414    160.54747017492781      5.56152012144286      c 
  -19.11057556970608    155.56527466524167      3.16762435691209      h 
  -13.87317858480918    157.27515092107322      2.76463709532794      h 
  -16.29136356407303    154.21742926103818      7.03234954578358      h 
  -13.52655489636875    156.05276514754243      7.12666752460225      h 
  -18.97357946106754    157.84437611302496      7.00436649375296      h 
  -17.69903095647005    160.39216693003777     10.57162554339542      h 
  -16.83069170451504    157.24162288492897     11.14282216964501      h 
  -14.49181711568634    159.44040450831164     10.24276656200231      h 
  -17.13873264735525    162.23130024370286      6.40397670357188      h 
  -14.28199047271986    160.79951733829228      5.47717750645597      h 
  -17.05026498398665    160.34357482594774      3.65637142892346      h 
  -15.29614791913016    151.25283331203613      3.28742099140844      n 
  -14.40127470840300    148.78881863272056      2.52398719835391      c 
  -14.31582780654634    148.70815595723067     -0.35863254762686      c 
  -12.51287682316508    147.83005411324743     -1.52129688301421      o 
  -15.90812478355552    146.69632078899235      3.81420756609987      c 
  -14.42286162031982    144.21102723140447      4.06384295878474      c 
  -15.39042317445765    142.08117742720088      6.03367951298588      c 
  -17.44006841412649    140.94051987891544      5.59713425308563      o 
  -13.94165627752032    141.63792273216731      7.86046914808849      o 
  -17.13152333341006    151.39538678098148      3.84459328977969      h 
  -12.42528869267739    148.62277337351949      3.15750191703249      h 
  -16.31506909858523    147.35474853605768      5.73096203264668      h 
  -17.70151140772754    146.35444825085645      2.85104776006437      h 
  -14.29491942813265    143.27099817951361      2.22424340437456      h 
  -12.49708536852094    144.61319492961584      4.69317367189966      h 
  -16.15662992831551    149.93551891364342     -1.60152355904333      n 
  -16.21762351844068    149.69326234294348     -4.36487448118991      c 
  -13.94585152487467    150.88464033885359     -5.60253903937596      c 
  -13.13398445258211    150.02367229026433     -7.58530674277273      o 
  -18.53772749626467    150.99041608496177     -5.58015431709972      c 
  -20.46755717432000    149.21373245346939     -6.80265378429149      c 
  -20.70349665441028    149.76116473334474     -9.69320068912258      c 
  -20.25562848411136    151.95901816415920    -10.40512428538596      o 
  -21.27772421570043    147.95127026792497    -11.08269201741587      o 
  -17.86912988570220    150.18908112000128     -0.77103713904864      h 
  -16.18140356824857    147.67070468447568     -4.84562738693647      h 
  -19.46145537792006    152.08468632495661     -4.11420009639114      h 
  -17.90457244383479    152.29501634008236     -7.05458608274286      h 
  -19.96951977433800    147.22516971912211     -6.54881270597304      h 
  -22.33585102353038    149.48752983830030     -5.96374939769710      h 
  -13.20949345329011    153.03197550590139     -4.50787237871862      n 
  -11.16422611886233    154.58855960363832     -5.43429995121106      c 
   -8.53124326260732    153.60419973564248     -4.57583614174955      c 
   -6.67864696982633    153.59080845953210     -5.98455154252093      o 
  -11.55328452133412    157.38385622957418     -4.74407045967924      c 
  -10.55036191275491    158.10290959857196     -2.11014574473589      c 
   -7.03387340680512    158.45128820879415     -1.73053820491077      s 
   -6.11249696840715    161.00465846756154     -3.95205283424310      c 
  -14.12448191575730    153.68368801467398     -2.95711477775897      h 
  -11.15034647690644    154.38045221255351     -7.49250465316669      h 
  -10.54465185900090    158.52179559284161     -6.14071856772530      h 
  -13.56170439126579    157.82072369492977     -4.83141292239202      h 
  -11.35113237084300    159.90818915990459     -1.54315190981563      h 
  -10.99431283555155    156.68092795616352     -0.70257990337680      h 
   -4.49715891211954    161.87364413296973     -3.05446923002700      h 
   -5.62420547889756    160.14072460785636     -5.74224537558549      h 
   -7.68713058153708    162.28569213348285     -4.14555802208886      h 
   -8.38624042518380    152.63470657960625     -2.27387018501135      n 
   -6.25252013852598    151.10110013306317     -1.64181316729294      c 
   -5.52628588613199    149.05244344191962     -3.50627652008327      c 
   -3.33170929189210    148.81353507367268     -4.19894470692108      o 
   -6.98141941416757    149.66216025779340      0.72221998579455      c 
   -5.51358401795270    147.20857080064249      1.27495349837973      c 
   -2.56260572988340    147.44869991616801      0.92521823670201      c 
   -6.34360846949470    146.47881317216843      3.99776590211000      c 
   -9.88773341053998    152.61121749959551     -1.08232435516976      h 
   -4.57717209673749    152.29009765612378     -1.36291871234225      h 
   -6.79384484851069    150.91316483081681      2.35442534926765      h 
   -8.96686220964975    149.12745600784132      0.57682506746416      h 
   -6.16378397420176    145.67771826419752      0.03651559214770      h 
   -1.59855132172535    146.41936410665116      2.42223319384510      h 
   -1.99625906770824    146.62681337232823     -0.85581649048941      h 
   -1.97397992574360    149.40830354350450      0.99882710058252      h 
   -5.56203971652146    144.64859689435636      4.52271984381944      h 
   -5.67538823890505    147.87413287789428      5.34844970549188      h 
   -8.39213758486145    146.33722895084344      4.10490584969581      h 
   -7.29060470474487    147.40360626947577     -4.18870086424349      n 
   -6.72612053416657    145.31754471554581     -5.85269792356535      c 
   -4.75500470522864    146.07750923631903     -7.80678430891003      c 
   -3.03369525062358    144.67937894591316     -8.44257108761627      o 
   -9.18605566762260    144.68461205060098     -7.28900806319606      c 
  -11.21507001094492    143.45906570607363     -5.62888316232636      c 
  -10.39073011281702    140.86299181941416     -4.38633752062589      c 
  -11.81349166005357    139.00412270058621     -4.69233794721262      o 
   -8.37197950059305    140.87074850740942     -3.15222657470202      o 
   -9.04045163032894    147.42231726246135     -3.41961787889374      h 
   -6.09636754156821    143.63212521471542     -4.81276471347238      h 
   -9.97137644501202    146.40838244674384     -8.11468483226207      h 
   -8.72134493175312    143.36501436683051     -8.81072272852390      h 
  -11.73806185152401    144.69391361998436     -4.06204968973912      h 
  -12.90826807807274    143.10144006925015     -6.75336916669473      h 
   -5.41240729637551    148.30718490567793     -8.82068526187236      n 
   -4.46863129643931    149.91650636537179    -10.85239868829587      c 
   -1.80165745765417    150.53776000673196    -10.06010944291144      c 
    0.14823864275649    149.68679592203188    -10.98709933869796      o 
   -5.99460779966244    152.38748463416590    -11.28363799079348      c 
   -8.81693264710581    151.90400115265723    -11.87908709002348      c 
  -10.33382720206080    154.27832139366686    -12.57859048024853      c 
  -13.21567937613192    153.99559614806577    -12.43900183106886      c 
  -14.26910342840507    152.36725133559216    -14.45234137366371      n 
   -6.89993335352317    149.09894469633863     -7.92430022333159      h 
   -4.44613202218856    148.81415596448721    -12.61763476514467      h 
   -5.88489883446617    153.64171146413207     -9.67242167341053      h 
   -5.11343707739822    153.30413587462169    -12.91044133094457      h 
   -8.93771535798798    150.54149172849947    -13.42676039272738      h 
   -9.69880697500116    151.03725006834196    -10.22735112219297      h 
   -9.78117008580452    155.80648263211464    -11.31146360862143      h 
   -9.87460951024237    154.86345640834983    -14.50005785490480      h 
  -13.77610635895428    153.19053172560743    -10.62744207829339      h 
  -14.06403802650174    155.85779926654448    -12.67809177835797      h 
  -16.19970997544377    152.46596338776916    -14.34352948121769      h 
  -13.70637371889336    152.77874391749185    -16.40917185122430      h 
  -13.74630437464376    150.53111597671452    -14.13874347227241      h 
   -1.76685251063131    152.13012948704562     -8.14025180106946      n 
    0.66752061530384    152.73046253178001     -7.09931977897161      c 
    2.37272373041880    150.42894003419573     -6.98664271911457      c 
    4.37068889864995    150.37973269202840     -8.12467522470637      o 
    0.21983892958666    153.74851534153225     -4.51267883676634      c 
    2.73009084385070    154.20082526429803     -3.26456462263703      c 
    4.58488626211943    155.52365632491464     -5.06301287927603      c 
    2.18098606032315    155.71898444124375     -0.83414290666987      c 
   -3.34164986038894    152.57627629293822     -7.14216270309877      h 
    1.57198914915580    154.10871466812463     -8.35691273033917      h 
   -0.86338742239226    155.50497719648800     -4.64384806236761      h 
   -0.88762450865708    152.39063513122241     -3.43053443226189      h 
    3.54966250363820    152.37940136543284     -2.71371629158819      h 
    6.24217135766567    156.09775255365284     -3.98829905842893      h 
    5.21414053563073    154.29130465885856     -6.56389124732986      h 
    3.71387533602634    157.20991921402668     -5.84750000746442      h 
    3.91462388557664    156.14949188632937      0.18050837124029      h 
    1.19917636464575    157.46106047243981     -1.28939762264161      h 
    0.98165097116985    154.59132963347670      0.39754546595596      h 
    1.63979295425506    148.63850223590484     -5.37035289592754      n 
    2.98237528952019    146.28466860953171     -5.45471392553792      c 
    3.77931087344910    145.73843633851538     -8.14036042743031      c 
    6.01320153118447    145.71360595256871     -8.72506953435603      o 
    1.57458085065862    144.01867641307945     -4.35181200019820      c 
    3.38931121000929    142.00917931469695     -3.30153015758840      c 
    5.87757609217751    141.26762557332870     -4.91272765897008      c 
    5.71198216756328    140.41414172899266     -7.13319792180790      o 
    7.88876633909023    141.56509216420224     -3.69585381049821      o 
   -0.17849219919238    148.59980523426120     -4.78163298494724      h 
    4.76622715760689    146.49176706761739     -4.38354951760399      h 
    0.37308495890394    144.63966254143273     -2.79139341966433      h 
    0.34466160941988    143.18790479413269     -5.78624892365934      h 
    4.16632341608935    142.65220434396596     -1.50298742617927      h 
    2.33121241925626    140.26223869767193     -2.94388135083507      h 
    2.13350318511419    145.19579964698409     -9.93668351338453      n 
    3.48274434506124    144.11985095391287    -12.05547383857727      c 
    5.43063851213108    145.89891296613919    -13.23353336838397      c 
    7.11144906340080    145.03336871731793    -14.61953363755653      o 
    1.75419392964845    143.15132419560132    -14.11806689199003      c 
   -0.35974027077430    141.69574308786437    -12.87055944316277      c 
    0.77725149716373    145.32678077871299    -15.70504911189872      c 
    0.25849942796106    144.95419156068800     -9.66281675822578      h 
    4.57748522565010    142.50264313625269    -11.31906176958549      h 
    2.84751316619312    141.85778893012144    -15.31724465805655      h 
   -1.33905536757192    140.50294127018989    -14.23909597079058      h 
    0.35475322635746    140.46758567951315    -11.37889989849526      h 
   -1.76592881882339    142.93953401247819    -12.04206313797384      h 
   -0.77981412844535    144.72491114395203    -16.91453081770748      h 
    0.09355223030559    146.81193122206346    -14.45657027042319      h 
    2.26483560707049    146.07633395641381    -16.90631251010295      h 
    5.16871215044275    148.37289699920214    -13.01761205271746      n 
    7.07435253831580    149.89427179939668    -14.23190361543502      c 
    9.62091433653064    149.82318165901538    -12.85731575219238      c 
   11.60107436646087    150.02699417431506    -14.05861096827932      o 
    6.30015921224582    152.64598935713906    -14.55195816048483      c 
    8.25738195023724    153.85659374781147    -16.35467243301422      c 
    3.60686689692599    152.68226386277445    -15.58697610078710      c 
    3.91290622994646    149.12556305556291    -11.79165974478949      h 
    7.38050312668386    149.09372215219528    -16.11964173573899      h 
    6.34819160483200    153.58620445443933    -12.71212935340419      h 
    7.85801869056127    155.85535530967451    -16.59734236236833      h 
   10.14699722716732    153.64739216193834    -15.59552347695364      h 
    8.17721392317576    152.89009579209809    -18.16432701133076      h 
    3.08894280869136    154.59757477314881    -16.13326049800401      h 
    3.47755097658580    151.46847923094808    -17.23959491721168      h 
    2.27480740857988    152.01756793630929    -14.17825953254303      h 
    9.50917837266855    149.78432603037402    -10.32421840197744      n 
   11.56026363869075    148.64113499945179     -8.93553597579004      c 
   12.25127601231391    146.22306524225928    -10.33030437192256      c 
   14.22478255698289    146.22124605411051    -11.54763136911817      o 
   10.68562708911566    148.13405414775380     -6.24890816075506      c 
   12.84570261541473    147.05442872016081     -4.68156150228375      c 
    9.45564563809866    150.48607019111139     -5.10781356572276      c 
    7.77428183497530    149.53080226217583     -9.54237013718239      h 
   13.25529455725290    149.87247422102001     -8.96858432994645      h 
    9.23016218780830    146.66510173471929     -6.33383250973407      h 
   12.17214876126763    146.34805181594538     -2.88265845304842      h 
   13.74057977264556    145.51916204071205     -5.70166769921293      h 
   14.29157957656759    148.46702092640942     -4.27593980814671      h 
    9.26576776503964    150.23409624272216     -3.07666273471388      h 
   10.61909522812828    152.16258696641651     -5.39678839619828      h 
    7.60744190935189    150.80719181905135     -5.90421468224088      h 
   10.80815371828336    144.15698925384663    -10.34364434291829      n 
   11.84102933561431    142.03206762569505    -11.65527248771045      c 
   13.02621527463217    142.91772701589633    -14.16469693312218      c 
   15.06148206179533    142.03585372224802    -14.91744297515732      o 
    9.92660099472151    139.89918879072772    -12.01719518162969      c 
   11.42290744163874    137.70472538294635    -13.21292741358539      c 
   12.64629508645175    136.24684107193119    -11.92128910603604      o 
   11.41880986533700    137.50052791705374    -15.80661625728211      n 
    9.06357953514480    144.08399849721437     -9.54824422803051      h 
   13.46502115491509    141.24225741918690    -10.66527872512889      h 
    9.12005731727777    139.30167969670507    -10.21215526948380      h 
    8.41556063614676    140.53675930632394    -13.26632288658814      h 
   12.85871990020886    136.47026273502382    -16.52414648713363      h 
   10.97072570162973    139.05604217384550    -16.80741246402009      h 
   11.79343269965909    144.42239739893586    -15.71565816943835      n 
   13.02190311257895    144.84586343978577    -18.08242467750787      c 
   15.75794238304949    145.68323406017109    -17.87914248715071      c 
   17.38408548961458    144.63239268142399    -19.14467844026404      o 
   11.35497817442118    146.63362603298563    -19.48443014595903      c 
    9.02829123723117    145.10277676198712    -20.12748095543637      c 
    7.89983328384141    146.47570073249179    -22.43541371770208      c 
    6.44290534914520    148.23657096829896    -21.75215097621542      o 
    8.53940407889031    145.85773424296428    -24.65502697564895      o 
   10.05338775177150    145.13624388357127    -15.35281330135010      h 
   13.16250715308515    143.04517048937441    -19.12978766169960      h 
   10.93618603206797    148.29703217557008    -18.35342957480826      h 
   12.29825971282288    147.23016627131710    -21.22795525756341      h 
    9.55539332245683    143.19304691456321    -20.71456938399054      h 
    7.65790630610242    145.00722392001501    -18.60695320486749      h 
   16.25873088915423    147.67426775821775    -16.41043794927998      n 
   18.88010350709326    148.35172503973433    -15.89004890100531      c 
   20.40238431976461    146.00556043640273    -14.96097790993513      c 
   22.41459825087722    145.37320694165882    -15.93732576925169      o 
   19.18278583456138    150.58058157695592    -14.04919362899305      c 
   17.91156126909157    153.03506129571781    -14.91902176125255      c 
   19.06099164786484    154.63955635376323    -17.05774346218127      c 
   21.63225227591980    155.64631367436311    -16.66400002562469      n 
   22.50801443886686    157.94704990101050    -15.94736043003813      c 
   21.16021964398092    159.50816277725164    -14.48994373000835      n 
   24.86608842847858    158.71114033244740    -16.60760589013217      n 
   14.89510252216809    148.27743796511589    -15.19902483130133      h 
   19.73960020882228    148.85677790103833    -17.71944187057471      h 
   18.33152806906329    150.02761090338615    -12.25550244184718      h 
   21.21024948653312    150.85959573338431    -13.78852173485308      h 
   15.98579196090172    152.57171301880965    -15.49411134843549      h 
   17.77334266423316    154.23920549949560    -13.24523148557064      h 
   19.13876536040117    153.52653165840874    -18.79292276013524      h 
   17.79228039353014    156.24132378118441    -17.34685173093039      h 
   22.98237133885912    154.45620757305409    -17.32292701353040      h 
   19.32355777513947    159.12003945483221    -14.11018293359771      h 
   21.51196968384469    161.38398893520105    -14.44836487399326      h 
   26.05516128640902    157.53108467850643    -17.51816010461221      h 
   25.48342248380061    160.42991070553560    -16.06088747010784      h 
  -11.22724867807056    179.24288104897028     -1.27270477911315      n 
   -9.06898527272317    177.56009472591472     -1.25752950608649      c 
   -9.32691295332683    175.05815699393432     -2.85279161315435      c 
   -7.81374146084811    174.62494692232241     -4.52025139213276      o 
   -8.48786324510619    177.10705083699176      1.53474753091242      c 
  -11.81595635080767    179.79655621464158      0.45545086158842      h 
   -7.45702873192246    178.51731797772266     -2.15724059684651      h 
   -6.81585379008917    175.92708143071002      1.74241025228484      h 
   -8.09907658428104    178.91063751284400      2.44688325061436      h 
  -10.06049704705754    176.18759902211218      2.49083969443434      h 
  -11.10375459576627    173.30847718531973     -2.28304467845047      n 
  -10.71880491312117    170.65294445985833     -2.94202527240116      c 
  -11.99430430060430    169.83886537263524     -5.37206533043389      c 
  -11.41572085675035    167.84417425004244     -6.39470018704130      o 
  -11.86184107986802    168.81103756348111     -0.92786918073539      c 
  -10.13159452354396    167.80470811368576      1.19952162759224      c 
  -11.62143453084133    166.45208348314137      3.28445153633397      c 
   -8.19593910120023    165.95241242943811      0.11085475366043      c 
  -12.30693733986226    173.62153421388518     -0.82640605097052      h 
   -8.68928162880620    170.33033907862935     -3.16286125106736      h 
  -13.47946364380813    169.75107351646216     -0.06370732011425      h 
  -12.55989589348567    167.14817010371911     -1.93004183097361      h 
   -9.12825064553983    169.40228920834579      2.05311255721759      h 
  -10.34460407633540    165.87327486218891      4.78483212298276      h 
  -13.08475830801951    167.63772635052385      4.11068053680160      h 
  -12.52397423521185    164.76285266566444      2.53887763979125      h 
   -6.91066867064545    165.30579278860168      1.57871757716875      h 
   -9.12456281927156    164.31019040444028     -0.69211180975539      h 
   -7.08242194118470    166.86217431225222     -1.35488661776585      h 
  -12.45850028684150    171.10000225652175    -10.83383763108037      n 
  -10.62018207282754    171.66464839551119    -12.76439188826822      c 
   -8.58710045155757    169.48362115465810    -12.95676441349729      c 
   -7.44633752478328    168.83112261834532    -14.85643609988078      o 
   -9.62085088633627    174.36810716016029    -11.91290319334584      c 
   -7.65081063044924    174.24496528667919     -9.76763085549065      c 
  -11.76267240187154    176.16103829404918    -11.08021446556491      c 
   -6.49510587378604    176.77740412560436     -8.98043003340695      c 
  -12.08806664481388    172.11996796763339     -9.26220138900149      h 
  -11.51633588922548    171.81534184235355    -14.62232668614672      h 
   -8.68093442753001    175.18009899971892    -13.56635362713810      h 
   -8.48071366388647    173.36604151017374     -8.10810351431201      h 
   -6.09837760054164    173.05629663867265    -10.44368910353404      h 
  -11.13635208096433    178.09218142877114    -11.39186974039663      h 
  -13.47273051491291    175.86639321916442    -12.17665440839238      h 
  -12.16967517273890    176.01212514574041     -9.07362731554262      h 
   -4.97571674130517    176.42801996366967     -7.64656048806784      h 
   -5.69527206441184    177.73444520367335    -10.61844456694908      h 
   -7.84788100815216    178.02963259192205     -8.07793951274475      h 
   -8.28610113745251    168.39621209082190    -10.70292936189284      n 
   -6.73084976516187    166.27243760682384    -10.06753664225859      c 
   -8.29004814379212    163.81573804909911    -10.37952825675087      c 
   -8.19707245923606    162.06093233503648     -8.88783857964721      o 
   -5.82656900600755    166.34636074857033     -7.30235944076660      c 
   -3.43496188101507    167.83990801985709     -6.61570676695367      c 
   -3.96464937060976    170.54358791910298     -5.78830660089211      c 
   -2.12119047443573    166.47528303918426     -4.40071695030886      c 
   -9.65910958475427    168.78303173420568     -9.42311107605040      h 
   -5.14882116608714    166.21834446892146    -11.39229089832772      h 
   -7.40911491945062    166.94836858617091     -6.13727713696541      h 
   -5.44823236678764    164.37915654217645     -6.84406289567318      h 
   -2.15550027149693    167.85358503783780     -8.23926823008230      h 
   -2.21785420957053    171.62396686811525     -5.74046079625568      h 
   -5.27081198046946    171.47969388801781     -7.03466416735292      h 
   -4.73986047473015    170.55726867269391     -3.88521362501480      h 
   -0.49525537718684    167.56252211064398     -3.76672622194688      h 
   -3.41012372186968    166.24517794585503     -2.82423944331999      h 
   -1.45863755086528    164.61704741413112     -4.97927017895667      h 
   -9.80122450443165    163.73899769275801    -12.42404104363820      n 
  -11.43847616448976    161.58066773655392    -12.78525221435252      c 
  -10.79929891356254    160.34271548762320    -15.30983022626483      c 
  -11.72397377033926    158.32532532388109    -15.91600084024775      o 
  -14.30582265118498    162.32497907978890    -12.45271492353999      c 
  -16.16829367819018    160.42969708600103    -11.26640646652126      c 
  -17.43648862481355    158.95137608180670    -12.50236395929032      o 
  -16.44673646860789    160.62966635055332     -8.74400516133290      n 
  -10.08012138295587    165.26626278215358    -13.52750626888238      h 
  -10.92674674285891    160.24906093905093    -11.27701046148506      h 
  -14.30064147238678    164.02227064707958    -11.28690400566343      h 
  -15.03635173779009    162.86049752969356    -14.30333349981819      h 
  -17.54601194730099    159.34532551360957     -7.86197247893834      h 
  -15.23440508384657    161.63851198367823     -7.68058351751547      h 
   -9.09466273002736    161.44335915228103    -16.88623108521330      n 
   -9.53667296134380    160.81220975444035    -19.52277538910119      c 
   -7.01729167670584    160.18194282516978    -20.58764566905237      c 
   -6.27602099341911    161.19771773053893    -22.53743772606555      o 
  -10.77637436612450    162.80728797492168    -21.18888663639855      c 
  -12.15238341382999    164.86425784036902    -19.73190290206348      c 
  -12.73616157466782    164.69360687853444    -17.49750717519495      o 
  -12.61499121201845    166.97743441923410    -21.09214840032998      n 
   -8.46133364064057    163.20950611369807    -16.51884055429744      h 
  -10.71407464164276    159.09704933957292    -19.49585276113339      h 
   -9.32725564870267    163.74191219479084    -22.32507836126594      h 
  -12.10158887061776    161.88596410038483    -22.46673839253788      h 
  -13.74779790953224    168.29490959815621    -20.31756627901963      h 
  -12.22033319515657    167.10775890539969    -22.94745845862689      h 
   -5.66086705539841    158.62839074887688    -19.12674675892158      n 
   -3.92603569000679    156.84108596786641    -20.23568154818293      c 
   -2.19890971373184    158.05201681909008    -22.16772073709290      c 
   -0.03410240984278    158.44196436558894    -21.42245320046444      o 
   -5.16667842170693    154.35925622635412    -21.16496894840115      c 
   -3.14897452811937    152.33614162388611    -20.87182000961266      c 
   -6.18151597103776    154.22247011162196    -23.88530540257909      c 
   -2.50112344472247    151.82932053977530    -18.13029926078078      c 
   -6.60905414132875    157.94144762229581    -17.60467187233253      h 
   -2.64772316028848    156.29819218044253    -18.70621752699653      h 
   -6.75020182953440    153.92864092553788    -19.89558927588839      h 
   -3.82240304562596    150.59908095880766    -21.75704324860823      h 
   -1.45000293493337    152.91431631869443    -21.89205565635984      h 
   -7.05254440846532    152.37917406466033    -24.13794384456354      h 
   -7.62347188463843    155.64874504849283    -24.25597340142696      h 
   -4.66723217792843    154.32817935298277    -25.26134310174251      h 
   -1.32841568721226    150.14542204553538    -18.01318043598472      h 
   -1.45345530966316    153.35153162137013    -17.23706578850346      h 
   -4.21577457806860    151.47741723992451    -17.05331703028962      h 
    0.49450905392269    162.74031716158780    -19.10776256258631      n 
    2.11145854037643    161.81147710882362    -17.16094104383851      c 
    4.60756260992772    161.08699968381106    -18.30027078147689      c 
    6.56831040717812    162.08830831714124    -17.58716924929843      o 
    0.80412189820855    159.74635798673586    -15.66268737246948      c 
   -0.16354055784634    161.06659461443979    -13.30936496704337      c 
   -2.00097082006132    163.19080543918309    -14.08185802050527      c 
   -1.22440807471583    159.22148470967932    -11.35848440766332      c 
   -0.31546317485373    161.40967239824329    -20.19687204151592      h 
    2.56549652152475    163.39937932593702    -15.91609106804779      h 
   -0.74444174358513    158.94373218531729    -16.73884192567156      h 
    2.13894750938466    158.25963349143160    -15.16103513575016      h 
    1.46390045275188    161.97439434642374    -12.39979771069528      h 
   -2.63791227310108    164.08427126517117    -12.34920929293145      h 
   -1.11292097075373    164.64640708805211    -15.20804206495948      h 
   -3.64320433723853    162.47687279400481    -15.08979492996355      h 
   -1.76409867120896    160.23991984746283     -9.66060573785805      h 
   -2.89312067529130    158.25587849844496    -12.07735754159202      h 
    0.19699550241445    157.82126271034397    -10.88660260646877      h 
    4.59020247997807    159.40792418839013    -20.15025091119751      n 
    6.94928706498084    158.99953907184147    -21.39911114661276      c 
    8.17675166143761    161.57641781564840    -21.50332833519717      c 
   10.40298970216521    161.64567747431173    -20.88854814774165      o 
    6.63519208931994    157.72012419316732    -23.92495273852093      c 
    6.36812260791403    154.87239363044438    -23.54939478805269      c 
    3.62757263492388    153.97945374863613    -23.25205903518983      c 
    3.47924172176257    151.47706475009906    -24.37358777623967      n 
    2.64863083194467    150.90469787628442    -26.65824294981988      c 
    0.78760723089273    152.29815835019065    -27.77768877502408      n 
    3.77111920833484    149.08863118267780    -28.06522439399607      n 
    3.01428189884803    158.46657155770450    -20.66466834912747      h 
    8.21327012880334    157.85633466014772    -20.20663775102506      h 
    4.99805292937191    158.50536996298746    -24.89598727673975      h 
    8.28771436323624    158.12953412661761    -25.07964509245919      h 
    7.08412728525032    153.94472197709328    -25.24608867716652      h 
    7.48633269861218    154.20119196826411    -21.96210192648868      h 
    3.07576211097960    153.83704180070021    -21.27057386687402      h 
    2.34182945257323    155.24961045378257    -24.24077531203816      h 
    4.70838672886284    150.17382936428524    -23.50442054293867      h 
   -0.60723853610036    152.86313221887124    -26.59697426189478      h 
    0.09090647375891    151.46551304944586    -29.35387142504952      h 
    5.14696079343999    148.04735195575111    -27.23392472968321      h 
    2.81058379171471    148.22719880328947    -29.46813979931791      h 
   10.35419713519058    165.05664231679194    -15.54110871374178      n 
   12.09805675153162    163.04107109288861    -14.75447824912204      c 
   14.54004777699631    162.80006023936102    -16.36199275645367      c 
   16.44756896583198    161.96398348220785    -15.34716990276566      o 
   10.83533905538571    160.42720584592016    -14.76296230529634      c 
    8.80917198218230    164.41233314277338    -16.48305860025051      h 
   12.75372513115927    163.49912337899781    -12.84260941163647      h 
   12.15038601998884    159.06182678957143    -13.97784183791269      h 
    9.11109483767311    160.43910832411811    -13.65427030159988      h 
   10.39815558306493    159.92737290884344    -16.69816232655198      h 
   12.99355865631868    157.98756345954851      5.73903816596352      n 
   10.55696986752606    159.18308938407523      5.99038978243321      c 
    8.15800166526430    157.49247139021054      5.90134199209543      c 
    6.40437326105056    157.89847173005887      7.35221641553532      o 
   10.27623252820803    161.44836792835733      4.21735434908900      c 
    9.90543175778188    161.09583922691615      1.37854393648737      c 
   10.14405096337662    164.36999460823395     -0.01694725619918      s 
   13.53806962415581    165.27039605103212      0.22343590198868      c 
   13.53091456329775    157.22620494236659      4.07448626552849      h 
   10.56794557611943    159.94583293110517      7.92252383974323      h 
    8.65589505320013    162.51843383217187      4.93314521394967      h 
   11.99399088218568    162.56079114945339      4.52863950484191      h 
   11.35418006907553    159.91653333969793      0.51891141920951      h 
    8.03499405624497    160.39954856771436      0.89544445711821      h 
   14.15356514223608    165.85850583564380     -1.63547001585064      h 
   13.71408662911933    166.79900894626499      1.57661374167892      h 
   14.62086729444874    163.65878866412362      0.88583432383319      h 
    8.22954162712888    155.68978631073452      4.07618805672035      n 
    7.13001789702755    153.18405035072749      4.28956894311747      c 
    7.63775422568234    151.86513248963118      6.80138175041762      c 
    5.80756635479764    151.18441816056117      8.03384836113328      o 
    8.10644854750561    151.51961763738677      2.17745968430314      c 
    7.26066039988188    148.78862969130608      2.62674560014162      c 
    4.35702286073291    148.42046250211129      2.28080112966305      c 
    8.90359991262663    146.82847720005958      1.13354954821755      c 
    9.89198491635865    155.64984927961569      3.12729248947697      h 
    5.06261847551801    153.35118530849192      4.18256657476173      h 
    7.42984925240363    152.19392488086129      0.34971243378825      h 
   10.17372433747436    151.56533746385853      2.17550872216240      h 
    7.65209561423709    148.32542331543121      4.61521238535458      h 
    3.86793753760318    146.51349690064157      2.86950923042309      h 
    3.33130098731000    149.74748725748347      3.45462774571984      h 
    3.82722556388761    148.67498410778273      0.31072304013971      h 
    8.49462645900544    144.96166317898846      1.89485106049342      h 
    8.43274243360344    146.80343896013218     -0.86490315230099      h 
   10.90175908144655    147.21600857621888      1.39153772367316      h 
    2.43662608045554    156.13077605356662     10.87031853145012      n 
   -0.16302665537820    155.49420959698836     10.45164135492141      c 
   -0.58634876014892    152.68234966861579     10.67856107497892      c 
   -2.70116310270022    151.89627138456405     11.18565681790635      o 
   -1.20129916164576    156.45164758629272      7.97069931784295      c 
   -2.72870424571910    154.46333451592383      6.62810859049385      c 
   -4.12513350157941    155.80148852295733      4.45299276049768      c 
   -1.02226448827374    152.25545901443311      5.82638205541939      c 
    3.66125612143651    156.36756708083036      9.41843983224071      h 
   -1.19508140674828    156.36259722347103     12.02044576367473      h 
   -2.34573537381406    158.14132192906399      8.27960579239554      h 
    0.38698776927792    157.00400451334588      6.76459831456098      h 
   -4.18758403242800    153.75927269172527      7.88621633533535      h 
   -5.26233151345166    154.47675794080797      3.38051939344484      h 
   -5.36427382291522    157.24842730675917      5.21225249607287      h 
   -2.78236975092240    156.68415895932492      3.17172764698921      h 
   -1.68944801728631    150.45643724996802      6.52394030650524      h 
   -1.08058622133536    152.10844770465005      3.76366506206257      h 
    0.95217593741651    152.52356539886088      6.30076802808949      h 
    1.24261156724686    151.02470609526949     10.37207661342062      n 
    0.20360429811364    148.55130776405622     10.47031818997664      c 
   -0.73992497277755    148.40463872257098     13.17800090238194      c 
   -2.80655710583633    147.52410648522576     13.69002201833087      o 
    1.83408922673661    146.69715496750558      9.00012886797139      c 
    4.22916840549800    145.53861321988779     10.15030362585875      c 
    5.53655423137419    143.67805266594411      8.17355365856046      c 
    4.20618951521084    143.14107072061262      6.29412200422218      o 
    7.77576955914546    142.96830414273660      8.59042522802284      o 
    3.01263513968835    151.32316319015675      9.73850426263593      h 
   -1.59289798299345    148.52762635586419      9.41270022373977      h 
    0.65866994246881    145.09178897426546      8.43388255496844      h 
    2.38521262157032    147.65277798501774      7.25770092822961      h 
    5.62121397166613    146.96866979223560     10.66607142226784      h 
    3.78267909792647    144.45015583095918     11.85104280085656      h 
   -7.19476860815977    151.62248281133625     14.75535579117667      n 
   -9.32496091253052    150.26379749122253     13.96019306555236      c 
  -10.25552791365222    148.29705414136654     15.79813277256094      c 
  -12.47185130271849    147.57806874014202     15.82099508187484      o 
   -8.73688367977112    149.20101521142462     11.39371729276500      c 
  -11.07626945099644    147.82809083595166     10.43438070902744      c 
   -8.06395668683873    151.29917397622114      9.57949946979959      c 
   -5.50536720946777    151.13953547134659     14.01410876574704      h 
  -10.93718566383597    151.58890200761840     13.76942353286307      h 
   -7.16635018084488    147.86566747671662     11.57315970947051      h 
  -10.80377164128330    147.17000543239521      8.50409483789987      h 
  -11.48581089652265    146.16227360431174     11.56262971390721      h 
  -12.72153926436673    149.06017078662830     10.47965436836799      h 
   -7.60206811910247    150.48612896253329      7.75064036047203      h 
   -9.67235896398874    152.55894007501382      9.31547888509041      h 
   -6.46667856211357    152.36354118712509     10.26115034156986      h 
  -13.07410914784963    146.23361008445451    -26.93907067454108      n 
  -12.27964657268152    146.86866093225549    -24.40302721303633      c 
  -12.01488458120820    144.45335982672424    -22.80434949113271      c 
  -10.54005344428444    144.26539207693844    -21.05438016988863      o 
  -14.15770091481255    148.60194912929555    -23.06800126237473      c 
  -13.82235637355241    151.39699113223421    -23.73421287037164      c 
  -14.11019344330858    153.14237851244781    -21.25708022997814      c 
  -13.16103672047435    152.15711995315144    -19.30697898375301      o 
  -15.11746967755190    155.27363505680501    -21.34247752615069      o 
  -13.95951900937694    147.56171255960621    -28.01419459520993      h 
  -10.40953834146237    147.78816950505396    -24.42173752553161      h 
  -16.08347762864943    147.95488408647796    -23.41599132604451      h 
  -13.77452522884298    148.44237676501820    -21.04026758406059      h 
  -11.88924741040460    151.73755874354845    -24.37592278644022      h 
  -15.09216832389963    152.10041711845290    -25.19224497685332      h 
   -8.20486270290602    138.96573339300335    -24.31113424053785      n 
   -5.54333328004306    139.30262586888182    -24.21289266398182      c 
   -4.94454952863999    138.55884007185043    -21.50520995138756      c 
   -3.14867017566099    137.20935026308575    -20.99318883543862      o 
   -4.75283231993000    141.64174363577149    -25.68308198579811      c 
   -4.94704532447218    144.29521392245769    -24.53290722809971      c 
   -3.98944553248566    146.35772353728882    -26.50965719539801      c 
   -2.85922316843320    145.47408486940654    -28.38908884954731      o 
   -4.49439294500297    148.65181515717438    -26.09278562593563      o 
   -9.34834591550665    140.34939022474248    -24.94470659113357      h 
   -4.62457343820859    137.75864995956175    -25.27051063002972      h 
   -2.77483494528847    141.42648367203083    -26.24932829880105      h 
   -5.85598782702794    141.64121898756574    -27.42550992553988      h 
   -6.88153342813711    144.78573245985666    -24.01713943150165      h 
   -3.78116892097744    144.45277153406028    -22.83216805291293      h 
   -6.70172414872854    139.10860686606225    -19.72366183743421      n 
   -5.76013942303568    138.40714736116968    -17.24508583399823      c 
   -5.75034043016134    135.60497816421667    -16.93201206907493      c 
   -4.10725847138632    134.50120665653699    -15.68793528675061      o 
   -7.16883594865736    139.38305363216099    -14.88404379885863      c 
   -9.91403222655486    140.05150592090826    -15.46096393824633      c 
   -6.93664543899713    137.51963983977694    -12.63811757236129      c 
   -7.70936347718343    140.72260590732867    -19.90828740052057      h 
   -3.77242566375585    139.01345311871489    -17.09623319641513      h 
   -6.22075837858188    141.13446494167192    -14.28873892974917      h 
  -10.79907409362224    140.77171707019306    -13.74864381927523      h 
  -10.01523922739991    141.52092269705619    -16.89208009920910      h 
  -10.94070981073525    138.39992881459040    -16.08902821296592      h 
   -7.66995191138788    138.42467964269667    -10.93816380696328      h 
   -8.01118922343715    135.80160168088099    -12.94363916979350      h 
   -4.97703512089692    137.03636824889264    -12.27409796426249      h 
   -0.18918273056556    132.12208546810950    -17.15134466586867      n 
    1.70996231659690    132.05305287097937    -15.26800679549231      c 
    1.11525906857751    130.25679960113933    -13.19704360538849      c 
    2.75113894463265    129.33607602431746    -11.82762705392896      o 
    2.02589093605421    134.69951533745044    -14.21350599608154      c 
    3.60277312237491    135.59975995869513    -16.41547414849232      c 
    2.80362469562657    135.42212783198585    -18.58969194141109      o 
    5.99524335456138    136.18212687748527    -15.70142743699909      n 
   -1.54157416420350    133.48758259793703    -17.07363605590308      h 
    3.50595661990464    131.43882516040088    -16.11142512057302      h 
    0.18894217582214    135.60543855380334    -14.05824470083994      h 
    3.01989046751555    134.74736944554269    -12.40998953148516      h 
    7.31891695478373    136.53783346094656    -17.03062785521056      h 
    6.54053608123675    136.03676812000577    -13.88226907048122      h 
    3.78135869802871    180.96229414657768     -3.37759850753980      h 
    6.30157703904359    174.51724371772895     -1.61127368851791      h 
    2.50075361722837    171.60582028770474      6.07587647020206      h 
    7.42146509224527    167.76921292838622      7.07261630819132      h 
  -23.28344370447816    154.08980566700848     -0.84352709165923      h 
   19.74820125396167    144.96171611399174    -13.52797487065109      h 
  -10.83949489288334    180.65572499525021     -2.13646455934255      h 
  -13.32116965986029    170.93301054130711     -6.15522484923105      h 
  -14.01422559597516    171.48960756344673    -11.39995461501879      h 
   -2.85331752105145    158.46766323537787    -23.89110480389879      h 
   -0.77588391836792    163.63254809721039    -18.41307729152987      h 
    7.17132748221267    163.08054864319001    -22.04901765752368      h 
    9.79905364527569    165.89452125191474    -14.16912599966975      h 
   14.53075277611135    163.32099704794572    -18.17847358709254      h 
   14.21821658436343    159.11767729437202      6.07906412323916      h 
    9.41499503606788    151.58776615155384      7.38064609371159      h 
    2.53186875263688    157.61357272098203     11.69784789580716      h 
    0.34214245922056    149.03922133237549     14.59133000329606      h 
   -7.39487712888494    153.26734656209530     14.37202591547490      h 
   -9.06271506281279    147.53354502648131     17.04925846473448      h 
  -11.71882013694239    145.78296096245708    -27.86247147505923      h 
  -13.08593146160513    142.94439908982486    -23.18770342417964      h 
   -8.57389095177673    137.65392761302707    -25.32875190895391      h 
   -7.10056423834237    134.55914316367262    -17.74083156899070      h 
    0.53207066116182    132.32934691789291    -18.67758128212085      h 
   -0.67587803980844    129.75040795630562    -12.87076224703987      h 
  -0.8221512416429D-01   0.9839001860665D-01  -0.2952482719524D-01
  -0.1209974636516D-01   0.3074257824497D-03   0.3024584656957D-02
   0.6592440088896D-01  -0.4169694958671D-01  -0.4492617164179D-01
   0.2096544814342D-02  -0.8855565139645D-02   0.2632474913144D-01
   0.2620314840363D-02   0.7177141261432D-02  -0.7677835350536D-02
  -0.2289948860933D-02   0.1309897633922D-01  -0.7427891911182D-03
  -0.1173462454700D-02   0.2453162305062D-02   0.3657343303995D-03
   0.8475854439738D-03   0.1906373052276D-02   0.1851015035804D-02
   0.1084002453086D-03  -0.1635767203708D-03  -0.1235432109764D-02
  -0.1957017761548D-02   0.1366966127058D-02  -0.2801655799208D-02
  -0.1056532061141D+00   0.5534452393838D-01   0.3578208806310D-01
  -0.6776808212501D-02  -0.2704685082665D-02  -0.7360919715048D-02
   0.7817794661819D-01   0.5387672214306D-01   0.1531927250630D-01
  -0.4786425348519D-02  -0.9204490577777D-02   0.1620160769938D-02
   0.1684740373600D-02   0.6422997615158D-02  -0.4541275453418D-03
  -0.4476957213798D-02  -0.7155295242016D-02  -0.9714844391195D-03
   0.4281132710389D-03  -0.7305771725779D-02  -0.3198431766457D-02
  -0.6896996902359D-02   0.1529947226655D-02   0.3791196300856D-02
  -0.8650181682396D-02   0.1070698193227D-01   0.8382789582307D-02
  -0.4591508636123D-03   0.1222378693230D-02   0.4554102597476D-04
  -0.4303787436834D-03  -0.8933297650425D-03   0.1999749756073D-03
   0.4816062131936D-03  -0.1435563695281D-02  -0.4142093571777D-03
   0.2727584063362D-03  -0.4174792441107D-03   0.5349887313836D-04
  -0.8937526006940D-03  -0.4227787648756D-03  -0.5207407500810D-03
   0.6316400903347D-03   0.3623378627098D-03  -0.2207743397229D-02
   0.1751359892984D-03  -0.4170540801963D-03  -0.3858661520853D-03
   0.3963316852212D-03  -0.3258384977285D-03  -0.4206419635597D-03
  -0.3118493270182D-03  -0.3800921359211D-03  -0.1398128830007D-03
   0.3569747038636D-03  -0.8521351592383D-03  -0.9654070826878D-04
  -0.9007202070791D-01  -0.4133435066121D-01  -0.8251389434896D-01
   0.6836250160370D-02  -0.1347023744200D-01  -0.4837351275710D-02
   0.1463231415139D-01  -0.2468290426681D-02   0.4150892083079D-02
   0.5940077548790D-02   0.1395268894505D-02  -0.6867875218310D-03
  -0.8954088219909D-02  -0.6049759452526D-02   0.4060504380485D-02
   0.4659550446570D-03  -0.7485565262620D-02   0.4692460542972D-02
  -0.4286753230213D-02   0.4105410822702D-02  -0.1336525242502D-01
  -0.4167247751552D-02   0.8627752617241D-03   0.1948319303461D-02
  -0.2048798314985D-02  -0.3528347044871D-02  -0.6197482274687D-03
   0.1245437610724D-02  -0.1784788058495D-02   0.6628343975036D-03
  -0.4084045009374D-02   0.2009601446260D-02   0.5372489353851D-02
   0.1578994017240D-03  -0.1531867594920D-03   0.7213332205732D-03
   0.1581265549701D-03   0.1255167017345D-03   0.1465490503237D-03
   0.8237800457433D-03   0.4882637412216D-03  -0.1956739522095D-04
   0.8684524688052D-02   0.3774656893991D-02  -0.6740469586896D-03
   0.1210868479591D-02  -0.5613474780187D-02  -0.2535613533008D-02
  -0.1015057378192D-01  -0.6394145082127D-02   0.2147094071914D-02
   0.2904191298919D-03   0.1092704860763D-01  -0.7000333084917D-03
  -0.2233969936903D-02  -0.2428348819497D-03  -0.7966255103474D-02
  -0.4411854978812D-03  -0.4148142979947D-02   0.3503734042208D-02
   0.2243369249780D-03   0.6335315424751D-02   0.2574994330232D-03
  -0.7486856134578D-03  -0.5431578595543D-02  -0.2623257299522D-02
   0.2950858563650D-02  -0.1523401760036D-02   0.9047218496218D-03
   0.6772675114931D-03   0.4389302961056D-03  -0.3232760373708D-03
   0.2363684973790D-03  -0.5501218933701D-03  -0.8227217136762D-03
   0.8842449453196D-03   0.1354195922012D-04   0.4761030053898D-03
   0.8931323081114D-03   0.1550929229149D-03   0.7684065378389D-03
  -0.8268661592579D-03  -0.2201502915975D-02  -0.8920172577612D-03
  -0.9306070399828D-03   0.5206572641092D-03  -0.6950595199867D-03
   0.1096287245491D-02  -0.6309925367954D-03   0.1834786209071D-03
   0.5049443040388D-03  -0.7779479375244D-03   0.8247689029517D-03
   0.7643946531509D-03  -0.4834490611577D-03  -0.2690454934046D-03
   0.8419733033210D-04  -0.7725582756547D-03  -0.4935539105507D-03
   0.9562647716750D-02   0.2793148732874D-02   0.1426062772981D-03
  -0.6303246145299D-02   0.2013716598797D-03   0.7264308997278D-03
  -0.9091315739067D-02   0.3797477909185D-02   0.2458384425755D-02
  -0.2916448688246D-02   0.9886359888569D-03  -0.3743970333613D-02
   0.4902325949937D-02   0.9051709561063D-02  -0.8543938924270D-02
   0.3726058881633D-02   0.7821367841240D-02  -0.5315717390167D-02
   0.6826846207157D-02   0.6470849730675D-02  -0.2853479183886D-02
  -0.2038257197000D-01  -0.1866031104164D-01   0.1774409359216D-02
   0.9758294274225D-02  -0.7615494076767D-02   0.1723233490134D-01
  -0.6247506107145D-02   0.2368602508856D-03  -0.8765697509715D-03
   0.8442033515279D-03  -0.2621290560530D-03   0.1355755867525D-02
   0.3125476030242D-03   0.7399455081830D-03  -0.4631697325939D-03
  -0.1123690292263D-02   0.1489511364122D-02   0.3683183495805D-03
  -0.3726635341867D-03   0.9168682589112D-03   0.4647809921290D-04
   0.1737991088770D-03   0.5344351362017D-05   0.3071248739015D-03
   0.1427812399263D-01  -0.5024130998121D-03   0.8268755618505D-02
   0.1220975225079D-01   0.4968398919693D-02  -0.2677478782473D-02
   0.1663125172341D-02  -0.1860651977256D-02  -0.3226406623602D-02
  -0.1106748832382D-01  -0.1727506383692D-02   0.1420045982125D-02
   0.4065932047906D-03   0.5075178558650D-02  -0.8538842680147D-02
  -0.1205199696652D-02   0.2135703758103D-03  -0.5201601626494D-02
  -0.4011104562856D-02   0.5493196898850D-03   0.5124921569990D-02
  -0.6527404861636D-03  -0.6979712211777D-03  -0.5571248436477D-03
   0.2781795831739D-02   0.2854177554995D-02  -0.1458064035739D-02
  -0.3136988273141D-02  -0.9686552834293D-04  -0.1355900126068D-03
  -0.2411817811430D-03  -0.8088379619295D-03   0.1353350626035D-02
   0.4302585945410D-03  -0.2626247233837D-02  -0.2001043658129D-02
   0.9297155315723D-03   0.7287033841532D-04  -0.4919242076529D-03
  -0.2374241006096D-03  -0.1097872046496D-02   0.2115998286724D-02
  -0.3663741731663D-03   0.2102929940018D-03   0.2002956332992D-02
  -0.9570244785955D-02  -0.2439475238236D-02  -0.1349599765015D-02
  -0.1205327388689D-01  -0.3046164735126D-02   0.1448199364627D-02
   0.4312587492147D-02  -0.2863084508450D-02   0.1038701276332D-01
   0.8768851588203D-02  -0.1796780815067D-02  -0.8365126880800D-03
  -0.1554846476336D-01  -0.2671772511233D-02  -0.5665902387158D-02
  -0.1075022808213D-01  -0.3547143646551D-02   0.5470038900544D-02
   0.1419764560203D-01   0.5133479399684D-03   0.5863231162242D-02
   0.6079556651865D-02   0.1425090667426D-01  -0.9550051509316D-02
  -0.1798617419214D-03  -0.6348018180977D-03   0.8561465449811D-04
  -0.2613695306990D-03  -0.8188558082511D-03   0.1873270703270D-03
   0.3940896677781D-03  -0.6024374009362D-03   0.8059992928812D-03
  -0.1835411389775D-02   0.1594262254360D-02  -0.4819156200051D-03
  -0.2438077662263D-03  -0.7351694732687D-04   0.6355800085462D-03
   0.4737838561390D-03  -0.2875765861654D-03   0.4587594667909D-03
   0.3061115047597D-04  -0.6263639051380D-03   0.4068097517116D-03
   0.3358454527914D-03  -0.3663480211683D-03   0.1210315069937D-03
  -0.9153213816081D-05   0.1664421575074D-03   0.1911019166703D-03
   0.6712433282814D-02   0.3795759114762D-02   0.6079417007151D-02
  -0.9588044193690D-03   0.5982859697903D-02  -0.1050933606516D-01
   0.1291317941217D-03  -0.4854364148046D-04  -0.4189941511988D-03
  -0.1757591958051D-02  -0.3683044862226D-02   0.4928314019018D-02
  -0.6099087685162D-02   0.6196348759248D-02  -0.1382353535979D-01
  -0.7579878216008D-02  -0.8577600625645D-03  -0.1148760214987D-01
   0.2235342402556D-01   0.2547158503427D-02  -0.1578819149627D-01
  -0.1377885642507D-01   0.2506420344136D-02   0.8973865500996D-02
  -0.1008930050124D-02  -0.7061568850620D-04   0.4075013117181D-03
   0.1660451957799D-03  -0.4980902374545D-03   0.8382760471239D-04
  -0.2082781364518D-03   0.8561203496781D-04   0.3562873013872D-05
  -0.8203724298280D-03  -0.3606636341666D-04   0.1187500827060D-02
  -0.3299800597033D-03  -0.1559663768906D-02  -0.8865872236533D-03
   0.3722325776239D-03   0.9792713301640D-04   0.1287980827282D-03
   0.1530174145078D-03  -0.1495226375860D-03  -0.4181158378478D-03
   0.2238976000564D-03   0.3984087252647D-03   0.1965634218470D-03
   0.3826120809247D-03  -0.3148497555621D-03   0.3003550484672D-03
   0.2796040363560D-04   0.1670037892098D-03   0.3466159966404D-03
  -0.1318268134275D-02   0.5449109861491D-04   0.1058307978760D-02
   0.8484567763620D-02  -0.4950566924761D-02   0.1868356464160D-02
   0.1132233384098D-01   0.2020958813169D-02   0.1478302778745D-02
   0.7155660772320D-02  -0.8644769074252D-02   0.2367912838342D-02
  -0.2251577822441D-02  -0.3553803404096D-02   0.4166390992960D-02
  -0.1057530355923D-02   0.8919891166727D-02  -0.2192348725821D-02
  -0.2249734409907D-02   0.9314634993040D-02  -0.3717628418279D-02
  -0.2723087752509D-02  -0.2122336875961D-02   0.9097379099717D-03
  -0.1145824739324D-02  -0.8204799898163D-02   0.1618141525763D-02
   0.4611438201048D-02   0.8696586950548D-03   0.5007172142714D-03
  -0.1047900168525D-02  -0.7903548332132D-03   0.1916662546749D-04
  -0.3481512457360D-03  -0.2719041090236D-02   0.3984528918856D-03
   0.7865237919321D-04   0.2572369645071D-03   0.3796779560887D-06
  -0.2879679458346D-03  -0.6032809032379D-03   0.7142122893939D-03
  -0.6438193750626D-03   0.4286289124267D-03   0.6667425918224D-03
  -0.5427674281905D-03   0.2137864278059D-03   0.3281441319758D-03
   0.1448016562526D-01  -0.7858008355607D-02   0.5807370563987D-02
   0.2788122096426D-02   0.6694941275550D-02   0.1097051286531D-01
  -0.3326374771734D-02   0.1462684146384D-02   0.2388919692023D-02
   0.9716718541882D-02  -0.1460617943547D-02   0.8128752222734D-02
   0.8466835914715D-02   0.9384257236850D-02   0.8951357609005D-02
  -0.8197712298734D-03   0.6688713458454D-02   0.6378743087771D-03
  -0.3985758296183D-02   0.1357198598352D-02   0.2687424783292D-02
  -0.6985642187145D-02  -0.2180398735823D-02   0.1839147020651D-02
  -0.1634979968015D-02   0.2305587269451D-02  -0.3203247718686D-03
   0.6415990299115D-03  -0.1644072519699D-02   0.2330822905825D-03
  -0.3938497079019D-03   0.4125107599778D-03  -0.1593275762767D-02
  -0.5225289194232D-03   0.8056538622253D-03  -0.6448548192665D-03
   0.3968801379020D-04   0.4450348541048D-03  -0.1054979941964D-02
   0.1389331366475D-03   0.3833540310322D-03  -0.6439055889383D-03
   0.8660341812639D-04   0.1021552504884D-02   0.1730135801132D-03
   0.5879817191720D-03   0.2526379722308D-03  -0.3348756179416D-03
  -0.4548730364651D-03   0.1045230504990D-02  -0.7998429394386D-03
   0.5764588932518D-03   0.3057986175555D-03  -0.2060956742876D-04
   0.8458327656554D-04   0.4593863081831D-03  -0.9279113192408D-04
  -0.3208916015736D-03   0.3848019331229D-03   0.1093865346799D-02
   0.3092997950216D-03  -0.1373169488851D-03  -0.2515673508673D-03
   0.2532769494675D-03  -0.1598417916396D-03   0.3198725242101D-03
  -0.5527119472576D-02  -0.9769152437611D-03   0.9798620215821D-03
   0.9573875184965D-02  -0.2047686919598D-02   0.6062350977521D-02
   0.9600821759077D-02  -0.4100383827289D-02  -0.2712863172950D-03
  -0.1068851182499D-01  -0.4897613323224D-02   0.4814252385255D-02
   0.3349493033840D-02  -0.7674960219966D-02  -0.6183134131038D-02
  -0.1031360840631D-01  -0.1040969094330D-01  -0.1730860637269D-01
  -0.7874905693333D-03  -0.9490360465600D-02  -0.1406997310170D-01
  -0.8593618659883D-02   0.3900533731562D-02   0.3358497923629D-02
  -0.8676584052790D-03   0.5050852494754D-03   0.6272292969557D-03
   0.1635655177434D-03   0.1034308281719D-02  -0.2003174642207D-03
  -0.7432683481644D-03   0.5763051681999D-03   0.4047860624877D-03
  -0.1916520640845D-03  -0.6939417256340D-03   0.1348353349773D-03
  -0.1820076182670D-03  -0.2560098947049D-03   0.3541351190976D-03
  -0.7408138953962D-04  -0.1625372764309D-03   0.5422764022263D-03
   0.3601620685689D-03   0.1178144587536D-03  -0.9841648490891D-04
  -0.1116078208104D-03   0.1842801976637D-03   0.5056447003770D-03
   0.7011639008584D-04  -0.6375983749708D-03   0.2565006308283D-03
  -0.4501668057044D-03   0.5240087159088D-03   0.8994985459144D-03
  -0.3602789198829D-04  -0.7638324011075D-03   0.2816437458498D-03
   0.6274762399022D-02   0.4125222038424D-02   0.2182819265561D-02
  -0.6757478891904D-02   0.7523579558128D-02  -0.7237225609320D-02
  -0.6925246734283D-02   0.5039351349596D-02  -0.7068661365223D-02
  -0.2459335242564D-01   0.1100547558802D-02  -0.1366824838752D-01
  -0.3919502509341D-02   0.3566578493568D-02   0.2451581493100D-02
  -0.9601494330347D-02   0.3930563248206D-02   0.1159147310758D-01
  -0.1280084751267D-02  -0.1355636620796D-02   0.3535374311209D-03
   0.8094319525446D-02  -0.8484454568602D-02  -0.2147940690582D-01
   0.1244885658906D-01   0.1938842693754D-02   0.1050271299483D-01
  -0.1980251010515D-02  -0.2337724104527D-03   0.5311087197319D-03
   0.1235534125302D-02  -0.7628750439283D-03   0.6425546813093D-04
  -0.4364226798342D-03  -0.3609343729775D-03   0.6922852962913D-03
   0.1659817082979D-03   0.7492176296203D-04  -0.7483187058392D-04
   0.4985970882217D-03  -0.5379717974645D-03  -0.1137939560619D-02
  -0.1885484948146D-02  -0.1312764145418D-02   0.1965644637600D-02
  -0.9650953928690D-03  -0.8061539110129D-03   0.7160721655454D-02
  -0.4196244932035D-03   0.3875263256868D-02   0.9553794972366D-02
   0.2664575073061D-02   0.3518786794334D-02   0.1533175757281D-02
   0.1524147286925D-01   0.1052652026102D-01  -0.9910420467361D-02
   0.2568459511946D-02   0.2468983237825D-02   0.5263002787607D-02
   0.1188281954472D-01   0.1169696834822D-01   0.3065472302176D-02
   0.7495712820688D-02  -0.4566657096230D-02   0.4016840224477D-02
  -0.2267781785057D-02  -0.2152379277991D-03   0.7778499550825D-04
  -0.2780486209104D-03  -0.1645404032692D-04  -0.1174087870567D-04
  -0.1527478316838D-03  -0.8810762983628D-03  -0.7641273013000D-03
  -0.1458853324989D-02  -0.4963794019595D-03   0.5776323414957D-04
  -0.6361896090758D-03  -0.4928372766483D-03   0.4944382405150D-03
  -0.1749322064908D-03   0.1251872797035D-03   0.1026122793118D-03
  -0.1447916842368D-02   0.1111858573986D-02  -0.7011972687331D-03
  -0.6892351846464D-03  -0.7214173126627D-03   0.7358265768736D-03
  -0.1113247874915D-03  -0.4817704410947D-03  -0.1517168298904D-03
  -0.1833950211673D-02  -0.3269254475244D-02  -0.4826719128760D-03
  -0.4876549401767D-02  -0.5397440311034D-02  -0.4159468170670D-02
  -0.2193818529256D-02  -0.5070970668688D-03   0.8419311097369D-02
   0.5131789887408D-02   0.3688010319819D-02  -0.5924135694270D-02
  -0.2963791402502D-02  -0.4295753949594D-02   0.6586830973503D-02
   0.1168048216031D-01  -0.2244705093329D-02  -0.4820576786272D-02
  -0.2435278537158D-02  -0.8581645324726D-02   0.4536729186345D-02
  -0.6843778017199D-03   0.5785095653039D-03   0.7546284370667D-03
   0.4827554655931D-03   0.5637980274681D-03  -0.9538199068196D-04
  -0.1605716002473D-03   0.9100942667698D-04   0.6873560243562D-05
   0.1252352848171D-02   0.4596088740829D-03  -0.2696974080862D-03
   0.5767308848832D-03  -0.3027642251849D-03  -0.1023039879421D-03
   0.5954704756165D-03  -0.1705632782768D-03   0.6537619835202D-04
  -0.5023892178097D-03   0.6630687350071D-03  -0.1781503874580D-03
  -0.1664831958096D-03   0.7972861366398D-03  -0.1778895786440D-03
   0.1697419552180D-03   0.7826146442156D-03   0.1344652786663D-03
   0.5657389377543D-02  -0.3868783114396D-03   0.7814560192721D-02
   0.4990349580668D-02   0.2135949986554D-02  -0.5171298469438D-02
  -0.1048373757928D-01  -0.8947062350245D-03   0.9766597440656D-03
  -0.1555233450579D-01  -0.5430014255500D-03  -0.1762421891511D-02
   0.4342680079740D-02   0.3686158158505D-02  -0.7301372343477D-02
  -0.8315994450735D-02  -0.9038927341729D-02  -0.3099132138108D-02
  -0.1279673470409D-01  -0.5282608149401D-02  -0.8767394644587D-02
  -0.2058779051013D-02   0.2022576297524D-02   0.2304126677935D-02
   0.6347182467126D-02   0.3210761065196D-02   0.1786160756168D-02
  -0.8238595479296D-03   0.2438475499794D-04  -0.2321939291063D-03
   0.2359187900409D-02   0.3508028995556D-02   0.1036769749929D-02
   0.5176399636230D-03   0.3327254362036D-02   0.2064564735877D-03
   0.1477932642768D-02  -0.1797522124602D-02   0.2660396695215D-02
   0.1988047552075D-02   0.1938384240800D-02   0.1304063271677D-02
  -0.2377070204398D-03   0.2118039174893D-02   0.2533908332879D-02
   0.3107109135274D-03   0.8063469584248D-03  -0.5320244265462D-04
   0.7724624181789D-02  -0.9532637749277D-02  -0.9658582997284D-02
   0.2562052222734D-03   0.2737147457552D-02   0.1073297101830D-01
  -0.1308297593353D-01   0.1441534474267D-01   0.2949249255472D-02
  -0.5119517505165D-03   0.9900693849627D-02  -0.1674523780269D-01
  -0.3798172018093D-02   0.8045295187474D-02   0.1830867584673D-01
  -0.4823037559128D-02  -0.4612594526532D-02   0.4683020527000D-02
   0.4201399727168D-02   0.7267587295430D-03   0.1106218577418D-02
   0.8057801185310D-03  -0.6725113315710D-02  -0.1624882099971D-01
  -0.4923844410117D-02   0.6354421571577D-03   0.5369472810904D-03
  -0.4472497242098D-02   0.9903371702364D-03  -0.1080175459422D-01
  -0.2003336759432D-02  -0.3127729448341D-02   0.3629689453315D-04
   0.9304483715522D-03  -0.7279388186861D-03  -0.1145115230166D-04
   0.8677558645959D-03   0.1554486679462D-02  -0.5174996483043D-03
   0.1650750230325D-02  -0.9279699245097D-03  -0.2711940249185D-03
  -0.2548400424799D-02   0.3136273391237D-03  -0.8207478938513D-02
  -0.5380776834170D-02  -0.1591577998720D-02   0.1731679838414D-02
  -0.5849332097305D-02   0.2984642106766D-02  -0.6812918800221D-02
  -0.4070381627726D-02  -0.8991185777794D-03   0.5977120745683D-02
  -0.5654346114717D-02  -0.2894753227310D-02   0.1211111302293D-01
   0.6305205143141D-02   0.2038038595327D-02   0.2508692287525D-01
   0.7419333985947D-02   0.1136888917521D-02   0.7878505307005D-02
  -0.6809592723636D-03   0.8034395854041D-03   0.1831968691793D-01
   0.1488282694586D-01  -0.1271549930931D-01  -0.2986531547762D-01
  -0.3477173355469D-02   0.1048449468855D-02   0.3137514116514D-04
  -0.1844994601176D-03  -0.4753553129261D-03  -0.8051122610004D-03
   0.8900093983517D-03   0.2930305360632D-03  -0.8551661034639D-03
   0.1640712698806D-02  -0.2776383179817D-03   0.4608190398229D-03
   0.1477888827327D-03   0.3252726299923D-04  -0.1493876503913D-02
   0.4374214115040D-03  -0.6903539425907D-03   0.1040091806984D-02
  -0.2938785511262D-02  -0.6730775804910D-02  -0.9437626651341D-02
  -0.9574154261157D-02   0.8279724089137D-02   0.4970980708784D-02
  -0.4651206720851D-01  -0.3892531681261D-01   0.7393332889398D-01
   0.2439362520904D-01  -0.1439706958003D-01  -0.1007695143958D-01
  -0.1772604949788D-02   0.3097833937796D-02   0.5092054103576D-02
   0.2174686706723D-02  -0.6946407018998D-02  -0.5162215214702D-02
  -0.9135227993752D-02  -0.5437054800631D-02  -0.4117545365839D-02
  -0.1324471316714D-01  -0.6423955224011D-02  -0.2235141089524D-02
  -0.1167170647064D-03   0.1126476846442D-02   0.2686906316925D-02
   0.6449795779716D-02   0.6192797542249D-02   0.7485033432929D-02
   0.2021382952104D-01   0.1413937964372D-01  -0.3251525487824D-02
  -0.2178082314295D-02   0.1760897593523D-02  -0.5744408191050D-03
   0.1035879936118D-02   0.1739165759914D-02  -0.8332488183121D-03
  -0.4325328649375D-03   0.4939186551667D-03   0.3901176020166D-03
   0.1081440408377D-02  -0.1693343533881D-03  -0.1782703385379D-02
  -0.5813009024570D-04  -0.5602847530674D-03  -0.2639080531140D-03
   0.2543507222346D-03   0.1171524771382D-02   0.2836753926808D-03
   0.6515426154463D-03  -0.7305293350346D-03  -0.1198216500276D-02
   0.3814872503915D-03   0.5739740820689D-03   0.7220536518796D-03
   0.1443898494632D-02  -0.1380098011117D-02  -0.5443124743575D-03
  -0.1853579386756D-02   0.1339969528444D-02   0.1417912452590D-02
  -0.3351590309334D-02   0.1622458849129D-02  -0.2708856235046D-03
   0.1408505954955D-02  -0.2069836780117D-02  -0.4053992340722D-03
   0.8549623817122D-04   0.3090549979806D-02  -0.9387443436134D-03
   0.4296154192561D-01   0.1015114511716D+00  -0.4919531770118D-01
   0.2710406940608D-02   0.4356379077279D-02  -0.6284796973346D-02
   0.1144301596840D-02  -0.5918731622556D-02  -0.1312676762572D-01
  -0.6685519001414D-02  -0.2541409104958D-02  -0.5862402727330D-02
  -0.1184561489775D-01   0.1383138485451D-01   0.1792719183633D-03
  -0.1034193139330D-02   0.7451484572997D-02  -0.4807038236900D-02
  -0.1572912278798D-02   0.3787710944538D-02  -0.4422824750030D-03
  -0.5076959441149D-03   0.1521447859992D-02  -0.1677193740216D-02
   0.6053720601058D-03   0.1206749089505D-02   0.8859572287639D-03
  -0.1788102443106D-03  -0.8820397416901D-03   0.1679497783588D-02
   0.3937803787220D-02   0.3616785013119D-02  -0.1258427546216D-01
   0.1066345416959D-01   0.2449002534726D-02  -0.7819518824332D-02
  -0.6212649244655D-01   0.5629932157534D-01  -0.2462539512111D-01
   0.7036794303413D-02  -0.1500914742224D-01  -0.7603029804370D-02
   0.8780925347669D-03   0.9218650884100D-03  -0.5168685785104D-02
  -0.5191466820158D-02  -0.3289734030495D-02   0.3256693575223D-02
   0.3442514401967D-02  -0.2605233372070D-02   0.3744178463106D-02
  -0.1288928357651D-02  -0.5692574402122D-02  -0.2384616519473D-02
  -0.1536382976725D-02  -0.2089448456750D-02   0.2544412611519D-02
  -0.5173683299455D-03   0.8312044954888D-03  -0.1247201287301D-03
   0.1220457441142D-02  -0.3396907710083D-03   0.7446339212298D-03
   0.1291242576678D-02  -0.3475545803516D-03  -0.3991720076989D-03
  -0.2359663061630D-03   0.1210106679184D-03   0.4476344569612D-03
  -0.4573175715264D-03  -0.3217133164138D-03   0.9038737476949D-03
  -0.1189394020642D-02  -0.1452645188906D-02   0.1303764514964D-02
  -0.1657319210364D-04   0.4080732177874D-04   0.7905332371998D-03
   0.6340801196728D-03   0.5821111805531D-03   0.4441247688924D-03
   0.5061374083708D-03  -0.1285612629247D-03  -0.4061204748578D-03
   0.3634740829382D-03   0.1275869612314D-02   0.4214786078936D-03
  -0.1051389439689D+00   0.4913829391634D-01  -0.4320148504009D-01
  -0.1743427481972D-01  -0.1646316822648D-01  -0.1034109636770D-01
   0.1077402547461D-01  -0.1439517456254D-01  -0.1000374804207D-01
   0.2057597571329D-02  -0.7004641118976D-02   0.5839214164102D-02
  -0.1598848843383D-01  -0.1990320946624D-02   0.1060959528076D-01
  -0.1960942479139D-02   0.3131607584784D-02   0.1282813123750D-01
  -0.3841307005793D-02  -0.8005010069667D-03   0.7903486937661D-02
  -0.2002840243746D-03  -0.1377189971981D-02   0.7890481007347D-02
  -0.2248477556045D-02   0.3360115866410D-03   0.2648780708049D-02
  -0.1791321350136D-02  -0.1507247940521D-03  -0.6193746762605D-03
  -0.5404068856553D-03  -0.2093913658493D-02   0.1012689800866D-02
   0.8121257236767D-03   0.2749146445858D-03   0.1492266680397D-02
   0.1416609624489D-02   0.4373439950102D-03  -0.2307412483771D-03
   0.2589817881840D-03   0.3309215299563D-05   0.1531027638661D-02
   0.9531734182512D-03  -0.2177290660825D-03   0.6432955295165D-04
   0.1221852368957D-02   0.2910744763634D-02   0.6245768843032D-04
   0.1240681687697D-02   0.9075678980053D-03   0.1218600931961D-03
   0.9922924685056D-03  -0.4848986894491D-04   0.8270120522944D-03
   0.1063193713901D-02   0.2150745016365D-02   0.1167611918844D-02
   0.3117745569989D-02  -0.5009305609123D-02  -0.7572495996412D-02
   0.2193234470531D-02   0.4735334269955D-02  -0.6056144329468D-02
  -0.1605279345834D-02   0.4896926914592D-04  -0.3426094205429D-02
  -0.2209362362079D-02  -0.2871819286686D-02   0.5099190853003D-02
  -0.3310210010636D-02   0.8151874636117D-03   0.3387682579218D-02
  -0.1672892498931D-02   0.3961628524321D-02  -0.4593187018451D-02
  -0.2968969925591D-02   0.1230274608062D-02  -0.1402420954464D-02
  -0.3784872848801D-02  -0.1928314878627D-02   0.7623863314073D-02
   0.4668265775681D-03   0.2126836536611D-03  -0.3542241511745D-03
   0.5478900584364D-03  -0.7047540877677D-03   0.4067983976724D-03
  -0.2453631108673D-04  -0.1835570736130D-03   0.4450848382987D-03
   0.3141600633960D-04   0.5829602302401D-04   0.1629326872082D-03
   0.1866826754619D-03   0.3541010428792D-04   0.8171297572896D-04
  -0.7350769486077D-04  -0.1294469862142D-03   0.3992780138438D-03
  -0.1448829546054D-03   0.4194144103105D-03   0.4403721092814D-03
   0.2813144682243D-03  -0.2399408616740D-03   0.3401413838085D-03
   0.1334653423096D-03  -0.3393099863691D-03   0.2542166506002D-03
   0.3932264778489D-03  -0.4717687802737D-03   0.2625836337545D-03
   0.2223695975062D-03  -0.1731925199301D-03   0.1467142686345D-03
   0.5844392763051D-02   0.4390379927224D-03  -0.5752324875654D-02
   0.3230435915952D-02  -0.1606041748744D-02  -0.2042986032923D-02
   0.1249161220893D-01   0.4271185338417D-02  -0.3612023655519D-02
   0.6467377189362D-02   0.2413405930446D-02  -0.7254046462474D-02
  -0.6353091981682D-02  -0.2333575033988D-02   0.3405314465678D-02
  -0.7471206140894D-02   0.9403291230400D-03   0.5670150178729D-02
  -0.3739604625960D-02  -0.2936093588393D-02   0.1266336795892D-02
  -0.3355108525604D-02  -0.2014187385419D-02  -0.8012633042779D-03
   0.3214145080519D-03   0.2334968080307D-03   0.9144893623204D-03
   0.6476205031117D-03   0.1331913965611D-02   0.1050257185529D-02
  -0.3790861592957D-03   0.1985749993691D-03  -0.2393356029788D-02
   0.4356094297194D-04   0.2846357749562D-02   0.8336529805000D-03
  -0.6395480457090D-03  -0.5498129053447D-04   0.1286627671900D-02
  -0.8929603563502D-03  -0.4799867952084D-03   0.6096576530249D-03
   0.1235032855816D-01  -0.5807028621925D-02  -0.2561134019493D-02
   0.3649182186658D-02  -0.3549934799054D-02  -0.1792380501163D-02
  -0.8341933979848D-02  -0.1254408281394D-01   0.2589490945117D-01
  -0.9898484579867D-02   0.1512146270648D-01  -0.6232827838223D-02
   0.6523035575951D-02  -0.1513110562922D-01  -0.5473232831212D-02
   0.3177200096090D-02  -0.4630151382917D-02  -0.2895455545618D-03
   0.2507069652593D-02  -0.6109742822444D-02   0.7946687099340D-02
   0.1900825900618D-02   0.7593587090174D-02  -0.4733908826227D-02
   0.1897383914509D-02   0.5080088174138D-03  -0.1677658106673D-03
  -0.1489841531275D-02  -0.6752641933721D-03   0.8209320953003D-03
  -0.1614246688919D-02   0.2164196451416D-02   0.8376874096005D-03
   0.1009672367526D-02   0.3637441402863D-04  -0.6204935737457D-03
  -0.7601573173333D-03  -0.1535899156180D-02  -0.6906846745158D-03
  -0.2544345021283D-03   0.2244363994394D-02  -0.7006543459391D-03
   0.2934315207105D-02   0.8638149866460D-02   0.3376928191675D-02
  -0.2998729054100D-02   0.4415157348605D-02   0.3157395647155D-02
  -0.3472654638159D-01   0.2185394487539D-01  -0.7783662541767D-01
   0.2899474694024D-01   0.6501164984762D-02   0.2862806443079D-01
   0.3980048996627D-02  -0.1023314723426D-03   0.6169497584718D-02
  -0.3045228377848D-02   0.5355980402084D-02   0.2072434813122D-02
   0.1750194470397D-02  -0.7360554003157D-02  -0.6730061409335D-02
  -0.2925119045953D-02   0.8971890344448D-02  -0.4187064317553D-02
  -0.1717595096245D-02   0.4726081781134D-03   0.1588564219151D-02
   0.1723171328420D-02   0.6297466778587D-03  -0.2210671375435D-02
  -0.7090658239040D-03  -0.5728707049191D-03   0.1565198418659D-03
  -0.5719837375017D-03   0.6811009851250D-03  -0.6132975210838D-03
   0.2772117197131D-03   0.1081509774709D-02  -0.2578141518006D-03
  -0.2805894504974D-03   0.2878370226758D-03  -0.3978618869649D-03
  -0.3301542819978D-02  -0.8527035504334D-03  -0.3060047528540D-03
   0.2626621634688D-03  -0.3241523675849D-02   0.3600050030377D-03
  -0.8515680352023D-04   0.6421933469026D-03  -0.1793395797366D-02
   0.3132611231820D-03   0.1358393126945D-02  -0.3044938540532D-03
  -0.1197309633586D-03   0.7119853381298D-03  -0.6243938133849D-03
  -0.8988841399673D-01   0.4105038573311D-01   0.7094295302109D-01
  -0.4894160305327D-02   0.2418142606589D-02   0.5900891145493D-02
   0.1152638409970D-01   0.7396269267917D-02  -0.1420129603820D-02
   0.5706272053212D-05  -0.3818530600945D-02   0.3651217327700D-02
  -0.8684020794884D-02   0.2843188692699D-02  -0.1421844782951D-01
   0.3017445154860D-02  -0.3962755961469D-02  -0.6794887277523D-02
   0.3247922801029D-02   0.6277320542666D-02  -0.1585862368676D-01
   0.7134198350731D-02  -0.4833564248398D-02   0.4676228537579D-02
  -0.1051907223331D-01   0.1626783144414D-02  -0.7305068109100D-03
  -0.1075181662379D-02  -0.1825223800110D-03   0.7093532652313D-03
  -0.9205779344000D-04   0.1032568970614D-02  -0.8610282613151D-03
   0.1076809726180D-02   0.2090866303236D-02  -0.1787341480401D-02
   0.3804961816263D-03   0.4036079408760D-03  -0.2209777864240D-03
   0.1524364286426D-02   0.9295707751262D-03  -0.4510778279491D-03
  -0.1286941500532D-02  -0.1119602415526D-02  -0.3108771132031D-02
  -0.3324026099413D-04   0.2781276149427D-02  -0.8516154071899D-03
   0.3606013548086D-03   0.1195889340096D-02  -0.1302429965925D-02
  -0.4512827736167D-03   0.8993569790199D-03  -0.4156248773790D-03
   0.4784638604352D-03   0.1092343916590D-02  -0.5707170492487D-03
   0.5461157941203D-02   0.3971214278010D-02  -0.5255968480445D-02
   0.2405952260228D-03  -0.2625605188334D-02  -0.2909881655083D-02
  -0.7260475601943D-01   0.6532906115022D-01  -0.3805944220599D-01
   0.2547290762696D-02  -0.1524438257994D-01   0.1633693871118D-01
   0.1100156082410D-03  -0.5172124143170D-03   0.3164040500080D-02
   0.1524934315626D-02   0.1229253427129D-02   0.1133044563527D-01
   0.3312969429037D-02   0.3132449133010D-02   0.2435548537976D-02
  -0.3086189470175D-02   0.9863587616076D-02   0.5695372062070D-02
   0.9325415337187D-03   0.1607652038079D-02   0.4155636115351D-02
  -0.3914498582498D-02   0.8103307721007D-02  -0.2702437207733D-02
   0.2892089137270D-02  -0.8144948444296D-02  -0.1399254894546D-01
  -0.5209395960459D-02  -0.2576980510057D-02  -0.1068222109637D-02
   0.4050903926889D-03   0.9911449226579D-03   0.1296185487494D-02
   0.8321634551689D-03   0.1162387852170D-02   0.3132558382027D-03
  -0.2110985988225D-02   0.1916243112436D-02  -0.7301366399290D-03
  -0.1495231171331D-02   0.7367396153245D-03  -0.2379223737259D-03
  -0.6058831001388D-03  -0.6508155965023D-03   0.1219472882429D-02
  -0.6145834474586D-03   0.6291559238674D-03   0.3176452883842D-03
   0.2128118479570D-03   0.4894026849542D-03   0.1019388032807D-02
   0.6266427825573D-03  -0.2072902033761D-02   0.1820434047519D-02
  -0.1408005751070D-02  -0.1730495406517D-02   0.9115766189672D-03
   0.1090936695091D-02  -0.2757221293525D-02  -0.1302427393815D-03
  -0.1303716767512D-03  -0.3504041000112D-04  -0.3390323638700D-03
   0.1035814301311D-02  -0.5070244505712D-03  -0.1265260615675D-02
  -0.5402816844712D-01   0.6251807222228D-01   0.1069620163891D+00
   0.6092946265328D-03  -0.7645486260230D-02   0.9773269041859D-02
  -0.9983163392890D-03   0.2324233211132D-01  -0.9431478901191D-01
   0.1482286172608D-01  -0.5400675016128D-02   0.1314084189375D-01
  -0.1126045838561D-01   0.9389977696154D-03  -0.1861551700855D-02
  -0.1084435758509D-01   0.3983014538277D-02   0.1428484988690D-02
  -0.3468681055584D-03   0.2610233770875D-02  -0.9874062184689D-03
   0.1633774534165D-02   0.3872659055391D-02  -0.7084118046143D-03
  -0.2651941296249D-03  -0.9719695882792D-03  -0.1536065230815D-04
   0.6917492534735D-03   0.8245901360038D-03   0.2130505051199D-03
   0.8298164920984D-01   0.1003517824338D+00   0.2386604455996D-01
   0.1036831669416D-01   0.3626726021725D-02   0.2349625830505D-02
  -0.9443154862114D-02  -0.7251418141898D-02  -0.7804685211541D-02
  -0.8667084589142D-02   0.7949242651507D-02   0.1171833245774D-01
   0.8734529173310D-02  -0.1324725979077D-01  -0.1864691424174D-03
  -0.1055229776273D-01  -0.1480022731963D-01  -0.5401616186518D-02
  -0.2816904164104D-02   0.1227431529886D-01  -0.3612860967515D-03
   0.7823933663759D-02   0.7935874331622D-02  -0.5024826189426D-02
   0.1345439161309D-01   0.4766214729320D-02   0.8729018151190D-02
   0.3143468440383D-02  -0.9155006726148D-04   0.1533310519939D-02
  -0.1861542963854D-02  -0.2621473406408D-02   0.1865726423275D-02
   0.2434399612036D-02  -0.3238045445554D-02   0.1897506397030D-02
  -0.1699560223118D-03  -0.1227789475115D-02   0.1943376118830D-02
  -0.1030830993138D-02  -0.1537906974723D-02   0.2743081588801D-03
   0.7139723127392D-03   0.5872404129164D-03   0.2834736310432D-03
   0.1845879780798D-02  -0.9816879354365D-03   0.8297371145133D-03
   0.1375446226716D-02   0.6084610953523D-03   0.2763478009322D-02
  -0.1197155261750D-01   0.4275778836758D-02  -0.6134864570542D-02
   0.1078651411077D-01  -0.1041616966364D-01  -0.5343709368727D-04
   0.9168950817286D-01  -0.1129136681744D-01   0.1785671045157D-01
  -0.2403219326159D-01  -0.3829672902642D-02   0.2435854066087D-02
  -0.2653727441311D-02   0.6296029407413D-02   0.7628477792099D-02
  -0.2146590605906D-03   0.1645301309417D-01   0.1766733959391D-02
  -0.2274281983921D-01  -0.2131852015184D-03   0.4243664146257D-02
   0.1833720454781D-01  -0.1224122105128D-01  -0.8226306549037D-02
  -0.3950124617724D-03   0.2138708750770D-03   0.1707782597360D-03
  -0.9915044780273D-03  -0.1518879226664D-02   0.1576031809945D-02
   0.9363424943705D-03   0.2606747078323D-03  -0.5986698311796D-03
   0.9713324649925D-03   0.4174042993142D-03  -0.2012169843896D-03
   0.8005901403695D-03   0.3381152712771D-03   0.3561220659871D-03
   0.9641776187879D-03   0.2954563226956D-03   0.1111634632144D-02
   0.7842342849730D-03   0.4007219964460D-03   0.7784645242829D-03
   0.8084382048211D-03   0.9025343429218D-03  -0.3528714343851D-03
  -0.5492106827048D-03   0.5300290527306D-03   0.1820306487068D-02
   0.5504676459884D-03   0.5195148728768D-03  -0.7574158203420D-03
   0.1079735285425D-02  -0.6197677187050D-03  -0.1288440682102D-03
  -0.1463297507678D-01   0.1037062961195D+00   0.4546619829232D-01
  -0.1271128664759D-01  -0.5186188111060D-03  -0.7225224166718D-02
   0.2148598404497D-02  -0.2138203909354D-01  -0.3999000628191D-02
   0.1588757762320D-01  -0.9765101305244D-02  -0.1752211213097D-01
   0.7813099069630D-03  -0.1239105689758D-01   0.7874305041924D-02
   0.1018937505262D-01  -0.6582743970641D-02   0.1381109671935D-01
  -0.5805690311093D-02   0.6342093784996D-02   0.1481979375552D-02
   0.7079020110243D-02  -0.8758890005175D-02   0.2806362458150D-01
   0.8461729609162D-02   0.1122804917247D-01   0.1063680274942D-01
   0.4000695638129D-02   0.4114991537006D-02  -0.8986445089562D-03
   0.2023096227489D-03   0.6778567914051D-03   0.1136155737818D-03
   0.1612584937524D-03   0.5634827474124D-03  -0.1598529674848D-03
  -0.2869185234699D-03   0.1954608808107D-03   0.1814885167520D-03
   0.1286094707769D-02   0.6208890872721D-03   0.1351605199430D-02
  -0.9402180668702D-04   0.6688361620385D-03   0.3540911767724D-03
   0.6425019265248D-03   0.2506440743798D-03   0.6407692631313D-03
   0.1691351264653D-03   0.2534603642165D-03   0.9658011756955D-03
   0.7614549745497D-03   0.6604287721361D-03   0.5019386043339D-03
   0.2097965446576D-02  -0.1594071026350D-02  -0.1123394156379D-02
  -0.1120215907848D-01  -0.5630853044171D-02  -0.3236787213971D-02
  -0.4052458714550D-02   0.1482475716581D-01  -0.1352516532634D-02
   0.5868642833734D-01   0.5525121736401D-01   0.5215629362759D-01
  -0.7813424572805D-02   0.4505400370388D-02  -0.2633816180869D-02
  -0.1086642734952D-01   0.1913986514394D-01  -0.5592946143887D-02
  -0.4013430262178D-02  -0.1223610081291D-03  -0.1269444819546D-02
  -0.2805931849696D-02  -0.4338532577479D-02   0.1584936778153D-02
  -0.7578930711229D-02   0.5068682515884D-02  -0.3077652934901D-02
   0.2279075809636D-01  -0.8633743109927D-02  -0.1181160835687D-02
   0.1612401116213D-02  -0.3628442563508D-02  -0.1688997056030D-02
  -0.8915028289342D-04   0.1171500224806D-02   0.9364191815100D-03
   0.7632931031246D-03  -0.5475854061170D-03   0.5175378781631D-03
   0.9247141470017D-03   0.6459562079705D-03  -0.8719375761186D-03
   0.3801102106851D-03  -0.6810607785241D-03   0.9894896207992D-03
  -0.5748907536975D-04   0.8624659040638D-03   0.2020979103547D-02
  -0.4157551405803D-01   0.9176464434425D-01  -0.6497486954773D-01
   0.1955347092807D-01  -0.1738873485641D-02  -0.3512082143046D-02
   0.7147490998652D-01  -0.1688516478723D-01   0.4745153753361D-01
  -0.2134238277429D-01  -0.9051779798566D-02  -0.1617588287433D-03
   0.1768986332496D-01   0.2321059273173D-01   0.1889432264845D-01
   0.4483592877278D-03   0.7662090633686D-02   0.8888955612959D-02
   0.6192144654151D-02  -0.4162054462151D-02   0.6934834844276D-02
   0.7909168746694D-03   0.1474089451788D-01   0.6283015796473D-03
  -0.1810187507247D-02   0.3353122761939D-02   0.1134816540093D-02
  -0.8661926868917D-03  -0.8739733176999D-03   0.9128168701980D-03
   0.7724259124517D-03   0.6264171641291D-03   0.1157393632752D-02
   0.1593359369550D-02   0.6125365164894D-03   0.9289976229211D-03
  -0.7762248321296D-03   0.3153949851020D-03   0.1445255227323D-03
  -0.8162504836675D-03  -0.5895755093442D-03   0.3938178216471D-03
   0.1313240036624D-03   0.4721374637815D-04  -0.6177762232929D-03
  -0.1331177713806D-02  -0.1278365330568D-03   0.1297638156722D-03
   0.1070731470959D+00  -0.2492393086012D-01  -0.5625069141849D-01
  -0.3952806078028D-03   0.5003274212364D-02   0.1355904097078D-02
  -0.4619885679249D-01  -0.6354748181340D-01  -0.1553032452578D-01
  -0.1871723996794D-02  -0.5291927988020D-02   0.5665504824873D-03
   0.1003576368279D-02  -0.7208989787784D-02  -0.7784590053257D-02
   0.2819480120497D-02  -0.1648970473770D-01  -0.1275457135356D-01
   0.3838677684702D-03   0.1564641724444D-03   0.1476105897078D-02
   0.2233481377839D-02  -0.3510890353494D-02  -0.2503603150955D-02
  -0.7998739262639D-02   0.2124722706882D-01   0.1045920122354D-01
   0.2306193086239D-02  -0.5968185639818D-02  -0.1672366164255D-01
  -0.1692912917371D-02  -0.6876031023838D-03  -0.4784232028342D-02
  -0.1252105765167D-02  -0.6773541831814D-03   0.1153064154390D-02
   0.1674626500072D-02  -0.2236834863196D-03  -0.8060484885493D-03
  -0.2708048384046D-03  -0.4239156498580D-03  -0.1187558267696D-02
   0.2447784990806D-02   0.2342841230969D-02  -0.1202488192325D-02
   0.1459133386543D-01  -0.7985542352178D-01  -0.6456788135496D-01
  -0.3733676459063D-02   0.4059307582587D-02   0.4847126060332D-02
  -0.7827410115954D-02  -0.1283766965225D-01   0.2544559657524D-02
  -0.7487325073905D-02   0.5937165161779D-02   0.2866248248199D-02
  -0.1889959371653D-01  -0.1869915356452D-01  -0.4476233348765D-02
   0.1457592802061D-02  -0.3032837746536D-02   0.2248736528561D-02
   0.4909530395504D-02  -0.1396210380340D-02   0.1005893328060D-02
   0.1283804171349D-02  -0.1310654735699D-01  -0.5955749475639D-02
  -0.6610947423238D-02   0.2758788376534D-01   0.1417780480204D-02
  -0.8831661136889D-02  -0.1713914000091D-01  -0.3753648608925D-02
   0.3074028897739D-03   0.1475228711421D-02   0.3723526687613D-03
  -0.4666359351101D-03  -0.3590402528767D-03  -0.1226334168158D-03
   0.5573502034738D-03   0.9493218075222D-03   0.6541213289877D-03
   0.2130524604319D-03   0.7467083134845D-03  -0.1684288928811D-02
  -0.3005348604501D-03  -0.1294970121530D-03   0.6492340058970D-03
  -0.9705773158176D-02  -0.5409723612361D-02  -0.9303531691970D-02
   0.1572947300532D-02   0.2827742338454D-03  -0.9322417990073D-02
  -0.8093992759858D-01  -0.1164711454119D-01  -0.3808002501567D-01
   0.2949952593008D-01  -0.2024488809709D-01   0.1206891524758D-01
   0.2754362000445D-02  -0.1027414530625D-01  -0.8021085105043D-02
  -0.6769143257871D-03   0.1109872550641D-02  -0.2880510799577D-02
   0.6392997328508D-02  -0.1253064091036D-01   0.1627445157323D-02
   0.2823119586157D-02   0.2960797987207D-02   0.1475391423054D-02
  -0.1085642198425D-03   0.1673945724028D-04  -0.1447443746920D-02
   0.7832257319997D-03   0.9902514867602D-03  -0.1293333168691D-03
   0.4641135694016D-03   0.8651446541697D-03   0.1943718631766D-03
   0.1283536793671D-02   0.2767760527449D-03  -0.3745919137961D-03
   0.1823459008298D-02   0.1623954377181D-02   0.1331187730323D-02
   0.4727924715642D-03  -0.6657137948278D-03  -0.1223757493980D-03
   0.7411037213855D-03   0.1373143122928D-03   0.3502830679625D-03
  -0.1757698171623D-03  -0.1899969973080D-03  -0.3803962558470D-04
   0.6764872636672D-01   0.4455742680777D-01  -0.8720274025100D-01
   0.1254873468542D-01   0.1297027834056D-01  -0.5495247218649D-02
  -0.8368045635770D-01   0.3354807634077D-02  -0.1759058080951D-01
   0.1025275319270D-01  -0.9949251477804D-02   0.1230563217096D-01
  -0.9934182204774D-02  -0.1186439437405D-01  -0.6256802551651D-02
  -0.3770402555271D-02  -0.9566062464589D-02  -0.6966281156225D-04
  -0.2501723539671D-01  -0.2408631654103D-01  -0.1117283047654D-01
   0.7237710745210D-02   0.1252881851817D-02   0.1490019713525D-01
  -0.8399282772955D-02   0.6097499434252D-02  -0.1309273507130D-01
  -0.8695667838903D-04   0.2275554750997D-02  -0.2366488090979D-02
  -0.4873991515658D-03  -0.5454639973303D-04  -0.6905739874410D-03
  -0.4004257135579D-05  -0.3351681490243D-02   0.4672422102567D-03
  -0.1478973453947D-03   0.1818670769699D-03  -0.2086840970128D-02
   0.1523069824771D-02  -0.2075422337789D-02   0.4217449671299D-02
   0.8522115314556D-01  -0.1070563437306D+00   0.1561743195683D-01
  -0.5678323480600D-01   0.3374886473891D-01   0.4020726712930D-01
   0.1183013448830D+00  -0.5798322130425D-01  -0.4350868024004D-01
  -0.6236374474179D-01  -0.4238640936133D-01  -0.6257756024901D-02
   0.8983696259570D-01   0.6585113389556D-01   0.8011224130545D-01
   0.3673519889535D-01   0.3527542441769D-01  -0.5751395328314D-01
  -0.2585355340410D-01  -0.1126596485732D+00   0.7473537778603D-01
   0.5493838224543D-01  -0.4536166638571D-01   0.2262179022463D-01
   0.1268660999380D+00  -0.2603448605838D-01   0.4265357553505D-01
   0.2223461074755D-01  -0.1590543646205D-01   0.6501630373298D-01
   0.1014640706256D+00  -0.7516628802239D-01  -0.5155209856857D-01
   0.3817371337027D-01  -0.5692235557761D-01   0.2491012292980D-01
   0.4352294421435D-01  -0.6792592724805D-01  -0.1106814609051D+00
   0.6219377394584D-02  -0.2005579586658D-01   0.7042573386717D-01
  -0.9737132185767D-01  -0.9272219991005D-01  -0.3644270437761D-01
  -0.7061070047025D-01   0.9210812541188D-02  -0.2231708657999D-01
  -0.7848968558705D-02  -0.1188341832842D+00  -0.7196641899198D-01
  -0.4937141230534D-01  -0.3107248225108D-01  -0.5063450700410D-01
   0.1565233997569D-01  -0.1345385039501D+00   0.2640874194225D-01
  -0.5507003658629D-01   0.2651567110674D-01  -0.4730902995385D-01
  -0.1117846769708D+00   0.4365061435105D-01   0.7360377202263D-01
   0.4959106085795D-01   0.5610381272710D-01   0.2421515937351D-01
   0.3184554431382D-01   0.1123882205980D+00   0.7688085262487D-01
   0.5735862059296D-01   0.3564323616361D-01   0.3502163641046D-01
  -0.5662901595554D-01  -0.1342115268830D-01   0.1261281357497D+00
   0.7630533797994D-01   0.1397625348516D-01  -0.6477547085682D-02
$end                                                                            
