   -0.40265202
    0.02844697
    0.27016489
   -0.50435460
   -0.07566993
   -0.01431953
   -0.11013127
   -0.12126327
    0.17378808
    0.02374141
    0.04454647
    0.05465964
    0.02743243
    0.03732409
    0.02874737
    0.03784630
    0.04375152
    0.03887737
    0.04846189
   -0.15813786
    0.00503642
    0.22090830
   -0.32381398
   -0.08607564
   -0.07939441
   -0.09328695
   -0.05103044
   -0.14634032
    0.22642880
    0.08013605
    0.07649363
    0.06916044
    0.06112858
    0.06133933
    0.08199581
    0.08433520
    0.11603924
    0.11580839
    0.30076571
    0.29768026
    0.29848335
   -0.39376691
    0.03757085
    0.26162190
   -0.54504878
   -0.06741047
   -0.03344039
   -0.00579539
   -0.01733476
   -0.10802382
    0.04221064
   -0.04366022
   -0.05862975
   -0.04897096
   -0.04095359
    0.16507172
    0.03856567
    0.05553951
    0.05414461
    0.04503765
    0.18834805
    0.02492566
    0.02875200
    0.01706689
    0.01994126
   -0.13781426
   -0.02110935
    0.27326720
   -0.51618708
    0.24069385
    0.08041900
    0.09150342
   -0.17416197
    0.00719049
    0.29307813
   -0.47918917
   -0.08026632
   -0.01044134
   -0.12373088
   -0.11631755
    0.23083918
    0.07779056
    0.05600653
    0.06171259
    0.04977484
    0.04814234
    0.04216820
    0.05397329
    0.05449343
    0.03726376
    0.02994290
   -0.17661443
    0.03417062
    0.26564032
   -0.61537828
   -0.01911799
   -0.10886936
   -0.13081664
    0.19654171
    0.06835612
    0.04481101
    0.06604276
    0.02770758
    0.04127492
    0.07135581
    0.05581028
    0.05504671
   -0.15934309
    0.02573698
    0.30025142
   -0.49704858
   -0.06901715
   -0.00708144
   -0.11296934
   -0.12068916
    0.24183643
    0.06579288
    0.06497717
    0.05513722
    0.02469293
    0.04136973
    0.03571167
    0.04311801
    0.04011060
    0.05120120
    0.04672521
   -0.16096227
   -0.02298147
    0.21599540
   -0.35282027
    0.21945611
    0.08913416
    0.10187467
   -0.38182866
    0.04783563
    0.18234766
   -0.39207638
   -0.06312190
   -0.00570145
   -0.22291913
   -0.05906638
    0.16963545
    0.06122807
    0.05738595
    0.03339370
    0.06748064
    0.06022909
    0.05950366
    0.05547076
    0.05164427
    0.17125107
    0.06354414
    0.18595744
    0.07107798
    0.19434569
    0.08435164
