   -0.40270347
    0.02638390
    0.25053145
   -0.48040561
   -0.08331962
   -0.10211797
    0.27315301
   -0.50588242
   -0.30627463
    0.17406233
    0.07339703
    0.04832582
    0.07414317
    0.07474055
    0.08988961
    0.23677786
    0.21798157
   -0.18352720
    0.00821491
    0.26885488
   -0.48533311
   -0.03691280
   -0.15485854
   -0.15779799
    0.21685207
    0.08210864
    0.05201148
    0.06196530
    0.03997531
    0.07193443
    0.07536327
    0.06553980
    0.07298477
   -0.20046825
    0.01209210
    0.27058838
   -0.46947133
    0.10720255
   -0.44889503
   -0.18797912
    0.21743529
    0.10629863
    0.04612982
    0.32409489
    0.07724392
    0.06925947
    0.06713802
   -0.17934500
    0.00583312
    0.27251204
   -0.48312435
    0.03985272
   -0.50085084
    0.22266112
    0.11158800
    0.06801763
    0.09676866
    0.34313587
   -0.18562360
    0.02290914
    0.27502681
   -0.50521601
   -0.08306545
   -0.10727477
    0.35134598
   -0.67472044
   -0.64970089
    0.20424641
    0.07226231
    0.06649672
    0.08994406
    0.04979836
    0.06207988
   -0.17532306
    0.01576311
    0.26369572
   -0.49199437
   -0.08116342
   -0.11012080
    0.27407010
   -0.45180754
   -0.32416447
    0.22202980
    0.09434038
    0.09120836
    0.07545952
    0.10215468
    0.06877843
    0.21307079
    0.22152326
   -0.18112411
    0.01283493
    0.26861584
   -0.50284030
   -0.16095043
    0.20998242
    0.09361123
    0.09066352
    0.08999140
    0.07580938
   -0.16594552
    0.00994522
    0.26514936
   -0.51142132
   -0.09184299
   -0.08731859
   -0.09997754
   -0.03295688
   -0.12141796
    0.22486912
    0.09637327
    0.07045023
    0.06280247
    0.07597807
    0.07178832
    0.06649810
    0.07371162
    0.10930704
    0.10163407
    0.25590032
    0.27246598
    0.27762440
   -0.16828096
    0.02662459
    0.29084720
   -0.49750331
   -0.09718585
    0.01501070
   -0.05339854
   -0.05828931
   -0.04153532
   -0.04727655
   -0.04035667
    0.21648262
    0.07679729
    0.06924583
    0.07298267
    0.04385646
    0.04362196
    0.05156971
    0.05070946
    0.06259174
   -0.18658509
    0.02675010
    0.27277498
   -0.50892314
   -0.07840711
   -0.04559406
   -0.02708936
   -0.02741778
   -0.11644282
    0.02930504
   -0.05243024
   -0.06819915
   -0.05330530
   -0.04989811
    0.21562564
    0.09215072
    0.06421550
    0.07387165
    0.06242098
    0.18669703
    0.04126389
    0.06071266
    0.03710316
    0.04803652
   -0.18482697
    0.01450763
    0.26246788
   -0.51196504
   -0.08739027
   -0.02187630
   -0.15687900
   -0.14658741
    0.22832346
    0.09379337
    0.04889314
    0.07143946
    0.05444549
    0.06189346
    0.05388178
    0.05816455
    0.05731397
    0.05197982
    0.05158001
   -0.16030904
   -0.02826128
    0.27389986
   -0.50205361
    0.21457231
    0.09721374
    0.09140467
   -0.18660246
    0.04437696
    0.19401167
   -0.39475402
   -0.07514489
   -0.01327962
   -0.13878237
   -0.14662407
    0.22550461
    0.10676131
    0.05860203
    0.08392913
    0.04153559
    0.06425600
    0.04098523
    0.05396824
    0.05163414
    0.05508505
    0.05202579
   -0.65595910
    0.32218943
    0.33432806
   -0.60808058
    0.29391657
    0.31558656
   -0.40359080
    0.04305686
    0.18989219
   -0.36579205
   -0.06133815
   -0.11503158
    0.35001653
   -0.63219116
   -0.64143615
    0.18140708
    0.05090181
    0.04402441
    0.05545691
    0.04849723
    0.02897834
   -0.41489499
    0.03645346
    0.19530297
   -0.37042213
   -0.13373046
    0.16939003
    0.08473950
    0.05241307
    0.06804527
    0.04739080
   -0.42430642
    0.02514941
    0.26348006
   -0.51091950
   -0.09781205
   -0.10490235
   -0.11360276
   -0.06825274
   -0.16215463
    0.17794734
    0.06398466
    0.07056171
    0.05580592
    0.07059753
    0.07003336
    0.08533173
    0.10511513
    0.14196173
    0.13791459
    0.29633542
    0.28160626
    0.28304349
   -0.17318630
    0.02810833
    0.19504318
   -0.37895583
   -0.02405381
   -0.14382135
   -0.15110587
    0.22917318
    0.09513201
    0.06883088
    0.05636818
    0.05825240
    0.05474080
    0.06080834
    0.05169806
    0.07342111
   -0.41084064
    0.02802344
    0.27853684
   -0.53883296
    0.07030954
   -0.49309849
    0.18173016
    0.05183967
    0.03813010
    0.05303754
    0.32567154
   -0.16495889
    0.02357534
    0.21510016
   -0.37562004
   -0.15690020
    0.23814847
    0.10237764
    0.08999086
    0.08886485
    0.07988987
   -0.39369015
    0.02974867
    0.19919851
   -0.35841235
    0.07270926
   -0.50566426
    0.16167754
    0.08675936
    0.05472974
    0.04763161
    0.32159451
   -0.40682214
    0.03148702
    0.20448134
   -0.37304276
   -0.08660654
   -0.00022360
   -0.05612275
   -0.04797317
   -0.08332308
   -0.09634843
    0.14131157
   -0.41813223
    0.17002879
    0.08373323
    0.05111849
    0.06503204
    0.07035419
    0.03611256
    0.08505314
    0.03929186
    0.33496903
   -0.40561337
    0.04208051
    0.17770211
   -0.38809053
   -0.08944684
   -0.01346015
   -0.14905869
   -0.13250288
    0.18534236
    0.05859310
    0.05285913
    0.05942121
    0.04891671
    0.05430673
    0.04770414
    0.04905523
    0.04879043
    0.04513964
    0.05201993
   -0.40049664
    0.05086432
    0.19352565
   -0.40595420
   -0.14428608
    0.17307934
    0.06265370
    0.05978881
    0.07800761
    0.06690425
   -0.40787900
    0.03220401
    0.18882296
   -0.36595110
   -0.14933229
    0.18279032
    0.06154227
    0.06856331
    0.06795980
    0.06926597
   -0.41143235
    0.03324630
    0.26187169
   -0.49974971
   -0.07934877
   -0.04112124
   -0.02804596
   -0.02976915
   -0.12392479
    0.02512601
   -0.05300854
   -0.07286665
   -0.06111630
   -0.05718428
    0.17053716
    0.06079948
    0.05258960
    0.06476639
    0.05498668
    0.19745582
    0.04393382
    0.05711390
    0.03719883
    0.05084656
   -0.16964856
    0.01533786
    0.18874789
   -0.38041607
   -0.09166124
   -0.02333957
   -0.15641603
   -0.14944404
    0.23135782
    0.10054267
    0.06609069
    0.07892019
    0.05494694
    0.05112171
    0.05935051
    0.06232949
    0.04576531
    0.05485903
    0.05407806
   -0.41517465
    0.04279931
    0.25051278
   -0.53771909
   -0.07227496
   -0.00950055
   -0.14106500
   -0.14163571
    0.17808871
    0.05656963
    0.05152253
    0.05756851
    0.03523822
    0.05590955
    0.04214009
    0.04721374
    0.04460751
    0.04829696
    0.04624701
   -0.15815051
   -0.03656179
    0.20879000
   -0.38756147
    0.23161378
    0.10966328
    0.13101548
   -0.40457394
    0.02255263
    0.20339956
   -0.35851073
    0.04880419
   -0.51299195
    0.19277057
    0.08038905
    0.06230607
    0.06813333
    0.34104735
   -0.40939575
    0.02001720
    0.24499146
   -0.52951449
   -0.08590363
   -0.01974968
   -0.15692282
   -0.13613213
    0.19140577
    0.06130013
    0.04876041
    0.04849327
    0.05476541
    0.05896877
    0.05024198
    0.05139499
    0.05063718
    0.04180573
    0.05116420
   -0.16158262
   -0.03798408
    0.20455226
   -0.39195837
    0.24451452
    0.10325630
    0.13199958
   -0.41437177
   -0.02404151
    0.33453946
   -0.65733856
   -0.64619651
    0.17535327
    0.02478022
    0.04398046
    0.18585658
    0.07670864
    0.18164247
    0.08512993
    0.20336451
    0.06792703
    0.18586157
    0.07758587
    0.18934236
    0.06647787
    0.19070265
    0.08786736
    0.19024507
    0.06315722
    0.18009111
    0.07877626
    0.18848296
    0.07604138
    0.17799431
    0.08044914
    0.18165947
    0.08511505
    0.17910149
    0.08330087
    0.18291260
    0.07350136
    0.18088849
    0.09154616
    0.17089498
