           2           1   1.01605391693291     
           3           2  0.944191684445920     
           4           3   1.65979081569967     
           5           2  0.968878637545925     
           6           5  0.995612922987594     
           7           5   1.00152272721482     
           8           6   1.01833548628677     
           9           1  0.956412881957202     
          10           2  0.946386775249425     
          11           5  0.966945618436304     
          12           6  0.972849866747894     
          13           6  0.955570711486894     
          14           7  0.971572069911904     
          15           7  0.983079142643070     
          16           7  0.978244374416715     
          17           8  0.985258390452127     
          18           8  0.983135287406522     
          19           8  0.986682433090647     
          20           3   1.26060894636678     
          21          20   1.00186037212893     
          22          21  0.954592637103612     
          23          22   1.64639546617727     
          24          20  0.897935473095097     
          25          21  0.952037455335195     
          26          21  0.945575930636253     
          27          22   1.28621670736123     
          28          27  0.983884132356048     
          29          28  0.937460822270511     
          30          29   1.56753349802210     
          31          28  0.962481016661981     
          32          31   1.00543559782881     
          33          27  0.912223307023430     
          34          28  0.944850647088785     
          35          31  0.970792877157584     
          36          31  0.966821449479700     
          37          32  0.870741444153986     
          38          29   1.35262616043044     
          39          38  0.955230312108384     
          40          39  0.943417243970846     
          41          40   1.63678489138406     
          42          39  0.977434278353723     
          43          42   1.00206106578060     
          44          38  0.967316907048177     
          44          43  0.996618121165495     
          45          39  0.949199003665553     
          46          42  0.970165541615247     
          47          42  0.976463476427293     
          48          43  0.977603059141122     
          49          43  0.973274061421141     
          50          44  0.953583650047813     
          51          44  0.963010280160008     
          52          40   1.27967298645693     
          53          52  0.971091522195468     
          54          53  0.923505930119686     
          55          54   1.67759625157444     
          56          53  0.970647846244105     
          57          56   1.02078056782369     
          58          52  0.921239316673317     
          59          53  0.957347671818395     
          60          56  0.969319418418074     
          61          56  0.962805659802276     
          62          57  0.814310122022708     
          63          54   1.27133817335109     
          64          63  0.981820943101882     
          65          64  0.924692579575430     
          66          65   1.64799794313175     
          67          64  0.970420067942334     
          68          67   1.00550973515439     
          69          67   1.00865014975326     
          70          63  0.915164744855639     
          71          64  0.951931528590933     
          72          67  0.966276808422395     
          73          68  0.983947036572883     
          74          68  0.985135279337003     
          75          68  0.983924165271984     
          76          69  0.984273212532133     
          77          69  0.978959072585876     
          78          69  0.984192197361319     
          79          65   1.29167291780920     
          80          79  0.976411437147982     
          81          80  0.934192514690847     
          82          81   1.61129658788249     
          83          80  0.976355493159515     
          84          83   1.00795284170473     
          85          84  0.999517247498912     
          86          85  0.984799301069390     
          87          86   1.29505371489733     
          88          87   1.35492909486047     
          89          87   1.29306379814318     
          90          79  0.916469896708154     
          91          80  0.944253115488101     
          92          83  0.961766392331009     
          93          83  0.973743299250660     
          94          84  0.969041010719955     
          95          84  0.964685541561932     
          96          85  0.958560634660587     
          97          85  0.959834724318175     
          98          86  0.914428744638052     
          99          88  0.908584351306828     
         100          88  0.871877350990396     
         101          89  0.919698241383857     
         102          89  0.920325405120874     
         103          81   1.29719755038390     
         104         103  0.966397185625467     
         105         104  0.991485943975209     
         106         105   1.86237143788772     
         107         104  0.958933629088956     
         108         107   1.00069444245703     
         109         103  0.964349220226185     
         109         108   1.00420846941755     
         110         104  0.952439358118094     
         111         107  0.973852897001380     
         112         107  0.977917183529948     
         113         108  0.970083452756364     
         114         108  0.977906089147171     
         115         109  0.955841797100266     
         116         109  0.960938557917342     
         118         117   1.02193839468363     
         119         118  0.951029253759778     
         120         119   1.61966824756488     
         121         118  0.954779690196198     
         122         121   1.00095473690041     
         123         122  0.909136424570968     
         124         123   1.49136515477970     
         125         123   1.51010821571259     
         126         117  0.958113974699064     
         127         118  0.962177796650264     
         128         121  0.979090235153194     
         129         121  0.975681070710477     
         130         122  0.971233398247406     
         131         122  0.982727957191560     
         132         119   1.29393336281917     
         133         132  0.976246740536721     
         134         133  0.931868680284119     
         135         134   1.63280167315707     
         136         133  0.979147160119949     
         137         136   1.00755975669589     
         138         137  0.996713631866045     
         139         138  0.987681502827275     
         140         139   1.29864104117257     
         141         140   1.35846810904006     
         142         140   1.28815152654624     
         143         132  0.919898355923898     
         144         133  0.947832019090704     
         145         136  0.963469312999697     
         146         136  0.971155149826822     
         147         137  0.960958929544752     
         148         137  0.969514287296362     
         149         138  0.959767483059653     
         150         138  0.960724244582763     
         151         139  0.911034658747219     
         152         141  0.911500012680215     
         153         141  0.916038297050322     
         154         142  0.919675163486033     
         155         142  0.900979688817172     
         156         134   1.30444483412052     
         157         156  0.974254916014853     
         158         157  0.939532587533235     
         159         158   1.56651279341633     
         160         157  0.975261017396035     
         161         160   1.00767296830809     
         162         161   1.40156102538443     
         163         161   1.41023295284876     
         164         162   1.45902793869362     
         165         163   1.44976182248354     
         166         164   1.36554420145706     
         166         165   1.37279515460250     
         167         166   1.07208389525687     
         168         156  0.888913477412316     
         169         157  0.946358873272095     
         170         160  0.953283674982906     
         171         160  0.965650693756253     
         172         162  0.961230471111457     
         173         163  0.965536042466511     
         174         164  0.966494088717274     
         175         165  0.966303742727349     
         176         167  0.857787994796616     
         177         158   1.33491044153247     
         178         177  0.960094894543574     
         179         178  0.973040674316618     
         180         179   1.90094852332461     
         181         178  0.963552520967012     
         182         181   1.00336018628110     
         183         177  0.970601054306989     
         183         182   1.00341961195575     
         184         178  0.949345884781155     
         185         181  0.972944774226683     
         186         181  0.972302827327300     
         187         182  0.977030876410725     
         188         182  0.970782732502224     
         189         183  0.959110256919442     
         190         183  0.961578221681845     
         192         191   1.01721876042479     
         193         192  0.935321574755375     
         194         193   1.66362633017521     
         195         192  0.974742075229865     
         196         195   1.00653517055874     
         197         196  0.932065696340302     
         198         197   1.43655881549026     
         199         197   1.52296066807354     
         200         191  0.925576038098779     
         201         192  0.965001203104156     
         202         195  0.967164674115908     
         203         195  0.957405446331790     
         204         196  0.953938790090129     
         205         196  0.972049147127196     
         206         193   1.25992434443967     
         207         206  0.988158005358419     
         208         207  0.938921952625187     
         209         208   1.61345386953718     
         210         207  0.933019521353235     
         211         210  0.989430976583792     
         212         210   1.00546853199070     
         213         206  0.936236768502247     
         214         207  0.944201616566671     
         215         210  0.947572350164321     
         216         211  0.877360179762886     
         217         212  0.980572110368784     
         218         212  0.982022151916763     
         219         212  0.982439546021929     
         220         208   1.31563834546399     
         221         220  0.981580636245990     
         222         221  0.932421844277671     
         223         222   1.60957596908759     
         224         221  0.960947881735647     
         225         224   1.00692275954548     
         226         225   1.40885694207126     
         227         225   1.41836680356020     
         228         226   1.45005849939686     
         229         227   1.44009574267409     
         230         228   1.43442229668563     
         230         229   1.44251640866821     
         231         220  0.873987494936119     
         232         221  0.955411641976708     
         233         224  0.963012540975712     
         234         224  0.971535019187014     
         235         226  0.968961243678999     
         236         227  0.968474417738354     
         237         228  0.970196915128649     
         238         229  0.970156007392237     
         239         230  0.970232699853819     
         240         222   1.33458000327800     
         241         240  0.980617464200156     
         242         241  0.934305270783324     
         243         242   1.60020078550892     
         244         241  0.977295344809649     
         245         244  0.991186782679868     
         246         245   1.00788442586977     
         247         245   1.01032181372641     
         248         240  0.858523605858332     
         249         241  0.949318111579667     
         250         244  0.967204640137740     
         251         244  0.968312736451015     
         252         245  0.966460496409709     
         253         246  0.985819147020229     
         254         246  0.982812929965020     
         255         246  0.980288649250745     
         256         247  0.985757918494239     
         257         247  0.984245326619780     
         258         247  0.983840042357536     
         259         242   1.31434498171588     
         260         259  0.965988391736785     
         261         260  0.931826752198925     
         262         261   1.63711586542355     
         263         260  0.981462197466830     
         264         263   1.00539201428878     
         265         259  0.978233569072554     
         265         264   1.00042371466516     
         266         260  0.945241958294457     
         267         263  0.971941403920666     
         268         263  0.975133734239101     
         269         264  0.978274186059527     
         270         264  0.975662521567400     
         271         265  0.966905087918385     
         272         265  0.966091770173008     
         273         261   1.28691896890364     
         274         273  0.974278190284116     
         275         274  0.936479057506749     
         276         275   1.67378633868922     
         277         274  0.972702184056576     
         278         277   1.00175548465101     
         279         273  0.979093192716433     
         279         278  0.996680215634025     
         280         274  0.932000022591548     
         281         277  0.975880365365091     
         282         277  0.973775852282422     
         283         278  0.972926073793291     
         284         278  0.967104553384641     
         285         279  0.961670774647213     
         286         279  0.966954835584464     
         287         275   1.25722723659426     
         288         287  0.990989337445340     
         289         288  0.981377216427036     
         290         289   1.89026070681296     
         291         288  0.956134785235273     
         292         291  0.989258474673823     
         293         292   1.00715105125885     
         294         292   1.01059200492802     
         295         287  0.922667866645604     
         296         288  0.935169734091005     
         297         291  0.968223528432822     
         298         291  0.968282245986781     
         299         292  0.964515199119757     
         300         293  0.984544411490428     
         301         293  0.983521055752675     
         302         293  0.985619383432465     
         303         294  0.984375467326478     
         304         294  0.985311466289661     
         305         294  0.982531235623284     
         307         306   1.02708968234237     
         308         307  0.937637326622389     
         309         308   1.67700760394424     
         310         307  0.964747695579106     
         311         310   1.01177161800664     
         312         311  0.981050783011958     
         313         312   1.01188311522981     
         314         306  0.957867055221615     
         315         307  0.951758360146875     
         316         310  0.975811938624894     
         317         310  0.972475136407587     
         318         311  0.976111394760593     
         319         311  0.970093125445784     
         320         313  0.979684736570178     
         321         313  0.983423940603146     
         322         313  0.982082588880920     
         323         308   1.25600396773581     
         324         323  0.967877090091704     
         325         324  0.964556712620589     
         326         325   1.91327408425696     
         327         324  0.958782413000387     
         328         327   1.01133867152303     
         329         327   1.00761504676414     
         330         323  0.919295897121549     
         331         324  0.957945968579854     
         332         327  0.963369726715592     
         333         328  0.981313163819536     
         334         328  0.976243243632836     
         335         328  0.979560819505197     
         336         329  0.983245751543783     
         337         329  0.985594240678774     
         338         329  0.985430660798325     
         340         339   1.02441424887926     
         341         340  0.959245805843407     
         342         341   1.63120063996669     
         343         340  0.938087778228081     
         344         343  0.987695845200516     
         345         343   1.00147022135521     
         346         339  0.955214742408074     
         347         340  0.938137312127650     
         348         343  0.962821725242357     
         349         344  0.883375110495682     
         350         345  0.980087467011355     
         351         345  0.978602387647191     
         352         345  0.978992535353563     
         353         341   1.28837900075512     
         354         353  0.984417498749040     
         355         354  0.993906867070616     
         356         355   1.86575867759773     
         357         354  0.928464389048607     
         358         357   1.01611123807479     
         359         358   1.40568314829006     
         360         358   1.40247206043301     
         361         359   1.44902276810229     
         362         360   1.45942190384598     
         363         361   1.37357692748789     
         363         362   1.36601032860731     
         364         363   1.06634124429176     
         365         353  0.906900720665812     
         366         354  0.939084315706774     
         367         357  0.968736812592718     
         368         357  0.958876009315709     
         369         359  0.966901517449149     
         370         360  0.962671585097836     
         371         361  0.961874706647998     
         372         362  0.964703826926778     
         373         364  0.863515833387087     
         375         374   1.00118096930031     
         376         375  0.982183905199681     
         377         376   1.89456422322036     
         378         375  0.949947713913197     
         379         378   1.00443627921385     
         380         374   1.00261186193926     
         380         379  0.999529606520844     
         381         375  0.964747020937033     
         382         378  0.972450210827761     
         383         378  0.978138849038762     
         384         379  0.971809361256471     
         385         379  0.979569273802086     
         386         380  0.967098917910099     
         387         380  0.964085384145434     
         389         388   1.01479026704873     
         390         389  0.988016980517467     
         391         390   1.88414923058832     
         392         389  0.947541546645775     
         393         392  0.995659415307176     
         394         393   1.00856759768629     
         395         393   1.00758889932434     
         396         388  0.958857270047448     
         397         389  0.951482692129803     
         398         392  0.962210352387017     
         399         392  0.975069384264400     
         400         393  0.966384100764895     
         401         394  0.985491523030202     
         402         394  0.976961967400934     
         403         394  0.984997278532227     
         404         395  0.983228691536477     
         405         395  0.980466883078426     
         406         395  0.986675483502750     
         408         407   1.01177923801613     
         409         408  0.973049466274804     
         410         409   1.87363222757541     
         411         408  0.965160721029017     
         412         411   1.00428935358418     
         413         412  0.966494440559791     
         414         413   1.64239963288877     
         415         413   1.30615643736189     
         416         407  0.951763219940473     
         417         408  0.959062799234305     
         418         411  0.967858276631968     
         419         411  0.974384948688448     
         420         412  0.966370996232551     
         421         412  0.950471893831044     
         422         415  0.928112341728742     
         423         415  0.926000639749608     
         425         424   1.01948580792928     
         426         425  0.978248018447680     
         427         426   1.87728278643906     
         428         425  0.942936123758432     
         429         428  0.992371242660806     
         430         428   1.00900930939042     
         431         429   1.01659172411167     
         432         424  0.929714871841865     
         433         425  0.954572482837698     
         434         428  0.967388664631062     
         435         429  0.976195014327371     
         436         429  0.956573527411305     
         437         430  0.982518240919942     
         438         430  0.982625689167488     
         439         430  0.985102963829123     
         440         431  0.985490095413642     
         441         431  0.985686989331798     
         442         431  0.985006921713835     
         443           1  0.956922027136363     
         444         105  0.960112315174643     
         445         117  0.950507510858291     
         446         179  0.952379444412520     
         447         191  0.958215542936505     
         448         289  0.953772086729392     
         449         306  0.948631201652169     
         450         325  0.955340867487932     
         451         339  0.951191817783279     
         452         355  0.953167546028866     
         453         374  0.956529994742911     
         454         376  0.955263733215594     
         455         388  0.953202461045395     
         456         390  0.956114376714251     
         457         407  0.954311575769359     
         458         409  0.954733424812132     
         459         424  0.955755492662106     
         460         426  0.954786135348002     
