$grad                                                                           
  cycle =      1    SCF energy =  -511.21653517686   |dE/dxyz| =  0.497761
   -0.30766355152903     44.87766777053119     18.34147902406086      n 
    0.75389761759604     43.46515819028203     20.45557792014721      c 
   -0.30998689947486     40.76621977595939     20.45341047251350      c 
   -2.39969126942454     40.28662581967335     19.60977656466191      o 
   -0.09918821133773     44.92311629698525     22.81160106142883      c 
   -0.68378597938997     47.56578492658585     21.81339899582987      c 
   -1.74458681557858     47.05566359238490     19.18345381300021      c 
    2.81533084509338     43.39633948839752     20.28991432379388      h 
   -1.80855716097853     44.07281830364366     23.58896041564598      h 
    1.35410182194904     44.93186259402001     24.26251796855368      h 
   -2.03817280772798     48.58010048258687     22.97650129542604      h 
    1.03238722635209     48.69533559095113     21.68344299564195      h 
   -3.75929195181214     46.58903905904801     19.28201319572954      h 
   -1.47642530255363     48.66557190382671     17.92635660685798      h 
    1.23133458947197     39.04272655744882     21.50736412199572      n 
    0.49329285597042     36.44296544413114     21.90207886049374      c 
   -0.65600273847746     36.13197703809117     24.54896737153823      c 
    0.65355271879975     36.19330571593345     26.46252175046222      o 
    2.77552872037623     34.69399041504543     21.65895437872746      c 
    2.17341202076597     32.09135608434875     22.69751563512007      c 
    0.00644361777753     31.39127437222076     23.11971790926919      o 
    4.19899702908625     30.64150454480981     23.08412240881250      n 
    2.92169017580234     39.60427260328609     22.21137593421910      h 
   -0.94929878336042     35.98067477767280     20.49804356011065      h 
    3.36383944842981     34.52110166865447     19.69021109410484      h 
    4.36680331086033     35.45914029582450     22.72501346996657      h 
    3.99451880509756     28.90214068042153     23.83226959752579      h 
    5.95974651121630     31.35957063026481     22.89445712689922      h 
    2.70300372015230     32.31325068541305     29.53176103580112      n 
    5.27695362608741     32.94023699147616     30.22306233302618      c 
    5.57974075964640     32.92440049275738     33.10426865016838      c 
    4.18928396979870     34.14404737006273     34.47674125509475      o 
    5.93740411351009     35.59271948420459     29.26387604070515      c 
    8.52336008070339     36.32916373447340     30.16752641562867      c 
    8.86713542055832     38.03783619462408     32.13065377714832      c 
   10.63954990809696     35.21327037484566     29.08182367001183      c 
   11.26415002432266     38.66741458920590     32.96758638097941      c 
   13.03836908203501     35.84175221191478     29.87901216843672      c 
   13.36540832329039     37.58765786893412     31.82119299646399      c 
   15.76565318207362     38.24086820680844     32.47013433154706      o 
    1.75280716692172     33.61615302025639     28.48666540735330      h 
    6.56847452175099     31.53869742343048     29.40116090683867      h 
    5.86743868434558     35.57117592789230     27.20231326776967      h 
    4.51415158429143     36.90720908283171     29.96531865730587      h 
    7.23425382791392     38.87435936419491     33.02207139569830      h 
   10.41769388087462     33.85690381801365     27.57445496240712      h 
   11.53669003161625     39.97480437330206     34.50926333871566      h 
   14.66922044836167     34.97392232878639     29.02761679139425      h 
   15.73078463915853     39.52099420239638     33.86424411283281      h 
   12.51488767450060     32.16933815580057     35.89601667917477      n 
   15.18911334360815     32.03139561174643     36.43859637997295      c 
   15.78205781820632     34.15736672282554     38.32892393070708      c 
   14.22261856962637     35.77370712169302     38.86159299022033      o 
   16.81945251502304     32.30963955329449     34.07118127846234      c 
   15.88473437086091     30.83276817620622     31.65489034676207      c 
   14.17351987215021     29.25411088280702     31.88912584603503      o 
   17.01787422195731     31.44201447904243     29.67390153065157      o 
   11.92767043504477     33.49563910078071     34.66093036537511      h 
   15.49039873935626     30.18885705916388     37.33475138066213      h 
   16.93187484662512     34.28877675336994     33.50828357420347      h 
   18.73164743322493     31.63532659793431     34.44329421109290      h 
   18.12907920551991     34.17259258022538     39.31190560380467      n 
   18.80218842151305     36.03709028426505     41.20553360040452      c 
   19.02233150400303     38.67938358726904     40.03821942481051      c 
   18.65999017436993     40.60693615935046     41.26023334354920      o 
   21.29036045237469     35.34936691421699     42.56412796914214      c 
   21.65858002893019     37.05386076132599     44.86657569299180      c 
   21.30265919382099     32.58371782604566     43.40901909314849      c 
   19.36505700131559     32.79173091923867     38.88398787298608      h 
   17.25735399627716     36.13622989355212     42.58703601360346      h 
   22.84565204483654     35.66317215860712     41.23416634947617      h 
   23.52670514186494     36.76024302763879     45.66452974188649      h 
   21.46015016820640     39.03069998208162     44.35322618020283      h 
   20.24880135287749     36.61615375120239     46.29502906304024      h 
   22.92277436732637     32.26014045860550     44.62767747314010      h 
   19.59156897161454     32.15410949348050     44.46146002853562      h 
   21.43783156290579     31.28207725139210     41.82597608918418      h 
   19.86780400578816     38.74933291559051     37.64395382957310      n 
   20.41719467575005     41.15621367403430     36.44460750392034      c 
   18.04899776400067     42.81414069625744     36.35375416169622      c 
   15.97525092177997     41.95293807447433     35.69149128800433      o 
   21.42583961147537     40.72133231273015     33.78131857612325      c 
   19.77797752023585     37.19153479138541     36.55104205932810      h 
   21.85831849766182     42.07915946274789     37.60519446924081      h 
   21.77212487361985     42.52052121873113     32.85518113476758      h 
   23.19492336216413     39.68516322659065     33.87795394684949      h 
   20.07552851534097     39.64957930524074     32.66219067765687      h 
   18.28371409629356     45.24630707865263     36.91851980808850      n 
   16.07838956855402     46.88620197492992     36.72101275251321      c 
   15.33885271222728     47.14272970781096     33.93505638980028      c 
   16.91248472751834     46.90377586198621     32.24286154170721      o 
   16.95542109330246     49.40337513992949     37.85674743978984      c 
   19.80922614853102     49.37125390932331     37.42082004071755      c 
   20.50820209753534     46.59498470247946     37.79969328198268      c 
   14.49664502250153     46.03920019843635     37.74872163478831      h 
   16.04029634606748     51.01242041579792     36.95942270119468      h 
   16.53769556386456     49.42243947519589     39.87121499381890      h 
   20.22493452760990     49.94105906119247     35.48698441690409      h 
   20.80408364562000     50.60779717612961     38.72321168921734      h 
   22.17614928483511     46.04279497100840     36.72270597341995      h 
   20.80511358367894     46.15615035744355     39.80027251359970      h 
   12.89132419768000     47.60521464187634     33.48838691386701      n 
   11.97281188670125     48.13925111162184     30.95868814638785      c 
   12.96684050709209     50.71078887668001     30.04903458587771      c 
   12.53837089447117     52.64076598321704     31.25182965175034      o 
    9.07483884379310     48.20491467074757     30.99090820625966      c 
    8.06105751539664     48.34090051866553     28.33821817929213      c 
    7.45558439623804     46.14552258575889     27.03499350350014      c 
    7.77612478359331     50.66058488019686     27.13944595937475      c 
    6.58607802383647     46.26542418942946     24.57309436822739      c 
    6.91807084586363     50.78532004682136     24.67423845688305      c 
    6.32552329308330     48.58421885853523     23.38829888306236      c 
   11.80522426587265     48.22120415246113     34.93149239273812      h 
   12.65165904634678     46.66851222915361     29.68540089931302      h 
    8.39289921244915     46.48954762474110     31.90693787370985      h 
    8.49365304359450     49.88302840148498     32.04455712968468      h 
    7.65666766954423     44.33104122425821     27.94545371923200      h 
    8.23338882740351     52.38218418833795     28.14062879175874      h 
    6.13890110754192     44.54549292669908     23.57270335992896      h 
    6.70957476309545     52.59979854878874     23.76220180719784      h 
    5.67401661893030     48.68130690271914     21.45704469198091      h 
   14.26646286954961     50.64504362583532     27.88420426682734      n 
   14.86526475816440     52.93313266673629     26.50118774945091      c 
   15.80199557649170     52.25677815558439     23.87158747996843      c 
   17.34733542178286     50.57672781309613     23.51816568138246      o 
   16.94661468219553     54.53551388243705     27.76285459526360      c 
   17.49730856953301     56.90659823761135     26.21678688366163      c 
   19.12151771223125     58.82988045631439     27.74039300101445      c 
   21.41572390053193     58.98748643224013     27.17333946624993      o 
   18.03136573423431     60.07006258054249     29.40479273126741      o 
   14.61052703096123     48.97456851679530     26.99854408577572      h 
   13.15190198441256     54.08706734979504     26.37914028202951      h 
   16.30456994183764     55.08934918272944     29.64373950800531      h 
   18.65643567072402     53.39788830495097     27.95026934339545      h 
   18.47643312998748     56.42574099574876     24.46770827926355      h 
   15.71464897565704     57.83802844362587     25.74964137499030      h 
   14.87047282209368     53.70863892223940     22.02936898800224      n 
   15.78684916222591     53.63504696214649     19.45169161860810      c 
   16.79707740370401     56.24779884513556     18.74791988888563      c 
   15.67822769236153     58.16765325668000     19.42182123018665      o 
   13.64100800400985     52.87446395296729     17.63508277906726      c 
   14.64608443303100     52.70553816295886     14.93983767065123      c 
   12.48439242721806     50.37907554587664     18.50661794291765      c 
   13.59851438816551     55.06928050876563     22.47492308607517      h 
   17.30976931132680     52.23953506637833     19.37604950862779      h 
   12.19340211614536     54.35055740377052     17.72922242312529      h 
   13.19450283294486     51.97912394100231     13.68350122527941      h 
   15.22691810056237     54.55521465113599     14.26487976486367      h 
   16.27209813248589     51.45438951307167     14.85487704120166      h 
   11.19429868037036     49.65427713144742     17.08459808590415      h 
   13.96297226528593     48.99344548252130     18.84594946918165      h 
   11.44526787375557     50.62752294817052     20.26360083405701      h 
   18.91568640213300     56.29154369652998     17.37158506433175      n 
   20.05323893774271     58.65145022104692     16.58605242541979      c 
   20.42793413647442     58.73219033278188     13.72593995837992      c 
   21.15077305268182     56.88621213050614     12.51698043884199      o 
   22.61658362020318     59.05797863555210     17.89076517970557      c 
   22.24517776387444     59.47711908406647     20.72276467454403      c 
   24.71885709676943     59.81917173236053     22.18264525161191      c 
   26.33710637471459     57.61201100837175     22.05502613434296      n 
   25.79555154202960     55.41628770253658     23.15341725814144      c 
   23.92748406989371     55.17549056491959     24.78485834160750      n 
   27.25620051625045     53.40291428150182     22.64553883456746      n 
   19.74742998952752     54.65533428174900     16.81220528183694      h 
   18.76027816671488     60.16422200001565     17.14624554955366      h 
   23.78707195203362     57.39554403736094     17.54194890063870      h 
   23.54385566681380     60.68637189304015     17.02676126502488      h 
   21.08338294260793     61.15195537351700     21.02416360181464      h 
   21.22533926646810     57.86781190333085     21.50216364947353      h 
   25.78392441277617     61.39424874020474     21.39828661004821      h 
   24.25055707023390     60.22515626011594     24.15080510130008      h 
   27.78546412765356     57.69296840211917     20.80783787723607      h 
   22.96820095236141     56.70390171678957     25.55564822513348      h 
   23.69241792948548     53.44798818339247     25.58545973630840      h 
   28.51445739656311     53.42506307035945     21.22277015645004      h 
   26.82858255001359     51.72903225754637     23.44796533528293      h 
   21.35137824970030     46.95130726743625     15.61192740349425      n 
   19.61815433565683     46.00821482710727     17.51625544321387      c 
   21.10362093374912     45.09433561128458     19.83421236127947      c 
   22.75784832609776     43.49192663494271     19.65370795638497      o 
   18.14290907247224     43.74666105607033     16.44550728918321      c 
   17.16474673080245     44.26174486295953     13.82721503187798      c 
   15.24421601449768     46.00095391797448     13.42132829498380      c 
   18.21134392566302     43.00924845391127     11.77030604735359      c 
   14.35730238540485     46.45147496568541     11.00311655247620      c 
   17.33420060699509     43.47306851356387      9.35061299950795      c 
   15.39464907694635     45.18276451316144      8.96467475114105      c 
   22.22830430260741     45.64204984639741     14.53994454750380      h 
   18.36839137758868     47.57938575043833     18.00941274290584      h 
   19.42655832546546     42.12898230282987     16.38162923686479      h 
   16.59629345202778     43.29400468266532     17.73392307258252      h 
   14.45173126297982     47.01078511990482     15.00162069341377      h 
   19.71837023363400     41.66477622224357     12.08480235337399      h 
   12.86472506774006     47.80746493169416     10.70364860443928      h 
   18.19280954570875     42.54387556354935      7.75269578288379      h 
   14.71167088888136     45.52151320164438      7.07483959684889      h 
   20.43298786875309     46.06864782851780     22.08589214661265      n 
   21.93609193354227     45.46626170519875     24.30662323244956      c 
   22.39441338106630     42.62305871306715     24.52790837516336      c 
   24.46022266376299     41.75222676159591     25.04417481091308      o 
   20.71372695757940     46.48277753979829     26.71962845153248      c 
   21.97641351841158     48.90187517562641     27.62330212488723      c 
   23.57410516619705     50.02614496870104     26.39159254008761      o 
   21.22715615614322     49.66278372940667     29.91386359912745      n 
   19.22074898683288     47.54389053547010     22.24894920409089      h 
   23.81781435052595     46.32707603138503     24.08973544743779      h 
   18.71948415602742     46.87822179150329     26.37136269517704      h 
   20.82706452484372     45.07921228984783     28.22291088660915      h 
   21.89755022768741     51.29523348981399     30.63522932107854      h 
   19.80131865379098     48.76984426806246     30.82212101234283      h 
   20.29210614322316     41.17192392847721     24.39634158070209      n 
   20.51207696339786     38.48431037834090     23.98421396433399      c 
   19.02857953325508     37.82204043934163     21.59924866669441      c 
   17.15431565880212     39.01615125827591     20.95278182664160      o 
   19.50692893322740     36.90477247472804     26.24490637144914      c 
   18.21780705334920     34.74128100969418     25.34480558329359      o 
   18.69281542237851     41.94586944552380     23.68450124085075      h 
   22.51886379376922     38.08126850310990     23.68494313285495      h 
   21.09591727562141     36.35442677374308     27.44617357499451      h 
   18.22722174701914     38.08666583008499     27.36978898942105      h 
   17.95328375958559     33.56839871804015     26.74565899449270      h 
   19.89565129820582     35.81689984845532     20.34749526009489      n 
   18.83300723409770     35.02805613453609     17.95872220208404      c 
   16.13906733936375     34.00413726829456     18.21606666507174      c 
   14.79788796744592     33.74093902882372     16.35871448727785      o 
   20.57450395279646     33.08046183522701     16.72064633502959      c 
   22.99549955907024     34.33948059918524     15.75484059802570      c 
   22.28235712263978     36.12659105873144     13.55715521165819      c 
   21.66823245031353     35.01030142583981     11.54138136264586      o 
   22.26357641615212     38.43649218392340     13.89912314542768      o 
   21.44422969138923     34.89809036881139     20.97201750751724      h 
   18.69581038686356     36.68773841321148     16.71726152197092      h 
   21.01324157806781     31.59300031637792     18.08312335473373      h 
   19.59236816147391     32.23315687828309     15.11757210334397      h 
   23.93330835644752     35.42970191047137     17.23114749620949      h 
   24.28550409875889     32.90532430928722     15.03179001002424      h 
   15.38917994095211     33.45188964979334     20.57250154267778      n 
   12.95003713179210     32.35671629257085     21.10810748613801      c 
   11.09706660977836     34.25908796912400     22.23134171940798      c 
    8.98723638389148     33.61497779798777     22.93793922966380      o 
   13.24614063933889     30.02005141509671     22.80043877773584      c 
   14.83465167702029     28.05622489995130     21.53607611105587      c 
   16.60058546922443     26.69555803890742     22.83431111760169      n 
   14.84596208480312     27.32521182656262     19.04962285114066      c 
   17.64557023727739     25.18932429749533     21.18454368522941      c 
   16.65211014150533     25.49173738663676     18.85184251587077      n 
   16.58312639719250     33.65980298888883     22.05860913505618      h 
   12.13666075806054     31.79267057450655     19.28179404742373      h 
   14.14228078394752     30.53790391465423     24.58695266667355      h 
   11.36883830438972     29.27334955322910     23.22511154239697      h 
   13.78126720826968     27.96743008306895     17.45550487335756      h 
   19.11253930072505     23.86483455033574     21.61658679040744      h 
   17.14937264178737     24.58427447165814     17.25412129519700      h 
   11.86609838053132     36.66720590072219     22.28450643589636      n 
   10.23691600674602     38.66345977716428     23.19470965248960      c 
    8.12335641066663     39.31049212961268     21.33513361723064      c 
    6.32900152039791     40.60133638263292     22.01251457573971      o 
   11.75831152684074     41.07142092009018     23.70483371658866      c 
   13.30071532760119     40.77420096490919     26.11037708914401      c 
   14.66213343672402     43.14821529009013     26.94901871898275      c 
   14.48237666713041     45.19910462233393     25.88814423904006      o 
   16.08478538949312     42.81967054744567     29.01496955916057      n 
   13.63236050146977     37.13993290320148     21.71328047070655      h 
    9.33443309714405     38.03192727858337     24.95354592769160      h 
   13.01711448579631     41.43754275060875     22.11108004338660      h 
   10.47091077855462     42.66809664081182     23.91115577094148      h 
   12.05232273869818     40.22217935063952     27.66121230606168      h 
   14.67739015807293     39.26083525830267     25.86928458471553      h 
   16.07710508081923     41.16145350274500     29.95636512479769      h 
   16.74826358052498     44.35675204051663     29.95818010036939      h 
    8.44167518422844     38.47297928958626     18.98367256314075      n 
    7.08057448386954     39.37834888955735     16.79464394086019      c 
    6.00766232585278     37.15877549613526     15.30122568513243      c 
    7.15143515615165     35.16383164367267     15.03592691813703      o 
    8.98414126884439     40.89496981616331     15.16862470507519      c 
    8.06442919504893     41.27852355938349     12.47454338117250      c 
    9.49780188929509     43.43734703584958     16.42212777132562      c 
    9.91521014565138     37.32689554838392     18.57984573033240      h 
    5.53758086789293     40.59559922850804     17.42762468345673      h 
   10.74001981585528     39.79759302412202     15.10400910689171      h 
    9.47195819261017     42.35034507756437     11.43133671938208      h 
    7.79740813333513     39.47584865589273     11.52874102337655      h 
    6.28522404666444     42.30419903342030     12.46075454754046      h 
   10.88239751798858     44.48166663548619     15.32625869826681      h 
    7.76127262101172     44.52924363322037     16.52994843750466      h 
   10.22087940589133     43.19513306750937     18.32965847606528      h 
   31.52963037584042     42.45853086846552     34.23086371908725      n 
   30.10045035892132     44.58745513913428     33.26964449190429      c 
   28.45035377635086     45.65807965368731     35.40778540408180      c 
   26.92664910865596     44.34169625013743     36.54817989571207      o 
   28.42272249869543     43.73698437249553     31.07148445929064      c 
   26.75978314241999     45.91708010620108     30.19528187624691      c 
   29.98672513516549     42.78309703784324     28.84485827735682      c 
   31.42603387020070     40.78488405737616     33.30777930669205      h 
   31.42048429613170     46.06459014735440     32.64981391093790      h 
   27.22321199195143     42.21259766169847     31.79451489166409      h 
   25.71364696944839     45.32123607390083     28.53652078946099      h 
   25.45058159112884     46.49175751902114     31.66947387346161      h 
   27.92795963945995     47.52995689478418     29.69216325886717      h 
   28.72663412445198     41.97730584587100     27.43855295236988      h 
   30.99323969060953     44.34965308240947     27.98179128105392      h 
   31.35268387175216     41.36588507431329     29.41856028110505      h 
   28.72936414784717     48.14292749106415     35.78420788980993      n 
   27.38000198912554     49.55652905115387     37.67478057730599      c 
   28.83247686871503     49.98038785283404     40.13099481353375      c 
   28.10895103145589     51.55506076678352     41.67261764970778      o 
   30.14871074448664     49.07004743344415     34.90121210953018      h 
   26.87888912346687     51.41823198600787     36.91418599393330      h 
   25.65543405474377     48.52611853275782     38.15771764021002      h 
    0.94791045688547     45.39985435844314     17.32000114895338      h 
   -2.51725408533239     35.87141842054967     24.74624077175954      h 
    2.69487860438296     30.88422105326295     28.60960580751335      h 
    6.94669977938961     31.89422350745004     33.90503239878448      h 
   11.99117915856777     30.68922990266060     35.24212760446282      h 
   20.08225056893034     60.32663065378132     12.77235351912136      h 
   20.51056711752883     47.95435268968285     14.52588021601684      h 
    4.30592747220468     37.29910589147387     14.49161464836943      h 
   33.18635802358552     42.84295899657518     34.23638533579467      h 
   30.38784894025870     48.97081462155045     40.49519774149026      h 
   0.9090609689123D-01   0.4139158492897D-01  -0.6013800634345D-01
   0.5375230525995D-02  -0.1004667780331D-02   0.4899064066024D-02
   0.3354118273645D-02  -0.8716356677168D-02  -0.1192097964866D-02
  -0.1185303618623D-03   0.4615570092428D-02  -0.1169074813328D-02
  -0.8343416547283D-04  -0.1537536764125D-02  -0.7513649973494D-02
   0.4520459624545D-02  -0.6898358861483D-02  -0.6334754298305D-02
  -0.8101608593275D-03   0.2259622120892D-02  -0.8021761013975D-02
  -0.2329063632274D-03   0.1885638709833D-02  -0.3359764240068D-02
   0.2686124502201D-03   0.7041531390257D-03   0.5433365302704D-03
  -0.3363168149752D-03   0.2221297936280D-03  -0.1200894108229D-02
  -0.5590843048141D-03   0.2113658455013D-03  -0.3508756690044D-02
  -0.1612855147953D-02   0.9672326717828D-03  -0.6156534852722D-03
  -0.1159981126239D-02   0.1247110898352D-02   0.4337983811310D-03
   0.1451070415394D-02   0.2122841126683D-02   0.1828339911360D-02
   0.8240719789511D-03  -0.9230712794180D-03  -0.1009940489359D-02
   0.4643954735198D-02   0.1907892888472D-02  -0.2023578627124D-02
  -0.8779664188434D-01  -0.6474165975629D-02  -0.1328191894809D-01
   0.1002053971878D-01  -0.4179012536744D-02   0.2114689202412D-01
  -0.3111222788943D-02  -0.1053689816963D-02  -0.3769318939651D-03
   0.4694223648982D-02   0.1549422619373D-02   0.8165052230718D-04
  -0.2021400318912D-02  -0.2509803727163D-02  -0.9113133808719D-03
  -0.3462057745406D-02   0.1208935165882D-02  -0.5358619235500D-03
  -0.7696008677560D-03  -0.1972167426237D-03  -0.1476062217102D-03
   0.1473580788788D-02   0.1659744721386D-03   0.9064322888488D-04
   0.1869951999855D-03   0.8859198673908D-04   0.5038163520662D-05
  -0.2816284038247D-03  -0.3608198127362D-03  -0.1053711847394D-03
   0.6918376238600D-03   0.3285870348524D-04   0.8375522333432D-03
  -0.2395446771857D-03  -0.8274788579512D-04   0.1658960961405D-03
   0.9617508962803D-02  -0.9762524791532D-01  -0.6822012916396D-01
   0.4731665267622D-03  -0.1677472730638D-02   0.1239034336145D-02
   0.7161291471787D-01  -0.5440467336493D-01   0.2092532594642D-01
  -0.7212292495753D-02   0.6399024541603D-02   0.9194492572713D-02
  -0.6623842679364D-02  -0.4291028259796D-02  -0.2302724155336D-02
  -0.2174049369696D-03  -0.1024635861246D-02   0.5886114574343D-03
  -0.4275448422712D-03   0.2059938978381D-03   0.1925429549597D-04
  -0.1174740266316D-03  -0.9521825599291D-03  -0.1609600604957D-03
   0.4245406134625D-03   0.2972487055201D-03   0.8417503386488D-03
   0.7615366532898D-03  -0.8501914378305D-03   0.3450028469775D-03
   0.2207025703700D-02   0.5099998056253D-03   0.2390158366773D-03
  -0.1889905605557D-02  -0.1803075840306D-02  -0.2044639241335D-03
  -0.6947737373334D-02  -0.6988434780573D-02  -0.8335239017824D-02
  -0.3875054541227D-02  -0.1832543404023D-02  -0.2823418393206D-02
  -0.2287556074293D-03   0.4195930764430D-03   0.1943229538929D-04
   0.1479341702379D-03   0.9373857681402D-03  -0.3273109922970D-03
  -0.2576788580432D-04  -0.6068305755814D-04  -0.2303352030216D-03
   0.5203742902587D-05   0.4012616316701D-03  -0.5412824350662D-04
  -0.2195948936263D-03  -0.1647633307077D-04  -0.1473006613548D-04
  -0.1913330761392D-03  -0.1088288444992D-03   0.1821384718915D-03
   0.3629026704205D-03   0.1254137482573D-02   0.2683426872148D-03
  -0.2293641748935D-01  -0.1039346324594D+00  -0.5859324957076D-01
   0.4111266193956D-02  -0.8897183996189D-02   0.3616949232602D-02
   0.6243500349329D-02   0.3855401884837D-03   0.5373276311409D-02
  -0.3829901666325D-02  -0.5791347801441D-03  -0.1204529736982D-02
  -0.7289482553281D-02   0.2012431941395D-02   0.1623997023088D-02
  -0.2112949483883D-02  -0.4167620099906D-02  -0.4235886678116D-02
  -0.6745162336012D-03   0.2997795465379D-02   0.1869815445724D-02
  -0.1039683673358D-02   0.3796940575301D-03   0.2005752362454D-02
  -0.1039961974467D-01  -0.1176344642405D-01  -0.2224020453139D-03
  -0.1833575088210D-02  -0.8492276092076D-03   0.2286456430590D-03
  -0.9995507689626D-04  -0.7863220982135D-04  -0.1005801297369D-03
  -0.2831051460568D-02  -0.2269712101922D-04   0.1369419905759D-02
   0.2735548729485D-03  -0.5756662553805D-03  -0.3841092495562D-03
  -0.4322490786862D-03  -0.3227476689366D-03   0.5529675153228D-04
  -0.3192140604895D-03  -0.5124989279292D-03  -0.4832804210813D-03
  -0.8342523131629D-03   0.8280039418925D-03   0.5585616831314D-03
  -0.1387975647721D-03  -0.1569411184869D-03   0.4196780436188D-03
   0.5420362027508D-06   0.2260013374946D-03   0.5649636840601D-03
   0.1474822588143D-03  -0.3408003601402D-03  -0.1738751006463D-03
   0.6855128047591D-05  -0.2541067763164D-04   0.1742382588921D-03
  -0.4935165101953D-04   0.6490542710728D-04   0.6895723637369D-04
  -0.8974068622234D-04   0.2449568890106D-04  -0.2784431734712D-04
   0.6290998858175D-04  -0.5104624118477D-04   0.1646306344529D-04
  -0.2607751917529D-04  -0.1070876714735D-04   0.2535422620919D-04
   0.1944681628577D-04  -0.4347421406860D-04   0.2778897304619D-04
  -0.1302783599178D-05   0.2919533204780D-04  -0.1326584749638D-04
   0.1806977145422D-04  -0.7674391275456D-04  -0.2854864455312D-04
   0.6259401806434D-04  -0.5284135608363D-05  -0.2526108408891D-04
  -0.7037149103864D-04  -0.3110336325237D-03  -0.7916350967777D-03
  -0.1707589823870D-03  -0.1861850744961D-03  -0.2088631170607D-03
   0.1050453405560D-03   0.1278642924653D-03   0.7232037234645D-04
   0.1325500161678D-03  -0.3866945337533D-04  -0.2513430322327D-03
  -0.1203864162365D-03  -0.6670360206150D-03   0.1197291671547D-03
  -0.8253406501423D-05  -0.2035787889476D-04  -0.1965221630623D-05
   0.2962579998463D-05  -0.5480752246736D-04  -0.5123878057897D-04
   0.1707512842438D-04  -0.4461844313537D-04   0.1094598666469D-05
  -0.1047929540167D-04  -0.7902979659606D-04  -0.1538944887054D-04
  -0.2964924827196D-04  -0.3742987878944D-04   0.2891098151537D-05
   0.2544890177831D-03   0.1697599266474D-03   0.2639408416973D-03
   0.4677574019957D-03   0.2766193518370D-03   0.2389470986132D-03
   0.8566020864107D-04  -0.9952846062983D-04  -0.2621593197407D-03
  -0.2675310524484D-03  -0.4762809684980D-03  -0.5152366656991D-03
   0.2339194111117D-04  -0.3849502574085D-03  -0.7863672729928D-04
  -0.1173698706409D-03   0.3222481627393D-04   0.3065530763046D-03
  -0.1488666571517D-03  -0.1798974583048D-03   0.1111374105705D-03
   0.1072622467402D-04   0.7171254395200D-04   0.3930026979234D-04
  -0.4372628982378D-05   0.3462622821683D-04  -0.2830593112973D-04
   0.6284414836986D-04  -0.4453069566132D-04  -0.3797948881245D-04
   0.4773685405828D-04   0.6266991939248D-04   0.1879762472173D-04
  -0.2112940505388D-04  -0.4410083701916D-04   0.1675104922699D-04
  -0.4271877263196D-05  -0.5809373038439D-04  -0.1819269363780D-04
  -0.4466186340565D-04   0.7569766729168D-05   0.1592265038950D-04
  -0.6740457876103D-02  -0.3833961062542D-02  -0.1840161938337D-02
   0.8687985768546D-04   0.1104277361978D-02  -0.5245671701567D-03
   0.7834858829468D-03  -0.2552193947657D-02  -0.2921431662093D-02
  -0.6256027697784D-03   0.2919679132977D-02   0.2563293674211D-02
  -0.3785421633089D-03  -0.8502334256450D-03   0.2303988110171D-02
  -0.1723554992792D-03  -0.6485614637464D-03  -0.2515304529250D-03
  -0.2048368425698D-03  -0.1279151670701D-02   0.2577976055121D-03
  -0.4294017862630D-03  -0.1064952719113D-03  -0.1681097760112D-03
  -0.2731553365119D-03  -0.9446858742789D-03   0.2188455095407D-02
   0.2336275296478D-03   0.7273463307087D-03   0.5182752597355D-03
  -0.4910527383741D-03  -0.7252116538209D-03   0.8696028626496D-03
   0.1512031961151D-02   0.2167316147215D-02  -0.2988222366098D-03
   0.3466977086331D-03   0.1053555558808D-02  -0.4325938679319D-03
   0.4558679380680D-03  -0.1035999105001D-02  -0.1188820759233D-02
   0.7540752898946D-03   0.1588219784861D-02  -0.1131966592552D-02
  -0.3284943005829D-03   0.6485154005591D-03  -0.7479461238969D-03
  -0.1504727199816D-03   0.7049083401326D-03  -0.6613269183344D-03
   0.1034482906030D-03   0.3643833222412D-03  -0.4339402572378D-03
   0.1918262905536D-03   0.5788422473796D-03  -0.1347251813021D-03
  -0.2881689126240D-03   0.4874460983606D-03  -0.3766106339800D-03
   0.2166949719137D-03  -0.6092706686420D-04   0.1394209830384D-02
  -0.1183173570993D-02   0.7389449609241D-04  -0.6200788140309D-04
  -0.4016320954455D-03   0.8027881694466D-03   0.1860306466252D-05
  -0.8527985360879D-03   0.2777017476014D-02   0.4617788342074D-03
  -0.7737286200675D-03  -0.9571677302565D-03  -0.1000559969484D-02
   0.1097751353529D-02   0.3905388993435D-03   0.8774955521115D-03
   0.1756339964078D-03  -0.1069553320247D-02  -0.2763996721552D-02
   0.1166749336939D-02   0.1286890472409D-02   0.1474641963977D-04
  -0.7245224547744D-03   0.7179570125875D-03   0.9515572217714D-03
   0.7986875037807D-03  -0.2947351807521D-03  -0.4821826498432D-03
   0.1429828185683D-02  -0.5882893271646D-03  -0.1374412928518D-02
   0.3426640736910D-03   0.2619258915356D-03   0.2890831093928D-03
   0.7056584350697D-03   0.2362694427639D-03   0.4856251091209D-03
  -0.1456584655192D-03   0.1963046025773D-03  -0.2949026509512D-03
  -0.1046676736875D-02  -0.1642156686715D-02  -0.4883991261050D-03
   0.7105311214930D-03  -0.7597876372471D-03  -0.4159664391190D-03
  -0.3819154460228D-04   0.5968297501070D-03   0.7777233886983D-03
   0.8991617850774D-02  -0.1021714415809D-01  -0.5642947115638D-02
  -0.3633418019119D-02   0.7029024104641D-02   0.2186752705714D-02
   0.1297450559200D-02  -0.9683383337158D-03   0.9880998059804D-04
  -0.7051094081154D-03  -0.4186763140190D-03   0.3059506727949D-03
   0.4111151170260D-03  -0.8074994283530D-03  -0.4780278136728D-03
  -0.3734698469666D-02  -0.5033332857967D-04   0.4123497487138D-02
   0.5648869493575D-03   0.1442451605349D-02  -0.1480422138401D-02
  -0.1019494484824D-03   0.4825433165490D-04   0.6737028526348D-03
  -0.4134737188903D-03  -0.3974002180802D-03  -0.2922439984160D-03
   0.5272453442856D-03  -0.4303517139539D-03   0.8116497919238D-03
   0.2291083960634D-03   0.1706340238269D-02   0.8974982505836D-03
   0.2906036962670D-03  -0.1141791038371D-03  -0.3703016069900D-03
   0.5609804648187D-03   0.1473544864863D-02  -0.4364558089121D-04
  -0.2364120447518D-03   0.9526321625888D-03   0.3736491240977D-03
  -0.3112523007250D-02   0.3226857624084D-02   0.9517601775160D-03
   0.1176382042362D-02  -0.4522689371634D-02   0.7358476081221D-02
  -0.2302274837643D-01   0.9183313369915D-01  -0.1995089652279D-01
   0.8980569983508D-02  -0.1757184678187D-01  -0.1712651725693D-01
  -0.4382744674838D-02  -0.6803905602308D-03   0.2168116102957D-02
   0.1007784408641D-03   0.1981708003000D-03   0.1742248462009D-02
  -0.7357640777522D-03  -0.1519924378021D-02   0.1130911898063D-02
  -0.1114413327955D-02  -0.3288817629268D-02   0.4655632897387D-02
  -0.3128956382096D-02   0.6081861426737D-02  -0.3219855895439D-02
   0.2107692348334D-03  -0.1427454465678D-02   0.4891973114621D-03
   0.1765586912272D-02  -0.2197205789239D-02  -0.4647162457579D-03
   0.5644017298549D-03  -0.4811201477024D-02  -0.2356694248504D-03
   0.1375133806390D-02   0.6885516384960D-03  -0.4352834444197D-03
   0.4714895945780D-03   0.2104545728262D-03  -0.4699393564177D-03
   0.5661290469565D-03  -0.4238098614337D-03  -0.1497066444760D-02
  -0.1400703580988D-03   0.6494184955483D-03  -0.7488162955356D-03
   0.6023125696838D-03  -0.5331051475242D-03  -0.9890309184736D-03
   0.3174254145562D-03  -0.1022924776084D-02  -0.6965145119220D-03
  -0.8667316895768D-05  -0.7487198688160D-03   0.8227507281107D-04
   0.2496259580247D-02   0.2309211320367D-02  -0.1847379867330D-02
  -0.1050311126327D-02   0.2387563684422D-02   0.2630379567379D-03
   0.6566783231388D-03  -0.3529168841362D-03  -0.1490981263310D-03
  -0.3853461445298D-03   0.1338894412946D-03   0.1525216837815D-03
   0.1023549214790D-02  -0.5869826333696D-03  -0.1326097152620D-03
  -0.7321350981678D-01   0.5764148767213D-01  -0.8261749935339D-01
  -0.6600462013921D-02   0.6283833375710D-02   0.4761761292747D-02
   0.5016170629502D-02  -0.2204601517812D-02   0.2707180664632D-02
  -0.2917201705409D-02   0.3842105731708D-02  -0.1488229144902D-02
   0.7421974809545D-02   0.2885656019652D-02  -0.3528333395098D-02
   0.5214499432187D-03   0.2695414892162D-02  -0.1753073501130D-02
   0.7588666129040D-03  -0.7855568686739D-03   0.1687000247152D-02
  -0.7789769952308D-03  -0.3554200870564D-03   0.1560706661264D-03
   0.3394643495911D-03  -0.5108703269570D-03   0.4559833457532D-03
  -0.3600698969494D-03  -0.2075374287571D-02   0.2093084077820D-03
   0.7303799089646D-03  -0.1069000637021D-02  -0.1322010277943D-03
  -0.1800054176759D-02   0.1169125832935D-01  -0.8789639516348D-02
   0.3101296346082D-03   0.2195722762357D-02  -0.2764919772065D-02
  -0.5131970150226D-04   0.6052504901568D-03  -0.2326435206880D-03
   0.1753707096946D-02   0.2669007282349D-02  -0.2167784922085D-03
  -0.1681991488244D-05   0.4645484687573D-03  -0.7017295726680D-03
  -0.7793248375102D-04   0.1042202189491D-02   0.3660344046557D-03
   0.5798712396078D-03   0.1021163872651D-03  -0.4466532507537D-04
  -0.5417950837194D-03   0.2821729264968D-02  -0.3656741037059D-03
   0.4876147338978D-03  -0.6350109597189D-03   0.2598704774364D-03
  -0.6218939329178D-03  -0.7972217475468D-04   0.1039123085767D-02
  -0.4183068455391D-03  -0.1434050211587D-03   0.4532071531254D-03
  -0.1155140666099D-03  -0.2357257516269D-03   0.1090241514460D-03
  -0.5723283815894D-03  -0.8821233012845D-03  -0.3006510620998D-04
  -0.8687958215421D-04  -0.4648859835639D-03  -0.5433448691297D-03
   0.3705862728972D-03  -0.3326395657280D-03  -0.1127865321210D-03
   0.7427242844041D-03  -0.8548382469607D-03  -0.5141696115776D-03
   0.7631719998721D-03   0.5001025944310D-03   0.8599191890194D-03
  -0.5054264235187D-05  -0.1351718239349D-03  -0.1442849744494D-03
  -0.8647423423905D-04   0.2961755640898D-03  -0.1205392347418D-03
  -0.2102963677087D-03  -0.9156580367906D-04   0.2134735691379D-03
  -0.1600859941248D-03   0.1150173379096D-03  -0.1674880892079D-03
  -0.2900800470055D-03  -0.5893905799588D-04   0.4785041129814D-03
   0.2297543858911D-03   0.4095471398184D-03   0.2053270068490D-03
   0.5455272158688D-04  -0.4157816293813D-03   0.2669521232891D-03
   0.3091203811872D-03  -0.2749487862196D-03  -0.2009448047730D-03
   0.9959334384601D-03   0.7295398231289D-03  -0.2066511883817D-03
   0.9577748413502D-03  -0.1791207431914D-03  -0.1200513472793D-02
  -0.2556788520419D-03   0.4959631757904D-03   0.2730028999756D-03
  -0.1234305619854D-02   0.3112336506062D-03  -0.5422941240584D-03
   0.2543408352403D-03  -0.4413506226769D-03  -0.3393786949303D-04
   0.1173347691593D-03   0.4878197964517D-03   0.1096786353080D-04
   0.6756379736115D-04   0.1865109551587D-03  -0.3854047862929D-03
  -0.2670450321116D-03  -0.1125318583839D-03  -0.4478272141097D-04
   0.1957680488895D-03  -0.2578043440502D-03   0.2067816356371D-03
  -0.5533779434874D-03  -0.2990954984470D-03   0.4062127250886D-03
  -0.1398937905522D-03   0.1113560092543D-02  -0.6879197110291D-03
  -0.3784545329481D-02  -0.4579919176979D-03  -0.1270344573043D-02
   0.2603611457360D-02   0.8190010081452D-03   0.4763009038154D-03
  -0.1559673421506D-02  -0.1423841187745D-02  -0.5287943477192D-03
  -0.3611188082585D-03   0.1122630644383D-02  -0.6143556277463D-02
   0.8899798385500D-02   0.1797363252818D-01   0.2177697227140D-01
  -0.4121472183829D-02  -0.6872044049574D-02  -0.7170759344269D-02
  -0.2453617926841D-02  -0.1070328905508D-01  -0.5703813337310D-02
   0.4738604866807D-03  -0.2193372245350D-05  -0.2224813650878D-03
  -0.2606406953194D-03   0.3579561349673D-03   0.7326608194858D-03
   0.4841318585912D-03   0.4239899011046D-03  -0.1198031655649D-02
   0.1202465072120D-03  -0.9043440862117D-03   0.7927773438865D-03
   0.2320497260620D-03  -0.1690592003625D-03  -0.1389445101336D-02
   0.3702811573695D-03   0.1330060394828D-04   0.4153842898977D-03
  -0.4934173509349D-03   0.5308182254082D-03  -0.1212523034502D-03
  -0.4681069573688D-03   0.5490621862926D-03   0.7536968808655D-04
   0.4059611389362D-03   0.5827727425403D-03  -0.1468236511736D-02
   0.3324995581483D-04   0.2039045570352D-03   0.3568670401095D-03
  -0.1275578271187D-03   0.1397584522326D-04   0.8643333131833D-03
  -0.2599097053751D-04  -0.1517780842564D-03   0.2716557392869D-03
   0.2022209863649D-03  -0.2144434243202D-03   0.4830777709581D-03
  -0.3884834963612D-03  -0.1491752866698D-03  -0.2809014652514D-03
   0.3769322367787D-03   0.1793525214063D-04   0.5713766754313D-03
   0.2355447221671D-03  -0.7599301176898D-05  -0.2102579419072D-03
   0.3140652523374D-04   0.2410773951454D-03   0.1773021437949D-03
  -0.9876876376257D-04   0.2039923725363D-03   0.2644357546933D-04
   0.4478085483956D-04  -0.7328028720694D-04  -0.5837100763529D-04
  -0.6088952834754D-04  -0.5253354834808D-04  -0.1270346672133D-04
  -0.4959142649348D-04   0.3395336821690D-04   0.2626431661280D-04
   0.1279194267990D-04   0.9239377002126D-05  -0.2071894961788D-05
   0.3088535230014D-04   0.5585487741405D-04   0.5451344394906D-04
  -0.3201922136687D-03   0.3712419128897D-05  -0.1047714393213D-02
   0.1330363219421D-03   0.1167189404624D-03  -0.4732270122180D-03
   0.1104284677924D-03  -0.2960862716925D-03   0.4285851820513D-03
  -0.5370420478168D-03  -0.2685993744410D-03   0.8627369987478D-03
  -0.1653834656520D-03  -0.1534217149136D-03   0.7843659328746D-04
   0.1261201786634D-03  -0.1623477523938D-03  -0.2718576248534D-03
   0.4528313881073D-04   0.5230234384134D-04  -0.1613906452907D-03
   0.1993671496929D-03   0.2912876129606D-03  -0.3586261007088D-04
  -0.1312595719183D-03   0.3108018991706D-03  -0.2602520674132D-04
   0.6949897587410D-04  -0.6737679057091D-04   0.1118349278564D-03
   0.7740996689988D-04   0.1402991588820D-04   0.1727430602186D-04
   0.8238446760635D-04   0.7970489239238D-05   0.8137440480814D-04
   0.3530195711514D-05  -0.9031155762126D-04   0.6923236670235D-04
   0.2380860740210D-04  -0.1283770867672D-03   0.3555088169827D-04
   0.2736258468904D-04  -0.6383849607521D-04   0.5483402400590D-04
  -0.3346503490613D-04   0.5749526791534D-05   0.2576755876147D-04
  -0.7982670599355D-04   0.1128508657465D-04  -0.5595745005604D-05
   0.4459676099395D-04   0.5960922658862D-03   0.1020158358714D-02
   0.4630215145305D-02   0.4796583350030D-02   0.3164786235263D-02
  -0.8111165131389D-01   0.2961647364912D-01  -0.2839497393207D-01
   0.6259489464261D-02  -0.1763897376453D-01  -0.7336555058857D-02
  -0.1457685307937D-02  -0.2086413738023D-02   0.1263281538862D-02
   0.3116841167682D-02  -0.8923272278861D-03   0.2264135657823D-02
   0.1025145903291D-02  -0.5013537639235D-03  -0.9969848222663D-03
  -0.6674370382394D-03  -0.4761277042167D-03  -0.5016223459217D-03
   0.3005601660686D-03   0.4025782821902D-03  -0.9930843165429D-03
   0.1027451133611D-04   0.4066533209686D-03   0.5571591809060D-04
   0.4895449288645D-03  -0.1678169143325D-03   0.3830185314761D-03
  -0.2170129511243D-03   0.6521821532125D-03   0.5691794010470D-03
  -0.1753971010677D-04  -0.4463938843623D-03   0.5742665033882D-03
  -0.1316032965456D-03   0.7186330394094D-03   0.3612147852846D-04
  -0.1402506430063D-03  -0.5951899885562D-03   0.6672862511778D-03
  -0.6404253172045D-03   0.9183275368421D-04  -0.2557565898598D-03
   0.1084044813283D+00   0.3524045822113D-01  -0.9876964360150D-02
  -0.1230776487663D-02   0.6474939905494D-02   0.2577445134670D-02
   0.5500049690324D-02   0.1618854726175D-01   0.4545118829393D-02
  -0.8042796175849D-03  -0.7556074287047D-02   0.2972672745041D-03
   0.4731144071989D-02  -0.4531717251068D-02   0.1492749046405D-02
  -0.2851631348314D-03  -0.2739560721162D-03   0.4024870853239D-03
   0.1268214048015D-02  -0.2134856762901D-02  -0.3807887991422D-03
   0.1516331023221D-01  -0.3674986474785D-02   0.2853220714290D-02
   0.2274123702416D-02  -0.8526008492545D-03   0.3012246402359D-02
  -0.2700761177420D-03   0.6888069431539D-04   0.1098102052701D-02
   0.1509726201372D-02  -0.7141505949060D-03   0.3145855423682D-03
   0.1065112524849D-02   0.6988960573886D-03   0.8460182954215D-03
   0.7566286835198D-03  -0.3785348795490D-03   0.1058229738248D-02
  -0.3727609811147D-03   0.9694871182249D-03   0.6503010674788D-03
  -0.1120938271394D-02  -0.7499947738080D-03   0.5685966347880D-03
   0.7660759416516D-04   0.2002154807543D-02   0.1164773833740D-02
  -0.5606918943139D-02  -0.7196506168356D-02  -0.3287593551268D-02
  -0.6941279131112D-02  -0.4164152268521D-02  -0.5827338040580D-02
   0.7536798708509D-01  -0.6120839137454D-01  -0.1100882119868D-02
  -0.7453307985735D-02   0.1733394264118D-01   0.1635470754582D-01
   0.1794064257677D-02   0.1395398904625D-02   0.3658374151893D-04
   0.2243653713871D-02   0.2224837885030D-02  -0.1465589263481D-02
   0.5225119252266D-03   0.4406764775583D-03  -0.2533083055673D-03
  -0.9862048150763D-01  -0.3835481119149D-01   0.8550016391231D-01
   0.7511866570244D-01   0.8249042975142D-02   0.1466754772447D-03
   0.3322358373269D-02   0.1187224210836D+00   0.7028324739797D-01
  -0.5937623135927D-01   0.4492878077114D-01  -0.2487889785710D-01
   0.4139942852281D-01   0.1236139019029D+00   0.5208697479869D-01
   0.1370606991517D-01  -0.6872565408449D-01   0.2969579421835D-01
   0.6922922621986D-01  -0.8367804060503D-01   0.8793952512303D-01
   0.6905567206310D-01  -0.1571016624294D-01   0.3070361808971D-01
  -0.1350197843277D+00  -0.3301193431093D-01  -0.7385768758591D-02
  -0.6128412655836D-01   0.4392689855783D-01  -0.8559024289183D-02
$end                                                                            
