           2           1   1.00551102048081     
           3           2  0.936745724534168     
           4           3   1.66220304404790     
           5           2  0.969460897582631     
           6           5   1.00552428243211     
           7           1   1.00668936060273     
           7           6  0.998772822979718     
           8           2  0.960108484060566     
           9           5  0.978667631167654     
          10           5  0.977232774304010     
          11           6  0.978154979745354     
          12           6  0.977105705640403     
          13           7  0.974384264521873     
          14           7  0.977664679661261     
          15           3   1.26391836567242     
          16          15  0.980230279941960     
          17          16  0.956255603712896     
          18          17   1.86617371781795     
          19          16  0.983571660968684     
          20          19  0.968434142907611     
          21          20   1.62559375777115     
          22          20   1.32540872471355     
          23          15  0.891928879532012     
          24          16  0.956713789088274     
          25          19  0.953244307852256     
          26          19  0.955183331682884     
          27          22  0.926085844623712     
          28          22  0.910512648503176     
          30          29   1.01379027686217     
          31          30  0.964866326727364     
          32          31   1.91547999921402     
          33          30  0.950906679762580     
          34          33   1.00962893046773     
          35          34   1.40940370647276     
          36          34   1.39880681109133     
          37          35   1.44682981508117     
          38          36   1.45813724673529     
          39          37   1.37232618915579     
          39          38   1.35958854316328     
          40          39   1.06728482164919     
          41          29  0.913422384996167     
          42          30  0.967248852711064     
          43          33  0.961225846586732     
          44          33  0.969862821395794     
          45          35  0.967526072044268     
          46          36  0.967059415236377     
          47          37  0.964354587197376     
          48          38  0.959986474782870     
          49          40  0.768179430683863     
          51          50   1.02226509084966     
          52          51  0.938038103070613     
          53          52   1.66240914415923     
          54          51  0.974786008153278     
          55          54  0.896972087359938     
          56          55   1.53074025104288     
          57          55   1.47189850352016     
          58          50  0.962065640537204     
          59          51  0.957187565989003     
          60          54  0.965423248522210     
          61          54  0.967936989943343     
          62          52   1.26461542606819     
          63          62  0.974833379015857     
          64          63  0.940594041692591     
          65          64   1.64484886144897     
          66          63  0.958108218691456     
          67          66   1.00835282623541     
          68          66   1.00551854174166     
          69          62  0.923510686533412     
          70          63  0.949328074898925     
          71          66  0.968129325260619     
          72          67  0.983293190746925     
          73          67  0.982227804431242     
          74          67  0.985204324966879     
          75          68  0.980056185753420     
          76          68  0.985800956064521     
          77          68  0.980936709021933     
          78          64   1.28112817834808     
          79          78  0.976644424320042     
          80          79  0.941310077179455     
          81          80   1.54159880486036     
          82          79  0.994568136273350     
          83          78  0.925931466649398     
          84          79  0.949456649024364     
          85          82  0.980236823047113     
          86          82  0.978866188200950     
          87          82  0.979322023719665     
          88          80   1.34973535657498     
          89          88  0.968308474904450     
          90          89  0.942782829492892     
          91          90   1.58659393410710     
          92          89  0.973286888188361     
          93          92   1.00498542016616     
          94          88  0.966979127617295     
          94          93   1.00396009771766     
          95          89  0.952161165158711     
          96          92  0.974180793658936     
          97          92  0.972396561531588     
          98          93  0.975234894922372     
          99          93  0.970724445972245     
         100          94  0.962451198847334     
         101          94  0.961293203058130     
         102          90   1.31536238137042     
         103         102  0.973669852566947     
         104         103  0.926528770436165     
         105         104   1.64245420594411     
         106         103  0.967079281974057     
         107         106   1.00649583116260     
         108         107   1.41673851908170     
         109         107   1.41210234557087     
         110         108   1.44191731393397     
         111         109   1.44608046924077     
         112         110   1.43785365949391     
         112         111   1.43723063889975     
         113         102  0.918271563399491     
         114         103  0.953072947441370     
         115         106  0.967694323839946     
         116         106  0.967377230835271     
         117         108  0.969086508249218     
         118         109  0.968503048351598     
         119         110  0.960012798816630     
         120         111  0.969727629345523     
         121         112  0.968186601273523     
         122         104   1.30575629651181     
         123         122  0.979210569678470     
         124         123  0.949904259678608     
         125         124   1.62093815090650     
         126         123  0.957123752423536     
         127         126   1.00041437854427     
         128         127  0.913635738517499     
         129         128   1.45718120028976     
         130         128   1.53858754424594     
         131         122  0.901431767775573     
         132         123  0.953082497075794     
         133         126  0.970343573530587     
         134         126  0.973743372736069     
         135         127  0.974326889484735     
         136         127  0.972405618248306     
         137         124   1.30754648348416     
         138         137  0.978437801098923     
         139         138  0.938531197022343     
         140         139   1.63856987543075     
         141         138  0.952439678426515     
         142         141   1.00861895378224     
         143         141   1.00720324042660     
         144         137  0.922229243037921     
         145         138  0.952437009296675     
         146         141  0.965696092796232     
         147         142  0.980824957046134     
         148         142  0.984327240747155     
         149         142  0.983325125541386     
         150         143  0.980224625931104     
         151         143  0.981531372211919     
         152         143  0.985080314003989     
         153         139   1.29983805696940     
         154         153  0.980530338010208     
         155         154  0.979216218070024     
         156         155   1.90526038777398     
         157         154  0.949102753219457     
         158         157   1.00471837405836     
         159         158  0.993871766545331     
         160         159  0.987241693449499     
         161         160   1.29428448561676     
         162         161   1.37050162850278     
         163         161   1.28003110553953     
         164         153  0.921765388094879     
         165         154  0.946392074284452     
         166         157  0.970581496799128     
         167         157  0.968080559127917     
         168         158  0.970963106783090     
         169         158  0.968700476698258     
         170         159  0.969172020276649     
         171         159  0.954962631293088     
         172         160  0.917388373898718     
         173         162  0.832766703823516     
         174         162  0.890610088362970     
         175         163  0.920755605917216     
         176         163  0.923618672072702     
         178         177   1.01688157114752     
         179         178  0.938922648089562     
         180         179   1.63882235807640     
         181         178  0.956471400265458     
         182         181   1.00632224139613     
         183         182   1.41023548640789     
         184         182   1.41284565453120     
         185         183   1.44411090636846     
         186         184   1.44196838244108     
         187         185   1.43624790051412     
         187         186   1.44030731144897     
         188         177  0.959940433915029     
         189         178  0.962231818370031     
         190         181  0.973194192344351     
         191         181  0.966802202760065     
         192         183  0.958880193585464     
         193         184  0.965789646438766     
         194         185  0.968052161748059     
         195         186  0.971653189791924     
         196         187  0.969973714395659     
         197         179   1.28949035479910     
         198         197  0.978378101660421     
         199         198  0.941862007295929     
         200         199   1.67127887008348     
         201         198  0.983743640211515     
         202         201  0.969157291188711     
         203         202   1.61983932605797     
         204         202   1.32444052355324     
         205         197  0.894419787071226     
         206         198  0.941449158895202     
         207         201  0.936277428265433     
         208         201  0.954615072357744     
         209         204  0.923864516337270     
         210         204  0.908768805007375     
         211         199   1.24000802580692     
         212         211  0.996687144770137     
         213         212  0.939955938885078     
         214         213   1.61499431626207     
         215         212  0.956549912818710     
         216         215  0.996381073921508     
         217         211  0.919214964527619     
         218         212  0.953097278982569     
         219         215  0.972447421225490     
         220         215  0.958989289381517     
         221         216  0.847648436192167     
         222         213   1.31111327078589     
         223         222  0.979430699679652     
         224         223  0.937172414762408     
         225         224   1.63843542637392     
         226         223  0.978826318793386     
         227         226  0.997900930604525     
         228         227  0.920726607931251     
         229         228   1.48026104285220     
         230         228   1.51410377283104     
         231         222  0.920472687979835     
         232         223  0.941289623925199     
         233         226  0.972110125753914     
         234         226  0.972260822097164     
         235         227  0.979433673501705     
         236         227  0.973425701298201     
         237         224   1.29322511572868     
         238         237  0.984209807133477     
         239         238  0.944973390988186     
         240         239   1.61309299746980     
         241         238  0.970091750200756     
         242         241   1.01062635356206     
         243         242   1.27963649274639     
         244         242   1.55280475778861     
         245         243   1.54193003421236     
         246         244   1.21827796063119     
         246         245   1.27133030160473     
         247         237  0.900573214084348     
         248         238  0.931613617557014     
         249         241  0.969472020690692     
         250         241  0.956024459430864     
         251         244  0.969070016375191     
         252         245  0.963712157722089     
         253         246  0.924715957305833     
         254         239   1.30225098375031     
         255         254  0.979877754099467     
         256         255  0.936653156062812     
         257         256   1.60453526633392     
         258         255  0.976015425464224     
         259         258   1.00809583374957     
         260         259  0.973122938912713     
         261         260   1.61621961405592     
         262         260   1.31852815307879     
         263         254  0.906049845505637     
         264         255  0.939692419817723     
         265         258  0.969991894750566     
         266         258  0.964743936385766     
         267         259  0.949503118458870     
         268         259  0.950840466791159     
         269         262  0.916901292403567     
         270         262  0.876641555176451     
         271         256   1.31456990782046     
         272         271  0.975418883329019     
         273         272  0.980382230974682     
         274         273   1.89906733218761     
         275         272  0.929837856760472     
         276         275   1.00716288283991     
         277         275   1.00845001654677     
         278         271  0.924315972632898     
         279         272  0.949426635070894     
         280         275  0.964426608435777     
         281         276  0.981565917959251     
         282         276  0.980673410195821     
         283         276  0.983375983196004     
         284         277  0.973695424854433     
         285         277  0.983308146316089     
         286         277  0.984635921175010     
         288         287   1.01328793694256     
         289         288  0.932576920848176     
         290         289   1.65379433670654     
         291         288  0.968648341778765     
         292         291   1.00787180174111     
         293         291   1.00775105268344     
         294         287  0.951346609344780     
         295         288  0.961147334927196     
         296         291  0.965680614331902     
         297         292  0.982312902330074     
         298         292  0.984336495985006     
         299         292  0.984402493398597     
         300         293  0.982860740234463     
         301         293  0.985162914151579     
         302         293  0.979885173581019     
         303         289   1.27853913408428     
         304         303   1.00463528374414     
         305         304  0.998459729343858     
         306         305   1.89291914268498     
         307         303  0.921837996410013     
         308         304  0.938628696317207     
         309         304  0.920659683587126     
         310           1  0.955398403560613     
         311          17  0.954247999483281     
         312          29  0.958132697305583     
         313          31  0.956342391643129     
         314          50  0.950532478202121     
         315         155  0.951602308222867     
         316         177  0.950558122098667     
         317         273  0.950409605586751     
         318         287  0.955597043838104     
         319         305  0.951882658175531     
