$grad                                                                           
  cycle =      1    SCF energy =  -924.01959372352   |dE/dxyz| =  0.929263
    5.05480897478474    180.61030948797764     -2.15932996232680      n 
    3.40078680837495    178.43278498456266     -1.62870637392846      c 
    4.79321081824264    176.27899430920368     -0.24141454642250      c 
    4.20053517171165    175.31451124109151      1.80269363634409      o 
    2.40060221521991    177.32677747925146     -4.09028002677213      c 
    5.83950066731892    180.56119467850905     -3.90563751152119      h 
    1.83617945374297    179.06714662115303     -0.41765947633502      h 
    1.36685224777044    175.55671068518706     -3.74297356862991      h 
    1.08119623035200    178.62579688174810     -5.00992165460776      h 
    3.91315361113590    176.91499120691620     -5.43541054560810      h 
   -5.69773458160315    148.40789315134214     -8.86896885818563      n 
   -4.59480422117912    150.09151376345991    -10.79533014268225      c 
   -1.77452929250966    150.57068718769210    -10.03747672452894      c 
    0.01718817887224    149.94598243053755    -11.17273886655674      o 
   -6.09994637430187    152.58380672177790    -11.06779191569948      c 
   -8.85919179539196    152.17231431411093    -11.91669341932796      c 
  -10.53944243220126    154.57333664243245    -12.14091654259671      c 
  -13.35756049815897    153.93698142527893    -12.18303644888293      c 
  -14.49986676222633    154.13546146729738    -14.73561724080887      n 
   -7.30468359827102    149.02705719856519     -8.08245498398779      h 
   -4.62443528884820    149.11901037130735    -12.60647152487240      h 
   -6.10855302380151    153.66393452923506     -9.27572951490773      h 
   -5.09861499018306    153.74957541864137    -12.47508723976537      h 
   -8.86259177784775    151.21975326982118    -13.73172591335463      h 
   -9.74967344099404    150.90760235577773    -10.57047414357903      h 
  -10.08967017857116    155.80294890033636    -10.53289088782840      h 
  -10.05130289876780    155.59629609405363    -13.84485316715990      h 
  -13.68487268765102    152.02451731542658    -11.44093133178096      h 
  -14.39140614054353    155.22343160739752    -10.96860115379864      h 
  -16.42861715788770    154.03912394686049    -14.54242474931746      h 
  -14.06684662148937    155.88334572143179    -15.48656511638463      h 
  -13.96593141776349    152.70795728807394    -16.14431688769090      h 
   -1.56633455829149    151.75700847840668     -7.89657001001895      n 
    0.91836862831181    151.97731885361063     -7.03537935681514      c 
    2.70565632903424    149.74412940835742     -7.47376984717749      c 
    4.63813061203726    150.01039077945265     -8.62634786819827      o 
    1.01843652673208    152.59280427545207     -4.20270110794254      c 
    3.48196837861098    154.13093444378165     -3.85758313688687      c 
    3.23555826869809    156.61479510740881     -5.34103674031647      c 
    3.96792183681513    154.56881430468121     -1.06710903337003      c 
   -3.12947128170247    152.06261425405924     -6.71254454471456      h 
    1.76159227061269    153.54885808660788     -8.08811309163209      h 
   -0.54469617326338    153.73650081354594     -3.63067591661063      h 
    1.04673456905537    150.87083769718299     -3.07657145282471      h 
    5.05615836610213    152.97829835923034     -4.65080626272565      h 
    4.32656991118628    158.01953327642991     -4.49273619391733      h 
    3.86132992260476    156.38669092545663     -7.30989953347580      h 
    1.22598463906027    157.17482877797889     -5.37291114153318      h 
    5.85174689913924    155.27853682866117     -0.76266926908386      h 
    2.59328948186474    155.83207859385342     -0.31740278541070      h 
    3.80037806367568    152.73481655371967     -0.06627849768148      h 
    2.97610824131029    145.01856704878060    -10.00435315625619      n 
    3.67860263874529    144.03853248947243    -12.46721934725615      c 
    5.59657364736346    145.89478359160788    -13.57508041577599      c 
    7.46216777228863    145.17510228840899    -14.71839111453882      o 
    1.41996865776130    143.36603354819138    -14.10421608895288      c 
   -0.60046577436075    141.94106233911111    -12.55987279895587      c 
    0.24701787676969    145.63764221520026    -15.47664453381840      c 
    1.20630161375415    145.67037048322899     -9.72933395456184      h 
    4.72818823110426    142.25565814600574    -12.16068834987354      h 
    2.12657164368703    142.05782508813778    -15.54523850968199      h 
   -1.94516500671250    141.01003743282544    -13.79680247994784      h 
    0.27980827086183    140.51921203171128    -11.35876018557562      h 
   -1.64587589251284    143.22412839489741    -11.34659693388941      h 
   -1.40454439255383    145.01390947846096    -16.52669124368648      h 
   -0.30307368158639    147.06219782724605    -14.12322901290203      h 
    1.61390766602480    146.41292978424659    -16.77055779173126      h 
    5.13834810702183    148.34155400422915    -13.27214464279890      n 
    7.08847494920700    149.92140850855913    -14.33188646692793      c 
    9.54603223143035    149.32093023555095    -13.05477340541806      c 
   11.49242143095869    149.22698510589819    -14.21764316573241      o 
    6.58345951657106    152.74476704138800    -14.26742527749586      c 
    8.52479063896283    153.96949147002275    -15.93576908784780      c 
    3.93292864663157    153.07735505187807    -15.19960961984648      c 
    3.66668943351799    148.99651126996653    -12.18125002177909      h 
    7.29550958160976    149.35525558997000    -16.29092016482341      h 
    6.78136909870239    153.45604850480538    -12.33288329887796      h 
    8.18723314282250    156.03480970875430    -16.07878822948666      h 
   10.49592003632205    153.76088454519004    -15.22425364423256      h 
    8.53465181874973    153.21795815621405    -17.88322532774746      h 
    3.45003934825166    154.99186320099997    -15.52512661201655      h 
    3.70681017207731    152.00255953458770    -16.97717651907416      h 
    2.56183604053583    152.26205009432945    -13.86031919757852      h 
   12.35006429792543    144.00359678550814    -16.25289204226198      n 
   13.38291287025448    144.99845543948734    -18.62049512123783      c 
   16.11222565175986    145.73855256799962    -18.21787281467839      c 
   17.80970802543556    144.96990773526437    -19.59612438693983      o 
   11.57589638470104    147.06366007110739    -19.49843826905941      c 
    9.08762411767278    145.89125028766355    -20.35877177148542      c 
    8.60813042060802    146.88443799871524    -23.05386673437177      c 
    6.91935074685560    148.50896065412940    -23.04965006810761      o 
    9.85340484018531    146.20627227953824    -24.85050553154911      o 
   10.65441728920853    144.69877486799038    -15.72490670177324      h 
   13.46544361146585    143.49362831539662    -20.09584560587505      h 
   11.32761452995921    148.37791376976404    -17.95158796978540      h 
   12.46399137521518    148.04436835154257    -21.08672190165541      h 
    9.27261235941998    143.76233201120547    -20.38862053766256      h 
    7.50932829615543    146.29542734281515    -19.09999486882713      h 
   16.56322096777174    147.28939320030494    -16.29881249489065      n 
   19.10844282424381    148.15831769641804    -15.86483424249938      c 
   20.70996436487086    145.98378363858643    -14.72045537860036      c 
   22.89737814565199    145.50332008559855    -15.44264071815936      o 
   19.05698139901174    150.65482803928498    -14.35038465390595      c 
   17.91052322013988    152.82812466790432    -15.74275378783283      c 
   19.74433560448157    154.64035751120522    -17.25086685962280      c 
   22.12429343694776    155.22481143879841    -15.98345748322594      n 
   23.00985675933996    157.54919811425759    -15.36224716874644      c 
   21.48027982835090    159.51937299308742    -15.36263346935959      n 
   25.41051904157786    157.84115383132678    -14.82693847766626      n 
   15.18558809840015    147.81501156531178    -15.09482815361340      h 
   20.00335206750948    148.47637472271580    -17.68013881851235      h 
   18.00337135027306    150.27954665096533    -12.62523583647566      h 
   21.04592108682070    151.07423038132819    -13.79258226685705      h 
   16.57988542818337    152.09993852381339    -17.22694403724000      h 
   16.83430920482109    153.96896113525364    -14.45882423311236      h 
   20.20884918921119    153.81333017163286    -19.06929445210855      h 
   18.71875315806276    156.45708734952063    -17.62228348984610      h 
   23.40278812528717    153.82399033813357    -16.09279674168161      h 
   19.55262930459257    159.22514988739314    -15.32551893688705      h 
   21.96307298881286    161.10386723477120    -14.48967376508205      h 
   26.70452888319502    156.36372279980438    -14.93579209715096      h 
   26.12445672816704    159.59839111227117    -14.51830077789057      h 
  -10.06461856259659    179.05027936669086     -2.27308391218474      n 
   -8.17332560151961    177.05334393545181     -2.28348703627212      c 
   -9.17811729872898    174.52899828877759     -3.31969560086539      c 
   -9.00364322968073    174.00896487898970     -5.56074640017600      o 
   -7.16830808111445    176.86444641593255      0.40608893813767      c 
  -10.21076381551241    179.92929205404633     -0.56270899943811      h 
   -6.62753665454181    177.59302825276356     -3.58580677351858      h 
   -5.77314862414912    175.39567444886049      0.59863280311781      h 
   -6.26129651130512    178.66764888536596      0.94215091290960      h 
   -8.69916037151710    176.54764852499522      1.73502362025156      h 
  -10.18546447309546    172.84621693418950     -1.72039612038507      n 
  -10.55666815558174    170.25132069110455     -2.47639050003774      c 
  -11.85332259383179    169.93931652410762     -5.02635527724680      c 
  -11.57912678258321    167.97076967744229     -6.19580834463673      o 
  -12.12248432273904    168.64948653122397     -0.64236469666138      c 
  -11.21267185007156    168.22702227699656      2.08365067652378      c 
  -12.73210494286924    166.01889906134670      3.20284554290938      c 
   -8.39977734304002    167.64880238788041      2.40931629639565      c 
  -10.58662577243021    173.35782627904305      0.06532005343540      h 
   -8.73131812466771    169.35680393919421     -2.67839406591281      h 
  -14.06039957385924    169.42222462639458     -0.51421851366024      h 
  -12.29452624268095    166.79808277645947     -1.56469890278354      h 
  -11.70026043428246    169.90092573611346      3.20398872298481      h 
  -12.28112217766122    165.77140632025649      5.18730836449775      h 
  -14.76176279967133    166.36110411207014      3.06397820949449      h 
  -12.30169451801462    164.26691746731521      2.21584444615024      h 
   -8.04718682223798    167.35353026923343      4.44734579335476      h 
   -7.89661579278747    165.94721346737387      1.43328838091040      h 
   -7.26463592766628    169.20697658153338      1.79303355476764      h 
  -13.50150766361351    171.67327214703067     -5.84754559086685      n 
  -15.11241257135653    171.05205633798400     -7.98565282793898      c 
  -13.63583067685108    170.58984300591450    -10.45491905510074      c 
  -14.56902565144239    169.44417227187731    -12.25645702991848      o 
  -17.18045367935878    173.04864221319716     -8.33426214648755      c 
  -19.72368586492171    171.90848196349179     -9.16970161246158      c 
  -21.21935497644022    170.54221973956328     -7.07911501091336      c 
  -23.29095280322515    168.83680035060465     -8.14918758375974      c 
  -25.35805711001263    170.33556586785306     -9.35216261182501      n 
  -13.34443109762502    173.52051072564987     -5.34422690876777      h 
  -15.98057043248608    169.23521695981418     -7.56090039110902      h 
  -17.40124938513042    174.07291297267764     -6.55200342282282      h 
  -16.55374145650174    174.43812545875460     -9.73841146783216      h 
  -20.82232634750783    173.46260554487924     -9.95479414799495      h 
  -19.29094251971447    170.61027047212875    -10.70511005537162      h 
  -19.93528386027019    169.36607063444112     -5.97668395387965      h 
  -22.03528521728239    171.94953870296695     -5.78675425130702      h 
  -22.47428127202594    167.62382316182672     -9.58702756955203      h 
  -24.10131542462728    167.68587356059103     -6.63683418350214      h 
  -26.70218534919660    169.17454703325689    -10.15082535954020      h 
  -26.24376041196479    171.49048206323152     -8.03164872447467      h 
  -24.63419097657371    171.46695276531725    -10.73542188679839      h 
  -11.28086046346738    171.52917675014984    -10.39056294936030      n 
   -9.38021195298528    171.53449745157229    -12.35873728738835      c 
   -8.07200991422043    168.94329750790880    -12.56044071262624      c 
   -7.39135637385476    167.92948586547354    -14.51431226504329      o 
   -7.52895296011019    173.77582872570903    -11.74005889538791      c 
   -5.55786333524611    173.05037259065139     -9.76255829171495      c 
   -9.07504903064051    176.10463755509829    -10.94070783767239      c 
   -3.52878301214228    175.01863776270358     -9.16517113018046      c 
  -10.74865143449286    172.44463602120771     -8.82418762986905      h 
  -10.30641671280433    171.90583508577069    -14.22104023120722      h 
   -6.56652056269387    174.21403322810963    -13.49301695333620      h 
   -6.51189723572022    172.66345176869467     -7.98546772474690      h 
   -4.57115355712753    171.34421191813874    -10.37216223142317      h 
   -7.98998270012585    177.81275755027721    -11.26814714581651      h 
  -10.83798145993651    176.26407329200049    -12.04241841627889      h 
   -9.56344277152045    176.06539158749945     -8.92629209992886      h 
   -2.11063269838919    174.21046205934852     -7.82169315722297      h 
   -2.46874349154761    175.57699765896970    -10.82481964436643      h 
   -4.29511231416104    176.69245800925006     -8.25073537192433      h 
   -7.75321640654022    167.88465188318938    -10.27150087269434      n 
   -6.62887436036084    165.44491635562724     -9.76685527756805      c 
   -8.51250477051867    163.31380118677058    -10.27689673418695      c 
   -8.29633691837023    161.21206341311796     -9.38917138049356      o 
   -5.83745604771452    165.27971954955134     -6.99057075355052      c 
   -3.54995403147142    166.78257886969672     -6.02862850531408      c 
   -4.25488003660626    169.36406618511916     -4.95733725765162      c 
   -2.22278458545252    165.34709309126399     -3.95869072321815      c 
   -8.74320179782480    168.56963340166962     -8.81894894803303      h 
   -5.02040656905779    165.15532171393761    -11.08756974780058      h 
   -7.52510350274689    165.81345348929014     -5.94603790438765      h 
   -5.46778812566511    163.28766924697408     -6.69010411275042      h 
   -2.23085146742700    167.02387366985499     -7.64311420562554      h 
   -2.75106513477166    170.76747670355300     -5.38196133711415      h 
   -5.99080657585324    170.11169898116938     -5.79087517970821      h 
   -4.44950034890010    169.27478273896352     -2.96202385586259      h 
   -0.59363381015276    166.41335704089025     -3.31566571927146      h 
   -3.48069134149869    165.03765413143415     -2.35608895268856      h 
   -1.56268047761538    163.48654364777505     -4.59790850990082      h 
  -10.51619676438855    163.90872415303710    -11.74707212286484      n 
  -12.12651742253626    161.86406446395677    -12.55589460231152      c 
  -11.28056399551258    160.88782529166124    -15.11581121531942      c 
  -12.19340453934094    158.95992370042509    -16.02604440523389      o 
  -14.95027642722214    162.49722232470839    -12.41160530367461      c 
  -16.33769566477592    160.12837059287091    -11.52776563830426      c 
  -17.39276720980036    158.68826675809919    -12.95840129335868      o 
  -16.18207717580306    159.72115539696472     -9.02265586469079      n 
  -10.84388349359532    165.64416605222229    -12.45729293337359      h 
  -11.72773508105772    160.30050131594848    -11.25037718570900      h 
  -15.21698286638394    164.06876139953559    -11.07095041423360      h 
  -15.67520872155391    163.05036717507477    -14.25638491929906      h 
  -17.02387576272647    158.18036426470783     -8.30089497761109      h 
  -15.24855537103012    160.90982165106644     -7.83576723497151      h 
   -9.40679399847983    162.15043876167317    -16.28856875180162      n 
   -8.68267323051637    161.12069147623615    -18.69441673835342      c 
   -6.13939111310263    159.95002767144607    -18.78379943348284      c 
   -4.17731572516929    161.17751715597154    -19.04922864429209      o 
   -8.68688604476315    162.98322654718763    -20.89205628790625      c 
  -11.43470147545645    163.17515246497933    -21.64074372621378      c 
  -12.63777008086100    161.23876792929462    -21.97360955306356      o 
  -12.31741399809962    165.52373463553593    -21.76615421985442      n 
   -8.62766846651725    163.81610549345982    -15.69418713589469      h 
  -10.09611185578912    159.67676618152490    -19.11701367798760      h 
   -7.82872806892722    164.76440187225734    -20.33921669820052      h 
   -7.66033115822097    162.07044189087037    -22.44872610493505      h 
  -14.12661167715332    165.85407313893270    -22.11937439715380      h 
  -11.15717106494712    167.01147613826038    -21.35647926764653      h 
   -6.19178106840797    157.50513466376088    -19.06280461390197      n 
   -3.90973915262345    156.33652030191169    -19.97040933504966      c 
   -2.61225860574583    158.20320818793311    -21.76128165371279      c 
   -0.43127771117754    158.78450140733563    -21.49079346455666      o 
   -4.45700862693911    153.68393159052226    -21.03525724215739      c 
   -2.09978190691716    152.63994677700251    -22.35852492886788      c 
   -6.72506930758892    153.47601989133096    -22.80618406580812      c 
    0.21767575500126    152.77589780728675    -20.68397197661139      c 
   -7.79854230678771    156.50074735958987    -18.96021548412719      h 
   -2.59230760237127    156.09599468030808    -18.36779434456424      h 
   -4.86852045437478    152.46190710027867    -19.37536615651247      h 
   -2.48772337042601    150.69469715478704    -22.91648989300863      h 
   -1.87400329466160    153.72024376217530    -24.10353191442883      h 
   -6.79467682341452    151.50276360174661    -23.45910745257648      h 
   -8.52127166915676    153.90621526537251    -21.92055634079968      h 
   -6.49489900170691    154.62408123414073    -24.49419156919177      h 
    1.67422614248390    151.55405865153767    -21.42758014186022      h 
    0.92979156341677    154.71149878152363    -20.55892914030357      h 
   -0.24791372970184    152.12427786069264    -18.80985398106487      h 
   -3.90130611904979    159.12194800679833    -23.74052290946894      n 
   -2.32883334971726    159.86041962328466    -25.93111954149353      c 
   -0.29180344994416    161.73084907654575    -24.97256683516597      c 
    1.89746692989037    161.67721115245959    -25.34777546714687      o 
   -4.05103513650606    161.07821558866684    -27.94245621533321      c 
   -5.25362564143440    159.08804636862138    -29.68906680381542      c 
   -3.27915781963118    157.94060398362546    -31.45715341830827      c 
   -4.34227948211531    155.97604831658865    -33.06260184687453      n 
   -3.16230814207700    154.86587316355960    -34.98574409225370      c 
   -0.77612490585858    155.44630231824399    -35.47127397802393      n 
   -4.44907668330268    153.45973739083195    -36.56027369732404      n 
   -5.59157757308014    158.32334965603022    -24.19911972086631      h 
   -1.38734253603414    158.20942371503267    -26.66594809327219      h 
   -5.57951395379310    162.14549159349744    -27.00003932141756      h 
   -2.96475817517178    162.39740312518342    -29.05148503584602      h 
   -6.13430138475716    157.58843905216185    -28.57673447853750      h 
   -6.73543552910796    159.98863564375387    -30.80307314017991      h 
   -2.47006435442823    159.41397288122320    -32.65848597292333      h 
   -1.73213387721914    157.12156569596360    -30.31269880606737      h 
   -6.15198370504432    155.44073357290523    -32.70251314616203      h 
    0.30208162894226    156.29477024333963    -34.11064733734024      h 
    0.26744915134864    154.43732653553556    -36.75642180164733      h 
   -6.24440391467313    152.92508650560686    -36.05404597450012      h 
   -3.53601175095846    152.12979786621972    -37.70378246449970      h 
   -1.61555557980704    163.53418631046242    -23.78897800219156      n 
   -0.94214943816747    165.96616451678216    -22.75918760133419      c 
    0.71354207208375    165.57219472866237    -20.41731323753406      c 
    1.99077500741434    167.12913795577686    -19.36535821796273      o 
   -3.47465587995977    167.21520710923974    -21.93069882330167      c 
   -4.25225807114236    166.31056188997994    -19.55181488089643      o 
   -5.49651584215845    167.04877261638188    -24.00749988878963      c 
   -3.42365302998848    163.05514683964313    -23.42949303018047      h 
    0.01137455490812    167.11404295434011    -24.15354688294807      h 
   -3.08751210737967    169.20086059423642    -21.61757858604884      h 
   -4.06402559569548    164.46870496740547    -19.39625509644916      h 
   -7.11927015136667    168.19753590885594    -23.48325663634904      h 
   -4.72821159227439    167.77760098062416    -25.76757121347202      h 
   -6.20961167851393    165.12634951055912    -24.38617456880139      h 
    0.50143312677495    163.16292986361509    -19.58113155656008      n 
    1.63993762279203    162.52924752454405    -17.22079381169932      c 
    4.17811283519628    161.48489821010071    -17.92801946402610      c 
    6.12155321186704    162.55849428904031    -17.31002043870895      o 
   -0.10749416462075    160.83953923775940    -15.75762990514747      c 
    1.00483849324894    160.22324015510418    -13.19195285111080      c 
    2.27443319956719    162.53813391074289    -11.97706284109790      c 
   -1.03179753604681    159.16536714786270    -11.43936931511380      c 
   -0.69875882138246    161.93856025464888    -20.33572920669343      h 
    1.93562285197214    164.31773098129727    -16.22071993418614      h 
   -1.92070775924876    161.86838745017124    -15.54863486424190      h 
   -0.52304799454156    159.12008502840806    -16.83813063150144      h 
    2.43570071869679    158.79187168322389    -13.47767451345132      h 
    2.78265521745965    162.08372988646565    -10.09510088755515      h 
    3.99686338203573    163.05263115992551    -13.01445337333656      h 
    0.99429100940581    164.15869221610168    -11.97828622435514      h 
   -0.21700701273520    158.65498138279790     -9.63289571740101      h 
   -2.55859207461031    160.50931946905655    -11.12991096310526      h 
   -1.86240688668292    157.45004004461569    -12.26514945861430      h 
    4.12965267403970    159.53050003055688    -19.50381719917443      n 
    6.30333338473388    158.89559895317498    -20.96794279652153      c 
    7.71380297388440    161.24927661177279    -21.83635397787123      c 
    9.94696428584252    161.17557004320255    -22.22507690258648      o 
    5.54818542240458    157.51032243789160    -23.39398583529459      c 
    5.45485171585038    154.67284972241626    -23.16858801340027      c 
    3.69444630141514    153.84564975448870    -25.27346251348745      c 
    3.42251394211460    151.14455394436263    -25.65869349922557      n 
    2.85714897688536    150.17767563670444    -27.82418376405668      c 
    1.97903063805123    151.60574608685945    -29.69151580190729      n 
    3.18699376651219    147.73667560601530    -28.32097641629574      n 
    2.46109850619809    158.76077294345566    -20.01015895618795      h 
    7.63147323129494    157.74052660218243    -19.91015952046012      h 
    3.71962566305287    158.28637115377936    -23.98250886347611      h 
    6.88496961717516    158.06102401603579    -24.90458320204462      h 
    7.30971130467700    153.83274939062952    -23.44986888306576      h 
    4.81371221355959    154.12225566665506    -21.29099801000519      h 
    1.81052948628216    154.66649046805225    -24.94066642583999      h 
    4.45907171615802    154.66135463228335    -26.99796636178207      h 
    4.63703198565260    150.04234020241159    -24.50164345724153      h 
    2.22919023466730    153.51130412425508    -29.71380039195184      h 
    1.57834804031451    150.80827945138839    -31.42005072874824      h 
    3.62317817511660    146.58831712628771    -26.87219082713418      h 
    2.09307012606702    146.89796342325820    -29.68076684738872      h 
    6.22849793451064    163.23059956091086    -22.28413424095359      n 
    7.19799889360325    165.69175378851315    -22.90912029080766      c 
    8.47916738277832    166.95202028201288    -20.61513560805693      c 
   10.74350933692805    167.20822359921516    -20.62741882729428      o 
    5.14314526194871    167.30929272678878    -24.16383829229548      c 
    4.29257469453619    162.98887692944325    -22.33270061434613      h 
    8.73880634402166    165.42187146760617    -24.24659732128323      h 
    5.99710674642368    168.83144248545375    -25.19491811420620      h 
    4.09987047194734    166.09641535012295    -25.49295576646661      h 
    3.86476081455201    168.10259692829584    -22.77286841105002      h 
    7.11254215723480    167.74857054288390    -18.66375476357393      n 
    8.40434596414820    169.18447820924882    -16.67953890271097      c 
   10.26014965930320    167.37429542267182    -15.30391011265299      c 
   11.72485156618408    168.09682453512838    -13.69887065215161      o 
    6.51601910066960    170.83426358211236    -15.11942593489373      c 
    7.77149168333499    172.99295536943518    -13.61972334506589      c 
    6.32879139931296    175.28547488019424    -12.57009826329272      c 
    7.20035998844697    176.51976243990532    -10.82437214478944      o 
    4.14997844805349    175.99104212698029    -13.63040938966274      n 
    5.16134006911030    167.63345655026825    -18.64393690651031      h 
    9.67240245905503    170.48667398973268    -17.62170197865268      h 
    5.21953591410939    171.60965855052049    -16.54555958810475      h 
    5.40531156100699    169.62813256582493    -13.86015554013035      h 
    8.77889846646094    172.17837100142967    -12.02343166219954      h 
    9.21467978555995    173.88804768198088    -14.80723697839926      h 
    3.28073240259795    175.00385429714046    -14.95641235963163      h 
    3.25026431181113    177.57836483374211    -12.94043291939643      h 
   10.29319132194003    165.00258604611997    -16.27527734014874      n 
   11.83429846342982    162.96169180852559    -15.41163612472690      c 
   14.55821550684170    163.09037447943246    -16.33124488758266      c 
   16.32840808465579    162.38341286585143    -15.06704123340447      o 
   10.91545624088231    160.49773746570290    -16.49587172547815      c 
    8.71576050924789    164.46437588947040    -17.23756332405516      h 
   11.87459611907738    162.91873923758556    -13.37763937532010      h 
   12.13006212814209    158.96195603983438    -15.82126035517853      h 
    8.99263646268549    160.12169624598005    -15.90804844051689      h 
   11.03372412450225    160.50842950772298    -18.58206065411806      h 
   14.71280539454776    163.66585131851662    -18.79505684049991      n 
   17.12036377092243    164.04151474082619    -20.07041025912565      c 
   18.96342937676498    165.45686034297847    -18.36192076243034      c 
   21.17307280721020    165.14309855963955    -18.42012895395392      o 
   16.68282924761355    165.67745954937672    -22.42700751011107      c 
   15.32617424849284    164.21385390577819    -24.52151622728460      c 
   17.12766241977216    162.32061408156505    -25.77484527774304      c 
   15.67669538691062    160.26332706530133    -26.86193448165176      n 
   15.20306560622049    159.85332259968993    -29.28219749541014      c 
   16.60168120319456    160.83906767856959    -31.09632099724013      n 
   13.26199731371677    158.36025008576522    -29.86820389844416      n 
   13.16339227672028    164.47207346872767    -19.62158125823472      h 
   17.92370047628275    162.19802697001757    -20.55895828592484      h 
   15.53979694100990    167.32174620201934    -21.89072650570813      h 
   18.49730280624681    166.36469173373021    -23.11598393948372      h 
   13.71111225754485    163.23734194360509    -23.70653521014868      h 
   14.60038875555613    165.54245282629873    -25.91872977062544      h 
   18.25680128450720    163.28245748919747    -27.20372474962360      h 
   18.41712443236885    161.53667952568483    -24.35444257241893      h 
   14.45668796331120    159.50421400779771    -25.58658022285387      h 
   18.15852482190940    161.88074762547433    -30.70024631273839      h 
   16.30269530648388    160.36716579109995    -32.93063947211186      h 
   12.19044153371216    157.57163952056445    -28.50146530011513      h 
   12.96078918413841    157.77197689768457    -31.65286686185268      h 
   17.71125602392665    167.14277151837555    -16.94975937174625      n 
   18.90871104684279    168.96289239564075    -15.33439633365954      c 
   20.42224261545177    167.45972403179229    -13.40725327407304      c 
   22.54303870483777    166.85942811412571    -13.73388125653774      o 
   16.88532937715426    170.86666932532211    -14.43378389974656      c 
   16.15111742594533    172.49082210826671    -16.71142553045458      c 
   14.42817050906534    174.95020604551300    -16.67504052177147      c 
   13.49034172896999    175.42297108874257    -18.80258437541326      o 
   14.18291778410886    176.21653925737476    -14.77347009091056      o 
   15.81967336219247    167.37497215224252    -17.22274471488061      h 
   20.33213020926107    169.98516152489245    -16.41833582985029      h 
   15.23096040294702    169.87298687305650    -13.68917950423645      h 
   17.66338784210039    172.04364129346752    -12.93715951928849      h 
   17.90693178954817    173.21730932580135    -17.57676240150607      h 
   15.24045525463434    171.30385042093457    -18.16017677157934      h 
   19.22782242494698    166.98032661002856    -11.20556594495387      n 
   20.87579985069653    166.23791970066893     -9.18786714417774      c 
   22.18428183516427    163.68043691068661     -9.53829607889802      c 
   21.81481776616781    162.02330148956139    -11.06459164212763      o 
   19.75999113510660    166.75933271452368     -6.59865524928263      c 
   21.75443721466792    167.26650288865400     -4.89248721118515      o 
   17.33055809956762    166.92396794525905    -11.07419496540724      h 
   22.49104663851202    167.56987024612511     -9.34975212993846      h 
   18.59259926097354    168.51334551677448     -6.75367887406953      h 
   18.59454576317206    165.26009682672307     -5.91660147565676      h 
   21.69972171857876    165.93999049770204     -3.63190131809519      h 
   -5.83263394386977    141.31059146456897    -40.88983221557933      n 
   -4.55572075527206    143.64314133037388    -40.37556922325045      c 
   -3.99537620229562    145.04204944180711    -42.79182056292441      c 
   -3.87793127731906    147.29730467348503    -43.20943038538731      o 
   -2.19155525409387    142.87129200846613    -38.84887589425139      c 
   -0.34975151804520    145.05245668133963    -38.81650370652738      c 
   -1.75202008075706    147.39669557607218    -37.68193127138532      c 
   -1.94186302941287    149.31015626446231    -38.98893520745771      o 
   -2.45014947562184    147.12931967598155    -35.47909484867131      o 
   -4.87640384206986    139.76542837441653    -40.11113357289768      h 
   -5.63300629093548    144.86769929475051    -39.15091549606648      h 
   -2.75581936891997    142.47739981835198    -36.88010683338887      h 
   -1.31577575121047    141.13486753814780    -39.67026565899676      h 
    1.23596877745654    144.63493047376980    -37.61396541812852      h 
    0.31037936626377    145.43966961240926    -40.73221044740283      h 
  -10.64372312804976    146.91311852705084    -45.20472004749411      n 
  -10.79724024252289    149.23759180071346    -43.70741929141097      c 
   -9.41563074951482    151.28485826866410    -45.30093357167313      c 
  -10.66382386971806    152.85673249092375    -46.33724136558703      o 
   -9.85557661585836    148.80591824240520    -41.02874652531366      c 
   -9.37922756809316    151.30937087659436    -39.73337941033218      c 
  -11.66220438213842    147.11742094529913    -39.58800985306890      c 
   -9.83132645080025    145.40231526634383    -44.37063369729834      h 
  -12.77424090426713    149.87559867387350    -43.66892765554590      h 
   -8.02323891525498    147.86198654208988    -41.15230969599865      h 
   -9.18468838324610    151.05530126918154    -37.66678365676560      h 
   -7.58388776040754    152.11841920210253    -40.41323366313965      h 
  -10.88071893811159    152.70110218341583    -39.97438798692900      h 
  -10.89717791577061    146.68288716374548    -37.69499952341111      h 
  -13.49685091834823    148.00361075001601    -39.27068703708093      h 
  -11.95563925762796    145.32108618405110    -40.55950109212932      h 
   -6.99321489079104    151.23371470346251    -45.66105555499494      n 
   -6.02378633560331    153.32628732421347    -46.94642850034788      c 
   -7.09611821679564    153.90953002666819    -49.47969043454362      c 
   -7.24549911895307    156.13452340280080    -50.13292696458650      o 
   -3.15387351489745    153.18929766558753    -47.17231675450302      c 
   -2.27453659667840    154.70067942224125    -44.85804640679383      c 
   -3.05201468218797    154.17834216043224    -42.77528352144233      o 
   -0.92489077667472    156.78121799375887    -45.40855359922307      n 
   -5.74385868168258    150.05903123161417    -44.59905526647158      h 
   -6.41874768976278    155.04058941062587    -45.82089508608136      h 
   -2.55270605826864    151.24740542309019    -47.13652757338817      h 
   -2.43462577492464    154.06705213617835    -48.95576163174510      h 
   -0.32574715720022    157.95028241784237    -44.06154788095014      h 
   -0.43913982395993    157.18526380479767    -47.24808998103963      h 
  -11.75204910052257    158.02482037455655    -47.62367378843906      n 
  -10.45537756611083    160.16954438593982    -46.44163786081813      c 
   -9.55001748336654    161.93871676345276    -48.52550631125003      c 
   -9.12226903400951    164.14445946467922    -48.13757182404248      o 
   -8.23114580339299    159.36760584232209    -44.72433302236004      c 
   -8.84723873074213    157.64405908693053    -42.47754571804541      c 
   -6.63183240224646    157.35546824045312    -40.56887445522508      c 
   -7.10671254259868    158.70980691044812    -38.20480571803105      n 
   -5.84150625028747    160.43735087237121    -36.99773675554388      c 
   -3.42447223525818    160.84911627230542    -37.27168570168718      n 
   -7.04674194805725    161.81906690529371    -35.28253974707833      n 
  -11.29668707136055    156.24865859844394    -47.15681453602145      h 
  -11.85154998327026    161.20464048644115    -45.34768719294552      h 
   -6.83701609929346    158.48703779410326    -45.97713070928256      h 
   -7.46705736410518    161.13374332865325    -44.06380011208343      h 
  -10.45129427708213    158.43295665463779    -41.43337537198783      h 
   -9.49042392978111    155.79795669262131    -43.13548369330913      h 
   -6.37827345245334    155.28364281545279    -40.10335196206277      h 
   -4.89390491874122    157.95189416056920    -41.39366966997032      h 
   -8.90753894148815    158.24862739642290    -37.53803124117616      h 
   -2.36613563893505    159.85853252934567    -38.53913221554532      h 
   -2.60312475880010    162.52901100455452    -36.65886923995941      h 
   -8.95490878840863    161.62524528642822    -34.99101798440847      h 
   -6.17804886986263    163.21055869237463    -34.25508264432980      h 
  -18.50058625100406    151.54749618171425    -34.82925471797484      n 
  -16.43813427489307    152.53403227115240    -33.30878593706011      c 
  -16.45151819259959    151.43923862110026    -30.62296520583670      c 
  -14.65845707844664    150.92737474716887    -29.38823536427094      o 
  -16.76876540462075    155.40144619196221    -33.10630621542581      c 
  -14.25421921361474    156.63169758371703    -32.43365271043582      c 
  -12.36281085207630    155.75043592122611    -34.48903432150505      c 
  -12.51006887956599    156.78300812548144    -36.56845896703876      o 
  -10.84175622134632    154.04983842748646    -33.88209618720200      o 
  -19.58996119032024    152.80628270326659    -35.67621264016523      h 
  -14.61817231885588    152.10024154061347    -34.20986422489130      h 
  -17.38707673530794    156.11859427878665    -34.91910631344968      h 
  -18.26448566705228    155.81840812245034    -31.70577102236026      h 
  -14.47222390451925    158.68534378574770    -32.42211442249049      h 
  -13.64229792395085    156.00538026501744    -30.53696141062449      h 
  -15.66078923931841    143.41665264471115    -30.10271188013635      n 
  -12.97908244810066    143.03886429152303    -30.16685934293548      c 
  -11.76061855908170    143.57193326882566    -27.58596730214749      c 
  -10.40789648085029    142.12219023716173    -26.59251249855295      o 
  -11.82981190404894    144.89435359505057    -32.03303795820705      c 
   -9.07440734698237    145.36229444364258    -31.31891226221626      c 
   -7.53690424622555    142.93953675617126    -31.55825672573307      c 
   -8.05400394075891    147.60313281281211    -32.81184490996458      c 
  -16.31022036491137    145.16132408316261    -30.63200580274368      h 
  -12.58168691092282    141.09029251956142    -30.67000307137159      h 
  -11.95104082571500    144.20768017110186    -34.00093617193604      h 
  -12.86294316180556    146.70574569398545    -31.94858052951860      h 
   -8.96727359543001    145.95467015305988    -29.32911404186189      h 
   -5.59922719525023    143.32631854702149    -30.93234087704374      h 
   -8.28990248881821    141.41127331454115    -30.40846048354383      h 
   -7.41750293049252    142.33068357226841    -33.51756022339282      h 
   -6.11955765068212    148.00428372753586    -32.23812768466280      h 
   -8.01862218739331    147.24972615886784    -34.83042062824091      h 
   -9.21240863864785    149.30387867025883    -32.46863894529406      h 
  -12.63838131517594    145.62129048251245    -26.44734579921291      n 
  -11.76157337675470    146.20645484974168    -23.91444285436604      c 
  -11.99307695591455    143.86020598164026    -22.48911485860145      c 
  -10.06179949701542    142.71353983275850    -21.26762441303695      o 
  -13.67526222120731    148.04320293695162    -22.74337260845260      c 
  -13.13477283434288    150.80545931565541    -23.12840010150852      c 
  -13.50433095896827    152.24850823710756    -20.56853006703274      c 
  -13.62946404877640    151.00714765558899    -18.64272379977174      o 
  -13.58728602491347    154.56178988927078    -20.63807726507371      o 
  -13.44140501899118    147.09672890479081    -27.44641347740453      h 
   -9.92366859528318    147.03485226122530    -23.92049208992843      h 
  -15.63756975517051    147.69182029666203    -23.33014817530141      h 
  -13.58616248079141    147.79937000013948    -20.66212945790603      h 
  -11.14822733217977    151.11485206374891    -23.76320831133220      h 
  -14.27844048986534    151.74108228705822    -24.60889302782966      h 
   -8.02359426121221    138.06357271871434    -24.52855186728923      n 
   -5.41884006882684    138.47845858512514    -23.96524596162730      c 
   -4.99985521618975    138.11925628002231    -21.21835898900871      c 
   -3.06110883090479    137.25173510346988    -20.48781680320126      o 
   -4.42872259741471    140.99382635092823    -25.24622461989391      c 
   -5.26558579728086    143.45026458147501    -24.14581480844434      c 
   -4.43260521455514    145.73271896075050    -25.87021096484758      c 
   -3.28786274565162    145.30438850112344    -27.76335305035595      o 
   -5.05642464417311    147.83100092037216    -25.06914766386598      o 
   -8.91789339058145    139.60241864266806    -25.41805737362940      h 
   -4.24032091628427    136.99324527512766    -24.92503491892301      h 
   -2.41556230798731    140.93445485034638    -25.29187239451673      h 
   -5.06195199997823    140.93262266844195    -27.23879332645549      h 
   -7.33816025276672    143.54190626256315    -23.88088734859846      h 
   -4.43177790179419    143.74558909107319    -22.25608475693003      h 
    9.57378150508584    156.26086494117305    -45.89851157530843      n 
    9.62670422837142    157.41826065352845    -43.40332451417131      c 
   12.18088112799859    158.70688702458608    -42.96440549183841      c 
   12.20104585484267    161.04478831989115    -42.89606121642491      o 
    8.60508711806702    155.50998944966003    -41.45179023301191      c 
    5.69302148924540    155.51468052444281    -41.74301372851887      c 
    4.13158885852351    153.31504252355819    -40.44139128106148      c 
    3.61096574860379    153.58196417170308    -38.17649935429954      o 
    3.49378277554859    151.52516849779224    -41.85770482560041      o 
    9.60671031385589    154.33793381635485    -45.99983193155352      h 
    8.29480374761380    159.01017801955436    -43.41460458183710      h 
    9.38445432689228    153.61593800081283    -41.83069182073319      h 
    9.11504039837237    156.03276009252554    -39.53151065788428      h 
    4.99301845415655    157.29756624897297    -41.01616223909546      h 
    5.26083722701917    155.38594440433818    -43.77604544004782      h 
   11.47363361777866    166.35114849209509    -42.03292913361394      n 
   12.35290507211138    167.45416913871168    -39.70768953979618      c 
   13.89763333783466    169.85084519259200    -40.23408462903338      c 
   13.10309858477290    171.99346245415006    -39.87418487219198      o 
   14.00933930928929    165.65706382205465    -38.14660068612926      c 
   11.95266436089865    164.55284622831300    -42.40795809139644      h 
   10.75342109825354    168.09658315740930    -38.56300771730063      h 
   15.05350499018042    166.77482711690976    -36.68112946179888      h 
   12.87872052192870    164.28789184365178    -37.19513033780024      h 
   15.41072880701639    164.69290256161045    -39.30612512960213      h 
  -17.87313550472672    150.56823222770382    -36.07018567577904      h 
  -18.09239561144408    151.09211921067811    -29.75227951386271      h 
  -16.41537074344427    142.30896072461618    -31.14970153441590      h 
  -13.66589406619627    142.98957770180829    -22.36765096822188      h 
   -8.17330811172801    136.72792302431893    -25.57075512447379      h 
   -6.34660387239618    138.60644733770306    -19.98548547815528      h 
    8.15165133059573    156.72312695314989    -46.70871005190209      h 
   13.74099727131132    157.66286235674602    -42.74734725978210      h 
    9.77320952321345    166.36790379711329    -42.06189688574298      h 
   15.65706656404699    169.71162296202979    -40.90941866228341      h 
    4.15426234623158    182.04851679000720     -2.04471103387927      h 
    6.34937607107305    175.51887803039762     -0.99748141671847      h 
   -6.05200913414155    146.89910291477756     -9.56939982266056      h 
    2.26732531552849    148.03577250069287     -6.79520757165567      h 
    3.16205304589241    143.79879354812033     -8.83382374216156      h 
    9.58784650818140    148.98811516012614    -11.19505572386085      h 
   12.15024664060583    142.31970936184976    -16.38388067091167      h 
   19.99159404090796    144.90324677916055    -13.34661101461541      h 
   -9.65337771033472    180.22772715554709     -3.42939686221589      h 
   23.59124868782155    163.17281849167139     -8.38337964068978      h 
   -7.39716835753675    141.36123647112123    -40.22482911453905      h 
   -3.64610591581354    144.08083574528507    -44.38089030979903      h 
  -12.21040957164335    146.41121422866885    -45.63616834706768      h 
   -7.67489182037036    152.50717260507378    -50.60640199524069      h 
  -13.41715721760228    158.11348007584454    -47.28883593524030      h 
   -9.29329675031765    161.28071306181980    -50.27827262702105      h 
  -0.6652744191058D-01   0.1151757748911D+00   0.1462209243027D-02
  -0.9048045672758D-02   0.3328616439914D-02  -0.1817963988664D-02
   0.5875823362077D-01  -0.1716464416135D-01  -0.6056577217319D-01
   0.7086006740846D-02  -0.2274224640772D-01   0.2807616376881D-01
   0.1375272036470D-01   0.1314718582544D-01   0.8159176634004D-02
  -0.2075736054850D-02   0.8393837137504D-02  -0.1137334145951D-02
  -0.3490211786604D-02   0.1757536306142D-02   0.1002100465854D-02
  -0.3275159989878D-02  -0.4747023444236D-02   0.3360657781014D-03
  -0.3273488540818D-02  -0.7070700118491D-04  -0.3016590420528D-02
  -0.4977136431912D-03  -0.1053745133924D-02  -0.4530882096190D-02
  -0.3873850023685D-01  -0.1118623657776D+00  -0.4987920038232D-01
   0.8693918387928D-02  -0.5294122524545D-02  -0.5356798143697D-02
   0.1013221853416D+00  -0.9940276975121D-02  -0.1602530620339D-01
  -0.6789227961839D-01   0.3280327369355D-01   0.6066428742563D-01
  -0.2046348417192D-02  -0.1348753129319D-01   0.1086163496793D-02
   0.1601103619382D-03  -0.3322200980587D-02   0.1975476258153D-02
  -0.1362099851721D-01   0.7688530247358D-02  -0.9503129939140D-02
   0.3905761989341D-03   0.8086207970640D-02  -0.8232930420016D-03
   0.1018681788399D-02   0.6083636154575D-02  -0.1041113043808D-02
   0.4971778521845D-02  -0.1207969795656D-01  -0.2801571169336D-02
  -0.2935551540588D-02   0.1089837993470D-02   0.6583538466178D-02
  -0.7900460288561D-03   0.7106151769641D-02   0.7221838768572D-02
   0.4104503102404D-02   0.2721359055493D-02  -0.3904355130457D-02
  -0.3501343264408D-03   0.3379888488626D-02   0.4379510334712D-02
   0.2090358348508D-02   0.1714894217548D-02  -0.2823688052011D-02
   0.2546350916469D-02   0.2402131259678D-02   0.2592758280625D-02
  -0.9329811144937D-03  -0.1304762081165D-02   0.2602223056965D-02
  -0.1603060496629D-02  -0.2827571523187D-02   0.4427386669944D-02
   0.6733459228743D-03  -0.4537622986198D-02  -0.7400275809811D-03
  -0.2978813114101D-02  -0.1548744836665D-02   0.3298331020727D-02
  -0.6956488920961D-03  -0.7756864447653D-03   0.2566541865518D-02
   0.1129220981929D-02  -0.7542019060421D-02  -0.5150522242289D-02
   0.4431966807772D-01  -0.2552751973769D-02  -0.3822598460431D-01
  -0.2696917491643D-01  -0.1621172413815D-01  -0.2795551947790D-01
   0.4993030244024D-03  -0.6471924956409D-01   0.3340014573321D-01
  -0.2036663570154D-01  -0.8451474807756D-02  -0.1184563814937D-02
  -0.2458944896602D-01   0.3125236536027D-04   0.8237427015553D-02
  -0.9944365016492D-03   0.9917645943060D-02   0.4336751549116D-02
   0.1947097220864D-01   0.2032481333709D-01   0.1455122227338D-01
  -0.3249215766880D-02   0.2171521429564D-01  -0.1485203036335D-02
  -0.2315716302128D-01   0.5476431965322D-02   0.1535797566229D-01
  -0.2228879616024D-02   0.1388074505917D-02   0.1611543323945D-02
   0.1121910337959D-01  -0.6179241617654D-02  -0.2159952950463D-02
  -0.2311878401983D-03   0.7938903376612D-03   0.2063956162077D-03
   0.6965292572176D-02  -0.7641531851845D-02  -0.4969245368586D-02
  -0.1595480321276D-01  -0.2280137810835D-01  -0.1218965695067D-01
   0.1908612237383D-03  -0.2857283986866D-02  -0.8050738100385D-02
  -0.1056699930048D-01  -0.1727524121703D-02  -0.1412529259356D-02
  -0.3923733344774D-02  -0.4097065657509D-02  -0.1967386411068D-02
   0.7986066323353D-02  -0.9947151238465D-02  -0.6850094868445D-02
  -0.2216656535997D-02  -0.1099589602028D-01   0.3363052907168D-02
   0.1132770608871D-01  -0.8783276782800D-01   0.6920422156998D-01
  -0.3347531799126D-02  -0.1621228055956D-02  -0.1419928661454D-01
   0.2446225207508D-01   0.2581744051225D-02  -0.2226055251985D-02
  -0.9590559528868D-02   0.1323824716051D-01   0.5124467098537D-02
   0.1273089134722D-01   0.5269316433899D-02   0.1520770626649D-01
  -0.5208001253465D-02  -0.2296835391141D-02  -0.2107869675478D-02
  -0.5992036265281D-03   0.9730296136533D-02  -0.7254610680430D-02
   0.5039522529984D-02  -0.3909105392608D-02   0.1864147558566D-01
  -0.3900905154553D-03  -0.4874192819455D-02   0.1010142555508D-02
   0.8881768977612D-03   0.6299305549338D-03   0.3166073329590D-02
  -0.1065584831252D-02  -0.1126740238608D-03   0.2303611267493D-02
   0.5812989143554D-04   0.1079191586107D-02   0.2308208590817D-02
   0.7964610343658D-03  -0.2220604591736D-02   0.4686259216980D-03
   0.9268267647494D-04  -0.8939185286701D-03   0.1607264557301D-02
   0.5081595121532D-03  -0.3743545847793D-02  -0.1460502460717D-02
  -0.2292002242253D-02  -0.3622050476762D-02   0.4982082023895D-02
   0.1008494065452D-01  -0.2917322600401D-02  -0.7352472367386D-02
   0.1269674801799D-02   0.1707429452658D-02  -0.1165795685052D-01
   0.3275009787037D-03  -0.7034846220904D-02   0.6896951888624D-01
  -0.2165755857575D-01  -0.5452341357020D-02   0.4924400386691D-02
  -0.3795939817355D-02   0.3463966055618D-02  -0.1017866984397D-01
  -0.2247691759451D-01  -0.2483415958813D-01   0.1519389767159D-01
   0.1941934802151D-01   0.2025465766964D-01   0.7057214644630D-02
  -0.1303596050055D-01   0.6241657911861D-02   0.9984240574203D-02
  -0.1203788796744D-02   0.2770233403362D-03   0.9047745375269D-02
   0.1100424957642D-02   0.1112999685544D-02   0.4169380560537D-03
   0.2193169322337D-03   0.1266442122354D-01  -0.2239498625785D-02
   0.1621927334769D-01   0.1302300801198D-02   0.2246468329206D-02
   0.3832224753170D-02  -0.3562666394753D-03  -0.1010113505550D-01
   0.2413723252209D-02  -0.1852675697146D-01   0.3004076268511D-02
  -0.1130533998779D-02  -0.7192005848893D-02  -0.7178010619077D-02
  -0.5839010914697D-02  -0.5773832417040D-02   0.5114564178940D-02
  -0.3060618203156D-01  -0.1153825618475D+00  -0.1736286535868D-01
   0.1622710538621D-01   0.1238070504715D-01  -0.3085909240615D-02
   0.3738480833576D-02  -0.1421940541420D-02   0.4554729640077D-02
  -0.2308099268271D-02   0.2454123650258D-02   0.4612675166530D-02
  -0.1574123959764D-01  -0.2137704928789D-02   0.7193428126386D-02
  -0.1248597651818D-01   0.2984580919605D-01   0.7005231212530D-03
   0.1780345452702D-01  -0.3446644876622D-02  -0.3399824816147D-01
   0.2611730708679D-01  -0.2240743419506D-01   0.7117224488436D-02
  -0.2190416634810D-01   0.1672421989568D-01   0.2791162924141D-01
  -0.1565768790744D-02  -0.7324315525402D-02   0.6529234399418D-02
   0.1492999221197D-02  -0.5201364358616D-02  -0.3118222641312D-02
   0.1471087728003D-02  -0.2031204646921D-02  -0.4884551187243D-03
   0.1620490983484D-02  -0.2228224759192D-02   0.2071750585626D-02
   0.2283005479596D-02  -0.1746649589939D-01   0.2851637627025D-02
  -0.4518827126925D-03  -0.3380810601668D-02   0.3751967331915D-02
  -0.6336808521198D-02  -0.5546642309926D-02  -0.5184053986761D-02
  -0.1069092551176D-01   0.5309125627801D-02  -0.8213833092737D-02
  -0.6939298526079D-01  -0.4289706707143D-01   0.6570412978581D-01
   0.4466071402840D-01  -0.1473407407043D-01  -0.1131218042913D-01
  -0.2820368159526D-01   0.1867882691159D-01  -0.1438386174796D-01
   0.4226684667282D-02  -0.1508144727344D-01   0.3875067723941D-01
   0.9815595129771D-02  -0.8642578608527D-02  -0.9770255298758D-02
   0.3853521270538D-03  -0.1036874797603D-01  -0.1070667521945D-02
   0.2264985534051D-01   0.1878467783149D-01   0.8486155143640D-02
   0.2720658428476D-01   0.1510902052896D-01   0.7287685774129D-02
  -0.3725845701967D-01   0.1076491050926D-01  -0.3274367573390D-02
   0.5806395932990D-02   0.9888911694553D-03   0.1126789415305D-04
  -0.1116022276113D-02  -0.2612393478829D-02   0.9172582150912D-02
   0.1001107539928D-02  -0.6832261999604D-03  -0.1262499302388D-02
   0.1329240723849D-01   0.1768701650636D-02   0.1927409862899D-02
  -0.7553139722600D-02  -0.5543046177335D-02  -0.1468719789379D-01
   0.4369209589882D-02  -0.5015033236800D-02  -0.7087810799437D-02
   0.5909978583967D-04   0.3841768039250D-02   0.2059724179996D-02
  -0.6779695494553D-02   0.1704197854416D-01  -0.2675745266303D-02
  -0.3520751853850D-02   0.2721668648744D-02  -0.5075126173197D-03
  -0.1552478624577D-01  -0.5212785831901D-02   0.1542027734458D-02
  -0.5522143333214D-02  -0.1500189667712D-01  -0.3409185291324D-02
   0.1643063953322D-01  -0.1723893380582D-01  -0.5398955035744D-03
   0.4455752271414D-02   0.6341392998583D-02  -0.5927468220777D-03
   0.4353665169496D-01   0.8411040413723D-01  -0.8380486838958D-01
  -0.5751783897310D-02  -0.3689002621129D-02  -0.9531139374051D-02
   0.2807403612685D-03  -0.3559851353377D-02  -0.1066438477098D-01
  -0.2301464959420D-02  -0.8623037137560D-03   0.7425648738676D-02
  -0.7910509266542D-02  -0.4636477367985D-02  -0.4735961148971D-02
  -0.1104638255363D-02   0.7388784386070D-02   0.3615066149047D-02
   0.1744143721020D-02   0.5159488337552D-02  -0.2443089520523D-02
  -0.4655430087151D-02   0.5782855281647D-02  -0.1356690340970D-02
   0.3169155010963D-02   0.8091440466028D-02   0.3971211416502D-02
   0.8020241003446D-03   0.1187042174485D-02  -0.5226924312867D-03
   0.2919797362249D-02  -0.7693285699559D-02  -0.3999266575059D-02
   0.6398031553987D-02  -0.2345661945426D-02  -0.3076321174089D-02
   0.1406395966081D-02  -0.9363333609035D-03  -0.2819972622782D-02
  -0.4220512003484D-02   0.1228179850492D-01   0.4257382468102D-02
   0.1402315142714D-01   0.3751166226812D-02   0.9499306253115D-04
   0.3123689274484D-02   0.1443449376252D-02  -0.4327300696774D-02
   0.4031762231618D-02  -0.2273343275046D-02   0.2805772849372D-02
   0.1140244233942D-01  -0.2962110642497D-02  -0.1579609224465D-01
  -0.1565154764583D-02   0.2141776412024D-02  -0.3134089587866D-02
  -0.9240209448595D-02   0.3897865095951D-02   0.1375280155914D-04
  -0.7403040066773D-02   0.8778007483338D-03   0.1712514353957D-02
  -0.1591425070702D-02  -0.1860312276276D-02  -0.2130318758083D-02
  -0.3720150548063D-02  -0.8053619496054D-03   0.8605245935285D-03
  -0.1187029571126D-02   0.2605697933591D-04  -0.9242163249582D-03
  -0.2501040097394D-02  -0.6630645524749D-04   0.6523268841488D-03
  -0.3199267056516D-03  -0.8064915054218D-03  -0.3082161127743D-03
  -0.6904947550289D-03  -0.1333222841193D-02   0.1037379015967D-01
  -0.3304389877544D-02   0.6505037875699D-02   0.6040492231966D-02
  -0.7631126193164D-02  -0.6043740361363D-02   0.4000036859697D-02
   0.7488489139718D-02  -0.9741142116829D-02  -0.4958503024741D-03
  -0.7104479874877D-03  -0.2845590028159D-03   0.2470206215466D-02
  -0.9374637073092D-03   0.4671536233043D-02   0.9629443758472D-02
  -0.8013221204086D-02  -0.7878408215840D-02  -0.1340247073150D-01
   0.2648740220528D-02  -0.4819946839608D-02  -0.2375461171372D-02
  -0.2896569791643D-02  -0.1342724352953D-02   0.2307520141065D-02
  -0.1089931418233D-02  -0.7260451717900D-02  -0.7939918240944D-03
  -0.8927544825663D-04  -0.3244967853277D-02  -0.2476935802267D-02
   0.5055542682635D-02  -0.1256792058995D-02  -0.9405576275949D-02
   0.3442534471073D-02   0.7030915682591D-02  -0.1709659251563D-02
   0.1615271077019D-02   0.4590099011719D-02  -0.2076511532900D-02
   0.1857141116969D-02   0.2171931985840D-02   0.5967020671932D-03
   0.1487844095295D-02   0.2998593053013D-02  -0.8621072686291D-03
   0.1318002850363D-02  -0.4506262147840D-03  -0.1108472485468D-02
   0.4096254134078D-03   0.2626502285202D-02   0.1590172346253D-02
   0.1051822001956D-02  -0.3318108265310D-03   0.8805376554064D-03
  -0.2475694572830D-02   0.4116249380345D-02   0.2913669114971D-02
  -0.8178293987125D-03   0.3834098133055D-02   0.1248728351195D-02
  -0.9140923229401D-03  -0.1025313922923D-02   0.2155130281469D-02
  -0.9015639108635D-03   0.8510783126823D-03  -0.9686072674902D-03
  -0.3039724656789D-02   0.3835367819541D-02   0.2771816342557D-02
  -0.3509384907429D-02  -0.3657481733574D-02   0.5587680609707D-02
   0.6191303676013D-02   0.5338809441600D-02   0.7598366436286D-02
   0.2781854432266D-02  -0.7955371178430D-02   0.8124778809155D-02
  -0.4328865735164D-03  -0.3066295921530D-02  -0.1189419411143D-01
   0.1430118489673D-02  -0.2343798357590D-02   0.5326100584392D-02
   0.6378130143072D-02   0.1256459248665D-02   0.4389029117549D-02
  -0.5346272693530D-02   0.9038840817740D-03  -0.3624838999297D-02
   0.7493020300605D-02  -0.1962564972533D-02   0.8490471555880D-03
  -0.1038839636641D-01   0.2518895947218D-02  -0.9463779651915D-02
  -0.3372544152258D-02  -0.4272343329012D-02  -0.7691792024868D-02
  -0.4749727359949D-02   0.2122398327609D-02  -0.1018901432251D-01
  -0.4055490355902D-02  -0.1053899864317D-02   0.6163872377936D-02
   0.2141559766620D-04  -0.9466618662103D-03   0.5026207129318D-02
   0.1097332049550D-02  -0.4027166108842D-03   0.9235253897624D-03
  -0.1714416424361D-02   0.7536917825129D-04   0.7232419881717D-03
  -0.8723065813081D-02   0.1648005456774D-02  -0.3481451862585D-02
  -0.3683852309560D-02   0.6596848232493D-03   0.8121506459595D-02
   0.1250163077665D-01  -0.4234113311495D-02   0.1044598093598D-01
   0.1691522774552D-02  -0.1530138014971D-02   0.3721892876893D-02
   0.2144197648701D-02   0.9575514278887D-03   0.3046812956170D-02
  -0.6260342055931D-02   0.5827837094270D-02   0.6873462880016D-02
  -0.5511789775940D-02  -0.6300467597025D-02   0.5983408901953D-02
   0.6471810057220D-02  -0.6736233461730D-02   0.1680731179748D-02
  -0.7936819243474D-02   0.6580862412981D-02  -0.2196683315388D-02
   0.2973413518081D-02   0.2325777886890D-02  -0.6123815953766D-03
  -0.7126282101777D-03  -0.4166930194175D-02   0.1836062161512D-01
  -0.6942965380675D-02  -0.1663307423711D-01   0.2199737982884D-01
  -0.7348719415445D-02   0.1552545052255D-01  -0.5207042379078D-02
   0.5689697584224D-02  -0.4497484061710D-02  -0.8726056667317D-02
   0.5066262844645D-02  -0.2249786633291D-02  -0.5517467309910D-02
   0.1048504617095D-02   0.2131303687286D-02  -0.5564077821990D-02
   0.3575437306940D-03   0.4817365078315D-02  -0.3722140191004D-02
   0.4745649119609D-02   0.1455566627506D-03  -0.6860415347916D-02
   0.8534066802860D-02   0.9596127464612D-02  -0.4306790109094D-02
  -0.5388956683588D-02   0.5300410389684D-02  -0.4261638510042D-02
   0.2385395562196D-02   0.1241347979188D-02  -0.1614206977186D-01
  -0.1569001337514D-02   0.9220205693030D-04  -0.1494973741727D-02
  -0.6847349576436D-03  -0.7384084591205D-03   0.1346342127233D-02
   0.1188381759518D-02  -0.5781947993187D-02  -0.6021854599646D-03
   0.1281411860615D-02   0.2995776848544D-02  -0.4121286569003D-02
  -0.2950723425020D-02  -0.2628645078740D-02  -0.1154484007853D-02
   0.5839542284465D-02   0.3957489672538D-02   0.4144861601849D-02
   0.1733896104626D-03  -0.3513510294766D-02  -0.9568373349673D-02
   0.2695240332604D-02  -0.4929520971008D-02  -0.2537992635049D-02
  -0.5610763061859D-02  -0.8284144274360D-02  -0.7602483121336D-02
   0.5849059650207D-02   0.6793358262477D-02   0.4910372302345D-02
  -0.2892784309574D-02  -0.7149355348854D-02  -0.1771244081244D-02
  -0.1020887150160D-02   0.6315057614571D-03  -0.9253958639618D-03
  -0.1072881790309D-02   0.3188897552730D-03  -0.1889435168569D-02
  -0.1232592415706D-02   0.5937852132893D-02   0.4991364463028D-02
  -0.2423104238580D-03  -0.1600267254230D-03   0.3452940916797D-03
   0.1175506386273D-02   0.2195482642682D-02  -0.2385504156444D-02
   0.4297812963118D-02   0.5187527195350D-02   0.6171052146626D-02
   0.1918176441670D-02  -0.3674510583691D-02   0.1406222282449D-02
   0.1398821002065D-02  -0.9440431446857D-02  -0.2502251468472D-02
  -0.3189706711934D-03  -0.1331658244234D-01  -0.1247362864917D-02
   0.4470315349135D-02   0.7226426999814D-03  -0.1127855084297D-02
   0.2336925155929D-02   0.3208731515160D-03  -0.6132946061596D-03
   0.8379593590240D-03   0.5200571247513D-02   0.1204880518773D-03
   0.9531420360665D-02  -0.6999821719800D-02   0.7540536754474D-02
  -0.1389354930969D-01  -0.1335108273616D-01  -0.3265278343377D-02
   0.3946346311184D-02   0.6769591334697D-02   0.1172146396437D-02
   0.2200826546750D-02   0.3367113804784D-02   0.1259580752638D-02
   0.1607909067929D-02  -0.5268976672545D-03  -0.1326912291783D-03
   0.3298052058451D-02  -0.3114289832695D-02  -0.3636119286467D-02
   0.1417368664510D-01  -0.2029133904084D-02   0.3724399322075D-02
   0.8271619914799D-02   0.8171796469583D-02   0.2417209534530D-02
  -0.7302490876843D-02   0.1976596586022D-01   0.2680873030256D-02
  -0.2176578689550D-02   0.4550096309844D-02  -0.6362174388117D-02
   0.2675542726061D-01   0.2135389142722D-01  -0.6008602620809D-03
  -0.3042206066000D-01   0.6437944201474D-02   0.8320576957167D-03
   0.1307291863321D-02   0.8396364042183D-02  -0.5957246484958D-02
   0.8330075934844D-02  -0.2681843319544D-02   0.5431425080113D-03
  -0.4538684766716D-02   0.5227511101629D-02   0.3415461840948D-02
  -0.1808525229519D-02  -0.4036218344659D-02   0.3591051124739D-03
   0.3308612210203D-02   0.2705005628493D-02  -0.5608739690357D-03
   0.1876143355194D-02  -0.1843281635429D-03   0.3006595007098D-02
  -0.2073899756199D-02  -0.5508672984277D-02   0.7311029093995D-02
   0.4122565948045D-04  -0.2513699978342D-03   0.1784173557165D-03
  -0.3184905050550D-02   0.1857631395101D-02   0.1804231434895D-03
  -0.2124236017407D-03  -0.6563600809950D-02  -0.1729841522943D-02
   0.1169788583361D-02  -0.2092747913602D-02  -0.1154124384055D-02
   0.9384327743285D-03   0.4141666140358D-04   0.2586192072473D-03
  -0.1303164150800D-02   0.2124576296750D-02  -0.2132505605033D-03
   0.2096647033249D-02   0.6106797981451D-02  -0.5737278069424D-03
   0.2141050583306D-02   0.2912185912452D-02  -0.5122001825442D-02
   0.5323923171643D-02   0.8930197904211D-02   0.1978051985609D-01
   0.7508079672713D-02  -0.2539516676948D-02  -0.1270902521367D-02
   0.6118639005339D-01  -0.3743437629590D-02  -0.4897946950690D-02
  -0.5171198169029D-01   0.6816814544114D-03   0.1374777241525D-01
   0.6376312402511D-02   0.5107437345098D-02  -0.5531616674036D-02
  -0.5081369563415D-03  -0.8525730159934D-03   0.2020577637173D-03
  -0.8440930744047D-02   0.3947769583311D-02  -0.2228105686413D-02
   0.1183449799844D-01  -0.6329301755323D-02  -0.8435508024425D-02
  -0.6395552864203D-02  -0.4236254904129D-02  -0.7622847462740D-02
  -0.2156562111822D-01  -0.6574625609517D-02  -0.3305602542792D-02
   0.1754174621620D-01   0.2610900968302D-01   0.1162223954335D-01
  -0.3078939772083D-02  -0.1376242827282D-02  -0.2037429936383D-02
  -0.4033975828587D-02   0.8354972313886D-02   0.3656738487105D-02
  -0.6958999993262D-02   0.6025340047696D-02   0.4560439562189D-02
  -0.4609666776585D-02  -0.3525931792030D-02   0.4062731707407D-02
  -0.3977772579405D-03  -0.2409559526894D-03   0.8341627929809D-03
  -0.6315218395394D-03   0.1727797516348D-02  -0.6805095555815D-03
   0.6285342557338D-03  -0.2075595631280D-03   0.2045058802608D-03
   0.4830412920383D-02  -0.6929379630876D-03   0.3712593630161D-02
  -0.3401722189805D-02  -0.5376341609961D-03   0.1909797936950D-02
   0.6903752341677D-02   0.4420524344881D-02   0.8321072974593D-02
   0.4185231915686D-02  -0.1784704883232D-02  -0.2598308573063D-02
  -0.1142010120975D-01  -0.4585343444367D-02   0.2509438337521D-02
   0.9537753280791D-03  -0.5539145687940D-02  -0.4943635903143D-02
   0.7384506090207D-02  -0.1375759042740D-01   0.2890682029745D-02
   0.3696158555962D-02   0.5378199601329D-02  -0.6521480484812D-02
   0.2566915109335D-01   0.3824021646350D-01   0.8266427865146D-02
  -0.1005138397135D-01  -0.2676967969390D-01  -0.8405243996452D-02
  -0.4412929790519D-02   0.7984785678610D-03  -0.1992283487018D-02
   0.1244351076133D-02  -0.6173324530541D-04   0.2267161186149D-02
   0.4288909507037D-02   0.5499133523942D-02   0.6024334232623D-02
   0.9516658688272D-03  -0.6999995006785D-03  -0.1016073337305D-02
  -0.2163166628976D-02  -0.3921437867102D-02   0.4561006781024D-02
  -0.1764137355983D-02  -0.8127433233703D-02  -0.1934727824537D-02
   0.2953308346242D-03  -0.5328556939642D-02   0.1224517148149D-02
  -0.2837830862206D-02  -0.5695413383591D-03  -0.5733050984171D-03
  -0.9052959986863D-03  -0.1387894551795D-02  -0.1587029982543D-02
  -0.4975251310816D-02  -0.1239031402678D-01  -0.2964380522458D-02
  -0.9502410617315D-02  -0.4137753217290D-01  -0.4701655125087D-03
   0.4099185137367D-02  -0.4099397206370D-02  -0.2091539997699D-02
  -0.2964982961396D-03   0.4800723239540D-02  -0.2542698159312D-02
  -0.2245534295760D-02  -0.2019546124534D-02  -0.6830535478817D-02
   0.1360117709904D-01  -0.1730370572916D-03  -0.5094667777627D-02
   0.3061514737098D-02  -0.4364158575652D-02  -0.1072756788627D-01
   0.2711425603510D-02  -0.2059895857435D-02   0.1842683831729D-01
   0.3776822030669D-02   0.8174504016780D-02   0.3913910821098D-02
   0.5552592419450D-02   0.6260316097544D-02   0.2089822582372D-02
  -0.1339827173332D-02   0.1371508640859D-02  -0.5647604088827D-03
  -0.8965267894358D-02   0.4459838126949D-02  -0.1769276482471D-02
  -0.3627691890754D-02  -0.3396230427230D-02  -0.4873258266800D-02
  -0.6735890215383D-02   0.5773450753884D-02  -0.1632373735419D-02
  -0.4690800625426D-02   0.2115517015127D-02  -0.1744253695142D-01
   0.5144655843171D-02   0.1547396607843D-02  -0.5430701254331D-02
  -0.1725999655077D-02   0.3095455054242D-02  -0.1368116496249D-02
  -0.3450128562013D-03  -0.3686351537940D-03  -0.1661909301725D-02
  -0.2269877015068D-02  -0.5508092656010D-03   0.5568829899669D-03
  -0.2521122670921D-02  -0.5045740133802D-02  -0.2220040372045D-02
   0.1066146111135D-03   0.2890642742143D-02  -0.7300411017788D-02
  -0.6726426017494D-02   0.6298678648665D-02   0.1096491906180D-01
   0.2664378365201D-01   0.1774516217986D-02  -0.2691837553683D-02
  -0.3348410221146D-01  -0.5181856761838D-02   0.5994909842659D-02
  -0.6182038953720D-02  -0.1924670972009D-01   0.9001703338339D-02
  -0.8650113993622D-03   0.8260137923023D-02  -0.2523212266634D-02
   0.9292720644589D-02  -0.1585308504925D-02   0.5151119355164D-02
  -0.2705686732839D-01  -0.3052426290354D-02  -0.3671811205888D-01
   0.6328869247622D-02   0.4258941773261D-02   0.2203149658996D-01
   0.1080061065826D-01  -0.1227163679795D-01   0.3062095243283D-01
   0.8006216458082D-02   0.2074921296339D-01   0.6509692477458D-02
   0.6057429530806D-03   0.4507228161087D-03   0.5137803747844D-04
  -0.3134461367129D-02   0.3036659293459D-02  -0.3484516581244D-02
  -0.2618126480201D-02   0.3294112845675D-02  -0.2137564477926D-02
   0.4326573003637D-02   0.3590488312372D-02  -0.6758685044946D-02
  -0.7376108160548D-03   0.1260974537556D-02  -0.5077644922919D-03
   0.1205556955012D-03   0.1312919282128D-02   0.4183243418701D-02
  -0.4716961559309D-02   0.3336258949179D-02   0.1470638514666D-02
  -0.2325142835904D-02  -0.3456675062819D-02   0.4581782726269D-02
   0.6729900045890D-02  -0.4306057231815D-02   0.6361096594196D-02
   0.1489411936156D-02   0.8639093125587D-02  -0.2514702870718D-02
  -0.2861256791321D-02  -0.4610574233187D-02  -0.1587372055779D-01
  -0.1744202756285D-02   0.1071753453940D-02  -0.2232102823316D-02
  -0.7066589764520D-02  -0.6181029287667D-02  -0.7744212834278D-02
   0.1979066166126D-01  -0.2805049469705D-02   0.2977642392518D-02
   0.5445464360062D-02  -0.8963582062010D-02   0.4421160470575D-02
   0.2180006575164D-01  -0.6328865231742D-03   0.1036301605422D-01
  -0.3737017485281D-01  -0.3583520919328D-02   0.8317134471720D-02
   0.3863675931000D-03   0.1107393518550D-01  -0.3935822882567D-03
  -0.1718672943022D-01  -0.1696700293890D-02  -0.6266614713292D-03
  -0.5309756387826D-02   0.8742624426718D-03   0.3614884009372D-02
  -0.4227789310926D-02  -0.6439345157733D-02   0.3863052908103D-02
  -0.4566564290953D-02  -0.4659759389811D-02  -0.4760147407801D-02
  -0.2617764084960D-02  -0.1874861345694D-03   0.1209932779223D-02
   0.2339255653635D-01  -0.1267205149397D-01  -0.6888316637860D-02
   0.8872278474858D-02   0.6601373359763D-02  -0.5445613683550D-02
   0.1141281347623D-01   0.1623860233186D-01   0.1613413605332D-01
  -0.1011139118267D-01  -0.5860590287991D-02  -0.1548478630450D-01
   0.4805666913783D-02   0.3486313748127D-02   0.5825774741978D-02
  -0.1801303542801D-02   0.1277885949074D-02   0.3057041847530D-02
  -0.1536100457099D-02   0.6220410211742D-02   0.4395428758667D-03
  -0.4177940810874D-02   0.2515336970820D-02  -0.3541423118699D-02
   0.1005310613919D-01  -0.1555403380118D-01  -0.9504056858291D-02
  -0.1287036691748D-01   0.3822716246424D-03  -0.1544752154551D-03
  -0.7899962470085D-02  -0.7966621154440D-02   0.4718236777829D-02
  -0.2752536509381D-02   0.2811023264068D-03  -0.2703006971313D-02
  -0.2825844421158D-02  -0.7089162315364D-03  -0.9489090280915D-04
  -0.2895458468880D-02  -0.1495692027370D-03  -0.1360345090921D-02
  -0.1755877135815D-02   0.1094135976870D-02   0.2394096643206D-03
   0.4866049079343D-02   0.8367048356199D-02   0.1191437706771D-01
  -0.1037843662484D-01   0.1416778404439D-01   0.5876963217098D-02
   0.9565676634188D-02  -0.2034488496811D-01  -0.7169342713813D-02
  -0.9515253282692D-02  -0.1808469391923D-02   0.7825565346246D-03
   0.9694675348309D-02  -0.1525868538877D-02   0.1305981803975D-01
  -0.1332570334924D-01   0.5952148925324D-02  -0.1039790717645D-01
  -0.3603973611257D-02   0.2055295471496D-01   0.6854396473607D-02
  -0.5930829497312D-02   0.6189198135671D-03  -0.3763454499129D-02
  -0.3416089108978D-04   0.9522240283198D-03  -0.1419270026512D-01
   0.2803243182329D-02  -0.3215934714529D-02   0.3199308191136D-03
  -0.1685190025355D-03  -0.4357535330300D-03  -0.7035127481767D-03
   0.8395724571665D-03  -0.1781363801300D-02  -0.1437933544687D-01
   0.1585669087955D-02  -0.3988482841269D-02   0.5943255499117D-02
   0.1093970036454D-01   0.4541891262309D-03   0.2573220595531D-02
   0.5174378736472D-01  -0.5370122015987D-02   0.2279231702027D-02
  -0.5340157511689D-01   0.7802592138871D-02   0.2091897960209D-02
   0.2026974073052D-02   0.1570765920882D-04   0.1788975141726D-02
  -0.3141501084991D-02  -0.2249386382142D-02  -0.8463308444405D-03
  -0.5767300950262D-03   0.8800650911849D-03  -0.6661432220068D-03
  -0.7123510659115D-03  -0.2611078494581D-02  -0.8868323222885D-02
   0.5247278802193D-02   0.4587155473373D-02  -0.1734097135686D-02
  -0.8034734091494D-02  -0.4125246931289D-02   0.1187613590337D-01
   0.3830025353669D-02   0.3442915403091D-02   0.1718446737993D-02
  -0.4632710892118D-02   0.2007713495767D-02  -0.2064831527493D-02
  -0.9417998636089D-03  -0.1223139188793D-02  -0.1157398191458D-02
  -0.2241883990602D-02   0.2814287654906D-02   0.2183302420300D-03
  -0.9246936500617D-03  -0.4876031505073D-03  -0.2749223591983D-03
   0.1185342387933D-02   0.1471139162985D-02  -0.1315343776669D-02
  -0.1032707859337D-02  -0.1572630404982D-03  -0.5756703408781D-03
   0.5377241927549D-03   0.1171462553270D-02  -0.9335030698981D-03
   0.2054045525081D-02  -0.1260700818038D-03   0.3130634109831D-02
  -0.1395924864235D-02   0.9633755700369D-04   0.1870696573092D-02
   0.4228957404441D-02   0.2750929210587D-02   0.9433797136510D-03
  -0.5534476498603D-03  -0.1568885043711D-02  -0.6047494093507D-02
  -0.1802362351682D-02  -0.6886678354419D-03   0.1674429692692D-02
  -0.3718373323772D-03  -0.1489767529680D-03   0.2008853817221D-03
   0.1073880099007D-01  -0.6257440476773D-02   0.5049724677144D-02
   0.7566410105959D-02  -0.5186607873830D-02   0.5925738391006D-03
   0.5685859231708D-01  -0.1933016949994D-01  -0.1338388499582D-01
  -0.6156242656295D-01   0.9760553590019D-02   0.9018277644911D-02
  -0.3321258648609D-02  -0.2055444711268D-03  -0.1562341162520D-02
  -0.1720843173334D-02  -0.1446138109039D-02   0.1202979021634D-01
  -0.2655010517027D-02   0.2080162833548D-01   0.2661680537033D-01
  -0.8299690942008D-03   0.3569311407578D-02  -0.3106578844496D-02
   0.3905439433113D-04  -0.1374586124168D-01  -0.3157246963423D-01
  -0.8499312822045D-02   0.7236166039856D-03  -0.1946174585590D-02
  -0.5367907020840D-02  -0.3943474620891D-02   0.4586221517737D-02
  -0.2525768204901D-02  -0.2563037698028D-02   0.1951395415876D-02
   0.4214370142010D-04  -0.2333797017396D-02  -0.4196013271216D-03
   0.3637521078019D-02   0.8011497161742D-03  -0.1253781660374D-02
  -0.2145614386647D-02  -0.1937931126550D-02  -0.3082518746800D-02
   0.4483232788586D-02   0.4264707729303D-02   0.3153568584883D-02
  -0.1555457823763D-01   0.7335888960646D-02   0.8132737980982D-02
   0.4961360357732D-01  -0.3464840760879D-02   0.3526287184046D-01
   0.2004602136854D-01  -0.9508138689386D-02   0.1390744899564D-01
  -0.1981087367451D-02  -0.2081748813660D-01  -0.5695353900873D-02
   0.6047885603149D-02   0.8830062891894D-02  -0.5900995334779D-02
  -0.1215218950359D-02  -0.1928685999973D-02  -0.1580519973492D-02
  -0.7025454687617D-03   0.3725273095667D-02  -0.2582142675397D-02
  -0.5511893414728D-02   0.9466276488104D-02   0.1376080296021D-03
   0.9910923997383D-02   0.1163011650761D-01  -0.1638785730911D-02
  -0.5913137044311D-02  -0.5590994623849D-02  -0.5320573084034D-03
  -0.1093812314222D+00   0.3391196928869D-01   0.5349905437692D-01
  -0.1545746578489D-01   0.6881626572689D-02  -0.6278697028755D-02
  -0.2067737540221D-03  -0.4364742477204D-01  -0.3714013354949D-01
   0.1164422367051D-01  -0.7723142331783D-02  -0.1899701716237D-01
  -0.1179137678963D-01  -0.1793775451160D-02   0.1521080616784D-02
   0.1910310101715D-02  -0.1218791830506D-02   0.7329038497961D-02
  -0.1818964424858D-01   0.9341175578187D-02   0.4826271870616D-02
   0.5826970710696D-02  -0.1865002730476D-01   0.6867911676896D-02
   0.9199960181803D-02  -0.3093785866078D-03  -0.2243239804183D-01
   0.1106678261744D-01  -0.1928833003427D-01   0.1066589943711D-01
   0.6821638306115D-02  -0.9862911252447D-02  -0.6046049154536D-02
   0.3073775791145D-03  -0.1093540779609D-03   0.6772637367291D-02
   0.5480787486904D-02  -0.1248652705012D-01  -0.2943942129571D-02
  -0.8708075903634D-02   0.6965709698553D-03  -0.5632447990558D-02
  -0.2033387039534D-02  -0.4035711955660D-02  -0.8197282351530D-03
  -0.1108700548696D+00  -0.3464792954336D-01  -0.2427348005099D-01
  -0.7459168192003D-02   0.7285665189896D-02   0.1087404431168D-01
   0.1611567346916D-01   0.4349420711440D-01  -0.3667058817404D-01
   0.4096106457495D-01  -0.3868419300160D-01   0.2711110943475D-01
  -0.6726603249378D-02  -0.6999914646891D-02   0.1001216873621D-02
  -0.7943296843178D-02  -0.1032613389255D-01  -0.1685636529140D-01
   0.3884926705185D-02   0.7548559192624D-02  -0.1408863965295D-01
  -0.9815365648153D-02  -0.5400753806265D-02  -0.7718410381664D-02
  -0.1270772786333D-02  -0.7717068920033D-03  -0.1526438215172D-02
  -0.1133722641542D-02   0.2067629759122D-02   0.5992284473659D-04
   0.1356707374524D-02   0.1498780079414D-02   0.9398177811433D-02
   0.9762217214820D-02   0.6291500257031D-02  -0.1298675392636D-02
   0.5999495193411D-03   0.3712780464271D-02   0.3193263200296D-02
   0.1351189651547D-02  -0.1979915484023D-02   0.8571544595007D-02
  -0.1854177247927D-02  -0.1534081974870D-02   0.3581768331010D-02
   0.2578880557106D-03  -0.2196972631067D-02  -0.3951893188380D-03
  -0.4442432890714D-01   0.5108677994074D-01  -0.2799680604191D-01
  -0.2240450417946D-01  -0.2498420552339D-01   0.3798869529228D-02
  -0.6090582252731D-02  -0.8422746015555D-01  -0.2950402042170D-01
  -0.4071385194840D-02   0.2639578157528D-01   0.6989496971492D-04
  -0.1501173382710D-01  -0.1684669672377D-01   0.1137685728683D-01
  -0.5187577151521D-02   0.4599237169122D-02   0.1190838280434D-01
  -0.5793711572490D-02  -0.1644806156483D-03  -0.1110142658192D-01
  -0.8734391914781D-03   0.1433794675430D-02   0.2464058087960D-01
   0.2082827293375D-01  -0.1900904744226D-01   0.1838258792230D-01
   0.1693826329983D-02   0.3520182837079D-02   0.2116187054635D-02
  -0.4364166323271D-02   0.6621165610439D-02  -0.4240403548440D-02
   0.7515324008550D-02   0.6022778621849D-02  -0.1266856721428D-01
  -0.3655709452752D-02  -0.3570599117870D-02  -0.7548905104800D-02
   0.2820731689403D-02   0.4161710766926D-02  -0.1756232403994D-01
  -0.1136539548839D+00  -0.4076090396466D-02   0.3008719731858D-01
   0.3095198424063D-02   0.2610087958930D-01   0.4716058159703D-02
   0.5187059572727D-02  -0.2473754028609D-01  -0.7098327614206D-01
  -0.1375090699134D-02  -0.1250403660086D-01  -0.6484851297621D-02
  -0.3700107907404D-02  -0.5615750210384D-02   0.7295050381915D-02
   0.5605443241857D-02  -0.7117992518051D-02  -0.7416186330349D-02
   0.8305640189767D-02   0.1953918115879D-01  -0.9413783957916D-02
   0.3756855495558D-01   0.2669315523275D-01   0.1655159713679D-01
   0.1287127317549D-01  -0.8628853425201D-02  -0.7638343609554D-02
  -0.4837476699404D-01  -0.1918535193577D-01   0.9959847491404D-02
   0.1974024803111D-01  -0.1564126308194D-01  -0.2166018073676D-01
  -0.1760977518181D-01   0.2472112667721D-02  -0.3736902303527D-02
   0.4971239337416D-03  -0.6765649108657D-02  -0.6822299964994D-02
   0.1553023871201D-02  -0.1553020685205D-02  -0.3122733392830D-02
  -0.7188660935061D-02  -0.7102231681713D-02  -0.6691375264972D-02
  -0.1913403008248D-03  -0.3026862728496D-03   0.1243693215017D-02
  -0.3994584779018D-02  -0.2339197506353D-02  -0.6620184880564D-03
   0.2152975759552D-02  -0.2455632371877D-01   0.4078416379685D-02
  -0.1132117311539D-01  -0.7292356053003D-02   0.5374273208401D-02
  -0.1319292187186D-01  -0.4486739767525D-02   0.4831149707877D-02
   0.6938546997754D-02  -0.1773617634613D-02  -0.5097240017019D-02
   0.1027817281427D-01   0.1845210588766D-01   0.5627772661386D-02
  -0.1449495776018D-01   0.4330273406842D-03   0.4541107584297D-02
   0.3175519939372D-02   0.9342024397945D-02   0.8094544186433D-02
   0.4274337560952D-01  -0.4464085270091D-01  -0.1001048716150D+00
   0.8218809462078D-02  -0.2081263410210D-02  -0.2950493902761D-02
  -0.2774996574115D-01  -0.1848516499035D-01   0.5553463777554D-01
  -0.5300882927869D-01   0.9485308053938D-02  -0.1741627814952D-01
  -0.1048852590863D-02  -0.4504528530137D-02  -0.1644689921758D-01
   0.5249039262213D-02  -0.1268659219044D-02  -0.1211939678887D-01
  -0.8248157686686D-02   0.7241490160380D-02  -0.1809353970054D-01
  -0.3233234221381D-02  -0.1361838127538D-01   0.1921779014816D-01
  -0.7101329975278D-02  -0.2122933013198D-02   0.2305086359620D-04
   0.1039606281080D-01  -0.2168123507656D-01   0.4569132143022D-03
   0.7389919623879D-03   0.4102955942511D-03  -0.4884731875609D-02
   0.1670206458489D-03  -0.1909070474110D-02   0.6246916462498D-02
  -0.6134635527052D-02   0.3930459399542D-03   0.3736972113779D-02
  -0.1877736895622D-02   0.1056434104728D-02   0.2080866558474D-02
  -0.2717134847486D-03  -0.1029129351697D-02   0.7991985891281D-02
  -0.2734606031549D-01  -0.7958096751916D-01  -0.8353391405844D-01
   0.3117494387658D-03  -0.1978853719486D-01   0.6400731897845D-02
   0.5839056219493D-01  -0.3477804578173D-01   0.4172275458698D-01
  -0.4152861524606D-01   0.4855516049570D-01  -0.3238796931733D-01
  -0.1183530000557D-01  -0.4932258786060D-02   0.1027232240638D-01
  -0.5853002813708D-03  -0.7244896750402D-02   0.1738662041760D-02
  -0.1243789528382D-01  -0.5138688352121D-02   0.6279688627003D-02
  -0.2961970303711D-02  -0.6063076134650D-02  -0.1217100409315D-02
  -0.1252025848889D-01   0.2597151355220D-02  -0.6439069047292D-02
  -0.1666553981040D-02   0.3168507552993D-02  -0.6672941649258D-03
  -0.5823332960060D-03  -0.8919913039135D-03  -0.7117548788967D-02
  -0.3552045449744D-02   0.5477619741841D-02  -0.1208015355349D-02
  -0.6367578527941D-03   0.9280331766644D-03   0.3024303059874D-02
   0.4115402770337D-02   0.8472096379920D-03   0.7644398788257D-03
  -0.2124653711607D-03  -0.3012967247384D-02   0.1589515353761D-02
   0.1741659786992D-02   0.6296734261819D-03   0.1510112364849D-02
   0.2471400406491D-03   0.7293629646919D-03   0.6861978926132D-03
  -0.3293759094316D-03   0.2427836895123D-02   0.1973883391795D-02
  -0.4208184461486D-02   0.7579634561328D-02   0.8026522532308D-03
   0.1245319354025D-01  -0.2963987308063D-01   0.6027393928527D-02
   0.3062877980258D-01  -0.1132303570050D-01   0.8362431195880D-02
  -0.1672009276905D+00   0.4853441037534D-01  -0.6513929523402D-01
   0.1009720233530D+00  -0.6358347927693D-01   0.4990541841887D-01
   0.1008220900522D-01  -0.8918105304155D-03  -0.1486220438512D-01
  -0.1215337497524D-01  -0.1586874907561D-01   0.1136624209840D-01
  -0.5969781465521D-02  -0.1702458932279D-01   0.4444519382532D-01
   0.2386593745655D-02   0.3322659203042D-01  -0.5182524129804D-01
  -0.1618171689653D-02  -0.2192226061024D-01   0.5857648041746D-02
  -0.6345587677721D-02   0.1397797575831D-01  -0.8237968182793D-02
  -0.1946897180714D-01  -0.2908651029171D-02  -0.1217735123466D-02
  -0.8282017711101D-02   0.7798332574864D-02   0.6220005589509D-03
   0.1433678030082D-02   0.3328087972858D-02   0.6437601459792D-02
   0.1131045878520D-01   0.2683315881716D-02  -0.7237512763020D-02
  -0.1912035289241D-02   0.6345731136531D-02  -0.7772575357801D-02
   0.2100096101507D-01  -0.1092193781628D+00  -0.6506306597099D-01
  -0.9347667164312D-02  -0.8466050383072D-02   0.3004793536539D-01
  -0.3589722145957D-01  -0.3981270070707D-02   0.5576564555093D-01
  -0.4299946940432D-01   0.2015284832864D-01  -0.2339936799609D-01
   0.1224468260622D-01   0.1761120706046D-01   0.1194178221488D-02
   0.7827315160288D-02  -0.7592039634851D-02  -0.1290760774207D-01
   0.3369855060550D-01   0.6502891980954D-02  -0.5409183454931D-01
  -0.4265792238781D-01   0.1660992147776D-01   0.6339091528735D-01
   0.1012003048327D-01  -0.2456989397900D-01  -0.1160281411951D-01
  -0.1860297542581D-01   0.2316509306327D-01  -0.2121810221873D-01
   0.3542904945289D-02  -0.5743512379946D-02  -0.6955238851434D-02
  -0.1929127260565D-01   0.4695573048742D-03  -0.1138105440181D-02
  -0.1295304340484D-02   0.2328848939832D-02  -0.8215981078159D-02
  -0.1513128364453D-01   0.2240258572287D-02   0.4318869303056D-02
   0.6859246071070D-03  -0.3334941905490D-03   0.4176240504498D-02
  -0.1111409833892D+00   0.3426391834181D-01  -0.4507346554777D-01
   0.4016728422457D-02   0.4705473432269D-02  -0.1181626292169D-02
   0.7474214104187D-01  -0.6880212804103D-01   0.5940065084065D-02
  -0.8398092605390D-02   0.4294878031477D-01  -0.3332964790354D-03
   0.4337888636416D-02   0.3776151019286D-02  -0.6030093318918D-02
  -0.5453153696951D-02   0.6523943213425D-02   0.5275790301057D-02
  -0.4644821331331D-02   0.6875660259906D-02   0.1970914589128D-01
   0.2244033874656D-02  -0.3689079029962D-02  -0.1101451736227D-01
  -0.7504187415690D-02  -0.8175310613891D-02  -0.5588116425059D-02
  -0.7246156389178D-02  -0.3714054566578D-02  -0.1244243515579D-01
  -0.5776430608231D-03  -0.5734597487404D-03   0.1735870094558D-02
   0.2821294949206D-02  -0.5316124976251D-02  -0.1025938711361D-02
   0.5020143408680D-03  -0.3809730705603D-03  -0.2436642879254D-02
   0.2897469513387D-02  -0.2670593303271D-02  -0.2417220288638D-02
   0.1616920951721D-02   0.1260532475042D-02  -0.6224992165233D-02
  -0.1166920848929D+00  -0.5014079301715D-02   0.8838937476961D-02
  -0.1424798754609D-01  -0.5626870157787D-03  -0.1224645956601D-01
   0.7394225860825D-01  -0.2521489050410D-01  -0.2404139506996D-01
   0.1339412017422D-02   0.1643084967013D-01  -0.1027094588499D-02
  -0.1897481303920D-01  -0.1874464772313D-01  -0.1099611376141D-01
  -0.1412588024697D-01   0.2632380498595D-02  -0.4923525582207D-02
   0.2197507458421D-02   0.2077913697615D-03  -0.2023706294350D-02
   0.8672032310823D-02   0.8982035097120D-02   0.1115033714894D-01
   0.8695846694546D-02   0.8873479242501D-02  -0.4008912594359D-02
   0.3232670811539D-02  -0.2848069341188D-02   0.2414972738098D-02
  -0.4976015460851D-01   0.8575055046680D-01   0.9729975173058D-01
   0.8343131385890D-01   0.7578122002223D-02  -0.2107715371008D-01
   0.6334921351653D-01   0.9254220547191D-01   0.8135302525952D-01
   0.6316457396157D-01   0.3017302052034D-01  -0.9733091221474D-03
   0.1568968433182D-01   0.1081234029094D+00   0.8293383207234D-01
   0.6236296182513D-01  -0.2227585822082D-01  -0.4383052294511D-01
   0.1119084247314D+00  -0.4132882276565D-01   0.6844182590018D-01
  -0.6010148802491D-01   0.4066907319216D-01  -0.6701695168344D-02
   0.1378418286748D+00  -0.7534804475632D-02   0.7169449431938D-02
  -0.7105360850676D-01   0.1706236691691D-01   0.2931760527080D-01
   0.7117585744050D-01  -0.1164005660260D+00  -0.1244164313137D-01
  -0.6283527761280D-01   0.2059384845819D-01   0.4517019033319D-01
   0.2431848166058D-01   0.1244394751114D+00   0.5434151880371D-01
   0.2388620739543D-01   0.6382384035529D-01  -0.3491459447268D-01
  -0.2087504544840D-01   0.9841280297496D-01  -0.9607960917409D-01
   0.9195705714277D-02   0.1253371218695D-01  -0.7777119818425D-01
   0.1288377200308D-01   0.1372112102696D+00   0.6996287679236D-02
   0.3720547237252D-01   0.3916770820072D-01  -0.5286253810432D-01
  -0.2722364121050D-01  -0.9531573506180D-01   0.9520394007904D-01
  -0.5888159887475D-01  -0.3155021261755D-02  -0.6317313985947D-01
   0.1284771470593D+00   0.3277192101482D-03  -0.4988497969411D-01
  -0.1264299024338D-01   0.6474435958245D-01   0.5722120817975D-01
   0.1266639908369D+00   0.3862902403113D-01   0.4072801234023D-01
   0.2117270293693D-01   0.5781883389547D-01   0.4356063383895D-01
   0.1369519674233D+00  -0.1153728902114D-01  -0.2166837094331D-01
  -0.6218306847296D-02   0.3893488848250D-01   0.6741706457021D-01
$end                                                                            
