   -0.39012514
    0.02936543
    0.26729744
   -0.50422052
   -0.12945082
    0.15271489
    0.04521967
    0.05188138
    0.06607188
    0.05065658
   -0.16873030
    0.01596910
    0.26268792
   -0.49040626
   -0.07266520
   -0.00735018
   -0.11626245
   -0.11009945
    0.20587571
    0.08401672
    0.04493115
    0.05507974
    0.03156143
    0.04148389
    0.04055812
    0.04286090
    0.03473689
    0.04288105
    0.03782287
   -0.16626441
    0.00877353
    0.27474452
   -0.46555530
   -0.07821989
   -0.08026631
   -0.09550192
   -0.05028110
   -0.14808656
    0.20864657
    0.07933334
    0.06678370
    0.07000604
    0.05852421
    0.06245667
    0.07986851
    0.08182479
    0.11760749
    0.11532056
    0.30158588
    0.29800725
    0.29883056
   -0.17328536
   -0.03529698
    0.27057465
   -0.45460203
    0.22561130
    0.10432615
    0.09401224
   -0.19379507
    0.02353774
    0.27367247
   -0.50730605
   -0.11112719
    0.29752977
   -0.49994699
   -0.28401867
    0.23241070
    0.09097425
    0.10562260
    0.08511786
    0.21225135
    0.24035698
   -0.17411468
    0.01327810
    0.27857681
   -0.50326034
   -0.02328533
   -0.12230907
   -0.13128183
    0.21756135
    0.07897640
    0.05702937
    0.07746811
    0.03809600
    0.04778939
    0.07732685
    0.05523364
    0.04841179
   -0.19725965
    0.02284127
    0.28983601
   -0.49787774
   -0.07746626
   -0.00665928
   -0.11984516
   -0.11638568
    0.24316106
    0.08330567
    0.08254224
    0.03555750
    0.01106029
    0.04559075
    0.04064974
    0.06290027
    0.04424226
    0.05663160
    0.02917513
   -0.19152125
    0.05482281
    0.28568827
   -0.51657821
   -0.09782739
    0.37448893
   -0.64591024
   -0.63583920
    0.21403586
    0.04330063
    0.04421080
    0.03049984
   -0.18254073
    0.03222931
    0.27830099
   -0.50468134
   -0.08009123
   -0.00890930
   -0.11360130
   -0.12106758
    0.21510861
    0.05176268
    0.05532370
    0.07297377
    0.02958037
    0.04989594
    0.02145096
    0.04540996
    0.05395362
    0.05283928
    0.04987755
   -0.18782701
    0.02740589
    0.27695603
   -0.50015382
   -0.13719822
    0.23063093
    0.07453045
    0.07822762
    0.08450038
    0.06926165
   -0.19194943
    0.02670604
    0.29347733
   -0.51232633
   -0.01656203
   -0.06649532
   -0.11031754
   -0.10067493
    0.22432767
    0.06355265
    0.02809480
    0.05194118
    0.05280118
    0.05450759
    0.01910724
    0.05491849
    0.05196484
    0.01554231
    0.04441706
   -0.19684645
    0.04030389
    0.28609001
   -0.50892528
   -0.12348090
    0.21609802
    0.04312412
    0.06464172
    0.05156847
    0.07278790
   -0.16810534
    0.03015135
    0.21977517
   -0.36910182
   -0.01390845
   -0.12439821
   -0.12228053
    0.21463575
    0.07949689
    0.05583827
    0.06346488
    0.05458868
    0.04215981
    0.06968105
    0.04538116
    0.04804497
   -0.39364400
    0.04680604
    0.20086603
   -0.38349139
   -0.11941805
    0.17454769
    0.04110539
    0.04427410
    0.06791403
    0.06201275
   -0.39076587
    0.03752716
    0.20317311
   -0.37406678
   -0.01669532
   -0.11757050
   -0.11619002
    0.16321658
    0.05205411
    0.04110687
    0.05090458
    0.03056208
    0.05313059
    0.04620909
    0.05335226
    0.04139071
   -0.39917699
    0.05368723
    0.19600214
   -0.37771587
   -0.10121273
    0.29621749
   -0.46729809
   -0.29429656
    0.19328648
    0.04760998
    0.08517038
    0.05947809
    0.22450423
    0.22180720
   -0.38159182
    0.03487506
    0.20044517
   -0.37042967
   -0.05842680
   -0.00416322
   -0.22924283
   -0.06292221
    0.15913926
    0.06816444
    0.04194367
    0.04529912
    0.05320112
    0.04329692
    0.07011999
    0.04462783
    0.07490581
    0.18960992
    0.06602790
    0.18445648
    0.07483279
    0.18772863
    0.06832968
    0.17950973
    0.07141612
    0.18965313
    0.07886474
