           2           1  0.997451710525364     
           3           2  0.935902904356007     
           4           3   1.63532815801887     
           5           2   1.00874928987185     
           6           1  0.959196819069586     
           7           2  0.959554385097887     
           8           5  0.983835124762428     
           9           5  0.981874827637846     
          10           5  0.977649185374439     
          11           3   1.29120084837344     
          12          11  0.989153050882486     
          13          12  0.943140575086931     
          14          13   1.62272541494101     
          15          12  0.965478920178039     
          16          15  0.992975243230695     
          17          16   1.00695264154983     
          18          16   1.01000884154406     
          19          11  0.916393625309521     
          20          12  0.943812218362193     
          21          15  0.974764267592435     
          22          15  0.971087361125516     
          23          16  0.967688852238575     
          24          17  0.985702470936104     
          25          17  0.985984074942467     
          26          17  0.986300573397440     
          27          18  0.985665939742642     
          28          18  0.985846584280142     
          29          18  0.983748888815527     
          30          13   1.30281913107781     
          31          30  0.963081664698127     
          32          31  0.920107913167017     
          33          32   1.67492727946277     
          34          31  0.992128680165616     
          35          34   1.00069394645184     
          36          35   1.00436927647784     
          37          36   1.01024759539691     
          38          37  0.955662504844860     
          39          30  0.923580466180221     
          40          31  0.952532253135179     
          41          34  0.973138291111977     
          42          34  0.969643517718492     
          43          35  0.973554022112913     
          44          35  0.974882765597938     
          45          36  0.972022624737116     
          46          36  0.969330754131893     
          47          37  0.963693579982872     
          48          37  0.965239634057460     
          49          38  0.895847264989496     
          50          38  0.896367542038765     
          51          38  0.895664479327061     
          52          32   1.27142945734825     
          53          52   1.00253654752562     
          54          53  0.955258737611136     
          55          54   1.64071309665808     
          56          52  0.914489152187426     
          57          53  0.935207242278490     
          58          53  0.964276084646401     
          59          54   1.26853090905377     
          60          59  0.986352938837122     
          61          60  0.939544523422956     
          62          61   1.60929559863237     
          63          60  0.988334761555886     
          64          63  0.956025895686484     
          65          64   1.64664624360576     
          66          64   1.30762157098171     
          67          59  0.914954415931939     
          68          60  0.919380838245155     
          69          63  0.945668322809480     
          70          63  0.968154159965615     
          71          66  0.933420992794868     
          72          66  0.922914215842055     
          73          61   1.30542272320374     
          74          73  0.970093889807419     
          75          74  0.934947318019881     
          76          75   1.58422588164128     
          77          74  0.961394767138308     
          78          77   1.00699981382691     
          79          77   1.00682984683432     
          80          73  0.910300919327009     
          81          74  0.950013223562399     
          82          77  0.964728953100329     
          83          78  0.981200273644132     
          84          78  0.984418136944983     
          85          78  0.984617017354094     
          86          79  0.979653450406163     
          87          79  0.984886865439281     
          88          79  0.980701371517198     
          89          75   1.33111099101932     
          90          89  0.977620089149770     
          91          90  0.942541315120411     
          92          91   1.59585924354087     
          93          90  0.976381883286679     
          94          93  0.992717782324174     
          95          94   1.00936213688040     
          96          94   1.00717738637153     
          97          89  0.861434085288477     
          98          90  0.947938507299732     
          99          93  0.965114298454422     
         100          93  0.969543323312896     
         101          94  0.966820185936471     
         102          95  0.984872633103723     
         103          95  0.984581693309171     
         104          95  0.984195862511605     
         105          96  0.985575538116627     
         106          96  0.985147299210914     
         107          96  0.987031389365194     
         108          91   1.30023530246742     
         109         108  0.978441924228770     
         110         109  0.936516806151450     
         111         110   1.59821036740634     
         112         109  0.979288054767765     
         113         112  0.898355259840814     
         114         113   1.50022300499206     
         115         113   1.51564822399397     
         116         108  0.897192891820926     
         117         109  0.951042628293353     
         118         112  0.967800992845989     
         119         112  0.978809242015945     
         120         110   1.31891833253211     
         121         120  0.967487816558306     
         122         121  0.933526966000666     
         123         122   1.60874683181036     
         124         121  0.977631605238783     
         125         124  0.992824675288304     
         126         125   1.01001969979182     
         127         125   1.00689471125005     
         128         120  0.908369927090737     
         129         121  0.953622310907344     
         130         124  0.970801424320958     
         131         124  0.964274446772340     
         132         125  0.967840157946895     
         133         126  0.984374837455604     
         134         126  0.985178967644094     
         135         126  0.985538338708369     
         136         127  0.984152355094235     
         137         127  0.985788767317496     
         138         127  0.984931166517181     
         139         122   1.32399869251676     
         140         139  0.973221318427334     
         141         140  0.931867918460496     
         142         141   1.61750798234847     
         143         140  0.996401794246329     
         144         139  0.886103833678594     
         145         140  0.952482316567316     
         146         143  0.980285904053645     
         147         143  0.978257143268420     
         148         143  0.977060576550456     
         149         141   1.31482072271456     
         150         149  0.979554066863876     
         151         150  0.936199678799353     
         152         151   1.61629823890218     
         153         150  0.967637318322603     
         154         153  0.993908509625281     
         155         153   1.00748765862468     
         156         154   1.01827123913273     
         157         149  0.883672648174034     
         158         150  0.952827169117709     
         159         153  0.961785339327022     
         160         154  0.975632787080331     
         161         154  0.966949471309010     
         162         155  0.982220453232058     
         163         155  0.984101695848488     
         164         155  0.984870379152742     
         165         156  0.984377256818724     
         166         156  0.984660544586121     
         167         156  0.985221414561440     
         168         151   1.30648589403822     
         169         168  0.977030169361686     
         170         169  0.936973291432819     
         171         170   1.62088249371472     
         172         169  0.997127670836235     
         173         168  0.891264650901018     
         174         169  0.955744668563382     
         175         172  0.982639733235493     
         176         172  0.982184838809125     
         177         172  0.974221033668832     
         178         170   1.31342236228627     
         179         178  0.973139727562622     
         180         179  0.974204966237607     
         181         180   1.89379679592449     
         182         179  0.949062224153265     
         183         182   1.00970830844560     
         184         182   1.00723433203937     
         185         178  0.908285633673045     
         186         179  0.946674289628714     
         187         182  0.962145385815113     
         188         183  0.983379034057655     
         189         183  0.975275058650183     
         190         183  0.984945957063320     
         191         184  0.982053626248058     
         192         184  0.985790878926343     
         193         184  0.985830076723912     
         195         194   1.01137443371891     
         196         195  0.971393373884819     
         197         196   1.89496394444306     
         198         195  0.982960931440488     
         199         194  0.950335533883067     
         200         195  0.960175429007027     
         201         198  0.984497356975924     
         202         198  0.977390908021745     
         203         198  0.983810964320687     
         205         204   1.01004471978557     
         206         205  0.977837575388286     
         207         206   1.87394754194615     
         208         205  0.950284696321213     
         209         208   1.00772545844186     
         210         208   1.00845918971837     
         211         204  0.951603935101597     
         212         205  0.959833745385548     
         213         208  0.966002821901823     
         214         209  0.984478790674434     
         215         209  0.981861574270540     
         216         209  0.983932978390753     
         217         210  0.981867126020693     
         218         210  0.984861531992393     
         219         210  0.983190016198675     
         221         220   1.01962891514768     
         222         221  0.971488178706887     
         223         222   1.88908536112327     
         224         221  0.969340099205478     
         225         224  0.957769661555207     
         226         225   1.67327231947646     
         227         225   1.28597542689786     
         228         220  0.920949279912101     
         229         221  0.953942091345001     
         230         224  0.952593587642220     
         231         224  0.962685587222078     
         232         227  0.927416478623145     
         233         227  0.932813454952842     
         235         234   1.00926998214288     
         236         235  0.961417362416726     
         237         236   1.91273914452639     
         238         235  0.982796872896610     
         239         238   1.01375760702309     
         240         239  0.986633323149632     
         241         240   1.01011560670100     
         242         234  0.956481159607094     
         243         235  0.944410515582389     
         244         238  0.974431821732316     
         245         238  0.969428822129446     
         246         239  0.971693251027796     
         247         239  0.971362713100820     
         248         241  0.977720147642793     
         249         241  0.983509878013571     
         250         241  0.980021387452840     
         251           1  0.950753015297380     
         252         180  0.955568395185713     
         253         194  0.955643007451314     
         254         196  0.953662085076990     
         255         204  0.953883254404325     
         256         206  0.954339812132777     
         257         220  0.956281761909396     
         258         222  0.953744015271696     
         259         234  0.951518169042489     
         260         236  0.953352218815743     
