           2           1   1.00575148721593     
           3           2  0.937739538808681     
           4           3   1.57009696792973     
           5           2  0.999411778737061     
           6           1  0.954973324595498     
           7           2  0.959947625359123     
           8           5  0.974645894293310     
           9           5  0.978642413487160     
          10           5  0.978536082209230     
          11           3   1.33182785498720     
          12          11  0.976044284164466     
          13          12  0.978556259658615     
          14          13   1.89876492046580     
          15          12  0.963460257846601     
          16          15   1.00481551421340     
          17          16  0.999415283579783     
          18          17   1.00393889478943     
          19          18  0.942360322060146     
          20          11  0.915103568516589     
          21          12  0.937327483235483     
          22          15  0.965356016050766     
          23          15  0.972441387699342     
          24          16  0.974038846039287     
          25          16  0.978387701050223     
          26          17  0.977390281977499     
          27          17  0.969396631560526     
          28          18  0.966745087631108     
          29          18  0.969236555844835     
          30          19  0.901184912239127     
          31          19  0.903162458738063     
          32          19  0.896496981049898     
          34          33   1.01756455461437     
          35          34  0.937374237864637     
          36          35   1.62522319605457     
          37          34  0.974515354864237     
          38          37   1.00494613293512     
          39          38   1.00154458214181     
          40          39   1.00648480111631     
          41          40  0.947688821569293     
          42          33  0.884649127275659     
          43          34  0.965339069487437     
          44          37  0.970260371281578     
          45          37  0.972938029950523     
          46          38  0.975729049991045     
          47          38  0.971284751955739     
          48          39  0.965957501539498     
          49          39  0.973482522359165     
          50          40  0.968330437418744     
          51          40  0.965374155826995     
          52          41  0.899260381475986     
          53          41  0.899220237183764     
          54          41  0.898802131854958     
          55          35   1.29681415920284     
          56          55  0.976821979337371     
          57          56  0.934971516579032     
          58          57   1.61644538241371     
          59          56  0.966976265435530     
          60          59   1.01393464910957     
          61          60   1.27171227469925     
          62          60   1.56475150554340     
          63          61   1.52577365852372     
          64          62   1.18910351563645     
          64          63   1.30509382857997     
          65          55  0.929904134596074     
          66          56  0.945830697665124     
          67          59  0.961965996642521     
          68          59  0.942029210767955     
          69          62  0.965654585438377     
          70          63  0.964320133184394     
          71          64  0.929541240163338     
          72          57   1.30124158189316     
          73          72  0.977162547232882     
          74          73  0.946578462744316     
          75          74   1.61365378420073     
          76          73  0.965437514211253     
          77          76   1.01386768349598     
          78          72  0.914416944334407     
          79          73  0.932642776133887     
          80          76  0.967801882121200     
          81          76  0.966019069063408     
          82          77  0.869182550980380     
          83          74   1.30235160593609     
          84          83  0.970782485161488     
          85          84  0.941274356267301     
          86          85   1.62166276910644     
          87          84  0.973153767133224     
          88          87   1.01009515666418     
          89          87   1.01167235893015     
          90          83  0.911391642431387     
          91          84  0.954129714225075     
          92          87  0.942363739956573     
          93          88  0.982542855133202     
          94          88  0.981420460412020     
          95          88  0.984841002928741     
          96          89  0.981502441848178     
          97          89  0.983336831266763     
          98          89  0.975564076231068     
          99          85   1.30642441436377     
         100          99  0.968201719430810     
         101         100  0.951545501334903     
         102         101   1.60099508965400     
         103         100  0.957316099129005     
         104         103   1.01178888936910     
         105         103   1.00734311807893     
         106          99  0.865826063449728     
         107         100  0.953507853279824     
         108         103  0.953365813100662     
         109         104  0.978343203738926     
         110         104  0.984725345229837     
         111         104  0.982652966928319     
         112         105  0.959549477223531     
         113         105  0.976928337276388     
         114         105  0.958043190416787     
         115         101   1.30892796996790     
         116         115  0.977565810900337     
         117         116  0.933786729117717     
         118         117   1.61869418329232     
         119         116  0.983327655756825     
         120         119   1.00704969974484     
         121         120   1.00286604898350     
         122         121   1.00848261682347     
         123         122  0.963288122800659     
         124         115  0.871469552957491     
         125         116  0.950212757945577     
         126         119  0.965080824734470     
         127         119  0.971570380861610     
         128         120  0.972965876942331     
         129         120  0.967285237457720     
         130         121  0.963874994091972     
         131         121  0.972422423992128     
         132         122  0.965344646674393     
         133         122  0.963080960288424     
         134         123  0.882167266176994     
         135         123  0.817956089376725     
         136         123  0.901161652227207     
         137         117   1.31286013716333     
         138         137  0.978796368744783     
         139         138  0.974693367155442     
         140         139   1.88935459454625     
         141         138  0.970776644443206     
         142         141   1.00514583227288     
         143         142   1.00291210173331     
         144         143   1.00850026870723     
         145         144  0.950647542242206     
         146         137  0.885060571421548     
         147         138  0.936908519812165     
         148         141  0.962729211466927     
         149         141  0.971301092050069     
         150         142  0.971400466781704     
         151         142  0.972489025305458     
         152         143  0.974486816957680     
         153         143  0.959777304354001     
         154         144  0.965751799839041     
         155         144  0.966890494598161     
         156         145  0.895071136502314     
         157         145  0.911479703613506     
         158         145  0.775632605904122     
         160         159   1.01216818405979     
         161         160  0.977832454014597     
         162         161   1.88791476623394     
         163         160  0.963071945922354     
         164         163  0.960870125825401     
         165         159  0.919508512805879     
         166         160  0.963725826244664     
         167         163  0.965480347525075     
         168         163  0.971407673261768     
         169         164  0.880109820645585     
         171         170   1.01546400626992     
         172         171  0.930922198712710     
         173         172   1.62867394890680     
         174         171  0.985067895261260     
         175         174  0.971570272428774     
         176         170  0.954256485266416     
         177         171  0.955654026614144     
         178         174  0.974211302470018     
         179         174  0.974948581638606     
         180         175  0.928457732652453     
         181         172   1.31376168815219     
         182         181  0.969297461013852     
         183         182  0.972735887581801     
         184         183   1.90404480213057     
         185         182  0.968766605336965     
         186         185  0.998835329621674     
         187         186  0.939534335557836     
         188         187   1.53182609365826     
         189         187   1.39973816414541     
         190         181  0.921264103884695     
         191         182  0.948651777898988     
         192         185  0.964758298598000     
         193         185  0.972647396830636     
         194         186  0.962061441855112     
         195         186  0.975086943115749     
         197         196   1.01010575690228     
         198         197  0.942938380777746     
         199         198   1.59517819735768     
         200         197  0.976503783396278     
         201         200   1.00692817310621     
         202         201   1.00686924603803     
         203         202  0.976056954842812     
         204         203   1.31666643309879     
         205         204   1.31554415879173     
         206         204   1.31598148659659     
         207         196  0.946276444070323     
         208         197  0.958564726305677     
         209         200  0.970963292143213     
         210         200  0.972150393517333     
         211         201  0.971965435417021     
         212         201  0.953011537344660     
         213         202  0.961814066941912     
         214         202  0.959994913650440     
         215         203  0.907263896705718     
         216         205  0.918620114468967     
         217         205  0.922739076148041     
         218         206  0.913951486022019     
         219         206  0.920201056930753     
         220         198   1.32992952162046     
         221         220  0.977934108089208     
         222         221  0.938413762104004     
         223         222   1.61784945975243     
         224         221  0.996486124702885     
         225         220  0.911235830524224     
         226         221  0.939562624332372     
         227         224  0.979385420886952     
         228         224  0.978494595571540     
         229         224  0.983761500785036     
         230         222   1.31887710199322     
         231         230  0.967441319593813     
         232         231  0.939403523290551     
         233         232   1.62526639975818     
         234         231  0.996936526582151     
         235         230  0.912594000526829     
         236         231  0.945740610188052     
         237         234  0.976740075540088     
         238         234  0.978616586438077     
         239         234  0.981422531314293     
         240         232   1.31039359512705     
         241         240  0.981955658800826     
         242         241  0.933415197906481     
         243         242   1.62892744872889     
         244         241  0.980243003639372     
         245         244   1.00438996630576     
         246         245  0.999263376167650     
         247         246  0.977763686725809     
         248         247   1.30805689084197     
         249         248   1.32536496071419     
         250         248   1.31492705799984     
         251         240  0.897558496401871     
         252         241  0.942021342480172     
         253         244  0.968478116581228     
         254         244  0.971381864465755     
         255         245  0.972302241442182     
         256         245  0.964827931637627     
         257         246  0.956831932884165     
         258         246  0.946912424748484     
         259         247  0.918418402897013     
         260         249  0.893953592710221     
         261         249  0.921184156020746     
         262         250  0.916785159640132     
         263         250  0.919783695225596     
         264         242   1.31254083464326     
         265         264  0.980593196650257     
         266         265  0.938170952542837     
         267         266   1.63273056752909     
         268         265  0.965043943214742     
         269         268  0.992797784608727     
         270         268   1.00422356445212     
         271         269   1.02150849149911     
         272         264  0.907310639322303     
         273         265  0.931098826680933     
         274         268  0.956499563219331     
         275         269  0.973822830004661     
         276         269  0.965524264200148     
         277         270  0.969531272219254     
         278         270  0.948825502847220     
         279         270  0.979264815051510     
         280         271  0.981497261529672     
         281         271  0.984073280331335     
         282         271  0.979363950401668     
         283         266   1.29574725670842     
         284         283  0.979948737720840     
         285         284  0.946108282058949     
         286         285   1.63417811065269     
         287         284  0.979852541714989     
         288         287  0.999591273558249     
         289         283  0.921314460495470     
         290         284  0.935666840692665     
         291         287  0.961982573964424     
         292         287  0.965244283441408     
         293         288  0.872201048401115     
         294         285   1.28226263620207     
         295         294  0.981176838397522     
         296         295  0.946583858559285     
         297         296   1.63472076459633     
         298         295  0.976420668573660     
         299         298  0.990338510951348     
         300         299   1.00935789895506     
         301         299   1.00973983403846     
         302         294  0.882788834336665     
         303         295  0.929249685754217     
         304         298  0.972935229147401     
         305         298  0.968077089430588     
         306         299  0.965771524275827     
         307         300  0.959064508835992     
         308         300  0.974190738460728     
         309         300  0.983631488366121     
         310         301  0.965665411604072     
         311         301  0.984405290087311     
         312         301  0.964045041465829     
         313         296   1.29753401233402     
         314         313  0.994852046594628     
         315         314  0.960353543018749     
         316         315   1.63274232922133     
         317         313  0.915802509644807     
         318         314  0.955076937569875     
         319         314  0.937813292933335     
         320         315   1.26817345747808     
         321         320  0.954139191113622     
         322         321  0.950434534219869     
         323         322   1.59713755297547     
         324         321  0.981100774133305     
         325         324   1.01611790291611     
         326         320  0.948281641438333     
         326         325   1.00966450631991     
         327         321  0.945147184069489     
         328         324  0.934848865482802     
         329         324  0.959816061299744     
         330         325  0.966256801361987     
         331         325  0.968409624425994     
         332         326  0.968918926500351     
         333         326  0.959903746268261     
         334         322   1.30778133543965     
         335         334  0.980679083056203     
         336         335  0.936838440472952     
         337         336   1.64712267621335     
         338         335  0.979956265453281     
         339         338   1.00875137053095     
         340         339  0.993179092389435     
         341         340  0.982319938816954     
         342         341   1.30782984251759     
         343         342   1.32478018700396     
         344         342   1.31676494431848     
         345         334  0.872544351107676     
         346         335  0.946894270135007     
         347         338  0.962967184372624     
         348         338  0.971396966580269     
         349         339  0.972172430297548     
         350         339  0.970189096800795     
         351         340  0.966323117531308     
         352         340  0.958283598544651     
         353         341  0.916717408492719     
         354         343  0.907995553572603     
         355         343  0.919900211502602     
         356         344  0.916834311565310     
         357         344  0.917621571857889     
         358         336   1.28183108921444     
         359         358  0.976754476900876     
         360         359  0.938034833618295     
         361         360   1.59385209268186     
         362         359  0.988562674942020     
         363         362  0.975229998334743     
         364         358  0.910460650798697     
         365         359  0.958892997585787     
         366         362  0.975560424516245     
         367         362  0.965299091164390     
         368         363  0.900846738911603     
         369         360   1.33152560783554     
         370         369  0.968911872862829     
         371         370  0.930246142457460     
         372         371   1.58562052433340     
         373         370  0.971514221518607     
         374         373  0.990202983320046     
         375         373   1.01517518753867     
         376         374   1.01906431532548     
         377         369  0.890007716086490     
         378         370  0.949422859729621     
         379         373  0.954366979128882     
         380         374  0.965747532028325     
         381         374  0.966841120774553     
         382         375  0.971132179347679     
         383         375  0.980199414358066     
         384         375  0.981836444580728     
         385         376  0.980341344868821     
         386         376  0.985074222331311     
         387         376  0.973179762812710     
         388         371   1.32976034375545     
         389         388  0.973150104694698     
         390         389  0.975231493555677     
         391         390   1.89045082357397     
         392         389  0.970852366026485     
         393         392   1.00294907374889     
         394         393   1.00209298837413     
         395         394   1.01445488190481     
         396         395  0.956055221709884     
         397         388  0.863518164280980     
         398         389  0.935201667265950     
         399         392  0.969704299648668     
         400         392  0.970097185988057     
         401         393  0.968958741754156     
         402         393  0.933221272661462     
         403         394  0.968842301528975     
         404         394  0.965089001336205     
         405         395  0.960750581694997     
         406         395  0.953916786578381     
         407         396  0.891712832230533     
         408         396  0.892750720610315     
         409         396  0.899703939090998     
         411         410   1.00990713832308     
         412         411  0.939191099263460     
         413         412   1.60422131919750     
         414         411  0.964275773592430     
         415         414   1.01086336873529     
         416         415   1.41358372804163     
         417         415   1.40464033662073     
         418         416   1.44282204570923     
         419         417   1.45123933342749     
         420         418   1.44024845861472     
         420         419   1.43213852987851     
         421         410  0.891746910283477     
         422         411  0.966644593495048     
         423         414  0.968284125847065     
         424         414  0.958306608340390     
         425         416  0.967985062155622     
         426         417  0.964986948469597     
         427         418  0.968623937736694     
         428         419  0.969052067553251     
         429         420  0.967895286752185     
         430         412   1.31536962387235     
         431         430  0.979081019098774     
         432         431  0.967273561505218     
         433         432   1.88825128430955     
         434         431  0.957385485090763     
         435         434  0.992939574927373     
         436         434   1.00832504528405     
         437         430  0.864164575374666     
         438         431  0.949800816492337     
         439         434  0.953862240824788     
         440         435  0.851415864099637     
         441         436  0.980869343533842     
         442         436  0.976814653366886     
         443         436  0.983038742647516     
         445         444  0.949990943327198     
         446         445  0.938673284016267     
         447         446   1.62905527066951     
         448         445  0.976227334982314     
         449         448  0.988266948736897     
         450         449   1.01000216490220     
         451         449   1.00909127797596     
         452         444  0.880463231352139     
         453         444  0.893626895624284     
         454         444  0.895238889719148     
         455         445  0.947874369988729     
         456         448  0.966411704785154     
         457         448  0.966571539269249     
         458         449  0.964918876499935     
         459         450  0.965507040852306     
         460         450  0.969281940271775     
         461         450  0.984807100130920     
         462         451  0.983749261259882     
         463         451  0.986368579053471     
         464         451  0.984335823938500     
         465         446   1.31550518611604     
         466         465  0.974211480901288     
         467         466  0.997092726148174     
         468         467   1.88644754691381     
         469         466  0.971132499927012     
         470         469   1.00570674013033     
         471         470  0.968576931046184     
         472         471   1.62704985447578     
         473         471   1.31866824408869     
         474         465  0.902226656039459     
         475         466  0.894401261481395     
         476         469  0.965751005656617     
         477         469  0.964898337123452     
         478         470  0.947014191471076     
         479         470  0.947296424251946     
         480         473  0.913444178183920     
         481         473  0.920504917301645     
         483         482   1.01307210833071     
         484         483  0.994790187850795     
         485         484   1.86031821396852     
         486         483  0.934669204681182     
         487         486  0.986837086501556     
         488         486   1.01025032870191     
         489         487   1.02558489795162     
         490         482  0.937711303055077     
         491         483  0.948687324914310     
         492         486  0.965030116641934     
         493         487  0.957806733834555     
         494         487  0.966187838539289     
         495         488  0.983295368838205     
         496         488  0.982981817111525     
         497         488  0.979155147646760     
         498         489  0.965284126007610     
         499         489  0.979556839409788     
         500         489  0.978066861228359     
         501           1  0.958247737482361     
         502          13  0.952366133082009     
         503          33  0.959986863604482     
         504         139  0.951890095230371     
         505         159  0.952359187624233     
         506         161  0.952718377558371     
         507         170  0.950635348677637     
         508         183  0.949486908986468     
         509         196  0.957212792158601     
         510         390  0.952739690431277     
         511         410  0.966257939403596     
         512         432  0.955128342371041     
         513         467  0.951787797941162     
         514         482  0.957015034505736     
         515         484  0.954388901411044     
