           2           1   1.00241439365941     
           3           2  0.960982963923734     
           4           3   1.88521680651813     
           5           2  0.976593741682122     
           6           5   1.01186350787397     
           7           6  0.988672696709189     
           8           7   1.01347432190841     
           9           1  0.953740576659453     
          10           2  0.963669356817372     
          11           5  0.971118085921636     
          12           5  0.966000091404694     
          13           6  0.961599972558213     
          14           6  0.974325332928705     
          15           8  0.979219809313223     
          16           8  0.978719010625778     
          17           8  0.977884027328299     
          19          18   1.01649911708671     
          20          19  0.928123206357599     
          21          20   1.62149064767090     
          22          19  0.985429044058401     
          23          22  0.989343614546158     
          24          23   1.01099622863324     
          25          23   1.00958330957021     
          26          18  0.955765121172212     
          27          19  0.962174942263738     
          28          22  0.975655415683302     
          29          22  0.970130409498910     
          30          23  0.963088419744794     
          31          24  0.982881979423447     
          32          24  0.983385449254080     
          33          24  0.985771552100801     
          34          25  0.974271584332148     
          35          25  0.981984139123292     
          36          25  0.975778223938377     
          37          20   1.30695144159354     
          38          37  0.982149140013768     
          39          38  0.970602258861531     
          40          39   1.88777047704973     
          41          38  0.966609073503577     
          42          41  0.987636982447935     
          43          42   1.00581896156058     
          44          42   1.01188387420522     
          45          37  0.889219368024251     
          46          38  0.939215250300806     
          47          41  0.969012447811490     
          48          41  0.965976482611990     
          49          42  0.963704608165764     
          50          43  0.982069166969250     
          51          43  0.983226231174148     
          52          43  0.983407014187109     
          53          44  0.975691119615205     
          54          44  0.979552922464555     
          55          44  0.984346890863248     
          57          56   1.01063679233482     
          58          57  0.951522097578434     
          59          58   1.65406052589993     
          60          57  0.973132197613636     
          61          60  0.996690132089412     
          62          61   1.00703793033344     
          63          61   1.01003891428724     
          64          56  0.948464164588612     
          65          57  0.958685136661617     
          66          60  0.966393176161633     
          67          60  0.966831601378574     
          68          61  0.961366771013043     
          69          62  0.986037732953518     
          70          62  0.982753796049092     
          71          62  0.985202294566123     
          72          63  0.981475148019785     
          73          63  0.981383585946591     
          74          63  0.981055595166202     
          75          58   1.25663245517620     
          76          75  0.980790076969773     
          77          76  0.964270123600224     
          78          77   1.89503870922858     
          79          76  0.959517258611986     
          80          79  0.990881180120721     
          81          80   1.00468141976820     
          82          80   1.01066838120566     
          83          75  0.922549531016101     
          84          76  0.957254332026712     
          85          79  0.965658819661150     
          86          79  0.963455548599283     
          87          80  0.961181611770533     
          88          81  0.975356486446738     
          89          81  0.984643821487585     
          90          81  0.983940510131010     
          91          82  0.979319934764312     
          92          82  0.978601081430308     
          93          82  0.982541561453944     
          95          94   1.01318968989917     
          96          95  0.994709403511715     
          97          96   1.87682821596940     
          98          95  0.960674246677394     
          99          98  0.996514879922033     
         100          99   1.00691132600924     
         101          99   1.01467285651342     
         102          94  0.957907374019373     
         103          95  0.936493144057937     
         104          98  0.960038039763157     
         105          98  0.971690422094983     
         106          99  0.961577479408316     
         107         100  0.980738250903842     
         108         100  0.977504825572772     
         109         100  0.984356391321342     
         110         101  0.978525071378869     
         111         101  0.982029806508278     
         112         101  0.977226707647821     
         114         113   1.03452716211393     
         115         114  0.922317167556770     
         116         115   1.65114457766817     
         117         113  0.955460746445458     
         118         114  0.976204899509272     
         119         114  0.960232719683069     
         120         115   1.28904787430350     
         121         120  0.987214428045803     
         122         121  0.941447883499713     
         123         122   1.62184522693447     
         124         121  0.959899366958221     
         125         124   1.01774274178210     
         126         120  0.913041107660225     
         127         121  0.934535866759084     
         128         124  0.961581631614591     
         129         124  0.965304633434241     
         130         125  0.872552694638051     
         131         122   1.30304178083386     
         132         131  0.975447249137048     
         133         132  0.943363238840054     
         134         133   1.60617655151454     
         135         132  0.976312092749802     
         136         135   1.01101446979343     
         137         136   1.57894960122375     
         138         136   1.20204278195592     
         139         137   1.19669480011829     
         140         138   1.23973073944563     
         140         139   1.19905261588084     
         141         138   1.32500812839937     
         142         140   1.33867866593731     
         143         141   1.51260302632581     
         144         142   1.49192715654061     
         144         143   1.36444160523569     
         145         131  0.917633928722371     
         146         132  0.938278939479921     
         147         135  0.964390300299165     
         148         135  0.952299265461971     
         149         137  0.964775532777751     
         150         139  0.929349129919209     
         151         141  0.967411587414494     
         152         142  0.966488818767810     
         153         143  0.968401221208436     
         154         144  0.973103518517181     
         155         133   1.29688590543283     
         156         155  0.958910620792040     
         157         156  0.930730091421900     
         158         157   1.58261000722645     
         159         156   1.00133653443783     
         160         159  0.872498137345621     
         161         160   1.51785489090304     
         162         160   1.52140761431564     
         163         155  0.929244479537834     
         164         156  0.939384802535583     
         165         159  0.968513346305497     
         166         159  0.969800927050479     
         167         157   1.32540669479835     
         168         167  0.957546363826175     
         169         168  0.953796119516768     
         170         169   1.57005358743596     
         171         168  0.972202697361717     
         172         171   1.00700937574092     
         173         167  0.970984391702509     
         173         172   1.00245810551698     
         174         168  0.951238972108011     
         175         171  0.962635564908198     
         176         171  0.970851605738666     
         177         172  0.972160395610229     
         178         172  0.976778859022163     
         179         173  0.962106095816479     
         180         173  0.967640241476617     
         181         169   1.34651134118345     
         182         181  0.967255126461837     
         183         182  0.946660613279491     
         184         183   1.60340166695264     
         185         182  0.959869887453378     
         186         185  0.994943643901187     
         187         185   1.00844341217161     
         188         186   1.02161715007055     
         189         181  0.895816253744401     
         190         182  0.946709828261092     
         191         185  0.957648361917894     
         192         186  0.970249610474949     
         193         186  0.968292155670596     
         194         187  0.978210421206848     
         195         187  0.979588402000047     
         196         187  0.979464297685302     
         197         188  0.983139919002969     
         198         188  0.978230304292098     
         199         188  0.982567029955768     
         200         183   1.30133236367304     
         201         200  0.987591386872033     
         202         201  0.914910000221212     
         203         202   1.59720946952112     
         204         201  0.958538330140335     
         205         204   1.00295721287825     
         206         204   1.00278135935253     
         207         200  0.896369217520937     
         208         201  0.948764641022449     
         209         204  0.956696793056151     
         210         205  0.860136002032307     
         211         206  0.978835026929331     
         212         206  0.980719390396470     
         213         206  0.965820341076277     
         214         202   1.32457436157101     
         215         214  0.974944075803756     
         216         215  0.932526332979424     
         217         216   1.59459878507354     
         218         215  0.997367579441838     
         219         214  0.893794986392673     
         220         215  0.954322826343811     
         221         218  0.981764096772062     
         222         218  0.980628736641345     
         223         218  0.959746080502885     
         224         216   1.33356162074493     
         225         224  0.976017900448452     
         226         225  0.935443551306857     
         227         226   1.58424689360584     
         228         225  0.998752696283770     
         229         224  0.878931943384435     
         230         225  0.948536609188987     
         231         228  0.980017707099617     
         232         228  0.978864564917704     
         233         228  0.976713320393348     
         234         226   1.34112187844796     
         235         234  0.982751762029681     
         236         235  0.935887803246564     
         237         236   1.60143792913226     
         238         235  0.980917772751994     
         239         238  0.993967304589278     
         240         239   1.00395715168863     
         241         239   1.00982451512167     
         242         234  0.871912230428594     
         243         235  0.934923617252980     
         244         238  0.967858597659644     
         245         238  0.965303874364940     
         246         239  0.963326908475064     
         247         240  0.980954946764282     
         248         240  0.982326171551022     
         249         240  0.985056794289036     
         250         241  0.982423352948297     
         251         241  0.981307022951715     
         252         241  0.979851658628145     
         253         236   1.31455168747499     
         254         253  0.978444852155511     
         255         254  0.934744919334569     
         256         255   1.63267311924823     
         257         254  0.967287037183656     
         258         257   1.02008773754115     
         259         253  0.885898435445460     
         260         254  0.945704402536631     
         261         257  0.957679450581923     
         262         257  0.966797039245057     
         263         258  0.869520761433370     
         264         255   1.29896658502533     
         265         264  0.970168190816753     
         266         265  0.933381627078162     
         267         266   1.62575551979096     
         268         265  0.990142643795030     
         269         268  0.992101084897581     
         270         269  0.961117444635486     
         271         270   1.66076484021687     
         272         270   1.29100532264502     
         273         264  0.892283260604538     
         274         265  0.954129831167374     
         275         268  0.964810864158360     
         276         268  0.969544751702636     
         277         269  0.971120655614013     
         278         269  0.960489120792030     
         279         272  0.928415443687768     
         280         272  0.926559384396100     
         281         266   1.31000715905476     
         282         281  0.974471459942445     
         283         282  0.924846678610370     
         284         283   1.62376843373748     
         285         282  0.987344652034699     
         286         285   1.00492686483595     
         287         286  0.995670650398169     
         288         287  0.991970301884679     
         289         288   1.35725368811819     
         290         289   1.27250374651216     
         291         289   1.30617322891566     
         292         281  0.897466644626858     
         293         282  0.952420787319993     
         294         285  0.969380773880737     
         295         285  0.967112774307334     
         296         286  0.971471645132691     
         297         286  0.962334914499208     
         298         287  0.946598533538626     
         299         287  0.959063174243619     
         300         288  0.863614837309556     
         301         290  0.913021914801578     
         302         290  0.921563128287892     
         303         291  0.925897335450558     
         304         291  0.916636485049915     
         305         283   1.31383729992285     
         306         305  0.979703822836106     
         307         306  0.962016632115711     
         308         307   1.89599546225028     
         309         306  0.980384994227911     
         310         305  0.899072412596614     
         311         306  0.948614637865814     
         312         309  0.981143862318767     
         313         309  0.973611155813072     
         314         309  0.977525522075679     
         316         315   1.01025445229248     
         317         316  0.926549694177788     
         318         317   1.60038823224156     
         319         316  0.979993779876246     
         320         319   1.00688967451318     
         321         320  0.919202198166253     
         322         321   1.46129015655515     
         323         321   1.51055519231445     
         324         315  0.950001008501305     
         325         316  0.964715744905335     
         326         319  0.965800082649637     
         327         319  0.972662374564681     
         328         320  0.955975150722189     
         329         320  0.971123188721675     
         330         317   1.32901318384498     
         331         330  0.975183656878411     
         332         331  0.976504110889882     
         333         332   1.87310212573601     
         334         331  0.966010108968230     
         335         334  0.994087835414019     
         336         335   1.01055555719193     
         337         335   1.00904576095367     
         338         330  0.891813027073829     
         339         331  0.940023761161944     
         340         334  0.959246253834383     
         341         334  0.972068116713202     
         342         335  0.966675003724169     
         343         336  0.982875438396527     
         344         336  0.981366093538211     
         345         336  0.980427161913646     
         346         337  0.983814233992048     
         347         337  0.975425173027364     
         348         337  0.984879514579293     
         350         349   1.01801631725760     
         351         350  0.921052267873943     
         352         351   1.58367904903506     
         353         350  0.965542136109901     
         354         353  0.976911339817879     
         355         353   1.00473795158581     
         356         349  0.957293546988675     
         357         350  0.966707436323992     
         358         353  0.955864672342439     
         359         354  0.875104895980866     
         360         355  0.981092797523522     
         361         355  0.978624555297356     
         362         355  0.984536105213825     
         363         351   1.35018694014821     
         364         363  0.975929579878420     
         365         364  0.943540722466089     
         366         365   1.61965149126774     
         367         364  0.967234703557995     
         368         367   1.00646546350117     
         369         368   1.57312271604223     
         370         368   1.20900731479618     
         371         369   1.21262170985718     
         372         370   1.24364699252907     
         372         371   1.18254879155050     
         373         370   1.32912500626455     
         374         372   1.33177483779041     
         375         373   1.51031881422520     
         376         374   1.49808262687343     
         376         375   1.36000995584800     
         377         363  0.877976134968717     
         378         364  0.939624425502592     
         379         367  0.955481560642091     
         380         367  0.966986911078605     
         381         369  0.966376550007654     
         382         371  0.910033957552526     
         383         373  0.963937829991093     
         384         374  0.959212267317657     
         385         375  0.967361081878856     
         386         376  0.967932078044385     
         387         365   1.29329844602957     
         388         387  0.996887170329122     
         389         388  0.972952989581313     
         390         389   1.90126346042620     
         391         387  0.902687610761319     
         392         388  0.956536415014465     
         393         388  0.943221381975150     
         395         394   1.01201660601022     
         396         395  0.942508691243138     
         397         396   1.57901613356587     
         398         395  0.966172053546993     
         399         398   1.00456450223312     
         400         398   1.00993934400990     
         401         394  0.913926261715457     
         402         395  0.961074188025619     
         403         398  0.961027151394970     
         404         399  0.985146490862001     
         405         399  0.983827345020020     
         406         399  0.986417785054134     
         407         400  0.983466551685038     
         408         400  0.985069008701798     
         409         400  0.974991251264165     
         410         396   1.33023557507207     
         411         410  0.973005071077296     
         412         411  0.944601928265521     
         413         412   1.61033206338770     
         414         411  0.975947156963184     
         415         414  0.986289041438441     
         416         415   1.01126085630859     
         417         415   1.01025323048739     
         418         410  0.871982100922694     
         419         411  0.944918696045173     
         420         414  0.968794116526607     
         421         414  0.972944482422566     
         422         415  0.956367985654974     
         423         416  0.977725242927677     
         424         416  0.977170025551763     
         425         416  0.981772616999677     
         426         417  0.981103533733693     
         427         417  0.977638863704779     
         428         417  0.984814114404164     
         429         412   1.30186375135789     
         430         429  0.998454750921623     
         431         430  0.940100905725078     
         432         431   1.65388398873009     
         433         429  0.903944994595801     
         434         430  0.957429300201870     
         435         430  0.958411924840615     
         436         431   1.28500372519517     
         437         436  0.965688486854855     
         438         437  0.947070357939021     
         439         438   1.60035496823119     
         440         437   1.00053062578998     
         441         436  0.921434122665976     
         442         437  0.956490648911315     
         443         440  0.980748887489266     
         444         440  0.980370331312350     
         445         440  0.974523750321094     
         446         438   1.32580702493649     
         447         446  0.983483528234337     
         448         447  0.916333068929211     
         449         448   1.61202839480545     
         450         447  0.987189493469646     
         451         450  0.992862653206884     
         452         451   1.00347462510698     
         453         451   1.01267339827005     
         454         446  0.869827024760804     
         455         447  0.951097530969567     
         456         450  0.966050619237027     
         457         450  0.969207234257647     
         458         451  0.954732191833404     
         459         452  0.983498269480747     
         460         452  0.982168144327473     
         461         452  0.983702843460906     
         462         453  0.984684378067800     
         463         453  0.985237693937850     
         464         453  0.983371766996353     
         465         448   1.30451849205814     
         466         465  0.971432100281692     
         467         466  0.967465296316981     
         468         467   1.88985497700439     
         469         466  0.966239652547954     
         470         469   1.00414124517143     
         471         470  0.997080511230458     
         472         471   1.00850011283561     
         473         472  0.954529539770169     
         474         465  0.882933225302796     
         475         466  0.950632118596400     
         476         469  0.970057461994566     
         477         469  0.971516169175590     
         478         470  0.972131029748592     
         479         470  0.968278608107691     
         480         471  0.958525673634124     
         481         471  0.972922291819592     
         482         472  0.965478565255302     
         483         472  0.965247731951540     
         484         473  0.896509692193005     
         485         473  0.899535472632625     
         486         473  0.894373530339039     
         488         487  0.898568376015567     
         489         487  0.889950511524974     
         491         490   1.01879000442588     
         492         491  0.970309938328603     
         493         492   1.90047037729195     
         494         491  0.954256355212408     
         495         494   1.01537808460128     
         496         495  0.988411889378654     
         497         496  0.999224310488724     
         498         490  0.951047934119619     
         499         491  0.952369381346582     
         500         494  0.966387755711826     
         501         494  0.971880391758175     
         502         495  0.974274331516285     
         503         495  0.969966858186456     
         504         497  0.979815632436008     
         505         497  0.984692762148810     
         506         497  0.982085816516012     
         508         507   1.01165971502958     
         509         508  0.976276038170579     
         510         509   1.89034982115260     
         511         508  0.946899796442325     
         512         511   1.01480210855479     
         513         507  0.952358069150603     
         514         508  0.963001707513734     
         515         511  0.965412056498150     
         516         511  0.967452538372071     
         517         512  0.873489079052422     
         519         518   1.01059803774657     
         520         519  0.982399138077055     
         521         520   1.88599916877082     
         522         519  0.958318208929369     
         523         522   1.00628452794546     
         524         523  0.998928222025025     
         525         524   1.00465291352581     
         526         518  0.938061950819425     
         527         519  0.956394808891019     
         528         522  0.965841332743468     
         529         522  0.969652319984627     
         530         523  0.966882761153953     
         531         523  0.968756946932672     
         532         525  0.976525592770215     
         533         525  0.984607334410196     
         534         525  0.980637105951058     
         535           1  0.958448594754682     
         536           3  0.953478736047919     
         537          18  0.956569820274951     
         538          39  0.954706695609821     
         539          56  0.954337187119498     
         540          77  0.953402301477825     
         541          94  0.952328918821522     
         542          96  0.952577780844646     
         543         113  0.956160891931495     
         544         307  0.957245120594483     
         545         315  0.961457598511949     
         546         332  0.954022272032597     
         547         349  0.954998980035122     
         548         389  0.955457568080918     
         549         394  0.960636334523904     
         550         467  0.957373164458873     
         551         490  0.952460734801682     
         552         492  0.952556333137104     
         553         507  0.953213708808232     
         554         509  0.953757604002593     
         555         518  0.952278492361697     
         556         520  0.952479635695230     
