   -0.42193757
    0.00605781
    0.26323534
   -0.49351313
   -0.11813479
   -0.10310068
   -0.12712339
   -0.08027124
   -0.13731404
    0.19060681
    0.08169163
    0.06328380
    0.07959895
    0.08489818
    0.06718499
    0.08880507
    0.09978077
    0.13754141
    0.12328245
    0.28694860
    0.28448799
    0.29087690
   -0.18614792
    0.00197815
    0.28197853
   -0.49884348
   -0.10657994
    0.04544713
   -0.33491307
   -0.04912409
    0.08107176
   -0.10828989
    0.22268643
    0.09585975
    0.09217481
    0.08126115
    0.07993552
    0.04990856
    0.21552790
   -0.18019240
    0.00353679
    0.27811555
   -0.48208873
    0.04759944
   -0.49513968
    0.21965559
    0.10262699
    0.08878908
    0.07013103
    0.34487252
   -0.17697833
   -0.00319390
    0.27540810
   -0.49212496
   -0.04236938
   -0.16155903
   -0.16616835
    0.22125516
    0.10566434
    0.07866196
    0.08443006
    0.05062678
    0.06662373
    0.07457272
    0.06603029
    0.06072800
   -0.19815667
    0.00234969
    0.27466594
   -0.52560663
   -0.03955868
   -0.15798736
   -0.16426263
    0.23047660
    0.07990598
    0.08585618
    0.06783002
    0.05031627
    0.04272451
    0.07559920
    0.06130109
    0.07879314
   -0.19045764
    0.00867384
    0.26551192
   -0.50461705
   -0.11104136
   -0.10161339
   -0.12407017
   -0.07830033
   -0.15395478
    0.23212159
    0.07848426
    0.08014472
    0.08895182
    0.08773495
    0.07532595
    0.09061011
    0.09640201
    0.14983878
    0.13600861
    0.29767456
    0.28398394
    0.28738453
   -0.18311555
   -0.00244095
    0.27017022
   -0.49637612
   -0.11019861
   -0.11447917
   -0.12637871
   -0.09133357
   -0.13893346
    0.23291197
    0.12396375
    0.09667156
    0.08214128
    0.09577016
    0.10020996
    0.10113732
    0.07710233
    0.13748818
    0.14666051
    0.30129754
    0.28504574
    0.28123341
   -0.20372917
    0.02300420
    0.27080216
   -0.51872384
   -0.03389789
   -0.05707389
    0.23576709
    0.09593819
    0.07355813
    0.05844540
   -0.19424521
    0.03847282
    0.26895214
   -0.50572858
   -0.04039444
   -0.06020856
    0.23807074
    0.06506835
    0.08092389
    0.11753362
   -0.18082563
    0.01387560
    0.27849007
   -0.50498247
   -0.11391502
   -0.01072731
   -0.06078993
   -0.06004715
   -0.06894183
   -0.09363867
    0.14545862
   -0.45874230
    0.23622168
    0.09095180
    0.10151159
    0.09819938
    0.07440250
    0.07409957
    0.08300747
    0.06456882
    0.33943304
   -0.18198955
    0.02773830
    0.27282552
   -0.49897212
   -0.11861473
    0.35773968
   -0.62922458
   -0.59890849
    0.22448366
    0.08205758
    0.04595564
    0.06564049
   -0.17721017
   -0.03255658
    0.27174129
   -0.49085895
    0.20104383
    0.10435522
    0.07735833
   -0.18674472
    0.01277243
    0.26447951
   -0.47635824
   -0.16218170
    0.22129916
    0.09236599
    0.09158041
    0.06289721
    0.08428420
   -0.17452671
    0.02514946
    0.26999997
   -0.48115967
   -0.01206899
   -0.35156345
    0.22496212
    0.08527203
    0.08310152
    0.07456443
    0.24317282
   -0.17471429
    0.00561597
    0.20242295
   -0.37613628
   -0.03815716
   -0.17034679
   -0.17734021
    0.22717665
    0.10540682
    0.07684747
    0.07616467
    0.05602155
    0.08166906
    0.09419049
    0.07299135
    0.07178565
   -0.40848797
    0.01980265
    0.19399184
   -0.34166331
   -0.05623700
   -0.11467903
    0.19358484
    0.08617560
    0.09168960
    0.06975959
   -0.41905141
    0.01902795
    0.26496490
   -0.51235610
   -0.11400487
   -0.10393477
   -0.04333985
   -0.15126942
    0.21627923
   -0.25416248
   -0.24286484
    0.19250837
    0.06712299
    0.07776626
    0.07140104
    0.08382614
    0.08403053
    0.10402770
    0.09191250
    0.23635981
    0.24880981
    0.23965493
    0.24808862
    0.24081035
   -0.17729850
    0.01751453
    0.20178083
   -0.37051348
   -0.15942772
    0.23135660
    0.10925957
    0.08322013
    0.08874119
    0.07921881
   -0.41144260
    0.02579703
    0.19223768
   -0.39046669
   -0.03763443
   -0.08492325
   -0.15629292
   -0.14293661
    0.18124501
    0.06590492
    0.06459120
    0.05877044
    0.04733352
    0.06850624
    0.05328103
    0.06554069
    0.05293540
    0.04070943
    0.05820367
   -0.42504262
    0.00850918
    0.25978016
   -0.49874554
   -0.11973976
   -0.11674585
   -0.06056389
   -0.14132205
    0.20806591
   -0.25092858
   -0.25807682
    0.20591022
    0.07153460
    0.09579992
    0.07514025
    0.07948210
    0.09494626
    0.10838314
    0.10605462
    0.24209156
    0.24605810
    0.24984325
    0.25068196
    0.25752521
   -0.19723753
    0.01010265
    0.26504427
   -0.50485792
   -0.07721837
   -0.08678101
    0.23713894
    0.09420992
    0.11873173
    0.10629997
   -0.19219235
    0.00162957
    0.27487423
   -0.50849453
   -0.04526965
   -0.10102643
   -0.15232936
   -0.15526491
    0.23596259
    0.09509688
    0.08060702
    0.06389145
    0.06805669
    0.07847385
    0.04874823
    0.05314788
    0.05368082
    0.06661592
    0.05114855
   -0.19059231
    0.00871415
    0.27396724
   -0.51131532
   -0.10737744
   -0.10290211
   -0.11909864
   -0.07337093
   -0.14346460
    0.23609889
    0.08032424
    0.07793013
    0.07360655
    0.08215061
    0.07882984
    0.10309945
    0.08693091
    0.12817796
    0.14295346
    0.29849030
    0.29851384
    0.28334144
   -0.19841103
    0.02391108
    0.28811030
   -0.53144914
   -0.15559705
    0.24038988
    0.07479208
    0.06780127
    0.10014502
    0.08131413
   -0.20901159
    0.04155597
    0.28826347
   -0.52124756
   -0.09367783
    0.00478565
   -0.05678436
   -0.05871731
   -0.05752850
   -0.05755134
   -0.06401384
    0.23913620
    0.07896115
    0.07933616
    0.08303714
    0.06477064
    0.04079446
    0.07235444
    0.06642870
    0.07406563
   -0.19866348
    0.01106273
    0.27226759
   -0.49847814
    0.10279101
   -0.47121118
   -0.16356837
    0.23891176
    0.09466576
    0.05175249
    0.32261379
    0.09259339
    0.05370463
    0.08123552
   -0.21098173
    0.01971569
    0.27641410
   -0.49517034
   -0.07400684
   -0.11469941
    0.36236392
   -0.65263792
   -0.64500140
    0.22720955
    0.08248021
    0.06617423
    0.05875243
    0.04624579
    0.05351188
   -0.19167100
    0.02914991
    0.26454118
   -0.46394113
   -0.01948044
   -0.14835480
    0.20994073
    0.09573330
    0.05971131
    0.07850890
   -0.19553181
    0.02735294
    0.27514040
   -0.48662423
   -0.05288688
   -0.04341162
    0.21217116
    0.10498212
    0.09621510
    0.06094957
   -0.19116166
    0.01004767
    0.27400461
   -0.48886774
   -0.02686577
   -0.15071912
   -0.15831418
    0.21560819
    0.09653942
    0.04706608
    0.07293396
    0.04244914
    0.06579343
    0.07395015
    0.06863491
    0.05820406
   -0.19198288
    0.01483167
    0.28503520
   -0.49153268
   -0.03160408
   -0.15398432
   -0.15631209
    0.20366545
    0.07817360
    0.05672659
    0.07485976
    0.05508292
    0.05562973
    0.06630201
    0.05710781
    0.06325742
   -0.19637062
    0.01374815
    0.26678217
   -0.46371784
   -0.17283969
    0.22443880
    0.09552070
    0.09689425
    0.08635201
    0.08040861
   -0.18329465
    0.00194480
    0.19831678
   -0.34245974
    0.05468029
   -0.45423419
    0.23292460
    0.12394102
    0.05837870
    0.07510984
    0.32383868
   -0.41091380
    0.02846530
    0.26393343
   -0.52596394
   -0.09702765
   -0.02657306
   -0.15450912
   -0.14627354
    0.19152301
    0.05123482
    0.07153397
    0.05393024
    0.04660156
    0.05311849
    0.05942591
    0.05428917
    0.04691740
    0.04617713
    0.04075476
   -0.19298780
    0.01049158
    0.20483439
   -0.37775515
   -0.10193223
   -0.12884428
   -0.04767916
   -0.14759731
    0.21128845
   -0.24442973
   -0.26718209
    0.24558554
    0.11854166
    0.08805417
    0.11018997
    0.09234764
    0.09922411
    0.10335101
    0.09601303
    0.24332007
    0.23756379
    0.24369349
    0.25607201
    0.25036272
   -0.14279878
   -0.03409760
    0.18617997
   -0.31645980
   -0.11936339
   -0.02966846
   -0.17711231
   -0.14725501
    0.29459764
    0.30525227
    0.28885183
    0.15848372
    0.12167021
    0.08194190
    0.05796407
    0.05799547
    0.07336715
    0.08393698
    0.05070677
    0.05361941
    0.04424285
   -0.42580651
    0.01199245
    0.26231507
   -0.50284064
   -0.11141751
   -0.10433595
   -0.12275541
   -0.07462344
   -0.14809392
    0.18790442
    0.06563679
    0.07562858
    0.08451315
    0.06631552
    0.06343329
    0.09931970
    0.10524805
    0.13110499
    0.11921076
    0.28686317
    0.28989562
    0.29309384
   -0.18195179
    0.00262803
    0.19326152
   -0.37167340
   -0.03789004
   -0.10307771
   -0.15816112
   -0.16804458
    0.22866387
    0.13066832
    0.05927878
    0.07446496
    0.07089627
    0.07269927
    0.05280154
    0.06973258
    0.05945672
    0.06449313
    0.06907083
   -0.41999276
    0.02600125
    0.20014849
   -0.41325663
   -0.03776273
   -0.09034892
   -0.15663018
   -0.15903641
    0.18389228
    0.06170501
    0.07275694
    0.05155967
    0.05940489
    0.08558018
    0.03584062
    0.05690755
    0.07295252
    0.05372421
    0.06510966
    0.18034859
    0.08787731
    0.19690576
    0.07598262
    0.17444658
    0.06821253
    0.17791193
    0.07202884
    0.17129230
    0.06854522
    0.15662360
    0.06695374
    0.10197825
    0.16849499
    0.05508259
    0.17950744
    0.06791912
