           2           1  0.949371861056247     
           3           2  0.913569888784511     
           4           3   1.66647278410472     
           5           2  0.989128027990448     
           6           5   1.01014986071484     
           7           6   1.40797436920931     
           8           6   1.40860372915877     
           9           7   1.44305539104817     
          10           8   1.43398344599170     
          11           9   1.43024244081472     
          11          10   1.44155710050876     
          12           1  0.889615526598315     
          13           1  0.884648415313525     
          14           1  0.889616701859363     
          15           2  0.946739683075025     
          16           5  0.960060644751820     
          17           5  0.944861365007798     
          18           7  0.962173442273404     
          19           8  0.964558202630286     
          20           9  0.966838492389430     
          21          10  0.970201723697242     
          22          11  0.959998206461289     
          23           3   1.31121312475192     
          24          23  0.976582937124818     
          25          24  0.937574371080910     
          26          25   1.61379813508077     
          27          24  0.964112370937742     
          28          27   1.00585445742000     
          29          27   1.00423814198460     
          30          23  0.857375816637529     
          31          24  0.949586419704571     
          32          27  0.961563528930810     
          33          28  0.982151916841659     
          34          28  0.971628643438922     
          35          28  0.980935199983607     
          36          29  0.977274037842438     
          37          29  0.975273754068178     
          38          29  0.969900123518393     
          39          25   1.30174747103143     
          40          39  0.985592062784870     
          41          40  0.923937187624442     
          42          41   1.63484255138970     
          43          40  0.986238310979575     
          44          43   1.01129484649930     
          45          44  0.992157674183149     
          46          45   1.00894482501652     
          47          39  0.919211168680131     
          48          40  0.943948542007266     
          49          43  0.964742314329288     
          50          43  0.965047264483041     
          51          44  0.969745817020635     
          52          44  0.973480185143982     
          53          46  0.976498941602366     
          54          46  0.982321963334448     
          55          46  0.974264094617321     
          56          41   1.30602851975776     
          57          56  0.982969119857454     
          58          57  0.940074775023840     
          59          58   1.65719807379461     
          60          57  0.968150862890307     
          61          60  0.996387250559804     
          62          60   1.00216995018840     
          63          61   1.01824942795068     
          64          56  0.918052815001030     
          65          57  0.934490889705925     
          66          60  0.943450317818062     
          67          61  0.964505403289951     
          68          61  0.954750142487477     
          69          62  0.969743166656880     
          70          62  0.976186972495873     
          71          62  0.976024734368989     
          72          63  0.983281568594466     
          73          63  0.982249538784583     
          74          63  0.984237688946350     
          75          58   1.26300438442136     
          76          75   1.00779418862350     
          77          76   1.00428497391916     
          78          77   1.88893700093039     
          79          75  0.895518955699991     
          80          76  0.935190934764553     
          81          76  0.925673278919897     
          83          82   1.02501326883445     
          84          83  0.951085973151354     
          85          84   1.60252486909587     
          86          83  0.930497613172101     
          87          86  0.989888422323601     
          88          86   1.00654070151083     
          89          82  0.956806252280806     
          90          83  0.950321110270927     
          91          86  0.949839706176509     
          92          87  0.879885968520023     
          93          88  0.981432326917329     
          94          88  0.982510620552101     
          95          88  0.981320986994407     
          96          84   1.30982567550048     
          97          96  0.986230636671841     
          98          97  0.969274329597113     
          99          98   1.91112535140820     
         100          97  0.947738915811477     
         101         100   1.00783955547038     
         102         101   1.40795071878751     
         103         101   1.41837871391669     
         104         102   1.44845956738960     
         105         103   1.43966449590418     
         106         104   1.43282060562355     
         106         105   1.44356360335217     
         107          96  0.921267279889581     
         108          97  0.939883702075624     
         109         100  0.953437749317015     
         110         100  0.971969204772302     
         111         102  0.960923130495157     
         112         103  0.969076207258929     
         113         104  0.967268628122881     
         114         105  0.971931859612542     
         115         106  0.972070734903074     
         117         116   1.00796917527196     
         118         117  0.983689185583508     
         119         118   1.87722230633256     
         120         117  0.956310138023448     
         121         120   1.01205696066553     
         122         121  0.909329426222102     
         123         122   1.44566738685253     
         124         122   1.54452552223934     
         125         116  0.954482609069900     
         126         117  0.957230099928941     
         127         120  0.965746131164892     
         128         120  0.977728718886227     
         129         121  0.968873640624925     
         130         121  0.969228967663630     
         132         131   1.01250667348012     
         133         132  0.981405090880723     
         134         133   1.87122117467285     
         135         132  0.942499336405664     
         136         135  0.993547352449821     
         137         135   1.00931563923349     
         138         136   1.01989451259727     
         139         131  0.938995899736584     
         140         132  0.949490752046112     
         141         135  0.961496538056287     
         142         136  0.968868367144609     
         143         136  0.972254177750556     
         144         137  0.979740759070658     
         145         137  0.985333851218745     
         146         137  0.983439229199186     
         147         138  0.980122056126500     
         148         138  0.982501621859037     
         149         138  0.985638423816854     
         151         150  0.997406258620754     
         152         151  0.967759673396334     
         153         152   1.90716789472766     
         154         151  0.961870192343656     
         155         154   1.01088797581753     
         156         155   1.40878485897063     
         157         155   1.41278310416543     
         158         156   1.44828334680387     
         159         157   1.44219733932495     
         160         158   1.43572233353342     
         160         159   1.44044597504930     
         161         150  0.935801429083721     
         162         151  0.961910463350271     
         163         154  0.968988179904378     
         164         154  0.959738139015257     
         165         156  0.963601665376355     
         166         157  0.964986822904249     
         167         158  0.971017872082892     
         168         159  0.969050848223936     
         169         160  0.971123298267428     
         171         170   1.02389815734950     
         172         171  0.979986281980510     
         173         172   1.89141747432112     
         174         171  0.946018257789328     
         175         174   1.00360054328794     
         176         175   1.00332544233467     
         177         176   1.00877387573112     
         178         177  0.956683033204539     
         179         170  0.959593864451224     
         180         171  0.948507661169765     
         181         174  0.973765378917810     
         182         174  0.972653566656275     
         183         175  0.964180138583066     
         184         175  0.962970415031246     
         185         176  0.972512161512016     
         186         176  0.968109364528424     
         187         177  0.960761008746495     
         188         177  0.963647771963343     
         189         178  0.866576057247773     
         190         178  0.903811730506863     
         191         178  0.902989565095864     
         193         192  0.991015079218552     
         194         193  0.966143168913488     
         195         194   1.89228558680462     
         196         193  0.971851398894190     
         197         196   1.00658733581726     
         198         192   1.00749586255329     
         198         197   1.00108180778390     
         199         193  0.963370233414821     
         200         196  0.968743443351392     
         201         196  0.972804906932581     
         202         197  0.975546950740537     
         203         197  0.978241585780833     
         204         198  0.974850076557602     
         205         198  0.974214594824144     
         207         206   1.02698969999376     
         208         207  0.981016124147558     
         209         208   1.88237355573573     
         210         207  0.941290873531828     
         211         210   1.00397128543827     
         212         211   1.00701167140210     
         213         212   1.01317034366877     
         214         213  0.944068989761077     
         215         206  0.957229073834799     
         216         207  0.945994372351329     
         217         210  0.971375107735971     
         218         210  0.971960265238032     
         219         211  0.959460172821858     
         220         211  0.958407822964473     
         221         212  0.960654585360884     
         222         212  0.969484991523111     
         223         213  0.957934848469166     
         224         213  0.964987863009813     
         225         214  0.898651298850710     
         226         214  0.901461621463456     
         227         214  0.899337803182364     
         229         228   1.01998110275442     
         230         229  0.949222445383429     
         231         230   1.60021604551088     
         232         229  0.958305058199842     
         233         232   1.00797587220455     
         234         233   1.00157895944294     
         235         234   1.00795777790024     
         236         235  0.955015886207477     
         237         228  0.946615904818348     
         238         229  0.962902078214244     
         239         232  0.971319510258543     
         240         232  0.977893958888842     
         241         233  0.973829454203471     
         242         233  0.963809867121563     
         243         234  0.957966186452528     
         244         234  0.976418498888742     
         245         235  0.967244843143441     
         246         235  0.956293702216699     
         247         236  0.899111529668587     
         248         236  0.902958744049454     
         249         236  0.834177037243991     
         250         230   1.31142324212735     
         251         250  0.987466534907583     
         252         251  0.931073744913389     
         253         252   1.60203659275961     
         254         251  0.945615923661365     
         255         254   1.00980312645013     
         256         255   1.40782999142069     
         257         255   1.41308473549252     
         258         256   1.44775952261831     
         259         257   1.44106568408546     
         260         258   1.43560464342440     
         260         259   1.43988551150194     
         261         250  0.930614892774046     
         262         251  0.947713945316876     
         263         254  0.966522659432062     
         264         254  0.968614359594242     
         265         256  0.969366895887226     
         266         257  0.964916024193822     
         267         258  0.971847497546281     
         268         259  0.966266668330713     
         269         260  0.970592543321962     
         270         252   1.33122430182669     
         271         270  0.977503793142093     
         272         271  0.935711041385384     
         273         272   1.64398759154482     
         274         271  0.974524000813055     
         275         274  0.994006067093353     
         276         275   1.00739953350384     
         277         275   1.00871917103405     
         278         270  0.876890917208409     
         279         271  0.954269164202677     
         280         274  0.962827649739539     
         281         274  0.967095353241256     
         282         275  0.959368366109258     
         283         276  0.980510440910132     
         284         276  0.982440231134591     
         285         276  0.984118570248053     
         286         277  0.980780344883522     
         287         277  0.982880837032403     
         288         277  0.982651667295109     
         289         272   1.28115241033354     
         290         289  0.982131826182740     
         291         290  0.942638463905067     
         292         291   1.61971927797115     
         293         290  0.953326105667286     
         294         293   1.00785544963521     
         295         293   1.00678412927665     
         296         289  0.934432021211410     
         297         290  0.936886922785136     
         298         293  0.968973354244009     
         299         294  0.983781932545911     
         300         294  0.981947975638675     
         301         294  0.976737262702051     
         302         295  0.983156857097895     
         303         295  0.982838487825316     
         304         295  0.984696975203527     
         305         291   1.28585339359856     
         306         305  0.970842001568864     
         307         306  0.977931904926323     
         308         307   1.88583095322192     
         309         306  0.956188576292430     
         310         309   1.00051920249026     
         311         305  0.965430945031216     
         311         310   1.00610307513093     
         312         306  0.952271148897240     
         313         309  0.971278191121931     
         314         309  0.973741037977951     
         315         310  0.968913483867735     
         316         310  0.970895295143417     
         317         311  0.954076313331926     
         318         311  0.943510019857589     
         320         319   1.01448420326746     
         321         320  0.985765161783293     
         322         321   1.88746346098348     
         323         320  0.946403784728683     
         324         323  0.994947217783325     
         325         324   1.00849173916775     
         326         324   1.00690380007434     
         327         319  0.958145671751715     
         328         320  0.953508956744404     
         329         323  0.961585723841961     
         330         323  0.974151315223071     
         331         324  0.969834415816301     
         332         325  0.984233485374991     
         333         325  0.983440838389691     
         334         325  0.983971823908875     
         335         326  0.982310399598603     
         336         326  0.977115714587598     
         337         326  0.984335677285292     
         339         338   1.01032278127692     
         340         339  0.972263699153394     
         341         340   1.90214244256809     
         342         339  0.961004985110549     
         343         342   1.00809265948060     
         344         343   1.40324772686719     
         345         343   1.42270102322548     
         346         344   1.45466884206048     
         347         345   1.43661681084254     
         348         346   1.42985222594292     
         348         347   1.44579327304762     
         349         338  0.954563327730387     
         350         339  0.951962385588854     
         351         342  0.952546316439075     
         352         342  0.973229266479513     
         353         344  0.961620268830970     
         354         345  0.969933750625843     
         355         346  0.965606666012855     
         356         347  0.971907161814063     
         357         348  0.970519859949211     
         359         358   1.01265373914426     
         360         359  0.981013828402612     
         361         360   1.87902148075287     
         362         359  0.942476999353853     
         363         362  0.993647680470096     
         364         362   1.00859565501881     
         365         363   1.01604239221789     
         366         358  0.949959750243843     
         367         359  0.954508872336155     
         368         362  0.965518735957026     
         369         363  0.976607241800515     
         370         363  0.970148420855814     
         371         364  0.980812646364417     
         372         364  0.981502315746522     
         373         364  0.985261311743405     
         374         365  0.985960422526349     
         375         365  0.983878076118392     
         376         365  0.983817363715962     
         378         377   1.02766588947288     
         379         378  0.979717613055204     
         380         379   1.88199746668992     
         381         378  0.956862979195343     
         382         381   1.00485753386625     
         383         382  0.987159522833462     
         384         383  0.995917631691775     
         385         384   1.31020210739321     
         386         385   1.31704358451758     
         387         385   1.31701994975283     
         388         377  0.953373015803959     
         389         378  0.934005496034884     
         390         381  0.974239614296382     
         391         381  0.970094818644525     
         392         382  0.972780565974670     
         393         382  0.973548284175755     
         394         383  0.968248478919099     
         395         383  0.961373354420955     
         396         384  0.915226390805534     
         397         386  0.921814431587373     
         398         386  0.913749035189625     
         399         387  0.919202718480768     
         400         387  0.909452271814203     
         402         401   1.02464961734282     
         403         402  0.977647248896406     
         404         403   1.89453932429931     
         405         402  0.943873229863007     
         406         405   1.00708286241548     
         407         406   1.40785181511408     
         408         406   1.41469531247676     
         409         407   1.44772310325262     
         410         408   1.44181391859175     
         411         409   1.43583367422582     
         411         410   1.44014694710227     
         412         401  0.957210401284083     
         413         402  0.942447557469111     
         414         405  0.971932782215848     
         415         405  0.958508110791873     
         416         407  0.962112490169122     
         417         408  0.968807433365395     
         418         409  0.960115982215328     
         419         410  0.971537702718094     
         420         411  0.970908056676913     
         421         401  0.955026823904274     
         422         403  0.954569545362891     
         423          77  0.953640898291562     
         424          82  0.950807064972315     
         425          98  0.953748962607330     
         426         116  0.956141759183152     
         427         118  0.955097543194194     
         428         131  0.956280440015532     
         429         133  0.956559492433462     
         430         150  0.946321908228137     
         431         152  0.956712204059353     
         432         170  0.940675845844342     
         433         172  0.955748237933125     
         434         192  0.957906020859832     
         435         194  0.955449948870653     
         436         206  0.930878339371544     
         437         208  0.955207015763824     
         438         228  0.954809585663110     
         439         307  0.956050542681945     
         440         319  0.952028197731169     
         441         321  0.956631371446166     
         442         338  0.955396851699168     
         443         340  0.955799543182880     
         444         358  0.958015249255499     
         445         360  0.955973915283109     
         446         377  0.953096352990169     
         447         379  0.955788536705931     
