   -0.38511699
    0.03328260
    0.20295502
   -0.37133334
   -0.02316360
   -0.06064989
   -0.11697251
   -0.10800940
    0.16320544
    0.05577321
    0.03634421
    0.03918382
    0.03802012
    0.05308890
    0.02938453
    0.04723679
    0.04554812
    0.04022242
    0.03735049
   -0.39082164
    0.02076588
    0.27058880
   -0.50529804
   -0.07213594
   -0.08505115
   -0.02650335
   -0.13980846
    0.23277021
   -0.24032714
   -0.26610570
    0.15356291
    0.06127694
    0.04647837
    0.03043231
    0.06886146
    0.06592708
    0.08229303
    0.08995497
    0.23142440
    0.25367376
    0.25076702
    0.23748967
    0.24778056
   -0.19073969
    0.01788103
    0.26943233
   -0.49305847
   -0.07580331
   -0.00816344
   -0.11524965
   -0.11335354
    0.22727868
    0.07951629
    0.06509919
    0.05376250
    0.02033252
    0.03750925
    0.03271839
    0.04614761
    0.03744347
    0.04927999
    0.04360053
   -0.16491772
    0.03332665
    0.19360939
   -0.35717469
   -0.06312126
   -0.00090447
   -0.03376038
   -0.04463302
   -0.05976808
   -0.07577397
    0.14129809
   -0.40996439
    0.22617956
    0.08536933
    0.04548998
    0.06137902
    0.02401538
    0.04466144
    0.05992334
    0.05871120
    0.36088021
   -0.39376133
    0.03149241
    0.27688334
   -0.49656642
   -0.06632816
   -0.01556941
   -0.21524506
   -0.04922021
    0.16583681
    0.02992889
    0.05763990
    0.05379447
    0.03757771
    0.07748959
    0.06012097
    0.05012345
    0.02808487
   -0.20330102
    0.01787550
    0.27072145
   -0.49035213
   -0.02070038
   -0.05756044
   -0.11248556
   -0.11067695
    0.22421956
    0.07725235
    0.04758174
    0.02899963
    0.03336244
    0.05482239
    0.04075394
    0.04009423
    0.04431776
    0.04169652
    0.04486726
   -0.18017857
    0.02466786
    0.19619110
   -0.34182228
   -0.05969900
   -0.10877937
    0.28998763
   -0.48699733
   -0.28340847
    0.21345773
    0.09007989
    0.07322806
    0.07229845
    0.08131182
    0.08346777
    0.23349096
    0.21890267
   -0.38864348
    0.02260899
    0.27537843
   -0.49751562
   -0.02185734
   -0.11176570
   -0.10357141
    0.14840583
    0.05279431
    0.03805303
    0.04850012
    0.04289878
    0.04122443
    0.04418893
    0.03403826
    0.02284982
   -0.17939273
   -0.01797309
    0.20391537
   -0.36146818
    0.22797902
    0.10103501
    0.08584682
   -0.39689669
    0.02316350
    0.28011049
   -0.52119260
   -0.01883033
   -0.05794402
   -0.11259589
   -0.11407202
    0.14732913
    0.06518612
    0.01908823
    0.02797131
    0.04175243
    0.05435188
    0.01984540
    0.05166330
    0.04395612
    0.04945443
    0.04230511
   -0.19154120
    0.04366462
    0.27089160
   -0.47995585
   -0.08872853
    0.37141526
   -0.63097348
   -0.63293242
    0.21785891
    0.04809863
    0.02953590
    0.02258585
   -0.16734390
    0.02831509
    0.20551744
   -0.36504772
   -0.07005084
   -0.00941677
   -0.11782029
   -0.11728645
    0.20806553
    0.10233147
    0.06191956
    0.04984282
    0.03069951
    0.05316613
    0.04337711
    0.04475094
    0.05388818
    0.04541642
    0.03560155
    0.18363950
    0.06377197
    0.19457895
    0.09099694
    0.17921749
    0.10101173
    0.18784680
    0.07710779
    0.18801695
    0.08301708
