           2           1  0.953546373310217     
           3           2  0.907554857236008     
           4           3   1.64840247851211     
           5           2  0.976551932365661     
           6           5   1.00191226126542     
           7           1  0.892900143461844     
           8           1  0.891462659741354     
           9           1  0.885354959828012     
          10           2  0.953796995682487     
          11           5  0.970819436581685     
          12           5  0.961039567240301     
          13           6  0.850374801366124     
          14           3   1.32680703844418     
          15          14  0.995628073183437     
          16          15  0.930395499890595     
          17          16   1.65263588279778     
          18          15  0.974935323588767     
          19          18  0.998098602729937     
          20          19  0.920126826841240     
          21          20   1.55760619602808     
          22          20   1.42864454832231     
          23          14  0.804232843541603     
          24          15  0.938693946467042     
          25          18  0.973588472252777     
          26          18  0.976246803538300     
          27          19  0.967763875779489     
          28          19  0.979992580424006     
          29          16   1.28617838233999     
          30          29  0.971614424492922     
          31          30  0.917252722828238     
          32          31   1.60352022384289     
          33          30  0.997884166293588     
          34          29  0.912051591800840     
          35          30  0.958978535933979     
          36          33  0.980511469004810     
          37          33  0.982167629449154     
          38          33  0.976301349102068     
          39          31   1.33735594339689     
          40          39  0.967612627011370     
          41          40  0.929161809745291     
          42          41   1.61662401542481     
          43          40  0.978363189443357     
          44          43  0.988536560816827     
          45          44   1.01117724659320     
          46          44   1.00586985983227     
          47          39  0.904406479172006     
          48          40  0.950519817595974     
          49          43  0.963347245635777     
          50          43  0.973328107455666     
          51          44  0.970548567545970     
          52          45  0.983544676678307     
          53          45  0.983330600463386     
          54          45  0.976742249386496     
          55          46  0.985709250173900     
          56          46  0.982216842206991     
          57          46  0.986308034059165     
          58          41   1.31513511865744     
          59          58  0.966831834597195     
          60          59  0.932843231781382     
          61          60   1.64150701348613     
          62          59  0.973998243608781     
          63          62   1.00801540678256     
          64          63   1.00266254131156     
          65          64   1.01159416300291     
          66          65  0.954728290612501     
          67          58  0.915069727765885     
          68          59  0.950802363591448     
          69          62  0.963261671475434     
          70          62  0.960635058161685     
          71          63  0.971433159072366     
          72          63  0.974914423006480     
          73          64  0.968718516993419     
          74          64  0.963969037167535     
          75          65  0.965542315450571     
          76          65  0.963836386396695     
          77          66  0.895814341730639     
          78          66  0.894520091904731     
          79          66  0.897415819199499     
          80          60   1.28544731388634     
          81          80  0.999588840052440     
          82          81  0.955744030993208     
          83          82   1.57360247743803     
          84          81  0.942219270455859     
          85          84  0.993823473296595     
          86          84   1.00549302058941     
          87          85   1.01905500064242     
          88          80  0.892348482197524     
          89          81  0.935406840489572     
          90          84  0.948549098227971     
          91          85  0.976058624764295     
          92          85  0.974617049239540     
          93          86  0.984518961932014     
          94          86  0.984833522954927     
          95          86  0.978973388460671     
          96          87  0.985473632024621     
          97          87  0.976481872216929     
          98          87  0.983103423855125     
          99          82   1.29589845524369     
         100          99  0.975412647316535     
         101         100  0.940382655472840     
         102         101   1.66285585073394     
         103         100  0.976689883173517     
         104         103  0.987349144685819     
         105         104   1.01110683307395     
         106         104   1.00988072583017     
         107          99  0.910230552885964     
         108         100  0.932554107488809     
         109         103  0.971430609225165     
         110         103  0.975293245544211     
         111         104  0.966737976724932     
         112         105  0.985185596133720     
         113         105  0.979135690738244     
         114         105  0.984434778438165     
         115         106  0.985100085123849     
         116         106  0.984545266328974     
         117         106  0.980711011655279     
         118         101   1.25443282594729     
         119         118  0.989981683546158     
         120         119  0.943586300616446     
         121         120   1.62126044133497     
         122         119  0.963053777732714     
         123         122  0.959820087037957     
         124         123   1.64210656409047     
         125         123   1.31926336643103     
         126         118  0.898299371396266     
         127         119  0.941918453846333     
         128         122  0.958017126945797     
         129         122  0.972122054565640     
         130         125  0.922067724700294     
         131         125  0.927134536200980     
         132         120   1.30056985080087     
         133         132  0.984892351407150     
         134         133  0.952810994409184     
         135         134   1.89513976004212     
         136         133  0.949025049739684     
         137         136  0.962368336719520     
         138         137   1.63068666023504     
         139         137   1.30238502416916     
         140         132  0.852824397809973     
         141         133  0.945485905729242     
         142         136  0.963323451824946     
         143         136  0.945709718954969     
         144         139  0.922767990088307     
         145         139  0.925418724663963     
         147         146   1.01878786841758     
         148         147  0.933960867909172     
         149         148   1.61364326679377     
         150         147  0.951097288122316     
         151         150  0.996210704513399     
         152         150  0.998049802147641     
         153         146  0.924773648368972     
         154         147  0.959598391891270     
         155         150  0.954762979883881     
         156         151  0.826859964243815     
         157         152  0.982345948424350     
         158         152  0.986583944684493     
         159         152  0.982182974433781     
         160         148   1.30886847801584     
         161         160  0.981195936197183     
         162         161  0.962788217672549     
         163         162   1.82723419557332     
         164         161  0.966434902201076     
         165         164  0.990705598578743     
         166         165   1.00829622834533     
         167         165   1.00693880010277     
         168         160  0.889187574242473     
         169         161  0.939932263533569     
         170         164  0.964411553232618     
         171         164  0.976601805760181     
         172         165  0.971890053427156     
         173         166  0.981978902576942     
         174         166  0.973243767115336     
         175         166  0.985346397272818     
         176         167  0.980211099677538     
         177         167  0.973539374252765     
         178         167  0.986133770065530     
         180         179  0.998518248811666     
         181         180  0.977643279964729     
         182         181   1.87981793420625     
         183         180  0.978114159193725     
         184         183  0.990607232443052     
         185         184  0.963023903764318     
         186         185   1.63675008414478     
         187         185   1.29360950512481     
         188         179  0.855666284660692     
         189         180  0.940744366884726     
         190         183  0.956951854032285     
         191         183  0.959635146520523     
         192         184  0.965011939492277     
         193         184  0.977376315029673     
         194         187  0.929654706402079     
         195         187  0.928427466824383     
         197         196   1.02532836631208     
         198         197  0.958181214290271     
         199         198   1.90546911825381     
         200         197  0.937897476098767     
         201         200  0.998024002020959     
         202         200   1.00619282479044     
         203         201   1.01677203047010     
         204         196  0.942397633223175     
         205         197  0.961858962462101     
         206         200  0.972072663750266     
         207         201  0.972256535533765     
         208         201  0.975887356614429     
         209         202  0.981520684849998     
         210         202  0.984616101319624     
         211         202  0.980891343759355     
         212         203  0.985653643501041     
         213         203  0.988027172404900     
         214         203  0.986543375152342     
         216         215   1.02511665170098     
         217         216  0.939654435615900     
         218         217   1.59444685457086     
         219         216  0.943903965588137     
         220         219  0.995050583352651     
         221         219  0.997356562804994     
         222         215  0.945850139566730     
         223         216  0.949150513362772     
         224         219  0.965129083071439     
         225         220  0.873061525161146     
         226         221  0.984357039751353     
         227         221  0.984080851366135     
         228         221  0.977928184871882     
         229         217   1.32273548095373     
         230         229  0.974771688983798     
         231         230  0.977983881889824     
         232         231   1.87572860478604     
         233         230  0.964573022456381     
         234         233  0.995728400039201     
         235         234   1.00509471917612     
         236         234   1.00711907982355     
         237         229  0.904615593943803     
         238         230  0.938895939907674     
         239         233  0.966056799330291     
         240         233  0.970570137397991     
         241         234  0.965586376417798     
         242         235  0.986544451415752     
         243         235  0.979485640865023     
         244         235  0.986227115175765     
         245         236  0.985771608504394     
         246         236  0.986903695007465     
         247         236  0.985238060031954     
         249         248   1.01284113939752     
         250         249  0.926123824551384     
         251         250   1.62412376655703     
         252         249  0.996862311959488     
         253         248  0.952329110365654     
         254         249  0.955932236364588     
         255         252  0.985349162951210     
         256         252  0.977415875372439     
         257         252  0.975598062449953     
         258         250   1.30321756151087     
         259         258  0.986757868057793     
         260         259  0.925680559276520     
         261         260   1.61937898019979     
         262         259  0.984683960258853     
         263         262  0.999769178509169     
         264         263  0.959650082062974     
         265         264   1.60937071944652     
         266         264   1.32657496851011     
         267         258  0.885935413272963     
         268         259  0.947356435853238     
         269         262  0.966383913364119     
         270         262  0.973010767472867     
         271         263  0.961628786383295     
         272         263  0.947769083627084     
         273         266  0.932393935760790     
         274         266  0.925746096229634     
         275         260   1.31683176294252     
         276         275  0.976973806208424     
         277         276  0.926013420253607     
         278         277   1.65992340436165     
         279         276  0.988436689998913     
         280         275  0.870005026343362     
         281         276  0.952847989955577     
         282         279  0.978025107866240     
         283         279  0.977173509550094     
         284         279  0.978852011020500     
         285         277   1.26900045307325     
         286         285  0.988713456148147     
         287         286  0.923638811620446     
         288         287   1.64658898670401     
         289         286  0.970095655847136     
         290         289  0.997417124492461     
         291         290   1.00568952980769     
         292         291  0.972966192402603     
         293         292   1.30338296233441     
         294         293   1.33455490613940     
         295         293   1.30921109818319     
         296         285  0.920768396433776     
         297         286  0.946878017413990     
         298         289  0.971293944576404     
         299         289  0.971768223038237     
         300         290  0.958196392254601     
         301         290  0.969462288312997     
         302         291  0.963478139490205     
         303         291  0.962632411568602     
         304         292  0.918545541645815     
         305         294  0.917338294791373     
         306         294  0.914365961743965     
         307         295  0.918005577020453     
         308         295  0.914359970150231     
         309         287   1.28552952905971     
         310         309  0.977762897054963     
         311         310  0.918201875431156     
         312         311   1.67856051566377     
         313         310  0.981186563615132     
         314         313   1.00040734299791     
         315         314  0.872598559220983     
         316         315   1.50607229846952     
         317         315   1.52495619939279     
         318         309  0.912034980783037     
         319         310  0.953731450555913     
         320         313  0.962106578456721     
         321         313  0.976710266302883     
         322         314  0.971766359973742     
         323         314  0.972064544511053     
         324         311   1.26677660335388     
         325         324  0.965016438179980     
         326         325  0.964123856605094     
         327         326   1.92301087679067     
         328         325  0.948028939185032     
         329         328   1.02091050842863     
         330         324  0.927830907338937     
         331         325  0.956336269391509     
         332         328  0.966093699490283     
         333         328  0.946502689206635     
         334         329  0.876960947454433     
         336         335   1.00177093783827     
         337         336  0.998217815651432     
         338         337   1.83399122890545     
         339         336  0.957126281201339     
         340         339  0.987829393751653     
         341         340   1.00688834604929     
         342         340   1.00670844127532     
         343         335  0.953273867012328     
         344         336  0.948628046619836     
         345         339  0.972702035418865     
         346         339  0.971594536418182     
         347         340  0.962049595673388     
         348         341  0.979458439728678     
         349         341  0.986252380421842     
         350         341  0.985820185261302     
         351         342  0.967823739984176     
         352         342  0.980768777391384     
         353         342  0.981370692394996     
         355         354   1.02694829696397     
         356         355  0.973205255734117     
         357         356   1.89822738117597     
         358         355  0.939032638447071     
         359         358   1.01988592777733     
         360         359  0.972635571906980     
         361         360   1.00174026477544     
         362         354  0.900991036275573     
         363         355  0.952316213032813     
         364         358  0.972814936047393     
         365         358  0.964938160325072     
         366         359  0.969052799155227     
         367         359  0.972810414828627     
         368         361  0.978720463353609     
         369         361  0.985263506377174     
         370         361  0.979042684556697     
         371         134  0.953412105043241     
         372         146  0.958261840914914     
         373         162  0.955202481257439     
         374         179  0.927845977063985     
         375         181  0.952134209043387     
         376         196  0.954019285936478     
         377         198  0.955174848852325     
         378         215  0.952244365383220     
         379         231  0.946928336880159     
         380         248  0.954151700631403     
         381         326  0.953262635672401     
         382         335  0.950490999079526     
         383         337  0.952935463076474     
         384         354  0.949734521792591     
         385         356  0.954205932716202     
