$grad                                                                           
  cycle =      1    SCF energy =  -888.10802453299   |dE/dxyz| =  0.722179
   90.76937975414893     19.75652529116614     -5.61179039099299      n 
   89.97069658397642     21.34663212190940     -3.51890881743482      c 
   91.66524886878170     20.72257935781292     -1.25768686394423      c 
   92.89897893722797     22.32859697089025     -0.13249230418556      o 
   87.10623550660512     21.01585736223813     -2.96066198536196      c 
   86.39391227525537     22.83779877124728     -0.88284989362544      c 
   87.36455140041355     25.28548298749648     -0.86342522276940      c 
   85.01872883710082     22.03024865089630      1.19472522364245      c 
   87.15889965906699     26.80038869716360      1.24054731490163      c 
   84.78538390897599     23.56378979417974      3.29811363077091      c 
   85.90426520784359     25.91067728023688      3.34334635486793      c 
   89.40717350892970     18.63388615319563     -6.34348344938329      h 
   90.37749975159554     23.30903079829999     -4.03824802089946      h 
   86.06266350031746     21.33875853622282     -4.71361072998488      h 
   86.75335397292015     19.08258696074733     -2.35603258140760      h 
   88.27972644175981     26.03392739419680     -2.51784709116185      h 
   84.20346017136112     20.15893015886586      1.19584532619561      h 
   87.95536484957802     28.67700558807081      1.23668282816990      h 
   83.73973370511047     22.93678765107934      4.92868277673156      h 
   85.66673867032760     27.11641511806460      4.96636615205272      h 
   91.70773118217515     18.26093073576140     -0.70944786308467      n 
   93.11255441267451     17.39902716681363      1.43385457341837      c 
   95.82439633781695     18.38136508662523      1.22355432695653      c 
   96.77947065147887     19.44831041228038      3.05484095669568      o 
   92.78040041478729     14.58956279583896      1.81318138991838      c 
   93.73201778417312     13.92998535670259      4.42455736382172      c 
   92.62292646910036     14.52254405451965      6.34981488169012      o 
   95.92849281958942     12.66814855876460      4.40853448502303      n 
   90.62910681536090     17.02322531300759     -1.70513298133786      h 
   92.38329989557754     18.33044917916541      3.15332089515714      h 
   90.76000224404957     14.18101161055182      1.72696865243227      h 
   93.75901147566319     13.54445096488084      0.33378835458651      h 
   96.73999657203714     12.21207147034247      6.07069473998184      h 
   96.83013925522802     12.20469623449050      2.80404847668624      h 
   97.12789435075121     18.16817460410147     -0.93290097896497      n 
   99.56212775960933     19.44549650772975     -0.80209033113025      c 
   99.09129540411469     22.22409033298219     -0.04317828906707      c 
  100.47418106571700     23.19900033705152      1.56229177402672      o 
  101.32575258902848     19.16317171565536     -3.08888064218784      c 
  103.80433983935743     20.74217022931031     -2.92838335910353      c 
  105.63713774473227     20.35645943856318     -0.59459658054845      c 
  108.17055036850979     21.98560418714894     -0.59921991054566      c 
  109.46717850649895     22.36762623246509      1.98176514557712      n 
   96.43034242533400     17.33801835381211     -2.50844532775275      h 
  100.55241774467029     18.65625936817467      0.84948167160471      h 
  101.77849120803113     17.16140401857026     -3.28827309453925      h 
  100.33520529037851     19.78629013536976     -4.78676701583889      h 
  104.86948186208909     20.34328522128861     -4.64561385007360      h 
  103.27959957595307     22.73692581763623     -2.96374745789341      h 
  104.57214676911855     20.86834269390185      1.09601151757730      h 
  106.14082093285717     18.36742321788355     -0.47823958270618      h 
  109.55173107041675     21.09659688494551     -1.83394031652078      h 
  107.71831090001865     23.84993331119330     -1.34287415487204      h 
  110.87017622903903     23.69168464344065      1.80422333359525      h 
  108.23883512719348     22.93367859287831      3.37763805515755      h 
  110.26744770854289     20.70962127095182      2.62830418941283      h 
   97.33086162262528     23.69394348162277     -1.09077316360873      n 
   97.71919152459425     26.37399968868655     -0.53493103539634      c 
   97.57734902554203     26.73108450087217      2.30419262800522      c 
   99.22723070715473     27.94670672866782      3.40046461803744      o 
   96.17090326330349     28.20315653851037     -2.15474332683910      c 
   93.41335324669848     28.17381838894589     -1.44700470141139      c 
   96.54611532154652     27.63892614981226     -4.96537121908829      c 
   91.95877659085352     29.60922004339340     -3.45175571206518      c 
   96.29719325996737     23.14136521644940     -2.59804146837300      h 
   99.70731251943819     26.81351747541079     -0.98718036939078      h 
   96.95950461968076     30.08161007466572     -1.77968577183381      h 
   92.74180609159207     26.23651405221003     -1.31372395461589      h 
   93.14412134451885     29.07231271653661      0.39110638956784      h 
   95.93310594034219     29.21102854608681     -6.11784287215970      h 
   98.53497732309965     27.32904176230097     -5.35100753006658      h 
   95.53566592336186     25.94068161073286     -5.53177434381818      h 
   90.03702650185687     30.00711897635209     -2.82146882823347      h 
   92.85966355923912     31.41323769543688     -3.84212356044929      h 
   91.82946212541333     28.56085436059743     -5.20335384385187      h 
   95.63299851565806     25.61713020926107      3.46115200037129      n 
   95.59560340083397     25.60881016523651      6.20031572634092      c 
   98.19678054155237     25.15334443868582      7.32211122110576      c 
   99.08955212833598     26.53050150586592      8.95847250125601      o 
   93.93280265406719     23.61815027822624      7.47114528844267      c 
   91.12089942923852     24.14000549229950      6.92945176820334      c 
   94.49359479959513     23.55325168847958     10.32330704478874      c 
   90.34400546217728     26.83550057290822      7.45683926610905      c 
   94.48292349164815     24.44832945183623      2.47685331659943      h 
   95.03927669265306     27.50420600329651      6.84913678887109      h 
   94.40580539590836     21.76300178356115      6.69050105800087      h 
   90.70522772992929     23.68905403871663      4.95824686722177      h 
   90.03217594573131     22.84536796913760      8.10171818550933      h 
   93.04512900176398     22.46547183244420     11.29799314978123      h 
   96.28458997614524     22.64149100643516     10.72830134499733      h 
   94.54839185814599     25.45569085451631     11.09000335804301      h 
   88.31180510175362     26.95624402624557      7.67118383922998      h 
   91.17515311731272     27.52090597430434      9.21112007401830      h 
   90.88702297506133     28.10001124065687      5.93292574306764      h 
   99.36748867628968     23.02937699514904      6.63719473716614      n 
  101.94868422180500     22.72517037542392      7.49093832773540      c 
  103.92099631322027     24.79479202961216      6.73828954120213      c 
  105.54549759621190     25.47580554444082      8.25376812015694      o 
  102.71656216538859     19.98348480223810      6.96675217412026      c 
  100.86908888261753     18.20506276857022      9.32159589491808      s 
   98.74770468349303     21.96700444781017      5.17209998158273      h 
  101.91446476006925     22.93844605567518      9.55879150098022      h 
  102.10211460598289     19.39152090926961      5.10136816725647      h 
  104.72689635302923     19.65903250925786      7.28503305584220      h 
  102.31751637683750     16.15326658972459      9.31954786775985      h 
  103.55604620652068     30.54130198073894      6.52998763665695      n 
  102.96659808605533     32.43436981872577      8.48290690268890      c 
  104.10985145865868     31.77154696159847     11.16097058271174      c 
  105.46170731675055     33.33589734014647     12.27514225006570      o 
  100.05919192446025     32.60574975330573      8.62935120624798      c 
   98.95625641528891     34.00771206022723     10.93332200310346      c 
   99.41355980111466     36.82854528745246     10.53980860723305      c 
   96.14056566508546     33.36241379155257     11.23900679821351      c 
  102.07550010633489     29.54535205367669      5.83767656909520      h 
  103.84534976162809     34.22243026145908      7.92111137485386      h 
   99.39078193439379     33.53537328966102      6.92453112894534      h 
   99.33792083866189     30.66996111605400      8.62975600349871      h 
   99.94311567450953     33.38115025256376     12.62986501101729      h 
   98.65050111639340     37.93367846248722     12.09596892183160      h 
  101.42550171846010     37.19455802446991     10.41206994911308      h 
   98.51931440515793     37.45371707185603      8.79965672088782      h 
   95.34216085910420     34.35806840811716     12.84312055548268      h 
   95.11535915129839     33.94958896722055      9.55623666519608      h 
   95.89736958727214     31.33987456868423     11.47757493698803      h 
  103.36606733649138     29.51156942817233     12.12565438526213      n 
  103.94598956822144     28.74168022545035     14.68033409806763      c 
  106.66373809959256     27.93857832779889     15.01667412069068      c 
  107.70505179852212     28.70023059002951     16.93133339384236      o 
  101.94661046016982     27.05089024101300     15.97342669770050      c 
  100.06892197351792     25.96670365540651     14.10031878278368      c 
  103.06014262971165     25.03234514139931     17.69638624135134      c 
  102.37062455726084     28.33379983996289     10.99201202580020      h 
  103.95519813625401     30.52997962591968     15.76151260449098      h 
  100.84666920532452     28.30448083653481     17.20522220040219      h 
   98.65937784458086     24.85378218614307     15.10285516199241      h 
   99.09489666052544     27.45328435976255     13.08697374335398      h 
  100.98722397727371     24.69793694196157     12.77509259335898      h 
  101.52673886610320     24.03166525334063     18.62184724037462      h 
  104.17373364097317     23.65771874286511     16.63780522768495      h 
  104.27258112640743     25.85423664180128     19.13095025077230      h 
  106.38093482531733     36.61301028940662     16.96229380302547      n 
  105.37543501812607     36.42931921526635     19.51877311262393      c 
  107.13297104508989     35.24654309786479     21.42663633996669      c 
  107.09851143055543     35.75936610919373     23.66743743712646      o 
  103.13192013277366     34.62006627061034     19.54398120489909      c 
  101.19146237689807     35.37731781123777     17.41184543984373      c 
  102.17312516452427     34.21323197183492     22.25359109629919      c 
   98.38263550478341     35.64759132166790     18.09041826173710      c 
  105.46839953742533     35.71855775529735     15.54154055108113      h 
  104.82824635057071     38.31765657957411     20.16189769605746      h 
  103.89847863965282     32.77762044347862     18.97106293021737      h 
  101.76130907533708     37.16268198523875     16.56661194927386      h 
  101.33789973590325     33.93280286836211     15.94912185984712      h 
  100.43880407559463     33.11421448835500     22.20797302249912      h 
  103.52764163505439     33.14969727988689     23.35962183087761      h 
  101.85449541425874     36.01068020534367     23.19361693867949      h 
   97.30998894604807     35.92594512243403     16.36668109283456      h 
   97.65139944297682     34.01159984179970     19.07768601753598      h 
   98.12014456857048     37.29868094445329     19.28930872955501      h 
  108.61517668654169     33.42391507941970     20.53353422707544      n 
  110.28799037830916     32.19685298514150     22.27107697844008      c 
  112.75858313356096     33.58092286656460     22.65696568102719      c 
  113.80133423382556     33.25868231488255     24.70550773289087      o 
  111.05619184316424     29.52339505064900     21.55507162061348      c 
  109.03014016702079     27.66315773432895     22.30613274954408      c 
  110.06492516534064     24.32504429215269     21.88091471617658      s 
  111.33526388133157     23.58236915017853     25.03214699210620      c 
  108.42090509463692     32.64088213767916     18.80193153708079      h 
  109.37883257549655     32.12734014590876     24.13336378343242      h 
  111.36313863486878     29.38809555025097     19.52316882172904      h 
  112.79559690924739     29.04270502912389     22.55362097872460      h 
  108.52525965099105     27.82855598764770     24.29137986069167      h 
  107.36804908982673     27.88825878799100     21.12557317410049      h 
  112.60329138538569     21.99081452574134     24.79967484732810      h 
  112.34971020258884     25.20467749710183     25.75658674580990      h 
  109.79466841772454     23.03664403228514     26.27275483039464      h 
  109.85140571195369     38.67969650604412     28.30336759463172      n 
  109.72493364869837     37.88693558657453     30.85732482514461      c 
  112.27383671305151     37.16167781302621     32.05417985345780      c 
  112.40533485320213     36.69540252126481     34.31310527307996      o 
  107.68339564723550     35.89746374267859     31.03495169633707      c 
  105.15037655076108     37.07299730547757     30.30232410534799      c 
  107.60316199509406     34.88395190526516     33.70326572876544      c 
  103.17482778700658     35.06904901374637     29.63862351568168      c 
  108.99497252792005     37.64327123504891     26.94130595766719      h 
  109.14631662139072     39.51131291582711     32.03384755837769      h 
  108.12298628837529     34.33325997776246     29.74769989152595      h 
  104.46263584172155     38.21928118037422     31.87348092603224      h 
  105.38164734818726     38.28220616736252     28.65470710570594      h 
  105.98578621008772     33.63349548655965     33.95137298492381      h 
  109.26637896628439     33.77716252074022     34.17870458246827      h 
  107.45863389065509     36.40883078460325     35.07191677586448      h 
  101.40110197856953     35.95295639876892     29.09458154248730      h 
  103.83113861922185     33.91741774844974     28.06689864167633      h 
  102.82204645112679     33.81159522293154     31.22236988017966      h 
  100.14311576294870     13.93732599790853     34.37737315979904      n 
  100.95605703370549     16.59810867685433     34.41162972441409      c 
  100.69823599846299     17.60962247281752     31.71200552155246      c 
   99.48639289904484     19.52235371981026     31.22919708605771      o 
  103.64112675401056     16.68020398722349     35.54593884533134      c 
  103.39932123311573     15.74952713047420     38.30956048753872      c 
  105.10634389599433     19.15551453741606     35.17721571936028      c 
  105.96582638037016     15.48138575285718     39.62448038885874      c 
  101.45353231202716     12.66117510982993     34.93662813364278      h 
   99.63999056403144     17.70729779809511     35.57214497690245      h 
  104.74188056531379     15.29396610202033     34.46503691333978      h 
  102.24856450350872     17.09503715541367     39.36520683315077      h 
  102.44691669668498     13.92582573068238     38.33481486109211      h 
  107.05608403070836     18.96644996461110     35.77833876629544      h 
  105.16775584593337     19.64380002628987     33.17622631951343      h 
  104.24075467264032     20.71436538278308     36.20295567481490      h 
  105.73761957968489     14.52986043107748     41.42553646598495      h 
  107.30003840244383     14.43791202554698     38.46656739142571      h 
  106.79816751422766     17.32503128214542     39.93826790232823      h 
  101.54677909591203     16.13419123282055     29.85983342065757      n 
  101.12575957440046     17.01860036143654     27.33682295626233      c 
   98.47449716660161     16.46582581931053     26.53849159145652      c 
   97.39348438517558     18.11419640065411     25.33183545245312      o 
  103.10405630846647     15.99718309286382     25.56177481832836      c 
  105.57138676782900     17.37826774944940     26.50285823468680      c 
  105.99676322618248     19.43936881754896     25.47979792650198      o 
  106.77514390584358     16.35692599262486     28.25328021748327      o 
  102.98770409427647     14.89277600647466     30.12192425029753      h 
  101.29232014731700     19.09467401962813     27.27956021655201      h 
  103.27446298240405     13.95281017838900     25.75038161409279      h 
  102.69505299774220     16.55738347940348     23.62593948103515      h 
   97.26969017149376     14.36276553550317     27.18617460508413      n 
   94.57414325608021     14.19985289730704     26.48384263431879      c 
   93.35909313733551     16.77014307436416     26.96485725350330      c 
   91.78714641744054     17.76277655997539     25.58219757175507      o 
   93.03437921387628     12.23302961827952     28.00958111692101      c 
   90.41652808266932     11.79554874712493     26.93849003148775      c 
   89.75776337025518      9.45535935822337     25.97420475551047      c 
   88.55035528510807     13.62318237238690     27.00648768561975      c 
   87.32440654517166      8.94704668337411     25.17037076763276      c 
   86.13512428992131     13.13033100042886     26.14717471759841      c 
   85.48207893154743     10.78548609250518     25.21946973326103      c 
   98.18998116604634     12.77194969318977     27.75259024244542      h 
   94.43968581359675     13.73017131990895     24.47556852367390      h 
   94.10793518149288     10.47094624398637     27.94345393564342      h 
   92.92981179179922     12.85882962109899     29.96988089265212      h 
   91.17990793538635      7.99405098473052     25.87003370193950      h 
   88.92248331532615     15.42750976638716     27.87295136567282      h 
   86.85015086891678      7.07410578716100     24.52515147230628      h 
   84.71098663933519     14.57917083492968     26.34693501228681      h 
   83.57789206871814     10.39462906569341     24.61388886533031      h 
   94.03153204032238     17.57655335510827     29.24108684828974      n 
   93.11870687111536     19.84310320269620     30.36549417221746      c 
   94.01612906816895     22.07494609065401     28.84083100604134      c 
   92.34739044927970     23.38981332568977     27.87432969171805      o 
   93.76020808074784     19.76573891024720     33.14724363080153      c 
   91.73720905013947     18.12401034844166     34.39234931807160      c 
   93.91408514209398     22.38985535489564     34.20076551040761      c 
   92.27339857234229     17.45846726992766     37.14317793568832      c 
   95.32187144285075     16.54674476809529     30.20160294132821      h 
   91.04772969798438     19.89818154808844     30.12913021413656      h 
   95.60382929190874     18.86234204829588     33.38145321512872      h 
   89.91990515522153     19.08659736058953     34.25499079514491      h 
   91.61409748257135     16.36563141167479     33.31805942058055      h 
   94.25817799937208     22.36212438947207     36.22640315080810      h 
   95.44793190981034     23.43421059778722     33.31675777413414      h 
   92.16280229804282     23.41293423946449     33.84672449870578      h 
   90.93398944580498     16.05172091616333     37.80015056674960      h 
   94.17990965995025     16.71411424614126     37.34218634451526      h 
   92.10001137841789     19.12073935830123     38.33842792375470      h 
   96.47334306806759     22.52895937251726     28.47076989513873      n 
   97.12351155149790     24.86552415234170     27.15317902643814      c 
   96.37157448413411     24.77053288495428     24.27076884558494      c 
   95.63830443980153     26.69737244113627     23.19677125279344      o 
   99.79975937571469     25.95102202709920     27.61012362454879      c 
  101.38724033700920     25.34792701768780     25.33427831895120      c 
  101.08529570828497     24.96085359714815     29.94522592316231      c 
  104.14315882734644     25.61670097105080     25.98661618018129      c 
   97.81793777627558     21.44039953908828     29.28987628342155      h 
   95.76236125263584     26.26959534863611     27.89050237230527      h 
   99.61460701882770     28.00390316809910     27.77043328449148      h 
  101.07149651328555     23.39385964185234     24.73505112426789      h 
  100.92407733695889     26.58343396350781     23.74836358425530      h 
  102.69674273758476     26.11552509418111     30.46369522964762      h 
   99.79085256894825     25.00404281657908     31.55255498752914      h 
  101.73022860619521     23.02879200723780     29.70954687244119      h 
  105.25372006574887     25.32344365723501     24.27993697537192      h 
  104.55828908388845     27.47972087217051     26.74735230667320      h 
  104.77122037727018     24.18213198938292     27.30090031268540      h 
   96.40283141853072     22.53939570513669     23.11744623210000      n 
   95.43105715975022     22.03878491868679     20.59175544561382      c 
   92.54901947430621     22.41374494096742     20.44830989279471      c 
   91.54800163143821     23.12763566654395     18.47063454824193      o 
   96.02673260506320     19.29724906489746     19.69260584912511      c 
   95.73576932746506     19.16568414428844     16.81708346726766      c 
   94.28640870773624     17.31039617650993     20.83923218620543      c 
   95.71497959908557     16.45751846309496     15.76306328960545      c 
   96.99734811488310     20.99874007114365     24.08747539321701      h 
   96.29388884888971     23.37459499091099     19.25602059355310      h 
   97.97915050469101     18.87933492172359     20.24000171303657      h 
   93.95366448909766     20.06376404798650     16.29222174853092      h 
   97.25934067782883     20.23043979516429     15.91616814940234      h 
   95.09610443124484     15.45199286889237     20.54279148389710      h 
   94.09182952476075     17.65310017630010     22.81590406284654      h 
   92.43523115675832     17.40045044792741     19.95003168144451      h 
   95.83058390037395     16.53718861407613     13.71247372288824      h 
   97.33152084653071     15.40611647106681     16.47210279916412      h 
   93.99055217489882     15.47013996935545     16.24673977468344      h 
   91.32488649587853     21.82971867517512     22.57989752696479      n 
   88.67276271206364     22.35715957295671     22.89415905211044      c 
   88.30036239085558     25.24491014504289     22.65539991835628      c 
   87.07787035576700     26.17300113009391     20.90128668510813      o 
   87.74494553148411     21.38988958614737     25.43143096870791      c 
   92.24272074786435     21.17171016815802     24.11348853255712      h 
   87.62664919539438     21.52359152602287     21.31108650965085      h 
   85.70751757378993     21.63760970983523     25.55578391709425      h 
   88.21282997118962     19.41474464360014     25.62219770328000      h 
   88.63382014563514     22.43261286397681     26.94743854639559      h 
   89.37960278281800     26.60905153199516     24.50165510589023      n 
   89.42250093928828     29.33265405527819     24.47962798741579      c 
   90.06203551717246     30.48076773480403     21.90139970697154      c 
   88.72654262259871     32.14378227344841     20.97467476947139      o 
   91.38642488492420     30.27951793865822     26.34118851233328      c 
   92.29157098700726     32.91214258261967     25.74629404842529      c 
   90.85253856618858     35.00772016450593     26.39123792299768      c 
   94.67067746278441     33.30222766053856     24.71564534538011      c 
   91.82685480910499     37.42850847710275     26.22462792278716      c 
   95.66880556186409     35.71350773840887     24.59909867328766      c 
   94.28891786884418     37.77267177202588     25.42920477705335      c 
   90.53207291787255     25.71205027177472     25.74195953828401      h 
   87.52896730029556     30.03793307784995     24.96014629218950      h 
   90.61419479930034     30.21242519151333     28.25159991795566      h 
   93.00892339232416     29.00944868681621     26.22532026073834      h 
   88.96395039820872     34.72172177806733     27.12052701074117      h 
   95.80816212227261     31.70752548078125     24.13763724484306      h 
   90.69459172811017     39.02022889003205     26.80426261778521      h 
   97.56731584497793     35.97032170014260     23.90637885252288      h 
   95.13727545454240     39.62489146642470     25.41145936202928      h 
   92.14439644968871     29.73954072535165     20.72452303997341      n 
   92.73472162220276     30.95352585672333     18.33958903166021      c 
   90.61517276233677     30.73197020654289     16.39422875994331      c 
   90.45093708410676     32.33970758475147     14.73257170914714      o 
   95.11686873279476     29.88834186563497     17.13440081665641      c 
   93.32704874468719     28.39859824966780     21.42092757311605      h 
   92.97262188401672     32.98835030004880     18.68404662588865      h 
   95.66773828206451     31.04726677522009     15.54495694202733      h 
   96.65263753982930     29.85731730743683     18.50222885257768      h 
   94.76797308467110     27.96070668909696     16.50707050261381      h 
   89.07954328158395     28.72579296755874     16.56692367714365      n 
   86.95584018198365     28.42149288633453     14.83235578906017      c 
   85.42044448640897     30.85521556425157     15.02068599999932      c 
   84.65742012874854     32.08901480800593     13.21029429703763      o 
   85.23063022133643     26.13617271724791     15.38440831414411      c 
   82.90828074868523     26.09526525818589     13.61128345802312      c 
   83.58310205053029     26.18989626141532     10.82177207595806      c 
   81.31415164873108     23.74195447721998     13.95339076645130      c 
   89.36174016963618     27.34297043640915     17.85406309730694      h 
   87.70622643214109     28.27940594140421     12.90400154628716      h 
   86.34196211341357     24.41307702999180     15.15112607238641      h 
   84.62978659287060     26.21242665548403     17.35037017142422      h 
   81.75663492305017     27.76165869391289     14.04999757585955      h 
   81.90369836319120     25.98277880440290      9.65637408984657      h 
   84.45415938356838     27.98454509515394     10.31966770132942      h 
   84.88083088850038     24.66575920873849     10.35117717511142      h 
   79.78023120135586     23.78743724399646     12.60142839792473      h 
   82.45630441640672     22.06775004371881     13.60638735950218      h 
   80.55812042698132     23.62901410767348     15.86082161523721      h 
   84.92726686347028     31.43697536341604     17.41568373894222      n 
   83.24272284791680     33.42889571067359     18.22439304685920      c 
   84.14585648238173     36.10632613502705     17.47890210947462      c 
   82.79320347646836     37.35590488374349     16.06095174327786      o 
   82.78464052631438     32.88686951892075     21.01550519461097      c 
   82.11194467180997     35.14212511078046     22.55132257213774      c 
   79.66566403269105     35.38456873449173     23.46719757818014      c 
   84.00390612022899     36.82943459418495     23.29872411203006      c 
   79.14579745603581     37.20920139236520     25.27341205856049      c 
   83.47126327858459     38.67726352564734     25.07039592536535      c 
   81.05044669738832     38.81549190530220     26.11872104689457      c 
   85.83763775488009     30.43968258896840     18.76574188373098      h 
   81.47067902728851     33.23396230631680     17.15371832984660      h 
   81.34159145500698     31.42574953031806     21.17702333656590      h 
   84.55643165486741     32.15085579830093     21.77875025506576      h 
   78.22812195293501     34.06641633618194     22.87081605944292      h 
   85.92217996158793     36.52959989172626     22.71201775091394      h 
   77.28693645849408     37.30770107487235     26.10429964809902      h 
   84.97301812534424     39.85970676234273     25.77894813167142      h 
   80.68449236461900     40.01519664658304     27.73015801038012      h 
   86.32243976130040     37.02109795647682     18.41493332744495      n 
   87.10526325602125     39.44364591762692     17.37115970799652      c 
   87.07289943109046     39.42388440085275     14.46739311417123      c 
   86.59021933009745     41.35492128289867     13.28151469981911      o 
   89.64470759722366     40.64737409578031     18.29156532916777      c 
   91.29153857612854     41.51550335949810     16.03809270300088      c 
   91.08997644683372     38.91011077762487     20.03549918509348      c 
   93.89599864684286     42.39238247671490     16.80542843337599      c 
   87.60606674632996     35.79222229314993     19.12569817493669      h 
   85.57940625415385     40.76984130629499     17.85308037480673      h 
   89.16756301489600     42.34218441661685     19.37412956633851      h 
   91.50252902628507     39.98789762715806     14.66562950550823      h 
   90.31726669622955     43.05993219701089     15.08902002780694      h 
   92.73483164015778     39.86407361174212     20.79739055189182      h 
   89.95742543453208     38.25868994484004     21.61476687924950      h 
   91.78531773833215     37.25563050233868     19.01111631289674      h 
   94.78308240002605     43.35958021476584     15.21975939253323      h 
   93.79926825559360     43.70670055644493     18.37944949467406      h 
   95.11500406139902     40.82368215274406     17.32406545171650      h 
   87.64586487352084     37.29525703806699     13.24569906650940      n 
   87.51693493764265     37.39988853149132     10.51980981854738      c 
   84.77909689297684     37.85639169321070      9.66599803816211      c 
   84.42031211394080     39.27811822167113      7.85940696525773      o 
   88.59106026268023     35.02213401006688      9.25563258273797      c 
   87.96574443240438     34.93359410625468      6.46252629525313      c 
   89.87640519416878     34.93344207194391      4.66769460520658      c 
   85.45853502699643     34.74020955095463      5.66563481752787      c 
   89.23878673301267     34.81576187155132      2.14601725856474      c 
   84.81916649970938     34.75527031414767      3.15495683525781      c 
   86.72863348738757     34.78163732186829      1.39674790126091      c 
   88.23727800756217     35.67072087829322     14.06023342764200      h 
   88.57271807163445     39.06789729645602      9.86793052312943      h 
   90.62668876096453     34.94506503454060      9.55379868874184      h 
   87.73424438967767     33.38784049034912     10.18580655657804      h 
   91.83454968813287     35.02448902849680      5.23759834955871      h 
   83.99531625187372     34.46741579315030      7.05250345413558      h 
   90.70549030149181     34.76450640244821      0.72937169333391      h 
   82.86950794635430     34.68301297092774      2.56182628652637      h 
   86.28810107505376     34.74183597571823     -0.59602132619984      h 
   82.86838422516493     36.69908212117807     10.90779326931018      n 
   80.36353450089673     36.98618523724924      9.78623035955854      c 
   79.44525365602445     39.69088983850138     10.13096378744619      c 
   78.34760232062882     40.81341627359422      8.42723532640084      o 
   78.23496218696170     35.23223603353629     10.61732649415056      c 
   76.04162514995448     35.63320912901662      8.76804819504149      c 
   78.99435112914716     32.46130265688288     10.52739099276488      c 
   83.24978286935459     35.27914093587469     12.13436629136332      h 
   80.58088079162737     36.76865181735133      7.72713102335501      h 
   77.66776852712833     35.73039463581637     12.54219651426443      h 
   74.52024717596520     34.33109220793048      9.22958615908779      h 
   75.32403461705819     37.55292022166637      8.85034392955586      h 
   76.63488021253976     35.29383674593274      6.83247586980590      h 
   77.47766817247589     31.28855989975836     11.25807267209479      h 
   79.37360174433800     31.90214814956335      8.58493876305267      h 
   80.69172292513099     32.09664227162747     11.62505893185962      h 
   79.84167835273195     40.74285680473118     12.40481078854371      n 
   79.16722981709381     43.38988501055393     12.62557206105190      c 
   80.81714130289726     45.14872308949935     10.97434091196587      c 
   79.63501195157177     46.30134057328919      9.32664383556467      o 
   78.66054298818510     44.12121573232380     15.34449598646775      c 
   80.96937041757992     43.94993040800733     17.04146656131823      c 
   80.12867559407221     43.59999578250963     19.79851610951687      c 
   82.37855719159211     43.87909652259056     21.58106098890190      c 
   81.45977937562927     44.14617805893624     24.21303822994964      n 
   80.90784983636674     39.86305700305414     13.72898019219496      h 
   77.34967479762831     43.56552489991728     11.63036232736078      h 
   77.87092250222544     46.02319182404021     15.38442473737439      h 
   77.21086950939653     42.82184258957008     16.03190667811387      h 
   82.12965799947641     42.34469305030228     16.47762795362749      h 
   82.10046211244980     45.65884802514001     16.84316374271260      h 
   78.72037031561031     45.04388319293992     20.22056571440731      h 
   79.26054133184030     41.74553357413734     20.01580772253894      h 
   83.59850054289937     42.22107321013757     21.47065740069783      h 
   83.45679926004379     45.56501358429500     21.08043639970471      h 
   82.94775459701349     44.48098441078137     25.42892781938514      h 
   80.21399514937586     45.63805896874707     24.34451346624381      h 
   80.54029789280818     42.50616027170177     24.77041152618690      h 
   83.32069788089535     45.43743214457099     11.20864819984895      n 
   84.66093952374297     47.07312763628581      9.38801469265705      c 
   83.61805190476251     46.89591649610945      6.64695499235927      c 
   83.47514852792428     48.75580517140892      5.26338045251604      o 
   87.56238369898963     46.58219468784430      9.34810013208051      c 
   88.79191568095727     47.51842006457345     11.81661647422265      c 
   88.84569259930028     47.82522814396825      7.05592951877789      c 
   91.67066929444398     47.25630798874464     11.88745077254453      c 
   84.38899910948555     44.19227909320971     12.20764172765096      h 
   84.33670162281729     49.04620037527690      9.94428597177437      h 
   87.79511353681373     44.52828168485547      9.21032948165611      h 
   88.29290783281202     49.49918274832898     12.09854934885146      h 
   87.99517443247656     46.43587517989719     13.38059216263375      h 
   90.83467265808059     47.33961751757814      7.02262078400723      h 
   88.00028867302423     47.19748078743973      5.29273801107780      h 
   88.65972773565517     49.86765907854771      7.16822345276137      h 
   92.34547963568957     47.58225281581450     13.79873036513323      h 
   92.24297708295326     45.37252237652842     11.29719532543783      h 
   92.57248275256575     48.63277729356700     10.66197120809764      h 
   83.01947444850522     44.59254959973148      5.80370518812543      n 
   82.44997000532489     44.19954341462066      3.18516225848405      c 
   79.67489281398828     44.52682827602985      2.43787119952962      c 
   79.09302116024412     44.23055681342014      0.21038879032708      o 
   83.25581816554249     41.53798161413815      2.46432613487586      c 
   83.25001736714840     43.01905173646351      6.86886130953549      h 
   83.47964201296179     45.61305974788108      2.06293896170066      h 
   82.85569903117153     41.22723029708420      0.47729467437811      h 
   85.25685147506150     41.26221314026230      2.82675295155351      h 
   82.19996907066641     40.19900482099325      3.60785132622668      h 
   78.02254664325524     45.08704174608712      4.27452709494735      n 
   75.30229939359073     45.23826210653875      3.81699930114155      c 
   74.52575270165616     48.04618584630791      3.54088280286269      c 
   73.13420480313157     48.90675718661834      1.90061022312259      o 
   73.78010050318490     43.89541422301480      5.92148346718451      c 
   72.39696483348510     41.42666490676490      5.19174023010739      c 
   72.24876537362925     40.52052575596314      3.08141155782091      o 
   71.32146464060078     40.28499231656326      7.20475565541119      n 
   78.64090825369178     45.15057013598808      6.08946447963391      h 
   74.92660509297018     44.29400642121319      2.00682236836859      h 
   75.09783456568033     43.38760914424025      7.42276799630430      h 
   72.35046901524076     45.18049822964804      6.66961516090091      h 
   70.32318977878981     38.68880963327865      6.91154106603145      h 
   71.32061397177196     41.05694009621654      8.93934097848422      h 
   69.12772794053924     24.24665107604964      2.19050562320082      n 
   70.33465365537440     24.41812706086426      4.64547175685516      c 
   70.53841471551519     21.93615107402763      6.04335602270589      c 
   72.61078050916248     21.19703408816169      6.75831419135433      o 
   68.85412353735684     26.13923550626495      6.41175213991622      c 
   69.91389979720596     25.97526692454623      9.10104017149188      c 
   72.33601576530330     27.54449425037652      9.32676140902200      c 
   67.84361313995240     26.74816285662011     10.95349316257467      c 
   67.93218057877242     25.72022383047979      1.84353595447393      h 
   72.28242151202794     25.09778586914336      4.41582622616852      h 
   68.91051737994185     28.08288796517825      5.72272337571724      h 
   66.88656657109567     25.51847763639730      6.42617206453656      h 
   70.39477464432240     24.02711235947667      9.54547566348562      h 
   72.89770365926155     27.68837739777405     11.29603750036424      h 
   73.86778249050234     26.64577352284563      8.29861628974760      h 
   72.03866922664062     29.43533875794285      8.58015755835767      h 
   68.52946363039108     26.68886056290476     12.88845004450872      h 
   67.20312871815391     28.66039073976837     10.54594209490408      h 
   66.24344829046510     25.46824037355649     10.81469800440782      h 
   77.03353351975102     18.63155066111496      8.28742229588626      n 
   77.78398086021308     17.96024152398385     10.81797582023838      c 
   78.17008743535202     15.14816807207475     11.12100912650706      c 
   79.64545874873762     14.30344835736139     12.70164020426728      o 
   75.80395000117731     18.60669120664785     12.77521889451561      c 
   75.36032449750392     21.46013142231395     12.89009235959988      c 
   76.59974405287181     17.55513728632254     15.35268679005595      c 
   72.69248857405552     22.04887307062288     13.82551715034013      c 
   75.30710510576361     19.37730354172816      7.95453312185032      h 
   79.57478901171982     18.90829422791146     11.26953640581608      h 
   74.04722495369511     17.68089627018364     12.17181374781675      h 
   76.71803309443040     22.30092194664601     14.17858082771735      h 
   75.59964368744795     22.28178887977915     11.01746977732943      h 
   75.47988241520432     18.44849188757658     16.82671972412420      h 
   76.29987326061593     15.53015784087169     15.47274869710010      h 
   78.58786366859378     17.92406606757819     15.69826496380438      h 
   72.40637944249532     24.07786860890432     13.92334970289540      h 
   71.27901489965764     21.23937567914388     12.57551350713748      h 
   72.40264223523135     21.25352884419108     15.69796091105653      h 
   84.95429012917147     13.69908177309055      7.58133415729164      n 
   86.91407719749711     14.79730555409732      9.12563040445086      c 
   87.34060842958370     13.61923607960781     11.69948879303695      c 
   89.51907879355966     13.35979963991650     12.47261490242419      o 
   86.33443221275230     17.55436939315949      9.73227815647256      c 
   88.27029773350428     18.52767530770313     11.64801436044323      c 
   86.37323409399717     19.16054214706807      7.34285016895851      c 
   83.46706783394283     14.80490617264998      7.10983610255664      h 
   88.73487742349323     14.66648576414640      8.13474420612859      h 
   84.43528474711859     17.63075781336485     10.56491357602932      h 
   88.15679949285804     20.57671196679918     11.79294926826599      h 
   87.98814848865577     17.76476392334017     13.53028273626119      h 
   90.16883434201236     18.01979140827027     11.04578581815855      h 
   86.09222846291620     21.13205136120173      7.83312566454575      h 
   88.17622559215791     18.97193450772998      6.37901987095969      h 
   84.87668401227218     18.58650246327667      6.06211359460155      h 
   85.22873801209825     13.20682941156617     13.08050815713434      n 
   85.28249774640732     12.33913783710207     15.68061599075516      c 
   85.20170500297009      9.46969239570121     15.96229900903149      c 
   85.90500375412958      8.40140412023752     17.89660989041744      o 
   83.20731580510470     13.50741188689779     17.27816125129791      c 
   83.62744700348614     16.32907726703903     17.63584186705226      c 
   86.75001637901070     17.49070975215375     18.73750821095374      s 
   86.85131429778370     16.18711985299595     21.90272004450834      c 
   83.50035273416701     13.44662807902970     12.29747072767262      h 
   87.12575971518505     12.95001654606247     16.44049830750475      h 
   81.38575357376467     13.27563997591280     16.34902784031196      h 
   83.15705756290436     12.54828578329311     19.10381623579214      h 
   83.42912155843582     17.27858672687485     15.81877667834782      h 
   82.22955958236000     17.08900031494173     18.94597468020451      h 
   88.69848800645742     16.61935404159279     22.66094262138173      h 
   85.35577760370883     17.03543129498800     23.01289774639976      h 
   86.62017637360306     14.16010916852323     21.74163586262191      h 
   92.03144221276629      8.32308000612120     15.59631897145392      n 
   93.03915169408451      9.01753068981082     18.05509526032921      c 
   93.03438159795454      6.74956719757761     19.82549690721782      c 
   94.83663140438046      6.17868808516073     21.15893750347474      o 
   91.43306247588947     11.06722840263393     19.28375139683818      c 
   90.87804356332319      9.62014983259107     14.79927356402276      h 
   94.99589723942408      9.67977033272367     17.84864550377694      h 
   92.22996695398439     11.57582120100928     21.10519502444228      h 
   91.40337750473255     12.74048957640395     18.08671033275315      h 
   89.51127887449285     10.41123765711323     19.59566430027624      h 
  109.95584760331539     35.82630387500023     -0.16637686963344      n 
  107.16996184832281     35.85197153294153     -0.12400407663020      c 
  105.99460970375031     36.19068398611838     -2.70785597173998      c 
  104.38641045365404     34.73045677491886     -3.53938887264354      o 
  105.93636165715057     38.08661779003882      1.33753088974383      c 
  103.05883122736606     37.76692490924497      1.45342976340291      c 
  101.91842184375044     35.56275425686282      2.35142392872286      c 
  101.42770318815288     39.72735904921538      0.85791293582797      c 
   99.31736344301719     35.30649733380456      2.53321338808096      c 
   98.81098293566130     39.46817539797534      1.06255649118407      c 
   97.70456481123169     37.24453458317540      1.85078603717779      c 
  110.73214286853521     37.22369482335655      0.88319269312517      h 
  106.54067989656245     34.05442586062750      0.67828107296221      h 
  106.69346402318951     38.10556609783270      3.25839993218907      h 
  106.41133330937161     39.90242209387456      0.50071283051732      h 
  103.08123178913623     33.99811185102701      2.94818493580015      h 
  102.19500571301950     41.51362064537694      0.22620093747037      h 
   98.56322368878814     33.49761823457796      3.11275967206149      h 
   97.64323112032440     41.06978390360160      0.56456568258432      h 
   95.68284765543403     37.04718445762390      1.97426663779921      h 
   91.32837370921797     20.73406038063692     -6.88635419065438      h 
  103.86503780944783     25.57165558758137      5.01654164390964      h 
  104.26787467001134     31.31028818698672      5.19038977695300      h 
  107.49575000785181     26.85114343235384     13.71425111086595      h 
  106.41950040540291     38.24445387203524     16.48326718045292      h 
  113.45021941343437     34.68016172217983     21.28423943084780      h 
  109.14931765132916     40.22136175125893     28.15203154761413      h 
  113.82849773760121     37.07073865078783     30.98374847740056      h 
   98.81104653533298     13.73726654486249     35.41570343498887      h 
   75.17315622160334     49.33048763338773      4.76664859011515      h 
   70.31532782323261     24.24261180667514      0.97306889963488      h 
   68.98714866810415     20.91026923738182      6.37832508222292      h 
   78.10322771371544     19.80039172771710      7.66925818788963      h 
   77.21659155478450     13.93995142005913     10.02459575039184      h 
   85.61713620932994     13.18968628867386      6.10021522655754      h 
   84.56063469753028      8.39868521088756     14.54348378613246      h 
   93.31347740188232      8.07778127805416     14.50600879523810      h 
   91.50701220059986      5.64260870185540     19.93885376253696      h 
  110.51937599567299     34.34452804623540      0.44952743831056      h 
  106.51961570665377     37.63908242769163     -3.80219358651201      h 
   0.3619379950726D-01   0.8107676994778D-01  -0.8809244732116D-01
   0.6483209454325D-02   0.1708643371064D-02   0.7490648652542D-02
   0.1295558194468D-01  -0.5240987916839D-02   0.3802477089659D-02
   0.9071134425787D-02   0.9893184059580D-02  -0.1390231882136D-02
  -0.1054035387510D-01  -0.9375570194512D-02  -0.4053377910432D-02
  -0.2736149223176D-02   0.1091589322447D-02  -0.8269216064757D-03
   0.1454901247597D-02   0.2244090698692D-02   0.3651161999465D-02
  -0.4018376795668D-02   0.3192447746590D-02  -0.1609587536406D-02
   0.1422686785161D-02  -0.2620620595018D-02   0.1897534197339D-02
   0.4914197957317D-02   0.2207232695688D-02   0.1521504983745D-04
   0.6313420632932D-02  -0.6503717000990D-02  -0.2134706233152D-02
   0.4840552288703D-02   0.2021015834664D-02  -0.6086816508637D-02
   0.2687042496743D-02  -0.5125258383663D-04  -0.3335627806967D-02
   0.2293000922109D-04  -0.3038953187132D-02  -0.1286694761128D-02
   0.1491325504752D-02   0.9113125027249D-03  -0.8286834520891D-03
  -0.8637913953387D-04  -0.1009158884153D-03   0.3753048331357D-03
   0.5525328022780D-03   0.9361954167320D-04  -0.3837590573995D-03
  -0.1035424464590D-03  -0.8647382437752D-03  -0.4340358720715D-03
   0.1958548089321D-02   0.3869182591441D-03   0.1540112950162D-02
   0.3811708121689D-04  -0.2838874858719D-03  -0.1607196932275D-03
   0.4314840978532D-02  -0.2319053677008D-03   0.7748063407913D-02
  -0.1024755349784D-02  -0.7795550398329D-02  -0.6486527456624D-02
   0.2694812593741D-04  -0.3957039858356D-02  -0.1504380636781D-01
   0.4382732748577D-02   0.5163163898043D-02   0.6958960946286D-04
   0.1108205309389D-02   0.5179648780685D-02   0.8725410307081D-02
  -0.6746573252821D-02   0.6356508788588D-02  -0.3256181553362D-02
   0.8820458648684D-03  -0.1432683434937D-02   0.1592277376994D-02
  -0.2116486141343D-02   0.7978500023791D-03  -0.4432623512658D-02
  -0.3362952024484D-02  -0.4831546213076D-02  -0.1647909484882D-02
   0.1696310891287D-03  -0.1597411567970D-02   0.5607307945434D-03
  -0.1864374237930D-03   0.1015532979695D-02  -0.6726312579083D-03
  -0.1064055272218D-04   0.2246263973256D-02  -0.1058755559442D-02
   0.5128777905412D-03   0.2392752164993D-03  -0.1517892531892D-03
  -0.9719936002298D-04   0.6132355921871D-03   0.2999625973932D-03
  -0.8420498378710D-03   0.2596866333205D-02   0.2242847389579D-02
  -0.2902916722973D-02  -0.6417975464513D-02  -0.2159104228709D-03
  -0.1816730703752D-01  -0.7065574291934D-02  -0.1246395786304D-01
  -0.6590134296181D-02   0.1502516446831D-01   0.4045354944551D-02
  -0.4523621351040D-02  -0.3192585549194D-02  -0.4725622936305D-02
  -0.1301444294854D-01  -0.4480670553031D-02  -0.1100897546879D-01
  -0.3829504623516D-02  -0.6157158973096D-02  -0.1819505355078D-02
   0.1646814080479D-01   0.5583615203032D-02  -0.3436540536844D-02
   0.1554893838815D-01   0.1427480927435D-01   0.1455708807477D-01
  -0.2456059597007D-02  -0.2815463796777D-02  -0.1238512207120D-02
   0.7681968507553D-03  -0.1792220784743D-03   0.9258573640333D-03
  -0.5661601935579D-03  -0.7353102675686D-03  -0.3795003979478D-04
  -0.1073693791877D-02   0.3271405927635D-03   0.3884030847116D-03
   0.2708572553045D-03   0.3322590344844D-03   0.3867575342389D-04
  -0.2705331606818D-03   0.6143876518254D-04  -0.3146659685438D-03
   0.3446334007900D-03  -0.1126529942265D-02   0.6649507711044D-03
   0.2551711237570D-03   0.8317655726617D-03   0.4346684285770D-03
   0.2592744611344D-03   0.6316573757975D-03   0.1414037804382D-03
   0.6545338098145D-03  -0.6380371556481D-03  -0.1297160104986D-02
  -0.1082560050678D-02  -0.2329307845500D-02   0.2073709572674D-02
   0.3914037958592D-02  -0.3494861028534D-02   0.3240297427652D-02
   0.3144916201572D-03   0.1082521424995D-02   0.3929265562681D-02
  -0.6638529879388D-02  -0.3607598519758D-03   0.1467660492226D-01
  -0.4770437783832D-02   0.2043235083444D-02   0.1354861727825D-01
  -0.7884880923599D-02  -0.3138204071956D-02  -0.1281673567647D-02
   0.9301851412751D-02  -0.3771395929810D-02  -0.1980872589600D-02
  -0.7360575544969D-02   0.3254516097121D-02  -0.1581985504061D-02
   0.7119665377949D-02  -0.3079957496074D-02   0.1150606699305D-02
  -0.7173270945031D-02   0.6377525695971D-02  -0.8429848583041D-03
   0.1507807802668D-01  -0.7156429650523D-02  -0.1161192020781D-02
  -0.1971962752960D-03  -0.3097167088184D-02  -0.3113974426077D-02
  -0.1221622652952D-02   0.1982839382900D-02  -0.1409298716573D-02
   0.5588285039899D-03  -0.4835950034165D-03  -0.4149392424250D-03
   0.9748023920572D-03  -0.1219108808997D-03  -0.9922584177216D-03
   0.7322569642814D-04   0.7450541839064D-03  -0.1107370084685D-03
   0.3401479582774D-03  -0.4743614595765D-03   0.6711722758389D-03
  -0.3388234853136D-02  -0.6576711812083D-03   0.6039281878708D-03
   0.1869693289225D-02  -0.1308498440735D-02   0.2796131023790D-04
  -0.6002984345214D-03  -0.5476922106318D-03  -0.1695229600300D-03
   0.1110581337669D-03  -0.1265579386189D-02  -0.4593771446633D-03
   0.6038360424979D-03   0.1026743289824D-02   0.1482483854427D-02
  -0.1515589313642D-02   0.4889563029548D-02  -0.7651427913364D-02
  -0.2510762252622D-02  -0.2924597043056D-02  -0.6707621721039D-02
  -0.4831510931820D-02  -0.8396620912006D-02  -0.4541528328148D-03
   0.5277764681197D-03  -0.5592856903413D-02   0.7386225742590D-02
   0.8143339208755D-02   0.8355102377482D-03   0.3173816134226D-02
  -0.5381265597949D-02   0.7400950526057D-02   0.2813372426291D-03
   0.6458791982560D-02   0.2576604488166D-02   0.3888831535139D-02
   0.2257630967735D-02  -0.7523160005107D-02  -0.5690211337672D-02
  -0.3834644393405D-03   0.2061754541859D-03  -0.7954721443254D-03
   0.2138994405765D-04   0.1061703034569D-02  -0.1874157123300D-03
  -0.4957718586336D-03   0.3206520991041D-03   0.9695943476068D-03
  -0.3134433888766D-03  -0.1545851321454D-03   0.1516193094728D-03
   0.2867244626611D-03  -0.7483783514094D-03  -0.4807528003460D-03
   0.6263115346373D-03  -0.1746383739156D-02  -0.2035153097911D-03
  -0.8482531287317D-03  -0.6306027282707D-03   0.8847454176479D-03
   0.4305142844403D-03   0.4772107283295D-03  -0.1678100862610D-02
   0.5247134222535D-03  -0.2611823106067D-03  -0.6020260034121D-03
  -0.2247668396460D-03   0.1233885844597D-03   0.4560267486870D-03
  -0.2863128152694D-03  -0.8303609664830D-04  -0.1655580333061D-03
  -0.1530147142308D-01  -0.7321406654927D-02   0.6644046955119D-02
  -0.9227145110296D-02  -0.1343051472027D-02  -0.4696794182377D-02
  -0.1446500875424D-01   0.2949180684570D-01  -0.8477291292961D-01
   0.2442138520253D-01   0.1589131412153D-01   0.1975248471983D-01
  -0.2794536464533D-02  -0.6158718389555D-02  -0.3389341768734D-02
   0.6043472774109D-03   0.6757864353006D-02  -0.8833474654726D-03
   0.1154856751948D-03  -0.1672225053638D-02   0.3669762108467D-03
   0.4558939644671D-03   0.7993656304623D-03  -0.1522310240601D-02
  -0.1337154668480D-02  -0.9665610876531D-03   0.1949081277100D-02
   0.3211454316023D-02  -0.3185220474230D-03  -0.6074449402250D-03
  -0.1166865993818D-02   0.8807369550632D-03   0.7385906557088D-03
   0.4146653148645D-01   0.5650734143788D-01  -0.1055000760913D+00
   0.6231718886764D-02   0.1790999567566D-01  -0.5309577869607D-02
   0.1103763245378D-02  -0.4414624243403D-02   0.4921631435928D-02
   0.1791684645633D-01   0.2196915050418D-01   0.9614035273032D-02
   0.1125791194045D-02  -0.6862489946153D-03  -0.1292014409056D-01
  -0.9113061079632D-03   0.1193480925212D-02   0.9515333478944D-02
   0.4248007186507D-02  -0.9176862001573D-03  -0.4727585893360D-02
  -0.8006292111810D-02  -0.6688528464430D-02   0.6446809435969D-02
   0.7027081437313D-02  -0.1694529625230D-02  -0.1000942552017D-01
   0.2322874561519D-02  -0.1025460302498D-02  -0.4156681894308D-02
   0.2399336817265D-03  -0.5204724727540D-04   0.5924625252054D-03
  -0.1514212986941D-02  -0.6202074948363D-03  -0.3052977225215D-03
  -0.4697333310605D-03   0.4384759065488D-03  -0.4132154157451D-05
   0.4852724914777D-04  -0.9943565549709D-05  -0.2065222481335D-03
  -0.1219464467504D-02  -0.3805550681143D-03  -0.2909199843969D-03
   0.2691515251891D-03  -0.5667040098492D-03   0.4346305604817D-03
   0.1587835672999D-02   0.6240567579646D-03  -0.8372115856346D-03
   0.5818275971272D-03   0.8451137478333D-03   0.3514279875600D-03
   0.8130620874860D-03   0.2163451278879D-03   0.3602699356673D-03
  -0.4928592933897D-02  -0.1045213570919D-01   0.1194416502420D-01
  -0.1555492755356D-02  -0.2096654731207D-01   0.1963809806898D-02
   0.3225406930775D-01  -0.4614077613125D-01  -0.7212683127200D-01
  -0.5159029450717D-02   0.9148760779829D-02   0.1955837424735D-01
   0.8322561222837D-02  -0.4552705300527D-02  -0.4673636040947D-02
  -0.2647724801859D-03   0.8215832656719D-02  -0.3864169793382D-02
  -0.3594246677315D-02   0.4153960307847D-02   0.6433167022411D-02
  -0.1102492956432D-02  -0.2346097467288D-02   0.7747155645429D-04
   0.1505467313225D-02   0.1697816012896D-03   0.8761647561185D-03
  -0.1391087937289D-04  -0.4510202444332D-03  -0.4222869249492D-03
   0.7554327925441D-03  -0.4452331693934D-03  -0.1274714708896D-02
   0.1701806343036D-04   0.1003451980708D-02   0.6630076419159D-03
  -0.3767966336699D-03  -0.1427519033509D-02   0.2593020105992D-03
  -0.1424459807417D-03   0.6741861831033D-03  -0.2089483570276D-02
   0.8723881261084D-03  -0.1166706160281D-02  -0.7099502016373D-03
   0.2922417908872D-03   0.2909274883367D-03  -0.9431241587889D-03
  -0.1094889673508D-01   0.1137965531250D+00  -0.3560760923293D-01
   0.9638335678686D-02   0.2714046445489D-02   0.1369839168407D-01
  -0.3387702998990D-02  -0.3408748455236D-02   0.8702489310654D-02
  -0.2560997998619D-02  -0.1439716432125D-01  -0.1325845853772D-01
   0.1673692585684D-01   0.9293765787740D-02   0.3399581779336D-02
   0.4736392148043D-02   0.4242461312090D-02  -0.1197974863525D-01
   0.1247045957106D-01  -0.2459712984029D-02   0.9667844178412D-02
  -0.8946234679956D-02  -0.4588514435708D-02  -0.7243724652674D-02
   0.8510162406740D-03   0.1293378728286D-01  -0.7678165089796D-02
   0.1518691836670D-02   0.8041519907417D-03  -0.5521421621174D-02
  -0.3452409676952D-03  -0.4935276107835D-03   0.9394464742685D-03
  -0.1317862368906D-02  -0.9283200976595D-03  -0.6625657089542D-03
  -0.4067728723173D-03  -0.1164026769759D-02  -0.3090860530002D-03
   0.1414751744031D-02  -0.7068414217595D-03  -0.1197376705127D-02
  -0.9240129765560D-03   0.1164590567886D-03   0.7605704820321D-03
   0.8945243439511D-03   0.3205077802447D-03  -0.1388306847456D-03
   0.2352753353908D-03   0.5208714922254D-03   0.5353768615701D-03
  -0.6246876703758D-03   0.1106585066477D-02   0.3651647973728D-03
   0.6753325799556D-03   0.9460585803851D-03  -0.4466225962305D-03
  -0.9274486368189D-02   0.1301891299626D-01   0.6318437014807D-02
  -0.5349855739106D-02  -0.1725986098005D-02  -0.5362065971584D-03
   0.2366381619316D-01   0.4750388889433D-01  -0.8910009246830D-01
  -0.1523401762843D-02  -0.1095909012150D-01   0.2464682903820D-01
  -0.1650292241763D-02   0.8850448020392D-02   0.4933703515163D-02
  -0.9241453323163D-03   0.1392628521625D-01  -0.2911825541888D-02
  -0.1648792150869D-02  -0.6025933813567D-02  -0.6631090345365D-02
   0.3828159878440D-02  -0.2554926457715D-02   0.7963477553908D-02
   0.4667923333530D-03  -0.6203569797799D-02   0.1806494676331D-02
   0.1045276326018D-02  -0.1417708557886D-02  -0.1094955344687D-02
  -0.1559744169528D-02   0.3732985776002D-04  -0.5511329189572D-03
  -0.5947725854141D-03   0.6049890116946D-04   0.1385556323072D-02
  -0.5410977863010D-03  -0.1344467703459D-02   0.3737676256341D-03
   0.3686411686482D-03   0.2317874748982D-03  -0.1756340650851D-03
  -0.6503227365831D-04  -0.9451426368751D-04   0.1259492665269D-02
  -0.2783173017491D-03  -0.1205754249867D-02   0.2161357657085D-03
   0.1130085447950D-02  -0.3538991492953D-03   0.1101689605128D-02
  -0.6892204790540D-01   0.8883647226818D-01   0.1887247727845D-01
  -0.8468862971417D-02  -0.1833346136385D-02  -0.8247496540093D-02
   0.7231386617630D-01   0.3763816216320D-02  -0.5319638995648D-01
  -0.5571681544858D-02  -0.5676629006030D-02   0.1269972502870D-01
   0.5672709803915D-02   0.1508982126855D-01  -0.1571663712941D-01
   0.8843020113088D-02   0.5522435858592D-02   0.6235238281019D-03
   0.1079095686973D-01   0.1280487921854D-01  -0.1122404946791D-01
  -0.1110084067188D-02  -0.1933188760751D-03  -0.1445952438753D-03
  -0.4342694219075D-02   0.1527164874422D-01  -0.6678878696072D-02
   0.1024940508200D-02   0.2003424155349D-02  -0.1273669005437D-02
  -0.1314141484440D-02  -0.2950751499769D-02   0.1819084688102D-02
  -0.2421679356015D-03  -0.7091567057728D-03   0.1009868401127D-03
   0.7125362357087D-03  -0.3431767501427D-03   0.6332156343699D-03
   0.9593204372660D-03  -0.5014603145542D-03  -0.5310166940272D-03
  -0.5700231145603D-03  -0.6729560593455D-03   0.1398945278782D-02
   0.5585168266254D-03  -0.4191275398522D-03   0.4335497214815D-03
  -0.6549473450519D-03  -0.1305450635118D-04  -0.5579485700313D-03
  -0.4650414241690D-03  -0.1487895791808D-02   0.8054533253862D-03
   0.6984745106562D-03  -0.6657348103911D-03  -0.1081527319515D-02
  -0.8981744451028D-01  -0.1682450352634D-01   0.8204007301119D-01
  -0.7384002864193D-02   0.8541433190839D-02   0.4852104139591D-03
  -0.2619244977095D-02   0.5635576116365D-02  -0.1290616016331D-01
   0.1689352297605D-02  -0.1519626305166D-02  -0.9742124256919D-02
  -0.6259817938486D-02   0.2512536668697D-02   0.2439654249675D-02
  -0.1218996897995D-01  -0.9044132036141D-02   0.1820035069072D-02
   0.9782845557763D-02  -0.1939396015954D-02  -0.2732823656052D-02
   0.2901582728922D-02  -0.2436269353207D-02   0.3707337304693D-02
  -0.7331965765683D-02  -0.5477823402783D-02   0.6010231510760D-02
  -0.2904103097186D-02  -0.1727337974558D-02   0.6305144907247D-03
   0.1031587704815D-03   0.3610805713810D-02  -0.1085390826367D-02
   0.4713060916047D-03  -0.4921324135559D-03  -0.3573443838863D-03
  -0.9225824393164D-03  -0.2995132326620D-03  -0.1100527721621D-02
   0.4493146930203D-03   0.2250313829228D-02  -0.2358510680992D-02
   0.2063931470253D-02   0.6735185291072D-03   0.9689376812221D-05
   0.4143561379665D-03   0.2130289760581D-03   0.1342804589929D-03
  -0.5820795197674D-03   0.1898945075189D-03  -0.6600274822150D-03
   0.1496576256121D-02   0.3988447766426D-02   0.1033614134442D-02
   0.3063270623499D-03  -0.2465101216951D-02  -0.2823615041500D-02
  -0.7836814174938D-02   0.8190943412311D-02  -0.3706736026241D-02
  -0.7714257520949D-02   0.2905399934944D-02  -0.2192312869862D-04
  -0.1581791716978D-02  -0.5732354763835D-02   0.8017143690518D-02
   0.9226597373610D-02  -0.4354710721242D-02   0.4649015171167D-02
  -0.6657988916411D-02   0.4947836743050D-02   0.2901211430916D-03
  -0.5080604131254D-02  -0.5862384573204D-03   0.3394825353501D-02
  -0.1921603423900D-02  -0.6194056737481D-03  -0.2000153221735D-02
   0.4337896695444D-02   0.1920547599826D-02   0.1967584062433D-02
   0.3485826369512D-02  -0.3165654555743D-02  -0.2117761709160D-02
   0.8890127969052D-04  -0.1173033198614D-03  -0.1941387170862D-03
  -0.6481250111186D-03   0.1295140894630D-03   0.2061899430683D-02
  -0.1316713100837D-02   0.1074174706441D-02   0.3428174157640D-03
   0.1036884012033D-01   0.1626224989528D-01  -0.4979394270604D-02
   0.1285662800086D-02   0.7971208725148D-02   0.6019742676970D-02
   0.2375105989406D-02   0.7743228418710D-02   0.6811357778450D-02
  -0.1241686329587D-01   0.5407546402683D-02  -0.1708784895177D-01
  -0.1060465318993D-01  -0.4179635284510D-05   0.4951925619837D-02
  -0.4898884632182D-02  -0.4728199156572D-03  -0.2103832867418D-02
  -0.4096894224084D-02   0.5458310557379D-02   0.2172975385762D-02
   0.2892309888960D-02  -0.3869363883098D-02  -0.9707693916111D-02
  -0.9355894272132D-03   0.7528420771781D-02   0.3770830928277D-02
   0.5758937812515D-02  -0.4497968261365D-02  -0.8727602977320D-02
  -0.1129056195025D-02  -0.2386903000858D-03  -0.2698275579985D-02
   0.3005861450768D-02  -0.6599705274261D-02  -0.9182330247955D-03
   0.1056526301940D-02   0.1332473374194D-03   0.1062089438250D-02
   0.2570928533318D-02   0.1607766618647D-02  -0.1003068604684D-02
   0.2256489117877D-02   0.8545102841189D-03  -0.8408849311678D-03
   0.5981309759985D-03   0.1732823937035D-02  -0.2713709577999D-03
   0.5360633428748D-03  -0.1012954266389D-03   0.1112995898417D-03
  -0.1110827469326D-02   0.1389777219316D-02   0.1969092203626D-02
  -0.2381291532409D-03   0.7050733876195D-03   0.1624291534907D-03
   0.1439202351334D-03   0.8101879158851D-03   0.5605407404464D-03
   0.2517008998918D-02   0.7086981461887D-02  -0.4243918741171D-02
   0.2280388836852D-02   0.1007105518768D-02   0.3163536793934D-02
   0.3644831375885D-03  -0.1214386899910D-01   0.8114811643437D-02
  -0.8777288500693D-02  -0.9747996729468D-02  -0.7128591249168D-03
  -0.1092170945775D-02   0.5097227971896D-02  -0.6379590154821D-02
   0.9404937294022D-03   0.4382297086419D-02  -0.4733058655054D-02
   0.2111135009495D-02  -0.1546758792627D-01  -0.8977517655772D-02
  -0.1359718104675D-02  -0.3647123180161D-02  -0.2837126290506D-03
  -0.6370433514152D-03  -0.3376259783101D-02  -0.2524386115173D-03
  -0.1374890772763D-02   0.8376968972059D-04  -0.3807007620197D-03
  -0.1227316145423D-02  -0.3256529588045D-03   0.2824472204612D-03
   0.3812568337099D-03   0.3209457355221D-03  -0.7664734123605D-03
   0.1707545179688D-02   0.3015367410685D-03   0.1798860477619D-03
   0.2765948922272D-03   0.1588044576097D-03   0.4160726256533D-03
  -0.4759594096284D-03   0.2104961336599D-03  -0.5499086036794D-03
  -0.1179046934641D-05  -0.8922498641811D-04  -0.8232538104137D-03
  -0.9563898943356D-04   0.5605665063112D-03  -0.3474284742716D-03
   0.7490059107663D-03   0.6507343454791D-03  -0.3094457388378D-03
  -0.3799232065668D-03   0.7226884770139D-03  -0.2745772167500D-03
   0.6508724392141D-02  -0.8728039876063D-02   0.7620800871871D-02
   0.1654724484833D-01  -0.3101306325645D-02   0.3905502368741D-02
   0.2784036589110D-02   0.2263711919427D-02  -0.5122274006590D-02
  -0.3594279984619D-02  -0.2435113678682D-02  -0.4768338729507D-02
   0.1332557438550D-01   0.3148809322369D-02   0.6778521980904D-02
  -0.1023486312509D-01   0.5101991117779D-02   0.9144856501424D-02
   0.8939663330128D-02   0.2000759450575D-02  -0.2153334034094D-01
  -0.1667740813849D-01  -0.2263367378033D-02   0.1349618249244D-01
  -0.3461616469902D-03  -0.2503215453077D-03   0.6077220384636D-04
  -0.5745441826875D-03   0.6656886498323D-03   0.1088681483369D-03
   0.9351418489435D-03   0.3264262434070D-04  -0.4098385403458D-03
  -0.2972159706920D-03  -0.4116403245603D-03   0.2656922438938D-03
   0.8696087279639D-03   0.5147690164806D-03   0.1533937775689D-03
   0.4120684715299D-03  -0.7981719866506D-03   0.1010296337200D-02
   0.1568579857548D-04   0.9660419385077D-03   0.2917117708734D-03
   0.7859045189032D-03   0.5463053114590D-03  -0.2884894174219D-03
   0.3820275806337D-03  -0.2613467075359D-03  -0.5446153500668D-03
  -0.1753102508057D-03  -0.5417459101528D-03   0.4010042122173D-03
  -0.8025544337310D-03   0.1066432863785D-02  -0.1258893783188D-03
  -0.7152883204118D-03   0.4163804715669D-02  -0.1377047600391D-02
   0.2098392712853D-02   0.5311890486603D-02  -0.4711809004543D-03
  -0.2920201875654D-02   0.1946471330105D-03   0.2468520133308D-02
  -0.1852051933636D-02  -0.2198312712478D-02  -0.1318613359231D-01
   0.1804795539240D-02  -0.3269626286827D-02   0.3379638841556D-02
  -0.1205032468627D-02   0.2779671745476D-02   0.6803871195369D-02
  -0.2722085111045D-02  -0.4867788820532D-02   0.7156185494895D-02
  -0.5327771817362D-02  -0.7839242984383D-02   0.1176125797890D-02
   0.2067926869739D-05   0.1983513544076D-03  -0.5018437845024D-03
   0.4887992490340D-03  -0.1881251501903D-03  -0.1073648735249D-02
  -0.3810853778329D-03  -0.4855595332773D-03   0.4253137696446D-03
  -0.4799131458656D-03  -0.5950977653601D-03  -0.2287176316769D-03
  -0.2202980162821D-03   0.5268787055923D-03   0.1671023807212D-03
   0.2933000217008D-03   0.3785148766604D-03   0.3548624561253D-03
   0.2895025118873D-03   0.1720809607229D-03  -0.1563813138119D-03
  -0.2617006111515D-03   0.4488225115435D-03  -0.4906834833430D-03
  -0.1988837701508D-03   0.1890622892363D-03  -0.2839018564205D-03
  -0.1071783805679D-03   0.4796798985541D-03   0.4059818317587D-03
   0.4769471524943D-03  -0.3863625921016D-03   0.2574413800742D-03
  -0.9867169088272D-03  -0.1021134290150D-01   0.9838383528675D-02
   0.5656663803937D-02  -0.9301294397890D-02   0.4825229642042D-03
   0.4453049430074D-02   0.1757029780695D-02   0.3338605074004D-02
  -0.6882031923759D-02  -0.1487951873312D-02  -0.1317417941086D-01
   0.1000327472264D-01  -0.4169968389441D-02   0.2121291829025D-02
  -0.2606684954960D-03  -0.2129846187684D-03   0.1096626120574D-02
  -0.3457674386176D-03   0.9174120013122D-03  -0.1757568256237D-04
  -0.1805817232187D-03   0.1788813669653D-03   0.9863420797859D-04
   0.8457446605566D-03   0.3073548927533D-03  -0.2377019466812D-03
   0.1369402911604D-03   0.3114211007343D-03  -0.1174093480871D-02
   0.9387827067185D-03   0.6458483803435D-02   0.1127531849520D-01
   0.3269639661609D-02  -0.3288002923240D-02   0.6462171016576D-02
   0.5676327786091D-02  -0.1477163585939D-02   0.2248045834961D-02
   0.2706579137551D-02  -0.2790809673048D-02  -0.4781079981864D-02
  -0.6090216504251D-02  -0.2635899058585D-02  -0.3099979517437D-02
  -0.3278275624505D-03  -0.2048089048411D-02  -0.3829345210013D-02
   0.4701207768078D-02   0.1709913827207D-03  -0.3449463534321D-02
  -0.2533859444718D-02   0.1179143680925D-05  -0.3870756207389D-02
   0.1416519422063D-02   0.1545922046425D-02  -0.1915180228910D-02
  -0.2151128117578D-02  -0.1270720168784D-02   0.1002873770483D-02
  -0.7252211403473D-03  -0.5992940083539D-03   0.3800508678635D-02
   0.1741080273835D-03   0.7023001360603D-03  -0.6110916486173D-04
   0.2711171361495D-03  -0.4932094455141D-03   0.2000800503310D-04
  -0.8853048859553D-03   0.2655757090192D-03  -0.3833168280656D-03
  -0.4221086488711D-04  -0.6428909282068D-04  -0.7976312305559D-03
  -0.7694430941360D-03  -0.7384978399756D-04   0.1338599062328D-03
   0.5610687204064D-03   0.8784191312353D-03  -0.2339966244452D-03
  -0.4029794129311D-03  -0.3960939821989D-04  -0.1119912886332D-03
   0.4330299348024D-03  -0.5253409029693D-03  -0.2803114081280D-03
   0.4651560538322D-03  -0.8586126034098D-03   0.1552382249403D-03
  -0.1190955995408D-02   0.4541065263530D-02   0.5937088251534D-02
  -0.2760610539301D-02   0.3024878854013D-02  -0.1088709017501D-02
   0.2069705279069D-02   0.4230797344385D-02   0.5806019756011D-04
   0.7445201119059D-02  -0.1660795845847D-02  -0.1477665948950D-02
  -0.9421004881226D-03   0.5205342649666D-02  -0.6362680736178D-02
   0.3166675912772D-03  -0.9223991922181D-03  -0.1809326643605D-03
  -0.7405210574040D-03  -0.2471169436940D-03  -0.8186870048420D-03
   0.8436723338461D-04   0.6448980294887D-03   0.9779753233708D-03
   0.9243091002823D-03   0.7783480451180D-03  -0.3009693702115D-03
  -0.6279943291056D-03   0.2982185627709D-03   0.3358752464726D-03
  -0.8848745516993D-03   0.4120132657760D-02   0.4252994336998D-02
  -0.2512785023137D-02  -0.2486150014682D-02   0.5252532013363D-02
   0.2280324443858D-02  -0.1848218934658D-02   0.2074602523694D-02
  -0.2707306015526D-03   0.3272826259057D-02  -0.1510786354143D-02
  -0.4003491516906D-02  -0.3628093288571D-02   0.6250950637599D-02
  -0.2158441273552D-02  -0.4920426829184D-02  -0.1203784700087D-02
  -0.7472064826389D-02  -0.5103048571212D-02   0.5978149807242D-02
  -0.2025175698066D-02   0.3540425663620D-02  -0.8780956113840D-02
  -0.4911232263324D-04   0.8613365378243D-04  -0.4650607802078D-03
  -0.4439446790429D-03   0.1003035806388D-04  -0.1457025902287D-03
  -0.2887360741563D-03  -0.2186660461844D-03   0.5283843646828D-03
   0.8808677572876D-03   0.1532525517387D-03   0.5811432895712D-03
   0.2344980302833D-03   0.7875893176205D-03   0.3984781258186D-04
   0.5784475014545D-03  -0.3875845525809D-03  -0.1251681690419D-02
  -0.1303584000309D-03   0.3295407897382D-03   0.2169939182879D-03
  -0.9225269127369D-03  -0.2193346549035D-03  -0.3456725000800D-03
   0.4372273065528D-04  -0.1737985003946D-03  -0.7185283835925D-04
  -0.2779690548188D-03   0.4736076312330D-03  -0.7861593839505D-03
  -0.2077855758451D-03   0.9304721242402D-03  -0.2711677861050D-03
   0.1095369830046D-02  -0.3170712967016D-02   0.6958359188996D-02
  -0.1216701668036D-02   0.5065356983134D-03   0.5595050099286D-02
   0.5095048277183D-02   0.4404268347107D-02   0.2237824820915D-02
  -0.1715608923519D-02  -0.4847241888496D-03  -0.8551791586544D-02
  -0.4353972697019D-02  -0.3584966581316D-02  -0.3231191321961D-02
   0.2316195837295D-03  -0.4184710067795D-02  -0.5682981285695D-02
  -0.3155307009993D-02  -0.6396237335623D-02  -0.3673535615658D-02
   0.8108475441230D-02   0.3713357047368D-02  -0.9167579943213D-02
  -0.2955671543426D-02  -0.2217917620887D-02  -0.1498683972053D-02
   0.6553718111575D-02   0.4502549842888D-02  -0.3997536358047D-02
   0.1130418644595D-03   0.3477264368022D-02   0.2949679910035D-02
   0.5930761870431D-03  -0.4171221142840D-06  -0.2429009321993D-03
   0.1268864569857D-04   0.6649626174719D-04   0.1245820056271D-03
  -0.4017511391756D-03  -0.2396182753445D-03   0.1289657487763D-03
   0.4076372737683D-03   0.8154364873134D-03  -0.4407415717229D-03
   0.3989850331121D-05  -0.9220945793102D-03  -0.3394003903825D-03
  -0.1809045277364D-03   0.6443713660187D-03   0.5754632190993D-03
   0.3401583157756D-03  -0.5960437039264D-03   0.1985294472610D-03
   0.1194478355395D-03   0.1081397723145D-03   0.7640777898333D-03
   0.1631807407735D-03  -0.3230438669346D-03   0.2865262555959D-03
  -0.3562218788390D-02   0.2837379171424D-02   0.1063325603912D-01
  -0.9138772884647D-03  -0.7240438383572D-02   0.5559347915945D-02
   0.9293219223758D-03  -0.4793273568911D-03  -0.7834427225254D-03
   0.8689366070120D-02  -0.3670115556315D-02  -0.4116446294920D-02
   0.2604244342817D-02   0.5695608005367D-03   0.1436136779727D-02
   0.6202683047132D-02   0.4176448264092D-02  -0.2104483995210D-02
  -0.6250894050777D-02   0.1087817310307D-01   0.3823438001243D-03
  -0.8300874082004D-02  -0.5085434256424D-02  -0.1350289755168D-02
  -0.4938580732699D-03   0.2505079563578D-03  -0.1369760368058D-03
  -0.9185399269704D-03   0.1242175862817D-02   0.1877327970132D-03
   0.3545140802112D-04  -0.5119770332766D-04   0.7647651552126D-03
   0.9961468108090D-04   0.9682066633934D-03  -0.1242687230956D-02
  -0.2261456860969D-03   0.1672104178039D-03   0.2866789431525D-03
   0.7069078795500D-03  -0.9396065042286D-03  -0.1010442738627D-02
   0.9738285292472D-03  -0.5545942498735D-03  -0.4060864232491D-03
   0.1230995816656D-02  -0.3158714318986D-03  -0.9878185776977D-03
  -0.1461606394611D-03   0.2206920349689D-03  -0.8297895509450D-03
  -0.1918332464675D-03  -0.7945694641794D-03  -0.2432418738497D-03
   0.6587885464807D-03   0.3401072177954D-03  -0.5125996334819D-03
  -0.3370989634950D-02   0.5014328031579D-02   0.1401883249769D-02
   0.4599322859811D-02   0.4528845919050D-02   0.1853606860423D-02
   0.2806227926121D-02  -0.4377594525518D-02   0.2053043919282D-02
   0.4308402748551D-02  -0.3795868417075D-02  -0.9000308900327D-02
   0.7912241559345D-02   0.2380932308739D-02   0.2470565374996D-02
  -0.6564990206880D-03   0.3704473447311D-02  -0.7054470800821D-02
   0.3863422235289D-02  -0.2426959850557D-02  -0.3452364528021D-02
  -0.4555892605760D-02   0.5757426093201D-02  -0.1146130038488D-01
   0.8155988023003D-03  -0.4628994293811D-03   0.7483917473325D-02
   0.1582167867915D-02   0.2871365866440D-02   0.2923957623585D-02
  -0.8719201597836D-02  -0.6377935818551D-03   0.1185672823818D-01
   0.9149366342042D-05  -0.1522012619843D-03  -0.3971589506058D-03
   0.5621338112404D-03   0.3868453085396D-03   0.3523873503111D-03
   0.5007151502555D-03  -0.3859018540440D-04  -0.2150455431158D-03
  -0.6264466138640D-03   0.2919815040194D-03  -0.5438188401287D-03
   0.3439931549525D-03   0.2051938251178D-03  -0.5868237593124D-03
  -0.2902736080159D-03   0.5825630792281D-03  -0.5832999804816D-03
  -0.5975413474057D-03  -0.2213266469774D-03   0.8649438112223D-03
   0.2417994401282D-03   0.2702862997731D-03  -0.5449004494659D-03
   0.3518508669967D-03  -0.3529393132134D-03   0.3345874742033D-03
  -0.4757111221839D-02  -0.5570787534041D-02   0.9156940194065D-02
  -0.5978274100750D-02  -0.4349507627082D-02   0.3840340708957D-02
  -0.5750791483428D-02  -0.2650343893083D-02   0.3437185565458D-02
  -0.8660218803168D-03   0.9965097072814D-03  -0.1391657927822D-02
   0.6675557179202D-03   0.4358700041312D-02   0.7104632692051D-03
   0.4992393919595D-02   0.8347357265696D-03  -0.6662436311506D-02
  -0.4508218286345D-02   0.3294344423556D-02  -0.1205886604636D-03
   0.2737085521893D-03   0.2119713527500D-03   0.4651310704090D-04
  -0.7703082149100D-03   0.9005631519729D-04   0.1174876055687D-03
   0.7053122732403D-03   0.9164695152331D-04   0.5147803105909D-03
   0.3385456759674D-03  -0.5798035167543D-03   0.4421440736851D-03
   0.4433120720467D-03   0.3758508930264D-03  -0.3192347119965D-04
  -0.1034379812115D-02   0.1377263079457D-02  -0.2595394758902D-03
   0.4385222101589D-03   0.1067587848935D-03   0.1081640132202D-03
   0.1471908941681D-05   0.3687347727795D-03  -0.1727313232096D-03
   0.2425546657238D-03   0.2417320799048D-04  -0.3340886096047D-03
  -0.2432243750692D-02  -0.3890290462712D-02   0.6771834538638D-02
   0.1765565431116D-02   0.1110060434642D-02   0.2177123491937D-02
   0.5978401239549D-02  -0.1666499122921D-02   0.7825413117143D-02
  -0.1052060120502D-02  -0.7331882194185D-02  -0.2812576180867D-02
  -0.1008175968534D-02  -0.1332981706896D-02  -0.4040187634974D-02
  -0.1311837510289D-02   0.1630190346049D-02  -0.6753259507070D-02
  -0.4486871150357D-02  -0.3031157600668D-02   0.2379281972066D-02
   0.1522354266421D-02  -0.1524393930972D-02   0.1151509339692D-02
  -0.1204272115776D-02  -0.5155035087663D-02  -0.3818571981590D-02
  -0.3307871484528D-03   0.8657379421020D-03   0.1436593474150D-02
   0.5811373526404D-03   0.8468650876681D-03   0.3227726840332D-03
  -0.4068712444541D-03  -0.4481009640789D-03   0.5237155743337D-03
  -0.3885494314373D-03   0.8203193740810D-04   0.4522220116187D-03
  -0.3176621496959D-03  -0.3429621268519D-03   0.7873478111207D-04
  -0.3213944274396D-03   0.1969598866812D-03   0.5076588150303D-04
  -0.5058383161095D-04  -0.4348397869663D-03   0.3742870858773D-03
  -0.4041500819325D-03   0.2062162538059D-04   0.4240069334016D-03
  -0.6230933990585D-04  -0.2677738098969D-03   0.2136703197413D-03
  -0.7779293248146D-04   0.7403212658983D-03   0.3125291875913D-03
   0.1137757794510D-02   0.5269548947083D-03   0.2429790164169D-03
   0.3766458608711D-03  -0.9587271796738D-03   0.5524122742793D-03
   0.1115278385001D-04   0.1206188346989D-02  -0.3384006240170D-03
  -0.3774945080249D-02   0.1477295563662D-02   0.5534310274328D-02
  -0.3390469843596D-03  -0.3691573630183D-03   0.3792360724052D-02
   0.8303968856571D-04  -0.5385765431643D-02  -0.6008613655836D-02
  -0.4466827720970D-03   0.1435661523673D-02  -0.9575787859603D-02
   0.1990643136817D-02   0.2041243820192D-02  -0.3646764973225D-03
   0.2699269330880D-02   0.9579975817862D-03  -0.3827041524476D-03
   0.4944860152054D-02   0.1856715947805D-02  -0.4896633777842D-02
   0.2610578807140D-02  -0.8748593917794D-06   0.6661728081601D-03
   0.3195140739226D-03   0.4860812686620D-03   0.5435323570810D-03
   0.9070082268737D-03   0.1836793412665D-03  -0.7405848583145D-04
  -0.1576458239615D-02   0.7013999733404D-04   0.1199117148232D-03
  -0.1021980821759D-03  -0.3016774803658D-03   0.4955039004467D-03
   0.4561130916333D-03   0.1348374083855D-03   0.6636340317005D-03
  -0.4406316458225D-03   0.7844286832447D-03   0.2520197353730D-03
  -0.4152718086652D-03  -0.2188737928614D-03  -0.2762615098666D-03
   0.7186710354412D-03  -0.1800854403327D-03   0.7648883209170D-03
   0.1396645369772D-03   0.1524770814802D-03  -0.2460358138954D-03
   0.3613417575376D-03  -0.1320970465874D-03  -0.1996718500879D-03
   0.2274172657303D-04   0.2035628294065D-03   0.3777128410032D-03
  -0.3787696845119D-02   0.2842831880492D-02  -0.4718232075290D-02
   0.7246629845913D-03   0.3349307875463D-02   0.1933770790766D-02
   0.5859864113438D-02   0.1173555653095D-02   0.1659855184186D-02
   0.2573192225562D-02  -0.2979647457044D-02  -0.2801507882415D-02
  -0.6352818896844D-03   0.1613002895967D-02   0.2686336246069D-02
  -0.1631702562348D-03  -0.2687033248920D-03   0.3915656732125D-03
  -0.6447877554106D-03  -0.1305723005799D-03  -0.6127807334977D-03
   0.2413768770051D-03   0.1524071158902D-02   0.1883992924921D-03
  -0.1472971320746D-03   0.4091299068674D-04   0.3549670570227D-03
  -0.2136241056435D-03   0.1155258509674D-02   0.8492508476791D-03
   0.6177524508408D-02   0.3034299863963D-02   0.5065060708765D-02
   0.6472486499744D-03  -0.5023873254130D-02   0.3055970757522D-02
   0.4063649898064D-01   0.4105785879382D-01   0.6267684695892D-01
  -0.1135954812091D-01   0.2092813452943D-01  -0.1035217452639D-01
   0.1871292119193D-02   0.5076685087573D-03   0.1789132161156D-02
  -0.2608719337829D-02  -0.2788091012169D-02  -0.3118971514176D-02
  -0.3504751428602D-02  -0.5361731111270D-02   0.2753723378485D-03
  -0.7833405457322D-03  -0.3295628784942D-02   0.3616226858421D-02
   0.1695261718068D-03  -0.3085348359570D-02  -0.8733204336413D-03
  -0.1217679695734D-03  -0.4445909005778D-03   0.5710720497158D-03
  -0.6254507997446D-03  -0.9671254933173D-03  -0.1385904459190D-03
  -0.6416390090041D-03  -0.2756890986753D-03  -0.4797826202902D-03
  -0.6807737903382D-03  -0.7493693765987D-03   0.3151452128103D-03
  -0.8978854207045D-03  -0.7483502686496D-03   0.1254206648039D-03
   0.9902876079323D-01   0.3873796521393D-03  -0.8742920282382D-01
  -0.1442198477470D-03  -0.7064455717083D-02   0.1698583695354D-02
  -0.8236999992360D-01  -0.2935303616997D-01   0.1672309931217D-01
   0.1745569560557D-01  -0.2922780879989D-02   0.5372463295258D-02
   0.1473551705506D-02   0.2516791635219D-03  -0.5166661760646D-02
   0.2625284249375D-02  -0.7567011049472D-02  -0.2442895491125D-02
   0.4706206529819D-02   0.3335084397064D-03  -0.3736102896171D-02
  -0.2605252403192D-02  -0.6205009353164D-02  -0.2918758065702D-02
  -0.2214637287369D-02   0.4577716575243D-02  -0.6260717358576D-02
  -0.2126198024134D-02  -0.2364577995472D-02  -0.3407009839778D-02
  -0.2729419949734D-03   0.2381254054352D-03  -0.5756575034122D-03
  -0.1246265102657D-03   0.7898549539561D-03   0.1917724357759D-02
   0.4952862250065D-03   0.1892142181473D-02   0.4978133182625D-03
  -0.6278890711450D-03  -0.9917515458940D-03  -0.3615989381230D-03
   0.2899835032642D-03  -0.6535576329434D-03   0.1053159473620D-02
  -0.7212077761214D-03  -0.9462589705544D-04  -0.4949006891604D-03
  -0.3858798703031D-03  -0.5502110089036D-03  -0.4677394383889D-03
   0.4861166132172D-03   0.5130762565821D-03  -0.6972648141636D-03
  -0.2604708674190D-05  -0.4979653408479D-03   0.6559164499336D-03
   0.7132898737977D-01   0.8743619064136D-01  -0.2929855184971D-01
  -0.3444427720578D-02   0.6054976968327D-02   0.8772972345168D-02
  -0.6041393201264D-01  -0.3859174689447D-01  -0.5203360404089D-01
   0.8477706454233D-02  -0.3778311015754D-02   0.1697871204266D-01
   0.9816538075218D-02   0.1003157236350D-02  -0.1577143738215D-01
   0.8661599977341D-02   0.4562758265368D-03  -0.3452905903603D-02
   0.7723097565332D-02  -0.5968335872612D-02  -0.4471962361665D-02
  -0.2341459837001D-02   0.7716574015137D-03  -0.1935411438792D-02
   0.5903211727152D-02   0.1018013275980D-01  -0.1255978209611D-01
   0.8076808869101D-03   0.1671350651888D-02  -0.3761894375843D-02
  -0.2303062280547D-03  -0.1384006873368D-02  -0.7707006074538D-03
   0.9350450314673D-03   0.2029815748873D-03  -0.1839561965022D-03
   0.3985738682862D-03  -0.7328521894801D-03   0.4683833583046D-03
  -0.1013691304164D-02   0.4725642788164D-03  -0.1171588894480D-02
   0.1218892419621D-02   0.6783412718549D-04  -0.1059974918986D-02
   0.2214182559217D-03  -0.1717874553591D-02  -0.7591706473546D-03
   0.1514264363894D-03   0.2814731533871D-03  -0.6619027831835D-03
  -0.2061765478100D-03   0.2313090439218D-03   0.6399677724593D-03
   0.4213010202908D-03  -0.6819224512830D-03  -0.3291238652851D-03
   0.5821317305522D-01  -0.2239841241865D-01  -0.1033265071791D+00
   0.1582371665543D-02  -0.7224077886808D-02   0.3765241423598D-02
  -0.2179792121539D-02   0.5496110670726D-02  -0.5673662393494D-02
   0.1384699439016D-01   0.1058228088783D-01  -0.5625068104002D-02
  -0.5013364665038D-02  -0.1037681824114D-01  -0.5469462725902D-02
   0.1273739889449D-02  -0.9528612486830D-02   0.2479102482133D-02
   0.6974047331567D-03   0.9154325192089D-03  -0.9827508156817D-03
   0.1753931660787D-03  -0.7150742444053D-02  -0.1190629820966D-01
   0.2938588756453D-03  -0.1534400937786D-02  -0.3217620391154D-02
  -0.7751444176758D-03  -0.4478633702110D-03  -0.4191444901509D-03
  -0.3222122286574D-03  -0.1158963756028D-02  -0.8013032060008D-03
   0.8822242502803D-03  -0.4017600825077D-03  -0.5823630773978D-04
   0.7469655600643D-04  -0.4602270370793D-03   0.1754942182147D-03
   0.4709761621318D-06   0.5607382682864D-04   0.4758051009833D-03
  -0.6677397427386D-03  -0.9084011739535D-04  -0.4429269447023D-03
   0.2017333282478D-03   0.4739123740253D-05   0.1089745950591D-02
  -0.5139252733278D-02   0.6371759449378D-02  -0.1688130913126D-02
  -0.1321728391610D-01   0.8583662016658D-02   0.7033347089088D-02
  -0.3433021992179D-01  -0.3029867777827D-01  -0.7582599922913D-01
   0.7659617220169D-02  -0.1469563046365D-01   0.1563680528173D-01
  -0.1311109203642D-02  -0.5317939917908D-02  -0.7483777378886D-02
   0.2474954274021D-03  -0.9207922102123D-02  -0.7692378787077D-03
   0.5813281736594D-02   0.6979753631991D-02   0.7472737713014D-02
   0.2475198027671D-02   0.1450357490440D-02   0.9207131098905D-02
  -0.1924689722171D-02   0.7529602559528D-03   0.1506200939943D-02
   0.1478569755071D-02   0.3680820264312D-03  -0.4910443706465D-03
  -0.1436275291361D-03   0.9651007722098D-03  -0.3109225365324D-04
  -0.6976321836223D-03  -0.2543354237841D-04   0.1639188969198D-03
   0.3677447221629D-04  -0.4119349020194D-03  -0.5976899125632D-03
  -0.9337075255862D-03   0.2101012285064D-03   0.2257350273036D-03
  -0.5138954906504D-03  -0.3067038031252D-03  -0.7605585053764D-03
  -0.3529315138145D-03  -0.2994782674075D-03   0.6514292472861D-03
  -0.2516205440620D-03   0.2120113794964D-03  -0.2816824918079D-03
   0.9861314083055D-01  -0.1043394510216D-01  -0.7856380294088D-01
   0.4488893413878D-02  -0.1131160577797D-04   0.1026900934091D-02
  -0.7686584853895D-01  -0.3457477827724D-01  -0.6402963100279D-02
   0.7729292892212D-02  -0.9755773802920D-02   0.8932361572705D-02
   0.1654453457427D-03  -0.3184184979898D-02  -0.6674084747022D-02
   0.3142917124165D-02  -0.6205978734902D-02  -0.6205046456712D-02
  -0.1971990221391D-02  -0.1438308429834D-02  -0.4868299508085D-02
   0.2389475174861D-03  -0.1673446449993D-02  -0.1682996233591D-02
   0.3357132930106D-03   0.1447667942630D-02   0.1045476316246D-03
  -0.3085359496393D-03   0.2132939116439D-02   0.2183258495874D-02
   0.5257299513093D-01  -0.1198033678087D+00   0.4729148619285D-01
  -0.4421277315702D-02  -0.1002396642932D-01  -0.1406205912266D-02
   0.3631370080115D-01   0.8510065416056D-01  -0.2304920728742D-01
  -0.1522587050677D-01  -0.1496443448817D-01  -0.1208847408906D-01
   0.1065459934683D-01   0.1005321505642D-01  -0.6021327702791D-02
  -0.1735517818583D-02   0.7901594477356D-03  -0.8925215696788D-02
  -0.3100390448444D-02  -0.1586304134935D-02   0.7640547202706D-03
   0.4584908105294D-02  -0.2869697371900D-02   0.1804161622007D-02
  -0.3770442289751D-02   0.7857160624924D-02   0.4077305363603D-02
  -0.5518136562535D-02  -0.9478300519674D-02   0.4478615843633D-02
  -0.8605707666833D-02  -0.1530514190031D-02  -0.1177335745809D-02
   0.3233683469986D-02  -0.5262727900450D-02   0.2287920782491D-02
   0.5238141947441D-02  -0.9965079718166D-03   0.1789400659395D-02
   0.1241756133132D-02   0.1685357352693D-02  -0.2211171387506D-02
  -0.2332216918091D-03   0.8025019757912D-03   0.4434923890379D-02
   0.6123230843991D-03   0.6610481552966D-04   0.1774080869671D-02
   0.9668490216219D-03   0.1785312699942D-03   0.5934873949345D-03
   0.5132392550559D-03   0.1378136351632D-03  -0.2635228602988D-03
   0.2234848828835D-03   0.3626686041068D-03   0.8277717916555D-04
   0.7435756368908D-03  -0.9748540750536D-04  -0.4487793884917D-04
  -0.4905194465093D-01  -0.7641557967014D-01   0.1039219325853D+00
   0.9212920594264D-02  -0.2556989023239D-01   0.6991702914262D-01
  -0.6194966168913D-01  -0.6056759079645D-01   0.1055143901115D+00
  -0.3324823882849D-01   0.4149160566451D-01   0.5105500895466D-01
  -0.1072365849109D-01  -0.1326024258199D+00   0.3671167572300D-01
  -0.2739246531803D-01  -0.4185244711601D-01   0.5369370502411D-01
   0.4911658449499D-01  -0.1288576964392D+00   0.1373150412056D-01
  -0.5848946917337D-01   0.1479126082550D-02   0.4914583595189D-01
   0.1114183629954D+00   0.1689027395012D-01  -0.8067830024219D-01
  -0.3585321105868D-01  -0.4121080658452D-01  -0.5842450830817D-01
  -0.9374864548287D-01   0.5317089970061D-02   0.1004495968793D+00
   0.6484068158255D-01   0.3768762719085D-01  -0.1049588502185D-01
  -0.9079426769199D-01  -0.9029186528357D-01   0.5341072405032D-01
   0.4306002515570D-01   0.4264600785865D-01   0.4629859883840D-01
  -0.5410625711776D-01   0.4768506671845D-01   0.1170364575604D+00
   0.2731175360292D-01   0.3602924562240D-01   0.6245897214616D-01
  -0.1027711555165D+00   0.2527161384184D-01   0.8849773760759D-01
   0.6814266717790D-01   0.3753538558056D-01   0.3968553832635D-02
  -0.4600499779009D-01   0.1198864723154D+00  -0.4626978600460D-01
  -0.2646505459530D-01  -0.6158393622243D-01   0.3686741244303D-01
$end                                                                            
