$grad                                                                           
  cycle =      1    SCF energy =  -299.89525020533   |dE/dxyz| =  0.505517
  102.50160065986206     93.23547864698494    391.80068666745058      n 
  104.34054966194125     92.30091348653191    390.02563663449939      c 
  106.34724417901103     90.69977564814482    391.26995856624683      c 
  106.96157969618726     90.87705897131710    393.48849922821705      o 
  105.84876530257556     94.57262435124291    389.05084374411706      c 
  104.91270758686797     96.79074559628658    390.58220618947234      c 
  103.23616766260895     95.69253208405063    392.66475322938101      c 
  103.41339865435640     91.24029133489222    388.51749653754968      h 
  107.86901016759488     94.27414988675062    389.29593546139910      h 
  105.49928095379610     94.81861627047239    387.03780756017375      h 
  106.44455009763648     97.88633646615881    391.40901243942346      h 
  103.81368397217220     98.08100183329873    389.41670354542447      h 
  104.28875876506864     95.52348607496855    394.43970028719684      h 
  101.61645578043169     96.91470810669378    393.03039824972831      h 
  114.74960369309899     89.41467147889161    383.88435690093712      n 
  113.29905463001188     91.22984399669782    382.45119157784671      c 
  114.03882569708306     94.01384689943026    382.90621415515852      c 
  114.06151715514004     95.51840064026941    381.12857982805235      o 
  110.51735614829708     90.83150410261393    383.10818792213411      c 
  109.52081619909367     88.30406393086507    382.18872055858941      c 
  106.70764655816845     87.89402907921630    383.04344793292893      c 
  105.63743633655007     89.72830688359511    384.07024682239751      o 
  105.77974319512521     85.74654784296665    382.69909916612824      o 
  113.78181236699402     88.37221945591540    385.16959410595234      h 
  113.60515419502343     90.89935884055184    380.42396992266828      h 
  110.29322500706097     90.97868490324018    385.15520065280208      h 
  109.35977146391363     92.32402624783991    382.27983506944349      h 
  109.51172859355295     88.23545434832178    380.12451281825679      h 
  110.63350207754581     86.71450321655924    382.85708078026636      h 
  114.47263240431005     94.63247183183950    385.32432872569018      n 
  115.28734851871754     97.12144257748341    386.17270663255641      c 
  117.81384268156195     97.64526295706661    384.95843582753349      c 
  118.21893908687612     99.65188938315302    383.88252142335068      o 
  115.39411057667142     97.29754211830645    389.06512317252640      c 
  112.68080695115282     97.09957479446491    390.03817567198564      c 
  116.63604091585493     99.74850166898707    389.88646660005764      c 
  112.54304300963349     96.88936543418363    392.88170586430721      c 
  114.31830783733982     93.27245037343442    386.67019238373928      h 
  113.97172405575402     98.54978218527381    385.44268188583919      h 
  116.51465534611221     95.69694067674035    389.74570783880625      h 
  111.62994963634682     98.76171877963917    389.41338656672440      h 
  111.79549505528639     95.44228491621126    389.19905476512730      h 
  116.73349560995875     99.85437757907435    391.93348689813320      h 
  118.54895077577598     99.90231250998957    389.14591497412420      h 
  115.56835485768985    101.36649326031130    389.20428430522509      h 
  110.58158936175754     96.76686949907862    393.47821437848631      h 
  113.52455189892325     95.19551432973519    393.50650479992282      h 
  113.39662969606820     98.50515085549974    393.80968879274974      h 
  117.15181260963482     98.84056304309071    377.88413280891928      n 
  116.22680686656869    101.44034005391691    377.66249368444142      c 
  118.47577255643979    103.26140375929987    378.09165166942364      c 
  119.21165049873838    104.73683558926928    376.43580829418107      o 
  114.03757534705856    101.98023279458381    379.43163691179780      c 
  113.25999477623057    104.72574889669296    379.15580389055270      c 
  111.25257289721785    105.74580459749916    381.74992155709793      s 
  113.76694053425500    106.01820863655405    384.05638126078964      c 
  116.23788901378718     97.72017283509122    379.14439458793072      h 
  115.60500231056793    101.74474214254786    375.70053050994670      h 
  112.44469925011518    100.75247102813904    378.97809917209975      h 
  114.61624257247941    101.57835519897435    381.36900784474375      h 
  114.89335668902326    105.97447979831938    379.12392091205885      h 
  112.15825349959294    105.01511298879322    377.44079711418436      h 
  112.92617079067230    106.75069090516097    385.78082115489997      h 
  114.61008506582465    104.18577278830917    384.43443608158827      h 
  115.17694270195965    107.33654770029236    383.36262751917951      h 
  104.11588393159602     96.00739516811439    367.72758765295401      n 
  104.50115162412686     95.07504760333050    370.29232827691806      c 
  105.41733351996267     97.08266963871426    372.20265874160958      c 
  104.34225825236709     97.52519873510816    374.20232918927775      o 
  105.46137734622233     95.71760961194742    366.40850436033480      h 
  102.70175310745590     94.36456652332340    371.01505683237411      h 
  105.88887741189031     93.55406712053349    370.25207940605765      h 
  107.49321371764917     98.30173714399595    371.42679521603026      n 
  108.56578530774357    100.46093217081929    372.72763393253143      c 
  106.42072473749155    102.33977990985478    373.40244290145802      c 
  106.02676735447778    102.92126322151485    375.59300496226922      o 
  110.78178663270603    101.45423323424745    371.08713147991284      c 
  112.78534568152078     99.38983192304977    370.78439771863970      c 
  112.64408183526254     97.74932895585877    368.33157265128892      c 
  111.51375777409635     98.47570026138311    366.35800533511213      o 
  113.79005424288263     95.69964562101555    368.58328326164280      o 
  108.23450083455967     97.93991194727454    369.70431149006669      h 
  109.31662032208263     99.85275304422568    374.56645757907285      h 
  110.07529934506256    102.00744882140251    369.22901058673608      h 
  111.56943904014319    103.10706841597843    372.03142866173050      h 
  114.69407187867446    100.13747163133957    370.84196942646406      h 
  112.65621388360491     98.04176557662362    372.34416712483073      h 
  100.55918055076667    101.12797680440767    374.16253085572879      n 
   98.86908280091249    100.03431962514792    376.07610610497511      c 
   99.96562846899356    100.28404619503114    378.84141430907295      c 
   98.67243076450414    100.99588246044436    380.65187624558928      o 
   98.25658219686160     97.30006187680854    375.36146238143340      c 
   96.25313443230723     97.12572627251595    373.25545363324949      c 
   96.34452567708598     94.59533055955580    371.76535793696047      c 
   93.68055582830601     93.54140403652266    371.36107968093717      c 
   93.61343259761389     91.19358641714878    369.79288111718938      n 
  101.03654289963255    100.01924213825818    372.67044823090094      h 
   97.12514615726309    101.16191935685220    376.13961814005387      h 
  100.02408520502185     96.40924355895415    374.78456901643887      h 
   97.57922627230808     96.32591992652897    377.04855864271269      h 
   94.39894622966226     97.38739421493659    374.11108819150701      h 
   96.56916476777556     98.68932562200425    371.95392172974329      h 
   97.31435271292649     94.93484913183912    369.97988079306361      h 
   97.45107717024726     93.24609107768539    372.86011638444182      h 
   92.80490515597742     93.16630305674889    373.18701096660885      h 
   92.50806662534971     94.95636529184947    370.43351285427497      h 
   91.74431046564624     90.86645290200113    369.29813365808656      h 
   94.67296900267408     91.42319301853600    368.17558125041126      h 
   94.30136895716193     89.67821289372866    370.80031686905824      h 
  102.42534301984179     99.63147688337931    378.93028070556170      n 
  104.07709657157227     99.69800918750742    381.13007551155920      c 
  104.05644795205298    102.43174175757289    382.22955676836909      c 
  103.60484243994158    102.94585634178613    384.46518109583923      o 
  106.86843579295150     98.94318122702401    380.61310651047256      c 
  107.19386144483987     96.42259695872042    379.70454688699209      o 
  108.27948500338054     99.16932373095548    383.10682727012875      c 
  103.20413695478902     99.02087782041127    377.28604047517086      h 
  103.33437959163250     98.41902083018459    382.58673823965910      h 
  107.63910682518747    100.27843777527403    379.21287608522709      h 
  108.97976519153525     96.06769195051957    379.71885143496155      h 
  110.23775820695697     98.59005315685712    382.83797827366959      h 
  108.25896913219590    101.09514486639128    383.81613294569769      h 
  107.42128419879570     97.91949352358792    384.49321205658009      h 
  104.58469202455903    104.20016821641202    380.53172700996259      n 
  104.79376502138435    106.80275344239094    381.31892577016635      c 
  102.33147358259500    107.74934848712131    382.38003739465296      c 
  102.26173509609994    109.34924736316145    384.04019104524639      o 
  105.36241861545601    108.58188941338864    379.13986375850698      c 
  104.88475102463775    111.30069842400258    379.77425850101724      c 
  103.48612405378115    112.92849996653295    378.32435149707680      c 
  106.16477415129290    112.83050297342710    381.58708445105901      c 
  103.94932517206050    115.38342197622023    378.97227852988243      n 
  105.50533671836163    115.37077886302221    381.02854658304858      c 
  107.88822437097922    112.34997858675939    383.51425259297804      c 
  106.31948416169661    117.39732481777469    382.48702122347436      c 
  108.71339525549530    114.37191418486124    384.92621171590031      c 
  107.86644363837556    116.85690295365301    384.50442095848945      c 
  104.92664496826640    103.73130583993728    378.70588609854480      h 
  106.23453985513285    106.93811513555968    382.79722899241744      h 
  107.33491734735540    108.35754431208930    378.56972063066354      h 
  104.15951761135769    108.06484823081779    377.54518104557258      h 
  102.22710889787669    112.48745479029088    376.79472284769002      h 
  102.95423765582824    116.89971401870142    378.36313407892851      h 
  108.55178842889055    110.46003097582084    383.89764608781570      h 
  105.73324346023486    119.29215864850279    382.02016004996136      h 
  110.00312755880705    114.06609870839878    386.47833868220260      h 
  108.51298015243512    118.34260475308407    385.74436998691141      h 
  100.29385594876092    106.76671790658578    381.26400714271057      n 
   97.79581549611562    107.53924246782638    382.04952831249784      c 
   97.26712795122754    106.91659066207797    384.88972881487763      c 
   96.52534262677879    108.56698552466145    386.34741414304165      o 
  100.51083672548590    105.66351345936521    379.71367608294429      h 
   97.56923991650739    109.58567085157817    381.84992960411790      h 
   96.39037199425388    106.55467577234894    380.91021836123497      h 
   97.69417806180863    104.47491975902366    385.52207833269330      n 
   97.88505026311978    103.55603435982869    388.10697110737527      c 
   99.62443680195177    105.23122272204215    389.74707759418840      c 
   98.87971933601230    106.15692898141543    391.76666943454831      o 
   98.95722703144878    100.92857936053413    388.17305596672844      c 
   97.11186041837853     98.94839303979163    387.32702629342009      c 
   98.19947081909756     96.40832447448706    388.04719045977151      c 
   94.58984906550974     99.11816338725517    388.61113153841870      c 
   98.32444238987141    103.28586618404579    384.15444406492452      h 
   96.03191127827375    103.66634317714258    389.01426711797859      h 
  100.66543751558788    100.86636736374500    387.01960194623638      h 
   99.48227253926218    100.55441209907623    390.13854037662168      h 
   96.84608955910161     99.07431147022456    385.27616651176584      h 
   97.01754155044381     94.86527739003751    387.36963250631749      h 
  100.08506258980213     96.13206995516020    387.27552291910655      h 
   98.29960331836634     96.25967643904427    390.09005943395982      h 
   93.37210720827272     97.59812969211868    387.94395188542308      h 
   94.78400517947428     98.91691835246284    390.64988591573268      h 
   93.60721681086599    100.88120620734912    388.23018344590241      h 
  102.00418539016586    105.48510108711021    388.84489789829593      n 
  103.81360603666153    106.80373857920502    390.43469967473658      c 
  102.92067298980308    109.45374117568846    391.10113137798101      c 
  103.09999435841216    110.26573337599579    393.26837692250797      o 
  106.40519940142553    106.94671613742436    389.24359884946688      c 
  108.09301555021469    108.65348236827109    390.85510366091700      c 
  107.37982458222034    104.26889873102257    389.13411701421188      c 
  102.53171639102558    104.76440168045015    387.15465970230849      h 
  103.94165616111322    105.78895345824196    392.24573269229296      h 
  106.23328323839918    107.75734355535232    387.34941542367108      h 
  110.05672394199253    108.46341547650782    390.27969063901202      h 
  107.56014005609389    110.62632808768088    390.64036859255822      h 
  107.92712873621970    108.15844187427858    392.83949959527740      h 
  109.26072932480130    104.21767584268456    388.30299443082646      h 
  107.46929840900572    103.48039508594908    391.02767767552979      h 
  106.14852709033643    103.09763002986939    387.98774393253410      h 
  100.95685457005466     92.67040193885127    391.36824036543067      h 
  107.26943041770163     89.39142999965645    390.26553416959001      h 
  115.46644924802703     88.29566421297092    382.82298177306416      h 
  119.18286568625417     96.34442893199909    385.02678065304622      h 
  117.01658967375130     98.05963282303553    376.37933225021806      h 
  119.38262602818573    103.26863730161044    379.74955052641531      h 
  102.72265558765696     95.29044359937160    367.06618217797194      h 
  105.35000587799257    103.08252346406572    372.03388259937702      h 
   99.83179968239754    102.50784251178897    373.48470368435710      h 
  102.17437501887365    110.56309940321322    389.76568095764361      h 
  -0.1203785558382D+00  -0.2108126202920D-01  -0.3005083638678D-01
  -0.3142098438091D-02   0.9618379807652D-02  -0.5076602467425D-02
   0.3123143466103D-01  -0.4235999648241D-01  -0.6561292449737D-01
   0.6174702679892D-02  -0.4455916363138D-02   0.7940056356544D-02
  -0.4349856312443D-02  -0.4155080837262D-02   0.1350655722065D-01
  -0.5882700650898D-03  -0.1735678675393D-01  -0.5007923503607D-02
   0.7311682016444D-02  -0.4217008982491D-02  -0.2857653182167D-02
  -0.4610282090947D-02   0.1982422525947D-02   0.2602251057268D-02
  -0.9050521083426D-03   0.7736285504162D-03   0.3876622778511D-05
  -0.1053628230954D-02   0.1089023379653D-02   0.1282945166687D-02
  -0.1489046584968D-02   0.5220022347368D-03   0.1099937009786D-02
   0.6015722603511D-03   0.1879564947420D-03   0.2086049092860D-02
  -0.1746376825342D-02   0.2283516317868D-02  -0.1354703333484D-04
   0.2242013930659D-02   0.1265826774164D-02  -0.4059781683436D-03
   0.3273996766763D-01  -0.8070213581004D-01  -0.8687803035115D-01
   0.6145685465875D-02   0.1127613411456D-02  -0.1621888354287D-02
   0.4417093316681D-02   0.5387384644755D-02  -0.4091223140940D-03
   0.7011156842012D-03   0.3284709434761D-02  -0.1081013019322D-01
   0.6433554577035D-02  -0.9983894901960D-02   0.4224659989757D-02
   0.7837532696335D-02  -0.1740347183982D-02   0.2843697709873D-02
   0.1350201749948D-02  -0.1908194770660D-02  -0.7940161395422D-02
   0.3468537172739D-03   0.4737185819071D-02   0.2666114050853D-02
  -0.4018110548093D-02  -0.3537822912087D-02   0.2512529594446D-02
   0.7440166111546D-02  -0.8990173384457D-02  -0.5687858320291D-03
   0.2273510439955D-02  -0.2325594208704D-02   0.1479531079484D-03
   0.1043866829235D-02   0.1314643608025D-02  -0.5041578016018D-03
   0.2334131113846D-02  -0.4823276898409D-04   0.4532277775409D-03
  -0.6290145666974D-03  -0.1191378742553D-03   0.8847046209320D-03
  -0.6252160595795D-03   0.2876897900269D-02  -0.2288648013975D-02
   0.6802540768634D-03   0.2957291931340D-02  -0.2666388844928D-02
  -0.8027290467762D-04   0.3582109406112D-02   0.9829714141663D-02
   0.4497847422237D-01  -0.8057804411358D-01   0.1677682822637D-01
   0.2550593889925D-02   0.1525793824556D-01  -0.9064226459886D-02
   0.1165930318295D-02   0.5091746482128D-02   0.2898757127266D-02
  -0.5878083106603D-03  -0.3311761053460D-02   0.1799153010529D-02
  -0.3388280592497D-02  -0.5260496333176D-02  -0.5345709324912D-03
   0.5588660372257D-03   0.2751293144451D-02  -0.6940725526115D-02
  -0.2730251151125D-02  -0.1823054258087D-03   0.6362462712095D-02
   0.1124263031363D-02   0.2707266730584D-03  -0.6163831121276D-03
   0.5065665415904D-03  -0.8212958889491D-04  -0.1403551568188D-02
   0.5594547233734D-03   0.2028029575710D-03   0.4801854884559D-03
   0.2001889240330D-02   0.7031672969271D-03   0.5807456655905D-03
  -0.2710944731033D-03   0.4320422960651D-03   0.7052739967617D-03
   0.1976249360243D-03   0.7295351426401D-03  -0.2573614248083D-03
   0.6951425677603D-03   0.2297248015311D-03   0.8225664573705D-04
  -0.1572508870456D-03   0.1259884279631D-02  -0.1067479843142D-02
   0.8070980750634D-03   0.5868600492004D-03  -0.1535875211943D-02
   0.8851142022988D-03  -0.1086852926839D-02   0.1144753497137D-03
  -0.1564841527950D-01  -0.5919052628594D-01  -0.1120893829538D+00
  -0.9870850560135D-02   0.5100282549374D-02   0.4885797982421D-02
   0.3168690865621D-01  -0.1898843012912D-01   0.8968258821117D-01
   0.1334618792347D-01   0.2363861233124D-01  -0.2092257280394D-01
   0.9795590564657D-03  -0.6670884073861D-02  -0.3611761097369D-02
   0.8577235080643D-02  -0.1592494752748D-02  -0.2390861955922D-03
  -0.4088506336258D-02   0.8652925511926D-03   0.9138176707241D-04
   0.1913205105998D-02  -0.2586595839199D-02  -0.7365698743900D-02
   0.2102444626259D-02  -0.9256699685948D-02  -0.5972362811165D-02
  -0.1405811382853D-03  -0.3051414028759D-02  -0.3339773232343D-03
  -0.1082689257367D-02   0.1313226972438D-02   0.3198014786558D-03
  -0.2392207621241D-02   0.8746120883841D-03   0.1054542682822D-02
  -0.6694711174246D-03  -0.7033312914067D-03   0.2286654121616D-03
  -0.4734056011971D-03   0.1031438028951D-03   0.9846817469007D-03
  -0.5005039311583D-04  -0.1537595100087D-03   0.4664623201453D-03
  -0.4503901063154D-04   0.1352321624085D-03   0.1076769132737D-02
   0.5696558807650D-04  -0.1039273520478D-03   0.3495156182532D-03
  -0.9303317554707D-01  -0.6288416357060D-01  -0.4678720123716D-01
  -0.3665803590893D-02   0.1596729143207D-03   0.9804495865314D-03
  -0.1033219909217D-02   0.1878302202023D-02   0.9709203912919D-02
  -0.3945910317883D-02   0.5300437624020D-02   0.6213862685516D-02
  -0.1513456071290D-01  -0.1243075069795D-02  -0.1002943239720D-01
  -0.1865274315845D-02   0.8011396441597D-03  -0.3839522631091D-03
  -0.3705811202438D-02   0.5130125502816D-02  -0.8426968855991D-02
   0.3984657880806D-02  -0.5175103207303D-02   0.3853992065749D-02
   0.2833689576378D-02  -0.2843112156675D-02  -0.8419880742297D-03
  -0.4977381863182D-01   0.2927247087114D-01  -0.6668729491245D-01
  -0.6917366997573D-02   0.2645508504400D-02   0.1645416914206D-01
   0.9383755229406D-02  -0.2403262023953D-02  -0.7792716897647D-02
   0.1047558140994D-01  -0.2738921560314D-02   0.3756606277505D-03
   0.1232507703547D-02   0.2794986443076D-02   0.1180245360495D-01
  -0.5849090353927D-02  -0.1076656112436D-03  -0.2521583993928D-01
   0.6133405796036D-03   0.3202883151131D-02   0.5172611288173D-02
   0.1128275914810D-02   0.1301993364031D-02  -0.1698674766790D-03
  -0.1185641869658D-02   0.1664344812265D-02  -0.2925669257592D-03
  -0.7787656648898D-03   0.5047619135508D-03   0.3495265148375D-03
  -0.1416735630464D-02  -0.8938245156992D-03   0.1296327265428D-02
  -0.2717785922272D-02  -0.4549738934335D-02   0.2663418812407D-02
  -0.7383702132038D-03   0.8250562575523D-03   0.5543391524696D-03
  -0.5063872136298D-01   0.9561342445440D-01  -0.5298250607304D-01
  -0.3258337205657D-02  -0.4182126373397D-02  -0.1022311070491D-02
  -0.6378461848367D-02   0.6593175187465D-02   0.7867788096725D-02
  -0.1141996528462D-01   0.3424431977824D-02   0.1454560319363D-01
   0.4340371363083D-02   0.6182115041593D-02  -0.6318888353766D-02
  -0.3322428814223D-02   0.2314134324928D-02   0.1809889224039D-02
   0.9702810956690D-03  -0.2219655525441D-02  -0.7254771397073D-02
   0.1884454838081D-02  -0.5887379608433D-02   0.6945545433504D-03
   0.4994154045690D-02  -0.4040096392362D-02  -0.2324448560385D-02
   0.1065065015298D-02   0.9525536545326D-02  -0.1188886621827D-01
   0.1700433445023D-02   0.2268974680285D-02  -0.1211518393429D-02
  -0.2494506213882D-03  -0.5727500962152D-03  -0.6252051325613D-03
  -0.5222834082580D-04   0.2429863387621D-02  -0.4549321600877D-04
  -0.1098591166475D-03   0.1685098211010D-03   0.1535610260163D-03
   0.1213260386304D-02   0.1478239294759D-03   0.1404751343882D-02
   0.2028093305872D-02   0.1680301849305D-02   0.1138721810271D-03
  -0.7298604222668D-03   0.5108903635852D-03   0.6601745346779D-05
  -0.1966529120057D-02   0.2322514226039D-02  -0.1307475050593D-02
  -0.1574083109281D-02  -0.2581798862716D-02   0.2892331474362D-02
  -0.5790944426843D-02   0.2634552748916D-02  -0.5381859148515D-03
  -0.1436710679407D-03  -0.1029896900773D-04  -0.5730765368276D-04
  -0.7970181086255D-03   0.3597013014954D-03   0.6618078833059D-03
   0.1787973418862D-02  -0.1885371236875D-02   0.1275193378713D-02
   0.5043038135104D-02  -0.1914955197855D-02  -0.3209617337668D-02
   0.3653673298992D-03   0.4675290408221D-02  -0.9409842475476D-02
  -0.2215683839798D-02   0.1206988018574D-01   0.1728666578872D-01
   0.1858988659694D-02  -0.1829934034749D-02  -0.2213650855225D-02
   0.1294464763658D-01  -0.6604207352209D-02   0.2990543903366D-02
  -0.6462799784043D-02  -0.3753932801804D-02  -0.3395112093806D-02
  -0.4836085021026D-03  -0.2993790431672D-03   0.8282575938187D-04
   0.9673076193739D-03  -0.1492872767455D-04  -0.7268171519276D-05
   0.4914319952668D-03   0.7626632238555D-03   0.8379065635921D-04
   0.1017570009869D-03  -0.1209487834250D-03  -0.7568482502345D-04
   0.9661024653649D-04   0.9961758096032D-05  -0.1621281100726D-03
  -0.5977371426372D-04  -0.5207411252103D-05   0.1262717768424D-04
  -0.4718655245259D-03  -0.1749710249681D-03  -0.5738141683455D-03
  -0.8986066019411D-03   0.1119237605948D-02   0.2148489709471D-02
  -0.4246593152634D-02   0.1475594466744D-02  -0.7393892821663D-03
   0.2004723633004D-03  -0.6546841548826D-02  -0.1450306535363D-01
   0.5187002324858D-02   0.4189348752534D-02  -0.2760592138586D-02
  -0.1590529529422D-02  -0.8886230611269D-03   0.5333026018086D-02
  -0.3205900366143D-02  -0.4819110919242D-02   0.1064133008800D-01
  -0.2206996729520D-02   0.4299433786854D-02   0.4894290491619D-02
  -0.3963793959792D-02  -0.3751150116047D-02   0.7709157035107D-02
   0.7488428038257D-02   0.8870611821185D-03  -0.5238319028891D-02
   0.2481211875706D-02  -0.1463128907909D-02  -0.4921328493984D-02
  -0.7383152507254D-03  -0.3681914105204D-02  -0.2204217368859D-02
   0.9113137787546D-04   0.2475730252626D-02   0.7018503728349D-03
   0.2721623192689D-02  -0.5312642180349D-02  -0.5040740650232D-02
  -0.5458112652673D-02   0.6625827653295D-02   0.2143848112756D-02
  -0.1447693312870D-02  -0.5379012504855D-03  -0.1136357402919D-02
  -0.2378006058737D-03  -0.1278644787370D-02   0.3172394049743D-03
  -0.3107703689115D-03   0.2333712892181D-03  -0.3971998474034D-03
  -0.4671028772611D-03   0.1180980587708D-03   0.8911721531142D-03
  -0.1151019208107D-02  -0.3506514645718D-04   0.7515092513347D-03
  -0.3102501735504D-02   0.4273737110930D-02  -0.1095314695573D-02
   0.1938940158717D-03  -0.2282559218459D-03   0.3166873370464D-03
   0.9644310925960D-04  -0.1339759257132D-02  -0.2076142521481D-02
  -0.6876713257460D-03   0.1135775238493D-02  -0.2336535584579D-03
  -0.2423355862674D-03  -0.1546739529069D-03   0.6594508911781D-03
   0.1121923445331D-01  -0.9082292130639D-03   0.3093770845785D-02
   0.8097041900587D-02   0.5484510161551D-02  -0.8070967582983D-02
  -0.5435766940740D-02  -0.3057466740920D-02  -0.1331302710361D-02
  -0.3439242212657D-02   0.1389408621543D-01   0.7593833036789D-02
   0.2367496453618D-02   0.1110581631571D-03  -0.6141688461251D-02
  -0.3360562426911D-03   0.4584506572551D-03  -0.7466789316763D-03
  -0.6801478276369D-03   0.1475781856833D-03   0.2644594858320D-03
  -0.2272348446087D-02  -0.1201678385623D-01   0.4827270943480D-02
  -0.2481411490054D-02  -0.2284781624492D-01  -0.5597558989653D-03
  -0.1374784015582D-02  -0.9610692917687D-02  -0.2358285220934D-03
  -0.1114212274397D-01   0.9388972325565D-02   0.1921814893017D-01
  -0.6854619272830D-02  -0.3058859516276D-02  -0.8093739769227D-02
   0.1787180807005D-02   0.1185984810671D-01   0.8835054923035D-02
  -0.4869706571189D-02   0.1514953871241D-01   0.4956917201943D-02
   0.1959715805949D-01  -0.1947703093039D-02  -0.5032349385667D-02
  -0.2989748461765D-03  -0.1043744604221D-02  -0.2761619260462D-03
   0.4212160000668D-03  -0.6701359934198D-03   0.2697997607869D-04
  -0.8298916934916D-05   0.2801121434561D-03  -0.2666546024926D-03
  -0.1169260634367D-02   0.7685301818394D-03   0.2538371443230D-03
  -0.1084809682695D-02   0.4580395007895D-03  -0.4338628496849D-03
  -0.1468117315324D-03  -0.2309153271864D-03   0.8229806712214D-03
  -0.2785055273145D-03  -0.1303429918031D-05   0.4382462683456D-03
  -0.9275474027927D-03   0.1212569444323D-05  -0.1010613613474D-02
  -0.4147452811394D-03   0.2827317661116D-03  -0.6467648286504D-03
  -0.6961477799687D-03  -0.1280952480749D-02   0.1832580955327D-03
   0.2645647669190D-03   0.1664345648322D-04   0.8392920656674D-03
   0.1695368255231D-01  -0.7227867511619D-02  -0.1893638441290D-01
   0.1551026505540D-01  -0.7553298393885D-02  -0.2927665851925D-02
  -0.2436458248503D-01   0.3763014071311D-01  -0.8236126833062D-01
   0.5618237537082D-03   0.7660510648594D-02   0.2155761523598D-01
  -0.5998740289290D-02  -0.5353754665802D-02   0.5806516752103D-03
  -0.4310556217513D-02   0.3464815520512D-03   0.3249876742069D-02
  -0.1085404882747D-01   0.7384110784204D-02   0.3730645589357D-02
   0.1182632366643D-03  -0.1520021097278D-02   0.3292118994451D-04
  -0.6287846992365D-04  -0.2385767703426D-03   0.8081967451288D-04
   0.8162962335418D-03   0.9564755463462D-03   0.3728176039042D-03
  -0.2821412754971D-04   0.8164908311851D-03  -0.3271354965312D-04
   0.5769950506937D-03   0.2738932476762D-03   0.5047057237252D-04
  -0.5142608277603D-03   0.4570552447453D-03  -0.4547817235513D-03
  -0.3002854882652D-03   0.3454417485350D-03  -0.1442467873652D-03
  -0.9967507477566D-03   0.7374064974922D-03  -0.2510011075748D-04
  -0.4966265295586D-03   0.1032305497817D-02   0.2210351701509D-03
   0.1233202450451D+00   0.2608463575499D-01   0.2558099141924D-01
  -0.3370979413527D-01   0.5037436653262D-01   0.5515551949313D-01
  -0.6328639757512D-01   0.8828118970607D-01   0.8460603135608D-01
  -0.5016493695414D-01   0.5732336250371D-01  -0.5917563088548D-02
   0.5453271678631D-02   0.6266435804451D-01   0.1226080015837D+00
  -0.3115182033153D-01   0.8768969272807D-02  -0.6890761111617D-01
   0.1166480204931D+00   0.5498679808865D-01   0.5077995157704D-01
   0.3917248397879D-01  -0.2413739378268D-01   0.5927009231007D-01
   0.5560281928414D-01  -0.1169699003872D+00   0.5030639753779D-01
   0.2876102623018D-01  -0.3854662749001D-01   0.6044160169402D-01
$end                                                                            
