   -0.40150911
    0.03295996
    0.19949981
   -0.38849429
   -0.07404159
   -0.08592622
   -0.02697582
   -0.13381753
    0.22527517
   -0.23746714
   -0.24470893
    0.16891069
    0.07104109
    0.06662735
    0.05389261
    0.06971895
    0.08789676
    0.08507268
    0.07577676
    0.23212207
    0.24505319
    0.23808169
    0.23413924
    0.24162106
   -0.40544798
    0.02709384
    0.26541407
   -0.50905181
   -0.02085526
   -0.07519697
   -0.10990725
   -0.10222059
    0.17035898
    0.05326874
    0.02273922
    0.06694723
    0.05091297
    0.03297958
    0.01760314
    0.05673709
    0.03687981
    0.01279290
    0.02940525
   -0.07652087
    0.02532122
    0.20074623
   -0.34347725
   -0.06694782
   -0.07569906
   -0.02065025
    0.06475255
    0.05935980
    0.06975463
    0.08032926
    0.08070887
    0.07898976
    0.08119658
   -0.41441966
    0.03670553
    0.26264348
   -0.47970882
   -0.00675949
   -0.10903018
   -0.10119789
    0.20554177
    0.02682997
   -0.00027337
    0.02974494
    0.03182674
    0.04213705
    0.02858929
    0.04284244
    0.05796119
   -0.09942306
    0.02358882
    0.28627884
   -0.49906435
   -0.05396193
   -0.06625898
    0.00109775
    0.05797420
    0.03284798
    0.06003097
    0.05635533
    0.06893602
    0.04595210
    0.07071975
   -0.18708775
    0.02007197
    0.28107162
   -0.50445829
   -0.06244844
   -0.10961964
    0.28845466
   -0.50215809
   -0.28492761
    0.20866672
    0.09030541
    0.06840010
    0.04286210
    0.09025339
    0.08110220
    0.23628980
    0.24101331
   -0.22116370
    0.03079476
    0.27191093
   -0.49549207
   -0.06018079
   -0.09606077
    0.37079819
   -0.61381475
   -0.61754660
    0.23955900
    0.06103923
    0.04821889
    0.04730839
    0.03520434
    0.03244816
   -0.17977989
    0.02856000
    0.26745106
   -0.49425700
   -0.06378268
   -0.01232238
   -0.11600110
   -0.10675859
    0.19963533
    0.06498549
    0.05378704
    0.04757324
    0.03500463
    0.05788649
    0.02927854
    0.04209880
    0.04775466
    0.04515098
    0.03877662
   -0.15938209
    0.00920324
    0.28644475
   -0.47881325
    0.11375390
   -0.49432075
   -0.13667632
    0.20883869
    0.09463081
    0.03984772
    0.34998681
    0.07355582
    0.05105737
    0.06123819
   -0.17940495
    0.03809002
    0.20701038
   -0.35497227
   -0.06704493
   -0.00578152
   -0.20865749
   -0.06444696
    0.22134076
    0.08790996
    0.06041736
    0.08021966
    0.05336979
    0.04918687
    0.08045279
    0.05868176
    0.05822827
   -0.40662531
    0.05140659
    0.20336027
   -0.38627481
   -0.06628225
    0.00451945
   -0.03926385
   -0.04257676
   -0.03120980
   -0.03259691
   -0.03509808
    0.18288046
    0.04100191
    0.05459973
    0.04987561
    0.03202071
    0.03434459
    0.03800526
    0.04214327
    0.04383859
   -0.38175835
    0.03571086
    0.20220665
   -0.37463416
   -0.01291413
   -0.11915443
   -0.11563628
    0.15252972
    0.05496906
    0.03583583
    0.04895366
    0.03078661
    0.04848972
    0.04467868
    0.04858011
    0.04673325
   -0.38067281
    0.03391343
    0.20191201
   -0.37720393
   -0.01709334
   -0.10748804
   -0.10291482
    0.16288858
    0.06615462
    0.02759770
    0.05106002
    0.03735072
    0.04529096
    0.05041961
    0.04799556
    0.02386444
   -0.38710140
    0.04012273
    0.26982128
   -0.49657225
   -0.11070164
    0.16343334
    0.02900173
    0.03624592
    0.04746038
    0.05341382
   -0.19428412
    0.01826601
    0.27797376
   -0.48377916
    0.11538725
   -0.47659461
   -0.13215532
    0.22731528
    0.05902296
    0.04021012
    0.32812622
    0.06536398
    0.04087437
    0.06203600
   -0.18856487
    0.02823059
    0.27315710
   -0.48385112
   -0.05840718
   -0.00620078
   -0.20865840
   -0.04751930
    0.21810189
    0.08036449
    0.05682003
    0.07266840
    0.04177618
    0.04541339
    0.07672414
    0.03459466
    0.05080323
   -0.18963700
    0.01867962
    0.27413431
   -0.46541003
   -0.14359608
    0.23202941
    0.09360964
    0.09172912
    0.07693129
    0.05641534
   -0.18252996
    0.02766053
    0.27836017
   -0.50115804
   -0.05706958
   -0.11344187
    0.36845374
   -0.63543032
   -0.60942077
    0.21362908
    0.06876527
    0.05449630
    0.02195111
    0.04277763
    0.05196017
   -0.19386777
    0.04045443
    0.27704853
   -0.49888925
   -0.01723953
   -0.06514647
   -0.11345952
   -0.10069814
    0.22695984
    0.04405724
    0.04366652
    0.03690875
    0.05186918
    0.06225732
    0.04832096
    0.04104223
    0.03239201
    0.04238610
    0.01949617
   -0.18861247
    0.02268919
    0.26304043
   -0.47332797
   -0.08382146
   -0.00758930
   -0.04248781
   -0.05242121
   -0.08087523
   -0.08322385
    0.14226525
   -0.42315347
    0.23006716
    0.07953936
    0.06587065
    0.06865770
    0.03171828
    0.06411507
    0.05475578
    0.08684293
    0.34347646
   -0.16758228
   -0.00280178
    0.27399958
   -0.47113195
   -0.08664414
   -0.08933398
   -0.02655358
   -0.15820279
    0.23737392
   -0.26861537
   -0.25964967
    0.23295195
    0.10803766
    0.08841836
    0.05434646
    0.06889739
    0.08067938
    0.08059541
    0.10426788
    0.23101024
    0.24487287
    0.21796926
    0.26947333
    0.20695828
   -0.17293655
    0.03801001
    0.27755899
   -0.49269269
   -0.08412097
    0.37208553
   -0.57290306
   -0.63037021
    0.21539318
    0.07065151
    0.03052799
    0.02114605
   -0.19419652
    0.02333173
    0.26626900
   -0.49481908
   -0.06849703
    0.00415805
   -0.05353565
   -0.03731063
   -0.05424560
   -0.07488559
    0.13874132
   -0.44995476
    0.22109408
    0.07911809
    0.05569813
    0.06740898
    0.06560617
    0.04362451
    0.01837503
    0.03718795
    0.34348808
   -0.16288498
    0.02805996
    0.21101349
   -0.36858542
   -0.09403505
   -0.07872645
   -0.09716114
   -0.04595000
   -0.17087365
    0.22130698
    0.07137972
    0.07623422
    0.10434474
    0.05294282
    0.06160567
    0.08915868
    0.09226242
    0.09982271
    0.10763792
    0.28251241
    0.28651775
    0.28294876
   -0.39447302
   -0.01372595
    0.19398171
   -0.36890796
    0.16874099
    0.09066350
    0.09800538
   -0.38006516
    0.03311086
    0.20943514
   -0.37550360
   -0.01074413
   -0.10569712
   -0.11010969
    0.17448132
    0.04702824
    0.03571747
    0.03429342
    0.05730240
    0.04202384
    0.03825446
    0.03224410
    0.03296286
    0.18548972
    0.06602175
    0.18497293
    0.05439937
    0.17207629
    0.07817293
    0.17531966
    0.06917734
    0.18434353
    0.06770745
    0.18361522
    0.05296721
    0.18256593
    0.08029779
    0.18383857
    0.08433328
    0.18285390
    0.05972981
