   -0.39213828
    0.03803854
    0.28235311
   -0.48931759
   -0.00096069
   -0.40479747
    0.17888994
    0.05932916
    0.08320693
    0.06147416
    0.22787800
   -0.17423603
    0.03038082
    0.21023560
   -0.36520406
   -0.08584935
   -0.00148897
   -0.04032122
   -0.04317009
   -0.05499655
   -0.07194392
    0.14668695
   -0.45234045
    0.22447587
    0.07236594
    0.08493298
    0.07747938
    0.03981365
    0.05342173
    0.04686498
    0.04904159
    0.34505301
   -0.39208373
    0.04596802
    0.20111661
   -0.38810959
   -0.10864578
    0.17865589
    0.04398742
    0.03434223
    0.05219024
    0.05805493
   -0.39581644
    0.04166965
    0.20119700
   -0.38348725
   -0.11444647
    0.16833549
    0.05352516
    0.05617046
    0.05821770
    0.05899993
   -0.39479505
    0.02651249
    0.27339243
   -0.50568671
   -0.02935533
   -0.06004692
   -0.11848796
   -0.11481266
    0.17485268
    0.03281710
    0.05187323
    0.03191477
    0.03497683
    0.06483599
    0.03595630
    0.03704780
    0.03802118
    0.04822475
    0.04560132
   -0.16393802
    0.02967714
    0.21091693
   -0.37495976
   -0.08121158
   -0.08178077
   -0.09332931
   -0.05332713
   -0.14949966
    0.23726355
    0.06181030
    0.06768398
    0.06539050
    0.07517866
    0.07595343
    0.08198735
    0.07505962
    0.12256629
    0.12792564
    0.30856047
    0.29780702
    0.29555829
   -0.39382076
    0.04431518
    0.28027006
   -0.53459193
   -0.07863133
    0.00579665
   -0.04087242
   -0.04136234
   -0.03362347
   -0.03447581
   -0.03772137
    0.16505856
    0.02089964
    0.05153201
    0.06827667
    0.03423102
    0.02792243
    0.03839455
    0.03625854
    0.03900965
   -0.17882268
    0.02052677
    0.28034224
   -0.50095303
    0.11210898
   -0.46166932
   -0.11833836
    0.24569404
    0.06698245
    0.03617454
    0.31975743
    0.07400389
    0.03189809
    0.06436003
   -0.19964531
    0.02660036
    0.29361125
   -0.49990530
   -0.05559680
   -0.08854450
    0.36776042
   -0.64560165
   -0.64513961
    0.23300507
    0.05989356
    0.05473335
    0.03497103
    0.02795774
    0.03617233
   -0.16987809
    0.03837238
    0.28454729
   -0.48943045
    0.01511646
   -0.39540215
    0.20148305
    0.07530660
    0.06090231
    0.06291392
    0.28198494
   -0.17481896
    0.03980583
    0.29466176
   -0.49387601
    0.00635433
   -0.39516776
    0.22534186
    0.06710993
    0.06823165
    0.06611927
    0.28956314
   -0.17360032
    0.03009082
    0.22028608
   -0.36857542
   -0.01207743
   -0.11628053
   -0.12198003
    0.22414145
    0.08587682
    0.03724993
    0.06080229
    0.03028659
    0.06221264
    0.06420173
    0.06451711
    0.04863630
    0.19934234
    0.07732350
    0.18162944
    0.08134819
    0.17743849
    0.07707530
    0.17408250
    0.08121905
    0.17993842
    0.05323656
