           2           1   1.01462322654052     
           3           2  0.957693351592290     
           4           3   1.45616803984454     
           5           2  0.950189727087381     
           6           5   1.00615868119194     
           7           5   1.00209625632885     
           8           1  0.948812428384475     
           9           2  0.961271984258519     
          10           5  0.966351732720543     
          11           6  0.984817935194371     
          12           6  0.985452103686449     
          13           6  0.983622901964958     
          14           7  0.981706166170509     
          15           7  0.984969375997616     
          16           7  0.979138001189922     
          17           3   1.24885909841662     
          18          17  0.977041900800772     
          19          18  0.950081581356258     
          20          19   1.55583276551735     
          21          18  0.972231088809799     
          22          21  0.995337920542767     
          23          22   1.00722841182318     
          24          22   1.00379667153052     
          25          17  0.895941094691451     
          26          18  0.953157599319059     
          27          21  0.961689324446224     
          28          21  0.967975321193335     
          29          22  0.966931660398710     
          30          23  0.985456024073619     
          31          23  0.985266089777010     
          32          23  0.981995172806619     
          33          24  0.986199043237917     
          34          24  0.981266420282978     
          35          24  0.984940267807692     
          36          19   1.19232112185059     
          37          36  0.988134245185838     
          38          37  0.941693629943223     
          39          38   1.57679803663171     
          40          37  0.967607627686726     
          41          40  0.903315980467204     
          42          41   1.50317492822914     
          43          41   1.50315776862311     
          44          36  0.901426883936222     
          45          37  0.953277753571725     
          46          40  0.966298558289877     
          47          40  0.978192816461610     
          48          38   1.24132837401567     
          49          48  0.986371379916264     
          50          49  0.932511205234954     
          51          50   1.59472280317043     
          52          49  0.967637485559013     
          53          52  0.993711630797453     
          54          53   1.00700137220029     
          55          53   1.00304653319366     
          56          48  0.833845145430045     
          57          49  0.957687972633095     
          58          52  0.965607233678913     
          59          52  0.964545529525694     
          60          53  0.967907757239322     
          61          54  0.985056467896927     
          62          54  0.986733948092410     
          63          54  0.981118887498500     
          64          55  0.985562809187658     
          65          55  0.980072126511460     
          66          55  0.984887127137205     
          67          50   1.28280105616845     
          68          67  0.982401316807417     
          69          68  0.949447252217001     
          70          69   1.40387566795444     
          71          68  0.989994760082072     
          72          67  0.864273230787131     
          73          68  0.959996308941250     
          74          71  0.984196329600766     
          75          71  0.976543306611501     
          76          71  0.976727201279636     
          77          69   1.18156374753034     
          78          77  0.989661582256674     
          79          78  0.945740967528482     
          80          79   1.45618125475272     
          81          78  0.954992416484496     
          82          81  0.986095742002761     
          83          81   1.00727426150555     
          84          82   1.01179639383174     
          85          77  0.883875032958723     
          86          78  0.955501544374796     
          87          81  0.959294798822627     
          88          82  0.970064698563173     
          89          82  0.968070891297109     
          90          83  0.977154872049262     
          91          83  0.983173877933383     
          92          83  0.984949262955328     
          93          84  0.979513463945874     
          94          84  0.982835834366311     
          95          84  0.985381511313775     
          96          79   1.25100831866394     
          97          96  0.972399659562773     
          98          97  0.961817250969417     
          99          98   1.44204576549499     
         100          97  0.986459390269071     
         101          96  0.891011853957640     
         102          97  0.958542148853111     
         103         100  0.986240614899008     
         104         100  0.979049880693879     
         105         100  0.975198054895868     
         106          98   1.09703947505695     
         107         106   1.00496383535811     
         108         107  0.940964718493024     
         109         108   1.54482126879485     
         110         107  0.954862814585280     
         111         110   1.01062994090574     
         112         110   1.00854449623606     
         113         106  0.861115479968473     
         114         107  0.956514434645590     
         115         110  0.962853455457189     
         116         111  0.976062944420587     
         117         111  0.973971924216124     
         118         111  0.983036607557061     
         119         112  0.981375152605900     
         120         112  0.985061503073933     
         121         112  0.984701102142392     
         122         108   1.27593031361239     
         123         122  0.975549846408215     
         124         123  0.954505141858175     
         125         124   1.39222830220496     
         126         123  0.966639150451749     
         127         126   1.00696319531147     
         128         126   1.00716747887264     
         129         122  0.882937337942402     
         130         123  0.956945708775418     
         131         126  0.963649456782138     
         132         127  0.983766787714416     
         133         127  0.982967272690832     
         134         127  0.986763556284128     
         135         128  0.976039993004162     
         136         128  0.984097806336353     
         137         128  0.976085607830456     
         138         124   1.15448127858202     
         139         138  0.991982954174499     
         140         139  0.933181307153275     
         141         140   1.31609623302556     
         142         139  0.970720103918963     
         143         142   1.01347297920994     
         144         143  0.968990971684187     
         145         144   1.00249176128645     
         146         138  0.878677058285210     
         147         139  0.949635713434032     
         148         142  0.965888516866121     
         149         142  0.975266108758647     
         150         143  0.970961767010617     
         151         143  0.964313607024815     
         152         145  0.974562022355322     
         153         145  0.976983713460611     
         154         145  0.980128894302456     
         155         140   1.24139002539482     
         156         155  0.728385810590419     
         157         156   1.13751978279469     
         158         157   1.30067473254021     
         159         155  0.944772984423978     
         160         156  0.972555600645646     
         161         156  0.962209996629047     
         162         157   1.01579011497425     
         163         162  0.984736486756687     
         164         163  0.958830665953774     
         165         164   1.43012939017144     
         166         163  0.987125024495854     
         167         162  0.949762626011767     
         168         163  0.962048940961575     
         169         166  0.985948267540201     
         170         166  0.983353561692282     
         171         166  0.986614712053267     
         172         164   1.14368425162103     
         173         172  0.970255211930100     
         174         173  0.959218604334532     
         175         174   1.39015163321584     
         176         173  0.991943780987772     
         177         172  0.930203841771721     
         178         173  0.959467364595953     
         179         176  0.982685774622960     
         180         176  0.981450579251745     
         181         176  0.972752217898631     
         182         174   1.22026479711620     
         183         182  0.972123042790771     
         184         183  0.955533345608379     
         185         184   1.46733687841804     
         186         183  0.950449246808815     
         187         186  0.999878005932161     
         188         187   1.37114263295528     
         189         187   1.38045056924729     
         190         188   1.45027525990323     
         191         189   1.44550164953662     
         192         190   1.40231912283682     
         192         191   1.40093408111267     
         193         182  0.884989974048848     
         194         183  0.946647981289672     
         195         186  0.960020084647774     
         196         186  0.967766954379342     
         197         188  0.967358792063897     
         198         189  0.961680891303625     
         199         190  0.962078873968814     
         200         191  0.962413380140543     
         201         192  0.959141269399784     
         202         184   1.27570602769396     
         203         202  0.950845253081380     
         204         203  0.946888691012129     
         205         204   1.44357950801297     
         206         203  0.986698114070474     
         207         206  0.962319099924631     
         208         207   1.57276502362046     
         209         207   1.16660689943082     
         210         202  0.898220903824861     
         211         203  0.952878640932873     
         212         206  0.950640554774898     
         213         206  0.962709942938872     
         214         209  0.917810239096990     
         215         209  0.945065288854800     
         216         204   1.15065548045983     
         217         216  0.963236087079715     
         218         217  0.957720064833895     
         219         218   1.46490111397825     
         220         217  0.977413421209762     
         221         220  0.994662220333833     
         222         221  0.997259263032923     
         223         222   1.00829399850480     
         224         223  0.981207038154168     
         225         216  0.941371258026757     
         226         217  0.950778886798372     
         227         220  0.974398925142775     
         228         220  0.973735870822929     
         229         221  0.975146708248410     
         230         221  0.974508207058931     
         231         222  0.965616678072460     
         232         222  0.969311964822517     
         233         223  0.956272923576631     
         234         223  0.968781096841050     
         235         224  0.883399605994838     
         236         224  0.881351188369225     
         237         224  0.882291643104065     
         238         218   1.24585408093490     
         239         238  0.966913783159531     
         240         239  0.940856647922832     
         241         240   1.55069893698463     
         242         239  0.967904085100480     
         243         242  0.996723180818489     
         244         242   1.00466282980081     
         245         243   1.01456702017677     
         246         238  0.940436590747112     
         247         239  0.948747821043461     
         248         242  0.962964651578461     
         249         243  0.966813871218279     
         250         243  0.974990752570557     
         251         244  0.972763279720969     
         252         244  0.980008869753704     
         253         244  0.978455810294622     
         254         245  0.979886581680008     
         255         245  0.982758313803945     
         256         245  0.987168741009501     
         257         240   1.32666772752362     
         258         257  0.953650240876050     
         259         258  0.937969950458484     
         260         259   1.61046625532864     
         261         258  0.969951463622689     
         262         261  0.988927896540041     
         263         261   1.00143381300100     
         264         262   1.01380845715090     
         265         257  0.911443240360234     
         266         258  0.947095377997763     
         267         261  0.961927539978839     
         268         262  0.970355984142631     
         269         262  0.970795610145512     
         270         263  0.982375602342745     
         271         263  0.984577225369954     
         272         263  0.979320825373586     
         273         264  0.981524577976680     
         274         264  0.978846581332606     
         275         264  0.982987337405178     
         276         259   1.31283023255173     
         277         276  0.968862248746499     
         278         277  0.934872913431306     
         279         278   1.60836016196938     
         280         277  0.995192545477274     
         281         280  0.984595099140392     
         282         276  0.906077400274600     
         283         277  0.947491773285560     
         284         280  0.973653839207952     
         285         280  0.959752991204642     
         286         281  0.919198809967748     
         287         278   1.29137435102443     
         288         287  0.975777639415598     
         289         288  0.936676290914342     
         290         289   1.60587078801837     
         291         288  0.977279896613287     
         292         291   1.00700444006059     
         293         287  0.889216998052074     
         294         288  0.943750135472206     
         295         291  0.959796752086486     
         296         291  0.968386429837397     
         297         292  0.887088179171559     
         298         289   1.32588136062218     
         299         298  0.946000398178183     
         300         299  0.972210523610516     
         301         300   1.74610062692814     
         302         299  0.968651410776105     
         303         302  0.986079317727668     
         304         303   1.00784819922591     
         305         303   1.00690384614837     
         306         298  0.927271664932985     
         307         299  0.949815583286752     
         308         302  0.969376175757727     
         309         302  0.966022509741040     
         310         303  0.964559209178744     
         311         304  0.979762688851432     
         312         304  0.984346306447474     
         313         304  0.986487781225962     
         314         305  0.980640510012125     
         315         305  0.985636622680359     
         316         305  0.987477645710592     
         318         317   1.01553937512464     
         319         318  0.980251001623328     
         320         319   1.79634634320827     
         321         318  0.954845031989231     
         322         321   1.00810846216802     
         323         322  0.918822939431205     
         324         323   1.47459671614570     
         325         323   1.49758894520527     
         326         317  0.932316885902398     
         327         318  0.957266150758597     
         328         321  0.972265652851177     
         329         321  0.977142492361333     
         330         322  0.974236227856515     
         331         322  0.957911420257519     
         333         332   1.00949538037385     
         334         333  0.969742296987319     
         335         334   1.77497845311539     
         336         333  0.971926955208185     
         337         336  0.995316724627268     
         338         337   1.00620449866737     
         339         337   1.00807020284675     
         340         332  0.953885282470267     
         341         333  0.958210628094796     
         342         336  0.972438102105622     
         343         336  0.969876970545368     
         344         337  0.963593514070821     
         345         338  0.984760212321016     
         346         338  0.980686025616835     
         347         338  0.984370870733812     
         348         339  0.985746190117169     
         349         339  0.987721836717786     
         350         339  0.982080180289107     
         352         351   1.01582620428085     
         353         352  0.969382050320842     
         354         353   1.80051393202433     
         355         352  0.951487711444738     
         356         355   1.01212669693576     
         357         356   1.40829784210874     
         358         356   1.40958295450368     
         359         357   1.44646006193484     
         360         358   1.44341640258677     
         361         359   1.43415884091614     
         361         360   1.43791097625619     
         362         351  0.958397964956857     
         363         352  0.961791704758062     
         364         355  0.964875874872006     
         365         355  0.963069561899758     
         366         357  0.966311486371591     
         367         358  0.967509076044880     
         368         359  0.969628479315327     
         369         360  0.970541564993985     
         370         361  0.972106822241330     
         372         371   1.05323674148581     
         373         372  0.910183115433822     
         374         373   1.57453405036579     
         375         372  0.961037129986966     
         376         375  0.988961380794906     
         377         376   1.00713001575230     
         378         376   1.00501004299971     
         379         371  0.978021499936733     
         380         372  0.956989830328979     
         381         375  0.971199961190671     
         382         375  0.975269756784973     
         383         376  0.965128797314266     
         384         377  0.987909188535112     
         385         377  0.985893739523401     
         386         377  0.981407764236956     
         387         378  0.987654880368115     
         388         378  0.982285166907655     
         389         378  0.988001268911301     
         390         373   1.26652164016710     
         391         390  0.976153169277926     
         392         391  0.921466690659600     
         393         392   1.70213109738888     
         394         391  0.998750721500392     
         395         390  0.914060856093468     
         396         391  0.939685980724234     
         397         394  0.985186666420285     
         398         394  0.985884337322791     
         399         394  0.979360947225452     
         401         400   1.07141316196883     
         402         401  0.926995338352576     
         403         402   1.53398609111410     
         404         401  0.926431954295696     
         405         404   1.00638227174768     
         406         404   1.00372507451691     
         407         400  0.940468636072596     
         408         401  0.953814487476816     
         409         404  0.967586938998474     
         410         405  0.977931228947952     
         411         405  0.970170396647678     
         412         405  0.982491244520822     
         413         406  0.984273599559470     
         414         406  0.983746228746363     
         415         406  0.987075609003008     
         416         402   1.33014501051601     
         417         416  0.958819887168375     
         418         417  0.908168372595169     
         419         418   1.76466188088092     
         420         417  0.972315799269140     
         421         420   1.00703460688749     
         422         420   1.00242433779519     
         423         416  0.892118562145379     
         424         417  0.940200020259305     
         425         420  0.965168574042827     
         426         421  0.981696489247885     
         427         421  0.978491077303550     
         428         421  0.987524729800017     
         429         422  0.976226207723423     
         430         422  0.980254802961480     
         431         422  0.977483512784404     
         433         432   1.09203954209449     
         434         433  0.894826971705870     
         435         434   1.78324543447215     
         436         433  0.957606776928532     
         437         432  0.981936242223977     
         438         433  0.942819034018512     
         439         436  0.987116884656930     
         440         436  0.982614639303143     
         441         436  0.985011983299138     
         443         442  0.928023570730757     
         444         443   1.03916517565425     
         445         444   1.50813640849928     
         446         442  0.996356392576202     
         447         443  0.966816247071125     
         448         443  0.962497551221759     
         449         444   1.14838335917541     
         450         449  0.982647145128933     
         451         450  0.914721750169079     
         452         451   1.74992389912007     
         453         450  0.990789948121766     
         454         449  0.920195411007665     
         455         450  0.945630935540122     
         456         453  0.986419484213606     
         457         453  0.984811289733569     
         458         453  0.980359246410747     
         460         459   1.06962619171687     
         461         460  0.935399066830839     
         462         461   1.53313744533965     
         463         460  0.927368537734121     
         464         463   1.02151001645926     
         465         464   1.38084258446331     
         466         464   1.39395077396486     
         467         465   1.45332325758986     
         468         466   1.44837402431386     
         469         467   1.42351358164655     
         469         468   1.41831210674804     
         470         459  0.976121388293560     
         471         460  0.936756319428860     
         472         463  0.964638176838407     
         473         463  0.970424778507380     
         474         465  0.962241206642982     
         475         466  0.957562314886595     
         476         467  0.956583692620573     
         477         468  0.962396244729015     
         478         469  0.967072523179192     
         479         461   1.29806922379516     
         480         479  0.984831752109144     
         481         480  0.910129238014481     
         482         481   1.76588708893552     
         483         480  0.977028171689964     
         484         483  0.979164214004109     
         485         484   1.57188154825060     
         486         484   1.17639118303456     
         487         479  0.878484821124078     
         488         480  0.928902309535288     
         489         483  0.950162861966845     
         490         483  0.954900586008070     
         491         486  0.939210072611108     
         492         486  0.925093576179907     
         494         493   1.11000935741651     
         495         494  0.881296391352651     
         496         495   1.80556217045442     
         497         494  0.946635677536174     
         498         497  0.989457706486582     
         499         497  0.997482816767624     
         500         498   1.01665155068704     
         501         493  0.961816105420073     
         502         494  0.921024767977471     
         503         497  0.961069491191333     
         504         498  0.969715307852543     
         505         498  0.967480299259256     
         506         499  0.981423671996182     
         507         499  0.985281153939131     
         508         499  0.985393734522249     
         509         500  0.981769522356199     
         510         500  0.986553568458161     
         511         500  0.979945132210515     
         513         512   1.04748512253077     
         514         513  0.929691543595345     
         515         514   1.55407530202735     
         516         513  0.958219945774139     
         517         516  0.994717123288992     
         518         517   1.00413396860299     
         519         517   1.00583455629446     
         520         512  0.978967512862121     
         521         513  0.954254145450267     
         522         516  0.969031581100639     
         523         516  0.977894448531845     
         524         517  0.967959560222382     
         525         518  0.985282798090127     
         526         518  0.983522236980747     
         527         518  0.987007308725203     
         528         519  0.985809073569610     
         529         519  0.985130338608801     
         530         519  0.981123123905064     
         531         514   1.26537026724463     
         532         531  0.963626237322229     
         533         532  0.952208256895355     
         534         533   1.66587911264289     
         535         532  0.979134480559156     
         536         535   1.00905190368891     
         537         536   1.40645564840880     
         538         536   1.40287462390452     
         539         537   1.44454660090568     
         540         538   1.44507201819068     
         541         539   1.42793252396900     
         541         540   1.43411479751488     
         542         531  0.913988283000343     
         543         532  0.936636916599966     
         544         535  0.960479620523754     
         545         535  0.966984076234205     
         546         537  0.961400382244372     
         547         538  0.960082183499799     
         548         539  0.968613710197886     
         549         540  0.960958143638232     
         550         541  0.968484741090875     
         552         551   1.07247209300937     
         553         552  0.917313922783788     
         554         553   1.50778660883362     
         555         552  0.943921216287530     
         556         555   1.01161106405783     
         557         551  0.954315706334458     
         558         552  0.940765462907000     
         559         555  0.958763248368559     
         560         555  0.959893006568598     
         561         556  0.753054876601164     
         562         553   1.34102888174603     
         563         562  0.961692254798441     
         564         563  0.897706798756688     
         565         564   1.80215432073506     
         566         563  0.967249323494236     
         567         566   1.00704958646200     
         568         566   1.00532800259366     
         569         562  0.903499690749646     
         570         563  0.938477562773074     
         571         566  0.965230270043860     
         572         567  0.979599403324201     
         573         567  0.984140101503232     
         574         567  0.988079891239849     
         575         568  0.980671962132491     
         576         568  0.983050585653979     
         577         568  0.979083654673647     
         579         578   1.08717475877035     
         580         579  0.905054881212369     
         581         580   1.73485977138107     
         582         579  0.918493496936445     
         583         582   1.02845840518098     
         584         583   1.37658381966697     
         585         583   1.37111865352718     
         586         584   1.44290809077084     
         587         585   1.45513348957799     
         588         586   1.41484918949022     
         588         587   1.40678885618178     
         589         578  0.951061121280291     
         590         579  0.892034732748916     
         591         582  0.960095393416317     
         592         582  0.957169131569113     
         593         584  0.950535179891396     
         594         585  0.964834079640592     
         595         586  0.961029599502575     
         596         587  0.959117305013823     
         597         588  0.970329197520350     
         599         598   1.06312122223254     
         600         599  0.922043394747358     
         601         600   1.56324458874265     
         602         599  0.945230937626826     
         603         602  0.992618389763492     
         604         602   1.00296668045049     
         605         603   1.01556174305196     
         606         598  0.981576980095160     
         607         599  0.945295588372217     
         608         602  0.964953529634045     
         609         603  0.978314259265477     
         610         603  0.974700797890087     
         611         604  0.976190941102901     
         612         604  0.959808998235061     
         613         604  0.981258646002264     
         614         605  0.987316711716199     
         615         605  0.985782035989604     
         616         605  0.984748482605946     
         617         600   1.30658408701398     
         618         617  0.951448220112095     
         619         618  0.901770869901040     
         620         619   1.82043645874362     
         621         618  0.998604341407390     
         622         617  0.917289279729239     
         623         618  0.938799951106803     
         624         621  0.983381698439253     
         625         621  0.982657516819188     
         626         621  0.982718732769759     
         628         627   1.10846277354568     
         629         628  0.869543716344853     
         630         629   1.82787546152959     
         631         628  0.960193213240500     
         632         631  0.992085708431120     
         633         632   1.00905249184092     
         634         632   1.00510682109361     
         635         627  0.976336290578252     
         636         628  0.919922812961562     
         637         631  0.964638969561805     
         638         631  0.971674706213935     
         639         632  0.964543146758090     
         640         633  0.983867232124265     
         641         633  0.980378029382917     
         642         633  0.984359747767270     
         643         634  0.977607118850014     
         644         634  0.985296116942962     
         645         634  0.985360502907957     
         646           1  0.945901257525583     
         647         300  0.959939727701851     
         648         317  0.956677247997659     
         649         319  0.959628058917445     
         650         332  0.961305714061170     
         651         334  0.951851741972896     
         652         351  0.947977417036489     
         653         353  0.955776752331236     
