           2           1   1.01187620574937     
           3           2  0.939676303507620     
           4           3   1.62063034346717     
           5           2  0.966161077146544     
           6           5  0.994012280601356     
           7           5   1.00747532762181     
           8           6   1.02100877517144     
           9           1  0.948587685168419     
          10           2  0.959742677241487     
          11           5  0.963154622880017     
          12           6  0.973035995225314     
          13           6  0.968673076075399     
          14           7  0.981737549875710     
          15           7  0.983968627180556     
          16           7  0.984819092098194     
          17           8  0.983703011271770     
          18           8  0.984240692306668     
          19           8  0.983567928460603     
          20           3   1.28808628293390     
          21          20  0.986775335189785     
          22          21  0.956961328073090     
          23          22   1.90766260606306     
          24          21  0.986588073204621     
          25          24  0.987318966618319     
          26          20  0.915403442898492     
          27          21  0.941406811705760     
          28          24  0.969226225437270     
          29          24  0.972604736820704     
          30          25  0.949566948659054     
          32          31   1.02355743942086     
          33          32  0.981418133815431     
          34          33   1.86169738692827     
          35          32  0.937295204678831     
          36          35   1.00661153181203     
          37          35   1.00970351303591     
          38          31  0.930327651505439     
          39          32  0.958948615462203     
          40          35  0.970542928632362     
          41          36  0.979573725053564     
          42          36  0.977837408789772     
          43          36  0.968791961560763     
          44          37  0.985588751494763     
          45          37  0.973015421980213     
          46          37  0.982723388888154     
          48          47   1.01776325395641     
          49          48  0.969605277205071     
          50          49   1.89842136164803     
          51          48  0.962689435015000     
          52          51   1.01037880312748     
          53          52  0.978653566604620     
          54          53   1.01275562900865     
          55          47  0.911130741612204     
          56          48  0.959676861814167     
          57          51  0.967965478272055     
          58          51  0.975133549883690     
          59          52  0.974633174138717     
          60          52  0.968921031851319     
          61          54  0.982626008768424     
          62          54  0.983644403174875     
          63          54  0.984786189990197     
          65          64   1.01439370641303     
          66          65  0.972786166510716     
          67          66   1.88979419326546     
          68          65  0.952272602123105     
          69          68  0.993571906589104     
          70          68   1.00961231109986     
          71          69   1.01795689193945     
          72          64  0.949241344406679     
          73          65  0.957291237710866     
          74          68  0.966505834272545     
          75          69  0.975678029629514     
          76          69  0.968166301905436     
          77          70  0.983980030526548     
          78          70  0.984197375090882     
          79          70  0.984698902720923     
          80          71  0.985413435037705     
          81          71  0.988080478026367     
          82          71  0.985609531661506     
          84          83   1.02463031027126     
          85          84  0.948103435380296     
          86          85   1.66147155399156     
          87          84  0.957447459968379     
          88          87  0.902695888757689     
          89          88   1.49262059567461     
          90          88   1.51280497207127     
          91          83  0.948902440961500     
          92          84  0.952278450157567     
          93          87  0.980854604662320     
          94          87  0.970156507288812     
          95          85   1.25857105565830     
          96          95  0.965789955869101     
          97          96  0.943928782209141     
          98          97   1.71516705226577     
          99          96  0.953681522110710     
         100          99   1.01315685634777     
         101         100   1.41312424719685     
         102         100   1.41147100381963     
         103         101   1.44520416159043     
         104         102   1.44456708825414     
         105         103   1.43742751410919     
         105         104   1.43857218358545     
         106          95  0.938598424156329     
         107          96  0.955932359494157     
         108          99  0.967491164314604     
         109          99  0.969071093091820     
         110         101  0.964968564611859     
         111         102  0.968849324836787     
         112         103  0.969128501324742     
         113         104  0.971696539964539     
         114         105  0.971030367154136     
         115          97   1.21949924226322     
         116         115  0.983482375461027     
         117         116  0.992932115636001     
         118         117   1.89974121300898     
         119         116  0.970432898019764     
         120         115  0.920059500802723     
         121         116  0.922421600408843     
         122         119  0.976359366110404     
         123         119  0.978996357932704     
         124         119  0.976608597917403     
         126         125   1.00907853236900     
         127         126  0.937435718852393     
         128         127   1.59028902828820     
         129         126  0.972094340976819     
         130         129   1.00692281512671     
         131         130   1.41319785577694     
         132         130   1.41498951881295     
         133         131   1.44570040600941     
         134         132   1.44296462596120     
         135         133   1.43797998340669     
         135         134   1.43967888612133     
         136         125  0.948616842119381     
         137         126  0.964136863010705     
         138         129  0.958609551644509     
         139         129  0.968628500977819     
         140         131  0.968147963039321     
         141         132  0.967346409897625     
         142         133  0.971205469208764     
         143         134  0.969896524524380     
         144         135  0.970877911146387     
         145         127   1.31627654939865     
         146         145  0.980285934583358     
         147         146  0.944346397151455     
         148         147   1.58588344862981     
         149         146  0.956954732817151     
         150         149  0.993220483316718     
         151         149   1.01084127445574     
         152         150   1.02061493468949     
         153         145  0.911458553927570     
         154         146  0.941042270249872     
         155         149  0.956284779972957     
         156         150  0.972769365094143     
         157         150  0.975978727742251     
         158         151  0.980166233080408     
         159         151  0.979172961586052     
         160         151  0.982028299793154     
         161         152  0.985097599574424     
         162         152  0.983771331383639     
         163         152  0.985525155830874     
         164         147   1.29512979094277     
         165         164  0.982775273053380     
         166         165  0.937101891779607     
         167         166   1.61943952698589     
         168         165  0.980982787425902     
         169         168  0.993329815968903     
         170         169  0.968037992434447     
         171         170   1.64203166004417     
         172         170   1.30828320165626     
         173         164  0.908513564888989     
         174         165  0.949924032152564     
         175         168  0.952350805929707     
         176         168  0.971632464182715     
         177         169  0.971765441157680     
         178         169  0.958172660073540     
         179         172  0.935680276276219     
         180         172  0.917578244485479     
         181         166   1.28289896488778     
         182         181  0.979998209904824     
         183         182  0.936727458091352     
         184         183   1.58363181071323     
         185         182  0.961492717608804     
         186         185   1.02916683754420     
         187         181  0.910651539683441     
         188         182  0.950271642038542     
         189         185  0.968110681475437     
         190         185  0.959448030714889     
         191         186  0.821065269043065     
         192         183   1.33861425834377     
         193         192  0.971099898266384     
         194         193  0.934386190554641     
         195         194   1.59578474241240     
         196         193  0.960492543825133     
         197         196   1.00686201136939     
         198         196   1.00641685061658     
         199         192  0.891162851570496     
         200         193  0.945190788814612     
         201         196  0.963235297609758     
         202         197  0.982027982232966     
         203         197  0.984688441909435     
         204         197  0.984650261822903     
         205         198  0.980979370383519     
         206         198  0.981358240129130     
         207         198  0.977154579166046     
         208         194   1.32098428304998     
         209         208  0.980376390804813     
         210         209  0.939184688575151     
         211         210   1.59649221541945     
         212         209  0.965836921201069     
         213         212  0.991625191121372     
         214         212   1.00804328665715     
         215         213   1.01936897561407     
         216         208  0.871610676392849     
         217         209  0.950039973195897     
         218         212  0.960135477774954     
         219         213  0.974703886627146     
         220         213  0.969478818458050     
         221         214  0.982041342000500     
         222         214  0.984639076363136     
         223         214  0.984795100107134     
         224         215  0.981865763937042     
         225         215  0.984590780671424     
         226         215  0.984779762955646     
         227         210   1.30862329232076     
         228         227  0.979009256009734     
         229         228  0.938021991589871     
         230         229   1.57442473070992     
         231         228  0.985265574311008     
         232         231  0.891865037531998     
         233         232   1.52293532038450     
         234         232   1.49531140071229     
         235         227  0.890281971430483     
         236         228  0.939671253216670     
         237         231  0.972883249887769     
         238         231  0.966644503183774     
         239         229   1.34033954250765     
         240         239  0.964552657441921     
         241         240  0.940102583298454     
         242         241   1.59356471918712     
         243         240  0.961174081675842     
         244         243   1.00542533388524     
         245         244   1.41573384271840     
         246         244   1.41081308421632     
         247         245   1.44117995241403     
         248         246   1.44750496398069     
         249         247   1.43698029958981     
         249         248   1.43573866369935     
         250         239  0.880952212910025     
         251         240  0.949707787422898     
         252         243  0.963541553701845     
         253         243  0.956906702845900     
         254         245  0.966911780008033     
         255         246  0.968435068198332     
         256         247  0.963540695877038     
         257         248  0.968885019721252     
         258         249  0.968517427884847     
         259         241   1.33041290888999     
         260         259  0.973501198812592     
         261         260  0.938867145297512     
         262         261   1.60992814596823     
         263         260  0.963321726054632     
         264         263  0.992358916602277     
         265         263   1.00819468162815     
         266         264   1.01832577641375     
         267         259  0.896993019304846     
         268         260  0.949752515533500     
         269         263  0.959165664763801     
         270         264  0.975487222038998     
         271         264  0.973055792314252     
         272         265  0.980243006714712     
         273         265  0.983521253633443     
         274         265  0.984524309521329     
         275         266  0.984924407700658     
         276         266  0.987282665483677     
         277         266  0.984073916863081     
         278         261   1.30597397431091     
         279         278  0.986068169404881     
         280         279  0.937967016958196     
         281         280   1.58268065544563     
         282         279  0.964047610054273     
         283         282  0.997693103486460     
         284         282   1.00769482208105     
         285         283   1.01784941996228     
         286         278  0.908204302544535     
         287         279  0.938657391407675     
         288         282  0.964256806196300     
         289         283  0.965183154683745     
         290         283  0.974275883939396     
         291         284  0.982528427080855     
         292         284  0.983697019462040     
         293         284  0.979849821230387     
         294         285  0.984884967195242     
         295         285  0.985547956169191     
         296         285  0.986941482460232     
         297         280   1.33464774450724     
         298         297  0.971998825520502     
         299         298  0.931834046205385     
         300         299   1.62298414673470     
         301         298  0.965221953703395     
         302         301  0.994272376811420     
         303         301   1.01024158156196     
         304         302   1.01876920167004     
         305         297  0.880093983379264     
         306         298  0.949552508187624     
         307         301  0.961738554966888     
         308         302  0.975925326700970     
         309         302  0.974133531386283     
         310         303  0.977745654252746     
         311         303  0.963358726524821     
         312         303  0.980678372362972     
         313         304  0.982591875492955     
         314         304  0.988267514223992     
         315         304  0.983893766841521     
         316         299   1.31730725643316     
         317         316  0.969014966604928     
         318         317  0.932352205814308     
         319         318   1.63469675383596     
         320         317  0.997608640638533     
         321         316  0.907491328147515     
         322         317  0.949951392836648     
         323         320  0.980864234448625     
         324         320  0.971405223982357     
         325         320  0.976711752001364     
         326         318   1.30082523674617     
         327         326  0.977720143480410     
         328         327  0.935512947552534     
         329         328   1.62274200713926     
         330         327  0.969861345238530     
         331         330   1.00508203726189     
         332         331   1.41071933612645     
         333         331   1.41596407905222     
         334         332   1.44857384136338     
         335         333   1.44269309196774     
         336         334   1.43580816463454     
         336         335   1.44058681913313     
         337         326  0.901555985637110     
         338         327  0.953394312986881     
         339         330  0.963918076063259     
         340         330  0.959829805687882     
         341         332  0.968499087829022     
         342         333  0.968507686277573     
         343         334  0.969656188742494     
         344         335  0.970552700565160     
         345         336  0.970217690772195     
         346         328   1.31256768263637     
         347         346  0.976170588776736     
         348         347  0.937109740705784     
         349         348   1.62095996111286     
         350         347  0.995227814457973     
         351         346  0.894800245863391     
         352         347  0.953225038741733     
         353         350  0.978266908834682     
         354         350  0.978347441897943     
         355         350  0.980488879032944     
         356         348   1.31218304156660     
         357         356  0.970919835447441     
         358         357  0.972418515349362     
         359         358   1.89515814932856     
         360         357  0.967101568525424     
         361         360  0.992300777258178     
         362         361   1.00890349077814     
         363         361   1.00794438663982     
         364         356  0.912183242159310     
         365         357  0.944772929764720     
         366         360  0.966624315686406     
         367         360  0.968469428092037     
         368         361  0.967719442718165     
         369         362  0.984393373279141     
         370         362  0.981580826145537     
         371         362  0.984044379535743     
         372         363  0.984382352824197     
         373         363  0.985600157122903     
         374         363  0.986437468010266     
         376         375   1.01166098096269     
         377         376  0.938440017991421     
         378         377   1.62978121074455     
         379         376  0.964448451086564     
         380         379   1.00800466195939     
         381         379   1.00861296651427     
         382         375  0.950481253566284     
         383         376  0.964776466511689     
         384         379  0.962867814492908     
         385         380  0.983008838979384     
         386         380  0.981744973677150     
         387         380  0.985842373869606     
         388         381  0.978654763861134     
         389         381  0.985569219630003     
         390         381  0.982528788912727     
         391         377   1.28866704896072     
         392         391  0.989574181604979     
         393         392  0.983481879970844     
         394         393   1.85456235198148     
         395         392  0.963038230494791     
         396         395   1.00633444983647     
         397         396  0.993258368675954     
         398         397   1.00775095015515     
         399         391  0.915834058518471     
         400         392  0.924238942813291     
         401         395  0.961969403334465     
         402         395  0.969184333594309     
         403         396  0.967071537441136     
         404         396  0.966766061878043     
         405         398  0.975220467682264     
         406         398  0.980724357226645     
         407         398  0.977128442987875     
         409         408   1.01493940180165     
         410         409  0.931691972065145     
         411         410   1.60670001151176     
         412         409  0.995057842108255     
         413         408  0.928411644771616     
         414         409  0.965877601420065     
         415         412  0.981959515443757     
         416         412  0.978981156153609     
         417         412  0.974689541852372     
         418         410   1.32402423153231     
         419         418  0.974176425777769     
         420         419  0.970575021574827     
         421         420   1.90165502969380     
         422         419  0.956040334547085     
         423         422   1.00899414670926     
         424         423   1.40834922425572     
         425         423   1.41899151174175     
         426         424   1.44935964870752     
         427         425   1.44058011752046     
         428         426   1.43470780240654     
         428         427   1.44209548734868     
         429         418  0.873183124417494     
         430         419  0.945226859370513     
         431         422  0.951199467556168     
         432         422  0.970663366278213     
         433         424  0.966641689525644     
         434         425  0.968183628797068     
         435         426  0.969599108667043     
         436         427  0.970461044724534     
         437         428  0.970945739811050     
         439         438   1.01330997581116     
         440         439  0.982062298140908     
         441         440   1.88141636288649     
         442         439  0.944125918365571     
         443         442  0.996536952369575     
         444         442   1.00617915853179     
         445         443   1.01739507830327     
         446         438  0.938335024946062     
         447         439  0.950489165532065     
         448         442  0.964137350965373     
         449         443  0.959726020814591     
         450         443  0.976503998167152     
         451         444  0.973042246480298     
         452         444  0.981736941566021     
         453         444  0.981269849904348     
         454         445  0.981673174025192     
         455         445  0.986079157608061     
         456         445  0.985863906542890     
         457           1  0.956172930883182     
         458          22  0.950992991861368     
         459          31  0.955947562866207     
         460          33  0.952510206272439     
         461          47  0.958758614600522     
         462          49  0.952425610881400     
         463          64  0.952883868007636     
         464          66  0.955278862823963     
         465          83  0.958254899951902     
         466         117  0.951196841318401     
         467         125  0.957161082712259     
         468         358  0.956290588812894     
         469         375  0.955927263003490     
         470         393  0.951113097373007     
         471         408  0.958826157367020     
         472         420  0.953593085966294     
         473         438  0.960817698601969     
         474         440  0.953616191072496     
