   -0.38818010
    0.01590028
    0.26684845
   -0.49815333
   -0.12561795
    0.15986426
    0.06644829
    0.04100837
    0.06526111
    0.04588380
   -0.17263847
    0.01622603
    0.27879949
   -0.50764077
   -0.08321878
   -0.01743410
   -0.11730993
   -0.11500796
    0.21515525
    0.07174611
    0.06961092
    0.04733064
    0.03546746
    0.04380299
    0.04551159
    0.04792631
    0.03431836
    0.04730543
    0.03066684
   -0.18789984
    0.00058335
    0.28314702
   -0.48783744
   -0.09462973
   -0.07877124
   -0.10058907
   -0.05189235
   -0.14927327
    0.22555562
    0.09544092
    0.08160190
    0.05816201
    0.07716543
    0.06092736
    0.07492434
    0.08616923
    0.12548533
    0.11780002
    0.30360289
    0.29396273
    0.29959505
   -0.17323556
    0.01200599
    0.27101611
   -0.48275405
   -0.02681327
   -0.08065180
   -0.13202982
   -0.11114589
    0.21503774
    0.08008921
    0.05475726
    0.06804680
    0.04852139
    0.06881075
    0.05980159
    0.06372669
    0.04362853
    0.02521948
    0.03800776
   -0.17701628
    0.02581725
    0.27991835
   -0.47812035
   -0.07646114
   -0.01507569
   -0.11696750
   -0.11547333
    0.22069338
    0.08308286
    0.07686326
    0.04607353
    0.03425164
    0.03570684
    0.04473599
    0.05760157
    0.03962907
    0.06005704
    0.01741080
   -0.20352715
    0.04371543
    0.26581476
   -0.49168093
   -0.10257914
    0.29163974
   -0.48867306
   -0.29805706
    0.21839682
    0.05493863
    0.06367535
    0.09360221
    0.23472183
    0.24122230
   -0.19240892
    0.00893926
    0.26498447
   -0.44964332
   -0.11544343
    0.28280364
   -0.45126866
   -0.31075447
    0.24843217
    0.07702137
    0.10130873
    0.09267963
    0.23754888
    0.22314313
   -0.17736460
    0.01440510
    0.19237787
   -0.32437486
   -0.03584851
   -0.07959361
   -0.12416568
   -0.11761065
    0.20570619
    0.07408390
    0.06909789
    0.04267352
    0.06891620
    0.05610157
    0.04276030
    0.03882388
    0.05382547
    0.05159171
    0.03670593
   -0.39366185
    0.04365684
    0.20261139
   -0.38002300
   -0.07159637
   -0.01374777
   -0.11378590
   -0.10227389
    0.20161004
    0.04491160
    0.05706994
    0.03756383
    0.01786279
    0.04517077
    0.04496579
    0.04319467
    0.03782264
    0.03526061
    0.01239057
   -0.39269185
    0.03812898
    0.20126775
   -0.38792408
   -0.07090421
   -0.01219140
   -0.12418062
   -0.11446908
    0.17580202
    0.06341886
    0.06894580
    0.03019973
    0.01166752
    0.04977581
    0.04738120
    0.06528458
    0.01911704
    0.05402448
    0.02690095
   -0.38858571
    0.03916064
    0.19493099
   -0.38864212
   -0.06771531
   -0.00834233
   -0.11585242
   -0.11098411
    0.17086150
    0.05486550
    0.04661753
    0.04238635
    0.03805406
    0.04322257
    0.03883333
    0.03627313
    0.04406740
    0.03544907
    0.03855692
   -0.39190077
    0.03954485
    0.20175455
   -0.38854839
   -0.07901469
   -0.01138409
   -0.11197275
   -0.11317965
    0.17052916
    0.06344326
    0.05211284
    0.04546810
    0.02899454
    0.04234041
    0.04161252
    0.04101093
    0.04144416
    0.04117102
    0.02777188
   -0.39638623
    0.04412620
    0.19386465
   -0.38172299
   -0.12539760
    0.17955689
    0.03604144
    0.04773358
    0.07160395
    0.06915565
   -0.38428776
    0.03797679
    0.27827787
   -0.48018965
   -0.05952983
   -0.09526765
    0.36724333
   -0.64623403
   -0.63287190
    0.15838357
    0.03122762
    0.03238442
    0.03519476
    0.01161533
    0.02126578
   -0.17622971
    0.00528999
    0.28430707
   -0.45401230
    0.05516614
   -0.48916029
    0.19772167
    0.08947198
    0.06417578
    0.04886501
    0.33913747
   -0.18687056
    0.01780595
    0.28681675
   -0.46911711
    0.11048584
   -0.48802556
   -0.15689769
    0.22752774
    0.09219060
    0.04879764
    0.34046387
    0.08094184
    0.09068762
    0.07994667
   -0.18198329
    0.02538405
    0.31541964
   -0.52544820
   -0.09290552
   -0.00397862
   -0.11970954
   -0.10393308
    0.25374083
    0.06815353
    0.09541751
    0.06563977
    0.00395824
    0.03412968
    0.05007129
    0.06309323
    0.03138269
    0.06049890
    0.00259877
   -0.21156081
    0.04184371
    0.32533893
   -0.54769556
   -0.07222033
   -0.10176206
    0.36649600
   -0.66449414
   -0.65857547
    0.22001542
    0.02933726
    0.05639818
    0.08071568
    0.05361027
    0.02491836
   -0.21531803
    0.04301749
    0.29131172
   -0.52283357
    0.11112952
   -0.46800929
   -0.14498121
    0.24344239
    0.01870332
    0.03884234
    0.36423297
    0.10920484
    0.04780120
    0.04896762
   -0.19026386
    0.03822634
    0.28667474
   -0.52059103
   -0.07688735
   -0.02303250
   -0.11425890
   -0.12892781
    0.25471794
    0.06289945
    0.04048242
    0.05925427
    0.05789935
    0.07724079
    0.03044293
    0.04673465
    0.06888256
    0.04750478
    0.03776862
   -0.20031321
    0.05514613
    0.29193172
   -0.54099365
   -0.03354151
   -0.08572576
    0.37065986
   -0.61018585
   -0.64092260
    0.22219735
    0.05337435
    0.04905335
    0.01297081
    0.02790533
   -0.00978197
   -0.18979428
    0.05988894
    0.28585588
   -0.49685521
   -0.02847264
   -0.08694161
    0.37066373
   -0.63004674
   -0.62642211
    0.22374761
    0.02538820
    0.00658141
    0.02585284
    0.02504159
    0.01523269
   -0.20148709
    0.02899063
    0.26666347
   -0.43939491
   -0.05273688
   -0.01098110
   -0.15317405
   -0.06036820
    0.22419700
    0.08157832
    0.08164632
    0.03766490
    0.02538978
    0.05331727
    0.09641431
    0.04239752
    0.02448802
   -0.19718985
    0.02967558
    0.29470061
   -0.46607005
   -0.06986873
    0.00458922
   -0.11205485
   -0.09952119
    0.20135742
    0.09518791
    0.08190382
    0.01941459
   -0.00169170
    0.04924747
    0.04613101
    0.05485244
    0.03286185
    0.05107688
    0.01863220
   -0.19482258
    0.05683588
    0.29449377
   -0.47336527
   -0.07081187
   -0.07867475
    0.35555251
   -0.58095364
   -0.59599401
    0.18422400
    0.02672571
    0.05706406
    0.07284139
    0.01879300
    0.00034960
   -0.19341529
    0.00623009
    0.27445911
   -0.45940702
   -0.08733225
   -0.06109821
   -0.09296146
   -0.04376079
   -0.14437780
    0.18957242
    0.07385823
    0.05631557
    0.08505949
    0.03734350
    0.03504273
    0.09874252
    0.08255007
    0.09894836
    0.09855601
    0.30029289
    0.29979407
    0.28899509
   -0.17278376
    0.02663779
    0.29185244
   -0.48539353
   -0.07940283
   -0.01369704
   -0.12206260
   -0.12073619
    0.21263242
    0.07878291
    0.06908413
    0.02974038
    0.04787483
    0.06258446
    0.05280582
    0.04141624
    0.05991150
    0.02292036
    0.03436205
   -0.20239969
    0.03648696
    0.28629570
   -0.51112978
   -0.05075580
   -0.09103012
    0.35980716
   -0.62824792
   -0.65486728
    0.22902654
    0.06442687
    0.03786516
    0.05090128
    0.02980962
   -0.00564293
   -0.19894805
    0.04046753
    0.29068106
   -0.52102489
   -0.01499892
   -0.11155295
   -0.13749641
    0.21789203
    0.03195065
    0.04337985
    0.05464334
    0.01451716
    0.05046915
    0.06147769
    0.07267879
    0.04529601
   -0.16850649
    0.02758249
    0.22643917
   -0.38113758
   -0.01519202
   -0.11999961
   -0.12553247
    0.23183747
    0.08742551
    0.05590544
    0.06846477
    0.04579318
    0.04594349
    0.06125682
    0.06227261
    0.05331057
   -0.39350906
    0.04287076
    0.19975930
   -0.39925007
   -0.05318257
   -0.09876997
    0.36748255
   -0.63732581
   -0.66301256
    0.17454597
    0.03970846
    0.05283802
    0.05027523
    0.01593414
    0.02842006
   -0.37734114
    0.03491608
    0.19794369
   -0.38522708
   -0.07668809
   -0.06691616
   -0.07523616
   -0.00861196
   -0.17002363
    0.18150218
    0.02750748
    0.07996307
    0.04115253
    0.02419757
    0.06700142
    0.08297404
    0.05129069
    0.08263996
    0.08742424
    0.24506099
    0.26780618
    0.27848954
   -0.38900200
    0.02559036
    0.27277014
   -0.50726118
   -0.11182704
    0.29180661
   -0.51376702
   -0.28520899
    0.17657572
    0.07728004
    0.09507645
    0.05599043
    0.21530672
    0.24792463
   -0.17161029
    0.02022685
    0.27290874
   -0.44644519
   -0.10308896
    0.29679058
   -0.52414777
   -0.29307142
    0.24972020
    0.09288724
    0.10374028
    0.06624819
    0.22531247
    0.26147099
   -0.16410932
    0.01934768
    0.22305425
   -0.36966763
   -0.01099796
   -0.05106912
   -0.09034829
   -0.12114880
    0.19137444
    0.09823163
    0.04351934
    0.03358103
    0.01884162
    0.03179148
    0.02182142
    0.02403077
    0.04993528
    0.06765007
    0.04625129
    0.19778412
    0.08631660
    0.17350883
    0.06889144
    0.19281889
    0.06197425
    0.18081455
    0.07683501
    0.18611948
    0.07438836
    0.18043543
    0.07505252
    0.18238846
    0.05250642
    0.19340051
    0.08271783
    0.17735859
    0.09680970
    0.20989612
    0.04484025
