           2           1   1.01224986457739     
           3           2  0.942357808802130     
           4           3   1.59862428975962     
           5           2  0.974585122951002     
           6           5   1.00819756852605     
           7           6  0.909635901045126     
           8           7   1.50433338990397     
           9           7   1.49797655031153     
          10           1  0.953315058093904     
          11           2  0.964414021887986     
          12           5  0.965812186741785     
          13           5  0.976424840619527     
          14           6  0.979088059670850     
          15           6  0.967906113139594     
          16           3   1.31048024665898     
          17          16  0.962925796658972     
          18          17  0.938283840942428     
          19          18   1.64756099407077     
          20          17  0.979219394350872     
          21          20   1.01198653125910     
          22          21  0.907221810682270     
          23          22   1.48469514518681     
          24          22   1.52042745454782     
          25          16  0.915807594723833     
          26          17  0.950022996337693     
          27          20  0.963187437052779     
          28          20  0.974459479151707     
          29          21  0.969857313166676     
          30          21  0.969385638042505     
          31          18   1.29069491470659     
          32          31  0.969730341141312     
          33          32  0.941162351341059     
          34          33   1.62225922077404     
          35          32  0.962505219709407     
          36          35   1.00667690111949     
          37          35   1.00867634222326     
          38          31  0.918169100708446     
          39          32  0.948102081956860     
          40          35  0.959554376376446     
          41          36  0.975024226934348     
          42          36  0.982052039602582     
          43          36  0.983383473791055     
          44          37  0.973378873005120     
          45          37  0.982377157277743     
          46          37  0.982484690351068     
          47          33   1.29787903625396     
          48          47  0.975821545026810     
          49          48  0.930283972232765     
          50          49   1.61552374419068     
          51          48   1.00066321866671     
          52          47  0.918879019323277     
          53          48  0.950431963845364     
          54          51  0.980999939528607     
          55          51  0.979005084709002     
          56          51  0.980467197820885     
          57          49   1.31889754464302     
          58          57  0.995634242046773     
          59          58  0.947863892230599     
          60          59   1.62639935503966     
          61          57  0.883801121222361     
          62          58  0.954085916252109     
          63          58  0.954777582005975     
          64          59   1.31205727043819     
          65          64  0.968305305765140     
          66          65  0.943752169445555     
          67          66   1.61443697160171     
          68          65  0.953918713771443     
          69          68  0.990528095358520     
          70          68   1.01085400293348     
          71          69   1.02034854437350     
          72          64  0.916856258196689     
          73          65  0.941289335101218     
          74          68  0.962402728129033     
          75          69  0.967878420080503     
          76          69  0.968901718818372     
          77          70  0.982083182159577     
          78          70  0.976932060471363     
          79          70  0.983926038315122     
          80          71  0.973205620372326     
          81          71  0.981194583834792     
          82          71  0.986919868634228     
          83          66   1.30483264403055     
          84          83  0.984995032518878     
          85          84  0.933910227377930     
          86          85   1.64518360002924     
          87          84  0.980409198600852     
          88          87   1.00538541554124     
          89          88   1.00695331481503     
          90          89  0.981030760228449     
          91          90   1.31704816876385     
          92          91   1.34432471769973     
          93          91   1.28490537641407     
          94          83  0.894630146730880     
          95          84  0.943508381220683     
          96          87  0.967136987239000     
          97          87  0.971072543230860     
          98          88  0.974049826752131     
          99          88  0.967773446009390     
         100          89  0.962826167954229     
         101          89  0.960138624196153     
         102          90  0.915752705569024     
         103          92  0.872369306230716     
         104          92  0.926702075261619     
         105          93  0.916468315731550     
         106          93  0.924922191739147     
         107          85   1.28181226985517     
         108         107  0.977505709431063     
         109         108  0.926461450233787     
         110         109   1.65054928802004     
         111         108  0.999549575035162     
         112         107  0.892195165043042     
         113         108  0.957251765537894     
         114         111  0.983147469942598     
         115         111  0.979045589483264     
         116         111  0.977723545214955     
         117         109   1.29306302878878     
         118         117  0.970431978890022     
         119         118  0.922556638790077     
         120         119   1.63694101593841     
         121         118  0.978854013287371     
         122         121   1.00556778095039     
         123         122   1.00460618502083     
         124         123   1.01021554870791     
         125         124  0.959155211796115     
         126         117  0.919002720042433     
         127         118  0.955663948732311     
         128         121  0.966435573013519     
         129         121  0.968513589314908     
         130         122  0.973686672297970     
         131         122  0.976783098716500     
         132         123  0.966898327854545     
         133         123  0.970340583073609     
         134         124  0.965085628621947     
         135         124  0.963285225896209     
         136         125  0.894396627193458     
         137         125  0.891813018318225     
         138         125  0.895222592647807     
         139         119   1.30778887777554     
         140         139  0.969684946638209     
         141         140  0.936504880586512     
         142         141   1.60856328146014     
         143         140  0.970922201703286     
         144         143   1.00738962434765     
         145         144   1.40949797072507     
         146         144   1.41750811271766     
         147         145   1.44952115810276     
         148         146   1.43623193302396     
         149         147   1.43316241353090     
         149         148   1.44205660599089     
         150         139  0.901331939596158     
         151         140  0.948614447217897     
         152         143  0.966056334251048     
         153         143  0.957475119734281     
         154         145  0.963718230562933     
         155         146  0.964083053665029     
         156         147  0.970963702862700     
         157         148  0.961379767266894     
         158         149  0.969263222866744     
         159         141   1.29513828618994     
         160         159  0.967890271402319     
         161         160  0.945541517310798     
         162         161   1.58340611496454     
         163         160  0.974841909466671     
         164         163   1.00565048217853     
         165         159  0.979313633317208     
         165         164   1.00572636794811     
         166         160  0.937754213448237     
         167         163  0.975140376727047     
         168         163  0.972524114479204     
         169         164  0.977789574521772     
         170         164  0.976361348150932     
         171         165  0.964934015795837     
         172         165  0.959820951916048     
         173         161   1.32406275847428     
         174         173  0.994723290633943     
         175         174  0.912449073105623     
         176         175   1.65369876073091     
         177         174  0.984096110269606     
         178         177  0.963466935328552     
         179         178   1.61820511044219     
         180         178   1.33539872476784     
         181         173  0.867035945405485     
         182         174  0.942873833744511     
         183         177  0.959378076595980     
         184         177  0.950104286708850     
         185         180  0.918326351645741     
         186         180  0.928918715191084     
         187         175   1.30043055493957     
         188         187  0.982709526345355     
         189         188  0.929398314698693     
         190         189   1.64782062071716     
         191         188  0.965583378905337     
         192         191   1.00524028949702     
         193         192   1.00271388952008     
         194         193   1.00870407390901     
         195         194  0.954316742760998     
         196         187  0.919369819057583     
         197         188  0.954058113718903     
         198         191  0.968631480249389     
         199         191  0.967351991482146     
         200         192  0.975437805402779     
         201         192  0.962951855994047     
         202         193  0.970112878107949     
         203         193  0.974376231578798     
         204         194  0.964306770825089     
         205         194  0.958253242581284     
         206         195  0.861256151813421     
         207         195  0.902140952383673     
         208         195  0.906609883438126     
         209         189   1.29544492839074     
         210         209  0.984911608124782     
         211         210  0.938646751599112     
         212         211   1.55748272483010     
         213         210  0.958943671360235     
         214         213  0.994161551067697     
         215         213   1.00667854868456     
         216         214   1.01934974253507     
         217         209  0.880852458054357     
         218         210  0.952080053033289     
         219         213  0.954949854117589     
         220         214  0.975006748513921     
         221         214  0.974845221321396     
         222         215  0.980858871211390     
         223         215  0.979855985262596     
         224         215  0.979100827357182     
         225         216  0.977483749080202     
         226         216  0.978965835950142     
         227         216  0.978518239191237     
         228         211   1.32993947476005     
         229         228  0.963065087212862     
         230         229  0.928484996526116     
         231         230   1.61015552538706     
         232         229  0.983261276087116     
         233         232   1.00557646770480     
         234         228  0.974331203686268     
         234         233   1.00001099913972     
         235         229  0.948633558287935     
         236         232  0.962176875149529     
         237         232  0.971013705354226     
         238         233  0.970759223404606     
         239         233  0.976245102737599     
         240         234  0.964887686084350     
         241         234  0.963692257522787     
         242         230   1.32706084692468     
         243         242  0.988026490412627     
         244         243  0.988625225131123     
         245         244   1.87400699817830     
         246         243  0.930139777206091     
         247         246   1.00847993803115     
         248         246   1.00423903284661     
         249         242  0.865144799314127     
         250         243  0.946847884344645     
         251         246  0.961334624212229     
         252         247  0.980510235828129     
         253         247  0.983576179157684     
         254         247  0.980871164123885     
         255         248  0.978419960402150     
         256         248  0.983893611983769     
         257         248  0.974619455733249     
         259         258   1.02591491402731     
         260         259  0.939886011136487     
         261         260   1.58420613383005     
         262         259  0.943950176308139     
         263         262   1.01670497052264     
         264         263   1.40365402544869     
         265         263   1.40866273898652     
         266         264   1.44350903298051     
         267         265   1.44677599240985     
         268         266   1.43937828620220     
         268         267   1.43489726704221     
         269         258  0.933277104258126     
         270         259  0.956318199911547     
         271         262  0.962091302749019     
         272         262  0.971735251436320     
         273         264  0.962171677869038     
         274         265  0.963602436675580     
         275         266  0.971521855697447     
         276         267  0.970823500486506     
         277         268  0.971931750246614     
         278         260   1.33590167561116     
         279         278  0.970302404464140     
         280         279  0.936329999238135     
         281         280   1.60903397984926     
         282         279  0.979392951799715     
         283         282  0.995015217019449     
         284         283   1.00549811631062     
         285         283   1.00994390837298     
         286         278  0.877342761794157     
         287         279  0.953245507716219     
         288         282  0.961756332253260     
         289         282  0.968229977597007     
         290         283  0.956716528622792     
         291         284  0.976130727157850     
         292         284  0.983089972294845     
         293         284  0.982822391303269     
         294         285  0.979013173927405     
         295         285  0.982202203660571     
         296         285  0.982947409108889     
         297         280   1.31581093988810     
         298         297  0.993212011814941     
         299         298  0.940413365123507     
         300         299   1.63373279195514     
         301         298  0.946692344829394     
         302         301   1.00763184471644     
         303         301   1.01239306288401     
         304         297  0.872264298159295     
         305         298  0.929733410800180     
         306         301  0.961117505060330     
         307         302  0.981365109696649     
         308         302  0.978481942213737     
         309         302  0.983566513851303     
         310         303  0.979565353468578     
         311         303  0.960102788639485     
         312         303  0.978966419628204     
         313         299   1.25598197941989     
         314         313  0.974514820932519     
         315         314  0.933692568805564     
         316         315   1.61779947346683     
         317         314  0.969487233309450     
         318         317   1.00167737101699     
         319         313  0.964135640631461     
         319         318   1.00704011504270     
         320         314  0.958974865920092     
         321         317  0.969345011316435     
         322         317  0.975768127000452     
         323         318  0.968002408527748     
         324         318  0.970235786296523     
         325         319  0.953300522155931     
         326         319  0.944527850129013     
         327         315   1.30169972824362     
         328         327  0.979289408431015     
         329         328  0.943484973317672     
         330         329   1.59145965641533     
         331         328  0.975267362002529     
         332         331   1.00763512741043     
         333         332  0.961568757252425     
         334         333   1.68597925031122     
         335         333   1.26854037145217     
         336         327  0.918956906383498     
         337         328  0.940617993851385     
         338         331  0.958430537763719     
         339         331  0.974502953814760     
         340         332  0.953877923348557     
         341         332  0.956764365319210     
         342         335  0.930131419370645     
         343         335  0.927070708186135     
         344         329   1.31203933800722     
         345         344  0.994006993888456     
         346         345  0.937566705966078     
         347         346   1.63006859549155     
         348         345  0.979224791243278     
         349         348  0.998173286193398     
         350         349  0.922369779140762     
         351         350   1.42740960721764     
         352         350   1.55234745370275     
         353         344  0.828757157493813     
         354         345  0.931343931049431     
         355         348  0.971441939120417     
         356         348  0.976686984253687     
         357         349  0.974526556063152     
         358         349  0.977904531127858     
         359         346   1.29962017885071     
         360         359  0.967604242297033     
         361         360  0.971098514641739     
         362         361   1.88224595185816     
         363         360  0.962105727510275     
         364         363  0.992848665120098     
         365         364   1.01047178418279     
         366         364   1.00508242787477     
         367         359  0.908711603247937     
         368         360  0.954878761741250     
         369         363  0.960332698067413     
         370         363  0.964985538405714     
         371         364  0.967409704086124     
         372         365  0.984396477668582     
         373         365  0.985591250201984     
         374         365  0.983859846885266     
         375         366  0.978874477989139     
         376         366  0.980332477661471     
         377         366  0.980145742874599     
         379         378   1.01488315700015     
         380         379  0.976901603311563     
         381         380   1.88651502793717     
         382         379  0.957408995796644     
         383         382   1.00654851071553     
         384         383   1.38332858271332     
         385         383   1.44361738099681     
         386         384   1.47159807215732     
         387         385   1.41113917172378     
         388         386   1.41008796816144     
         388         387   1.46929672452490     
         389         378  0.951790412585109     
         390         379  0.947752200661226     
         391         382  0.944536620716282     
         392         382  0.971823570240664     
         393         384  0.957009734817437     
         394         385  0.969628172561982     
         395         386  0.967972639687808     
         396         387  0.969065472946986     
         397         388  0.969661681410745     
         399         398   1.01582652013257     
         400         399  0.941168326531634     
         401         400   1.58314318283522     
         402         399  0.978310361338723     
         403         402   1.01379823619237     
         404         403  0.984033340670133     
         405         404   1.01220167548313     
         406         398  0.935205550934186     
         407         399  0.950433481934258     
         408         402  0.963771183869759     
         409         402  0.970626211725255     
         410         403  0.960237582903020     
         411         403  0.968074829912656     
         412         405  0.978594701628475     
         413         405  0.979805191897916     
         414         405  0.978489291246638     
         415         400   1.32671668833310     
         416         415  0.972167290199234     
         417         416  0.961822938025694     
         418         417   1.91076177468952     
         419         416  0.993196044405261     
         420         415  0.865765593431644     
         421         416  0.946654170652266     
         422         419  0.981407202024118     
         423         419  0.974202515822729     
         424         419  0.983365092914317     
         426         425   1.01028863511686     
         427         426  0.983062206337224     
         428         427   1.87456159746039     
         429         426  0.942528272904833     
         430         429   1.01065668034484     
         431         430   1.39440818652369     
         432         430   1.41274476755578     
         433         431   1.46548444555188     
         434         432   1.44455547061133     
         435         433   1.35431644602742     
         435         434   1.36111339487947     
         436         435   1.09408774107005     
         437         425  0.906987004998999     
         438         426  0.962209613452226     
         439         429  0.950982089857778     
         440         429  0.971367709444106     
         441         431  0.964263420970869     
         442         432  0.967941412453289     
         443         433  0.958275233691438     
         444         434  0.962426531244381     
         445         436  0.807782451442315     
         447         446   1.02951804178294     
         448         447  0.967290522972633     
         449         448   1.58422060197763     
         450         446  0.950211638488931     
         451         447  0.952855299475868     
         452         447  0.947886155011479     
         453         448   1.31387259105638     
         454         453  0.985116192282048     
         455         454  0.933854098121669     
         456         455   1.64285601047957     
         457         454  0.969178946493649     
         458         457   1.00453447416078     
         459         458   1.41908905011667     
         460         458   1.40608144694388     
         461         459   1.43931769717574     
         462         460   1.45230944476463     
         463         461   1.44408760185526     
         463         462   1.43155874250777     
         464         453  0.918492397189611     
         465         454  0.942953603858869     
         466         457  0.968242163311111     
         467         457  0.955631772709865     
         468         459  0.955528725049393     
         469         460  0.967748257209591     
         470         461  0.960967878053986     
         471         462  0.971440990971556     
         472         463  0.971265740653742     
         473         455   1.28367187373045     
         474         473  0.973150278172632     
         475         474  0.963821183162674     
         476         475   1.89708066180223     
         477         474  0.951696300154520     
         478         477   1.01123849221698     
         479         477   1.00596788118087     
         480         473  0.910158806466249     
         481         474  0.960005387918898     
         482         477  0.963275785827485     
         483         478  0.980367297687459     
         484         478  0.977461481353361     
         485         478  0.973272407983721     
         486         479  0.982616662416575     
         487         479  0.976431464915513     
         488         479  0.985565264597141     
         490         489  0.945982827883408     
         491         490  0.907203277751578     
         492         491   1.70386293544416     
         493         490  0.988268371277631     
         494         493   1.00555917225908     
         495         494   1.41048254091745     
         496         494   1.41700945775572     
         497         495   1.44802424852824     
         498         496   1.43577162243468     
         499         497   1.42640146174957     
         499         498   1.44954837249564     
         500         489  0.890873315656637     
         501         489  0.894261482230898     
         502         489  0.889496479638992     
         503         490  0.952005858833749     
         504         493  0.965208602327714     
         505         493  0.943317228045585     
         506         495  0.962562099470762     
         507         496  0.969074791040987     
         508         497  0.964105146267270     
         509         498  0.969621873792404     
         510         499  0.957966526503717     
         511         491   1.28019009110860     
         512         511  0.974239911795632     
         513         512  0.931327847886616     
         514         513   1.60571104580998     
         515         512  0.965437649030892     
         516         515   1.00756225116094     
         517         515   1.00814606429208     
         518         511  0.906229811490465     
         519         512  0.952498938900285     
         520         515  0.959885387720489     
         521         516  0.984484595611226     
         522         516  0.978269515976307     
         523         516  0.983879203115510     
         524         517  0.978814038702497     
         525         517  0.984282287741161     
         526         517  0.979019315768541     
         527         513   1.32227788993946     
         528         527  0.975358315577436     
         529         528  0.931278486926815     
         530         529   1.61991793943386     
         531         528  0.984122828822725     
         532         531   1.01105330419293     
         533         532  0.994920397890130     
         534         533   1.00724848610160     
         535         527  0.919200475224262     
         536         528  0.943767791704017     
         537         531  0.963765907270385     
         538         531  0.958759153994384     
         539         532  0.969847219494363     
         540         532  0.973506866120351     
         541         534  0.973900179075914     
         542         534  0.979385029467443     
         543         534  0.974580911519218     
         544         529   1.31582942572560     
         545         544  0.988182675671809     
         546         545  0.945254132769662     
         547         546   1.65961436664221     
         548         545  0.954165970679294     
         549         548  0.999103097827630     
         550         548   1.00331869734260     
         551         549   1.01688048899170     
         552         544  0.908512918672946     
         553         545  0.941757827342096     
         554         548  0.949074854019435     
         555         549  0.968875771228780     
         556         549  0.970249519343303     
         557         550  0.955806296487900     
         558         550  0.963135830843862     
         559         550  0.967214871691087     
         560         551  0.985160230392070     
         561         551  0.981887598333818     
         562         551  0.980972042803437     
         563         546   1.24857561516910     
         564         563   1.00377944999585     
         565         564  0.931772746148789     
         566         565   1.66436039094739     
         567         563  0.927506297530408     
         568         564  0.945489263967876     
         569         564  0.968914317083935     
         570         565   1.28530447493760     
         571         570  0.998079723446808     
         572         571  0.992722036535367     
         573         572   1.88077671844846     
         574         571  0.933380445580253     
         575         574   1.01415820224012     
         576         570  0.885027633248991     
         577         571  0.924139925895066     
         578         574  0.957984233707166     
         579         574  0.971165627943130     
         580         575  0.871718230930327     
         582         581   1.02859439936383     
         583         582  0.957205216921406     
         584         583   1.61978254176601     
         585         582  0.926914685001297     
         586         585  0.989312340529118     
         587         585   1.00528656821641     
         588         581  0.954877761229202     
         589         582  0.946811661282710     
         590         585  0.946308140483638     
         591         586  0.880204779010322     
         592         587  0.982661511735628     
         593         587  0.982436242476496     
         594         587  0.979841966071583     
         595         583   1.29164743807239     
         596         595  0.982528090630989     
         597         596  0.977770306010312     
         598         597   1.90473272691500     
         599         596  0.948485305320909     
         600         599   1.00715204534157     
         601         600   1.41056614463950     
         602         600   1.41775073185213     
         603         601   1.44433051228266     
         604         602   1.44002149463382     
         605         603   1.43259925890724     
         605         604   1.44211858883629     
         606         595  0.923329750898095     
         607         596  0.931714717992513     
         608         599  0.952351751631159     
         609         599  0.972299918889315     
         610         601  0.962206239181082     
         611         602  0.968948825965487     
         612         603  0.962942045669266     
         613         604  0.971835307448219     
         614         605  0.971630841821543     
         616         615   1.01798667651919     
         617         616  0.930635485552868     
         618         617   1.65365453788034     
         619         616  0.960406234720639     
         620         619   1.01123610507149     
         621         619   1.00844545997667     
         622         615  0.953960434317724     
         623         616  0.959498264164759     
         624         619  0.965757535635237     
         625         620  0.984812753804264     
         626         620  0.981563490329289     
         627         620  0.985758574734726     
         628         621  0.983788432043727     
         629         621  0.974154121714957     
         630         621  0.984501315707968     
         631         617   1.28084869495951     
         632         631  0.961695769894246     
         633         632  0.956019071748564     
         634         633   1.90613989221877     
         635         632  0.976483707865472     
         636         635  0.987806202333737     
         637         636   1.00835458425358     
         638         636   1.01063876251761     
         639         631  0.913290052756434     
         640         632  0.955061293156723     
         641         635  0.967128697878657     
         642         635  0.977253044148471     
         643         636  0.968132110748369     
         644         637  0.985060683879636     
         645         637  0.986442465282079     
         646         637  0.973354471762331     
         647         638  0.985176761321032     
         648         638  0.981138546888728     
         649         638  0.986090663302189     
         650           1  0.952481750750952     
         651         244  0.954277756314650     
         652         258  0.941837082790738     
         653         361  0.954117398862268     
         654         378  0.955055105732484     
         655         380  0.954426269595555     
         656         398  0.958689558252112     
         657         417  0.955154593558998     
         658         425  0.958991144158889     
         659         427  0.955678126111876     
         660         446  0.958972449248157     
         661         475  0.955053130523173     
         662         572  0.954845651338084     
         663         581  0.945558997782642     
         664         597  0.953486965684361     
         665         615  0.958326151705320     
         666         633  0.955735288568464     
