   -0.15995837
   -0.02283102
    0.27656382
   -0.47171773
   -0.07238388
   -0.11205322
    0.36811719
   -0.66461486
   -0.64417258
    0.30262289
    0.30408074
    0.30921197
    0.13172444
    0.08153949
    0.05655109
    0.05211394
    0.04368448
   -0.16534999
    0.01907075
    0.26608495
   -0.46074252
   -0.07033133
    0.00117501
   -0.04944670
   -0.03363782
   -0.07560602
   -0.05810342
    0.14130245
   -0.43042748
    0.23202207
    0.07004548
    0.07200257
    0.04354915
    0.07101111
    0.02480249
    0.05432585
    0.02795266
    0.33044535
   -0.17516189
    0.02422911
    0.19849492
   -0.39392399
   -0.06524811
   -0.09084417
   -0.09131023
   -0.05343548
   -0.14735641
    0.20146962
    0.12055317
    0.04988800
    0.05810443
    0.08543376
    0.06364774
    0.07402815
    0.08253154
    0.12485866
    0.12545597
    0.30763690
    0.29299949
    0.29481674
   -0.37991125
    0.05854604
    0.26533201
   -0.48666162
   -0.07851258
    0.37460220
   -0.62092458
   -0.62742429
    0.15554917
   -0.00017613
    0.03666235
   -0.00182628
   -0.16705034
    0.01845109
    0.26879747
   -0.50771008
   -0.07382537
   -0.01084960
   -0.12164686
   -0.12310610
    0.19320837
    0.08325909
    0.04268007
    0.06279007
    0.02990817
    0.05273022
    0.03792031
    0.05427854
    0.05843821
    0.04893235
    0.03445943
   -0.17669225
    0.01786939
    0.26947725
   -0.47463385
   -0.01002349
   -0.10136951
   -0.10773965
    0.24345807
    0.07017721
    0.03946989
    0.05145354
    0.03084271
    0.03567622
    0.05177897
    0.04180424
    0.03441982
   -0.19113225
    0.02904398
    0.26770210
   -0.50449634
   -0.05882722
    0.00938500
   -0.03687272
   -0.03628361
   -0.03217545
   -0.03094424
   -0.03293829
    0.22374579
    0.07766774
    0.04132145
    0.04336960
    0.02732535
    0.01921325
    0.04905761
    0.04275411
    0.04809726
   -0.18713733
    0.02463028
    0.26540536
   -0.48152974
   -0.11803110
    0.23593684
    0.07616904
    0.06612995
    0.04633854
    0.06457739
   -0.16589036
    0.01569761
    0.27222063
   -0.47083753
   -0.06723670
   -0.08521637
   -0.09883850
   -0.05596518
   -0.13975336
    0.21155837
    0.07417127
    0.04788210
    0.04775594
    0.07915938
    0.06040016
    0.06258336
    0.08451691
    0.12827761
    0.12615760
    0.31265334
    0.27872633
    0.29811984
   -0.17264269
    0.01617574
    0.18695387
   -0.34616096
   -0.07125086
   -0.01211300
   -0.20334446
   -0.05849865
    0.22245758
    0.10569219
    0.06551413
    0.08541017
    0.07663214
    0.04039959
    0.05054550
    0.04535018
    0.06053973
   -0.39272181
    0.04061569
    0.27054159
   -0.48812443
   -0.06447142
    0.05239576
   -0.28752213
   -0.03032170
    0.07870276
   -0.08977766
    0.19172970
    0.00753562
    0.06429164
    0.01084102
    0.01879525
    0.07269146
    0.19526387
   -0.20246046
    0.02948700
    0.25840347
   -0.51003041
   -0.06422735
   -0.04350717
   -0.01483150
   -0.02333944
   -0.11154323
    0.04262677
   -0.04291269
   -0.05636432
   -0.04615852
   -0.04228338
    0.21815860
    0.06475603
    0.06519715
    0.04886698
    0.04811618
    0.19795787
    0.03335956
    0.02481659
    0.02956098
    0.02448322
   -0.07342829
    0.02246462
    0.27787956
   -0.48082427
   -0.06740582
   -0.06862421
   -0.01032550
    0.05266168
    0.06198649
    0.06442944
    0.06518120
    0.07467994
    0.07209315
    0.06325336
   -0.17346090
    0.02528490
    0.26925340
   -0.47400611
   -0.11734070
    0.23114824
    0.08460800
    0.06203411
    0.06345895
    0.04233595
   -0.16914043
    0.01817871
    0.27020181
   -0.50208266
   -0.07807199
   -0.07181477
   -0.02333018
   -0.14621406
    0.23015770
   -0.24533407
   -0.25697333
    0.22444297
    0.08041175
    0.06401449
    0.08089736
    0.06606171
    0.03616838
    0.08358989
    0.09623062
    0.20252422
    0.25533189
    0.26663066
    0.21538973
    0.26531549
   -0.17103293
    0.02673467
    0.27395565
   -0.49414358
   -0.01638590
   -0.06405398
   -0.10706146
   -0.10716482
    0.23458752
    0.06906814
    0.05162288
    0.05677839
    0.03955072
    0.05250953
    0.02056361
    0.04677459
    0.04935035
    0.03601331
    0.02585225
   -0.17586066
    0.04033847
    0.20934627
   -0.38907682
   -0.09867225
    0.36943612
   -0.62491692
   -0.62277246
    0.21158812
    0.09865091
    0.05267893
    0.05000130
   -0.38943861
    0.03238835
    0.26142199
   -0.52101337
   -0.05751624
   -0.01111526
   -0.18972431
   -0.06735569
    0.15240169
    0.03987928
    0.03586214
    0.04720453
    0.05906656
    0.02434969
    0.09035355
    0.04902055
    0.04499807
   -0.07690699
    0.02106297
    0.20305232
   -0.36508224
   -0.07805622
   -0.07261088
   -0.01160027
    0.08665505
    0.08010580
    0.09650863
    0.06943212
    0.07824522
    0.06902665
    0.05526947
   -0.39592284
    0.02650487
    0.26245249
   -0.47157853
   -0.11246745
    0.29536584
   -0.50814094
   -0.29488099
    0.15560716
    0.05699564
    0.09197629
    0.08762685
    0.22473692
    0.23709159
   -0.18141349
    0.00685210
    0.26278877
   -0.48033950
   -0.08201615
   -0.08594665
   -0.10865112
   -0.06258585
   -0.14704260
    0.20351751
    0.08346272
    0.06700923
    0.04896896
    0.06311572
    0.06718643
    0.09571946
    0.08069883
    0.12771591
    0.13568513
    0.30522933
    0.29354060
    0.28942030
   -0.16511103
    0.01973681
    0.26452325
   -0.46141401
   -0.07360248
    0.00131524
   -0.04161089
   -0.04090160
   -0.07463671
   -0.06764833
    0.13136932
   -0.43352898
    0.23049974
    0.07679458
    0.06106882
    0.04377991
    0.06158455
    0.02569383
    0.06199582
    0.07454135
    0.35741740
   -0.17481216
    0.02145211
    0.27533871
   -0.50758604
   -0.06184981
   -0.08414868
    0.29532398
   -0.51768749
   -0.28750768
    0.20088331
    0.08921209
    0.06678277
    0.04725518
    0.04989900
    0.06052354
    0.22331087
    0.20928219
   -0.17774753
    0.02391450
    0.27470234
   -0.50227531
   -0.01409590
   -0.11696903
   -0.11380599
    0.23459810
    0.06922975
    0.05027413
    0.06436830
    0.02507339
    0.04563669
    0.05760902
    0.03879788
    0.05207701
   -0.19087543
    0.03868401
    0.26469560
   -0.47645984
   -0.07448561
   -0.00420467
   -0.03710970
   -0.05536405
   -0.03131759
   -0.03641824
   -0.03642798
    0.23060182
    0.04441964
    0.06584943
    0.04913624
    0.02560532
    0.04423447
    0.04654982
    0.06191219
    0.06093177
   -0.15881941
    0.02208169
    0.27290157
   -0.49103182
   -0.07280888
    0.00985935
   -0.04126622
   -0.04061854
   -0.03396061
   -0.03216088
   -0.03219721
    0.20140677
    0.07823388
    0.06158088
    0.06621281
    0.03903844
    0.02241402
    0.04268043
    0.03625579
    0.04670879
   -0.16963518
    0.03535033
    0.20080106
   -0.36744620
   -0.07663828
    0.01017601
   -0.04278543
   -0.04183784
   -0.03705482
   -0.03341742
   -0.03866039
    0.22983708
    0.09148746
    0.06722884
    0.08088264
    0.04864008
    0.02687272
    0.05697540
    0.03044997
    0.04755272
   -0.38820017
    0.03014146
    0.28333831
   -0.48750392
    0.12353456
   -0.48932894
   -0.11422254
    0.16752653
    0.04618641
    0.00224279
    0.31930197
    0.03661650
    0.04050099
    0.05433012
   -0.18403841
    0.02567064
    0.26960702
   -0.50059546
   -0.12418071
    0.20401249
    0.06995522
    0.08135168
    0.06482893
    0.05972917
   -0.15591336
    0.00652750
    0.26276452
   -0.44621281
   -0.09736520
    0.00525227
   -0.04547165
   -0.04591071
   -0.03857843
   -0.02750718
   -0.04711534
    0.22391206
    0.08100729
    0.10242105
    0.09359700
    0.05274471
    0.05632973
    0.02807953
    0.02454026
    0.04285350
   -0.15786622
    0.00213379
    0.27058460
   -0.46505807
   -0.06646846
   -0.00676912
   -0.10275268
   -0.12322499
    0.20546424
    0.10837298
    0.03611247
    0.04710795
    0.02688791
    0.03436033
    0.02005849
    0.03376885
    0.04500762
    0.04119564
    0.07051658
   -0.15739242
   -0.04069344
    0.25971801
   -0.51203961
    0.21629681
    0.11436461
    0.11323446
   -0.10001322
    0.02036179
    0.27809842
   -0.50813246
   -0.07086336
   -0.08085627
   -0.02344900
    0.06209658
    0.05438771
    0.07137234
    0.06600105
    0.09008166
    0.09270566
    0.08364436
   -0.18493098
    0.01936362
    0.29110617
   -0.50706203
   -0.07995248
   -0.06329415
   -0.09175760
   -0.04591339
   -0.14933453
    0.21983396
    0.06644010
    0.07945296
    0.06046256
    0.03473880
    0.05359401
    0.08923126
    0.08046505
    0.10725559
    0.11618316
    0.30557803
    0.30601184
    0.30084995
   -0.19467431
    0.05094748
    0.26847077
   -0.51294380
   -0.08860099
    0.37172587
   -0.62555216
   -0.61284764
    0.21564351
    0.05654577
    0.02019658
    0.03592342
   -0.17095507
    0.03026761
    0.27522916
   -0.48464182
   -0.06442262
   -0.00901326
   -0.10743716
   -0.11553148
    0.21416719
    0.06669088
    0.05709732
    0.03577125
    0.02074462
    0.04499749
    0.02606600
    0.05146164
    0.04869027
    0.05490097
    0.03170676
   -0.18869046
    0.03480516
    0.25808517
   -0.50936120
   -0.06153536
    0.01039293
   -0.03945615
   -0.03741043
   -0.03159879
   -0.03021764
   -0.03390647
    0.21769037
    0.06645982
    0.04416902
    0.05004674
    0.03663098
    0.02305711
    0.04764829
    0.02835343
    0.05045900
   -0.07222857
    0.02812645
    0.28444102
   -0.49407955
   -0.06872670
   -0.06962011
   -0.01151518
    0.05011006
    0.06399537
    0.06380047
    0.07587333
    0.06542512
    0.06939192
    0.07966726
   -0.19873936
    0.04059681
    0.21609840
   -0.35986359
   -0.07106679
   -0.00653102
   -0.03763101
   -0.04377644
   -0.05728285
   -0.07608147
    0.14766542
   -0.42856482
    0.22510418
    0.06822864
    0.05431081
    0.06199838
    0.04153602
    0.03956671
    0.05841868
    0.05081118
    0.35375378
   -0.38576526
    0.01871282
    0.27659274
   -0.47978529
    0.11550305
   -0.50020305
   -0.13214859
    0.15576510
    0.07451024
    0.01856176
    0.33136676
    0.05044563
    0.06081404
    0.05403500
   -0.16183405
    0.02824089
    0.20685948
   -0.37582090
   -0.06345792
    0.05110781
   -0.28036896
   -0.02981003
    0.07964983
   -0.09841652
    0.21251995
    0.08183804
    0.09036047
    0.04840301
    0.02916134
    0.06023551
    0.20540266
   -0.43371412
    0.02541645
    0.36476053
   -0.65829197
   -0.06030427
   -0.06534345
   -0.09421255
   -0.05043321
   -0.14004915
   -0.62771665
    0.14752074
   -0.01320772
    0.02593866
    0.03072542
    0.04474327
    0.04049995
    0.08869756
    0.08794329
    0.10677871
    0.09722497
    0.28730918
    0.30480844
    0.31376183
    0.17257208
    0.06489637
    0.17909100
    0.10222857
    0.18731150
    0.06143020
    0.16565539
    0.07956178
    0.18726285
    0.08385623
    0.17842788
    0.06980174
    0.19308206
    0.07179115
