           2           1   1.01659427163784     
           3           2  0.946150571630418     
           4           3   1.66478138378516     
           5           2  0.980706597565500     
           6           5  0.997732502395702     
           7           6   1.00548781549690     
           8           6   1.00723609869988     
           9           1  0.946046417989327     
          10           2  0.940306264803731     
          11           5  0.971265707393860     
          12           5  0.968433372705269     
          13           6  0.965394147326521     
          14           7  0.984884459396227     
          15           7  0.979897687103661     
          16           7  0.981939882833229     
          17           8  0.987350220629359     
          18           8  0.986645481323914     
          19           8  0.985664094993153     
          20           3   1.25016589644656     
          21          20  0.991064085805968     
          22          21  0.925699081451476     
          23          22   1.61412831323245     
          24          21  0.982234116714886     
          25          24  0.993900088250933     
          26          25  0.961363510190062     
          27          26   1.65819202390092     
          28          26   1.29702741584495     
          29          20  0.911978955160116     
          30          21  0.949795857656074     
          31          24  0.966355876515708     
          32          24  0.968502448451454     
          33          25  0.962546800905367     
          34          25  0.974666669919060     
          35          28  0.927175738074263     
          36          28  0.923535411348345     
          37          22   1.29350851714114     
          38          37  0.978743240931103     
          39          38  0.920764125765049     
          40          39   1.65551469917143     
          41          38  0.977209123213108     
          42          41   1.00248886906864     
          43          42  0.963339968130288     
          44          43   1.67296909410562     
          45          43   1.26892438159546     
          46          37  0.912631404500306     
          47          38  0.937766796639066     
          48          41  0.973277245639306     
          49          41  0.967274307852235     
          50          42  0.968261153216938     
          51          42  0.945954035211298     
          52          45  0.924193255320051     
          53          45  0.927884578342878     
          54          39   1.27829117568445     
          55          54  0.982943312044115     
          56          55  0.946055290135430     
          57          56   1.60710040554369     
          58          55  0.961228381902980     
          59          58   1.00188283270374     
          60          59   1.40873484681621     
          61          59   1.40693485516218     
          62          60   1.45620208111098     
          63          61   1.44891632225729     
          64          62   1.36534550119320     
          64          63   1.36675648425227     
          65          64   1.07894219633984     
          66          54  0.915088548767046     
          67          55  0.946546373713236     
          68          58  0.960814533329371     
          69          58  0.968036557521761     
          70          60  0.967513180982556     
          71          61  0.963793458425269     
          72          62  0.968346738948789     
          73          63  0.958986678276588     
          74          65  0.855841182047600     
          75          56   1.30491968549631     
          76          75  0.967482009105859     
          77          76  0.932356530524784     
          78          77   1.55521220192609     
          79          76  0.981444201168803     
          80          79   1.00448736597271     
          81          80   1.00331516134851     
          82          81  0.976741748571251     
          83          82   1.31257898521823     
          84          83   1.32786502960280     
          85          83   1.30659536186522     
          86          75  0.902834464133969     
          87          76  0.939424293036884     
          88          79  0.961662130999343     
          89          79  0.973122135378625     
          90          80  0.976100983888648     
          91          80  0.967848207909139     
          92          81  0.960651748301661     
          93          81  0.966710496792197     
          94          82  0.916055651470804     
          95          84  0.918683077580182     
          96          84  0.914641769973500     
          97          85  0.919459139645500     
          98          85  0.914504512015983     
          99          77   1.34332138492773     
         100          99  0.978352148682203     
         101         100  0.917642432969257     
         102         101   1.66555897528715     
         103         100  0.993474741790695     
         104         103   1.00761109382444     
         105         104  0.897373889327898     
         106         105   1.49594563203485     
         107         105   1.51275077926384     
         108          99  0.885943987031429     
         109         100  0.941300409158600     
         110         103  0.972375900093485     
         111         103  0.958277818703987     
         112         104  0.966197939009949     
         113         104  0.977467378811997     
         114         101   1.28249326267873     
         115         114  0.975749300890184     
         116         115  0.948971376588138     
         117         116   1.61201265490794     
         118         115  0.972243412153168     
         119         118   1.01402893880626     
         120         119  0.975432456676644     
         121         120   1.00430683423762     
         122         114  0.861950388261966     
         123         115  0.929737998955252     
         124         118  0.970576066715022     
         125         118  0.965798671620183     
         126         119  0.974297900298129     
         127         119  0.967134633989858     
         128         121  0.965765653258083     
         129         121  0.986451998880222     
         130         121  0.980536558472979     
         131         116   1.31111455517984     
         132         131  0.968854142935615     
         133         132  0.937693948396756     
         134         133   1.59958840948799     
         135         132  0.979597732751603     
         136         135  0.992829723864630     
         137         136   1.00586214807121     
         138         136   1.00956242842196     
         139         131  0.888093505234098     
         140         132  0.941028396583201     
         141         135  0.962391709490678     
         142         135  0.958228797325781     
         143         136  0.963503810565269     
         144         137  0.978959950287483     
         145         137  0.984131642696202     
         146         137  0.979812103987043     
         147         138  0.982997269725558     
         148         138  0.981411663985815     
         149         138  0.973980894910956     
         150         133   1.27873180259415     
         151         150  0.989678936867929     
         152         151  0.941825627624870     
         153         152   1.62212035594267     
         154         151  0.956142486521178     
         155         154  0.990252582644162     
         156         154   1.01117294274070     
         157         155   1.01882545848252     
         158         150  0.899361958522831     
         159         151  0.940185558165165     
         160         154  0.960498508087503     
         161         155  0.976007505454541     
         162         155  0.969962459374794     
         163         156  0.979724621475557     
         164         156  0.984776021357079     
         165         156  0.985354666717089     
         166         157  0.984459810871189     
         167         157  0.984365625372330     
         168         157  0.984488688729592     
         169         152   1.27662086328455     
         170         169  0.977886061744111     
         171         170  0.920734199688392     
         172         171   1.64102284929622     
         173         170  0.999402491687120     
         174         169  0.927959251180909     
         175         170  0.950122426928750     
         176         173  0.979348377813809     
         177         173  0.981901936373607     
         178         173  0.973654636416583     
         179         171   1.30373914170313     
         180         179  0.974307164739525     
         181         180  0.936742505919245     
         182         181   1.63996632474877     
         183         180  0.985856689189844     
         184         183  0.928066875692480     
         185         184   1.56907302051758     
         186         184   1.38693461353903     
         187         179  0.914171109298279     
         188         180  0.922338977712715     
         189         183  0.967304917376180     
         190         183  0.943857360738454     
         191         181   1.27949046141213     
         192         191  0.989831132464654     
         193         192  0.947188613790232     
         194         193   1.60550704002761     
         195         191  0.910141731789555     
         196         192  0.957081226296656     
         197         192  0.955698650518658     
         198         193   1.33683508209249     
         199         198  0.984694478226524     
         200         199  0.941785455990245     
         201         200   1.64368707401409     
         202         199  0.948333369689170     
         203         202  0.988984836789649     
         204         202   1.00922469245378     
         205         203   1.02058806615098     
         206         198  0.843028456965043     
         207         199  0.948833396083838     
         208         202  0.958280594504403     
         209         203  0.974149466061379     
         210         203  0.956446542916784     
         211         204  0.975509496959622     
         212         204  0.962597159991095     
         213         204  0.976601314867549     
         214         205  0.981022767376045     
         215         205  0.982562714896171     
         216         205  0.984393216518010     
         217         200   1.27336070565574     
         218         217  0.985883208504193     
         219         218  0.932215448042313     
         220         219   1.61327127505950     
         221         218  0.968898327654825     
         222         221  0.907172889393211     
         223         222   1.50542989376581     
         224         222   1.50013201814916     
         225         217  0.913298114398871     
         226         218  0.953020697069777     
         227         221  0.969821254750511     
         228         221  0.973165735384027     
         229         219   1.28920589725121     
         230         229  0.970767509296042     
         231         230  0.953462372995867     
         232         231   1.89753630574910     
         233         230  0.972059774008852     
         234         233  0.998106499801137     
         235         229  0.973919993511368     
         235         234  0.999083392346809     
         236         230  0.953502639931991     
         237         233  0.969756986852439     
         238         233  0.969801962491445     
         239         234  0.981232878691730     
         240         234  0.975022130572952     
         241         235  0.960906684291076     
         242         235  0.963481814297866     
         244         243   1.00880151191461     
         245         244  0.938803979206210     
         246         245   1.58289679836963     
         247         244  0.980605556630128     
         248         247  0.989303402120956     
         249         248   1.00957260604469     
         250         248   1.01042952105350     
         251         243  0.953933667610721     
         252         244  0.953275745151198     
         253         247  0.964352744977721     
         254         247  0.976140685781136     
         255         248  0.965127734244229     
         256         249  0.982611058813730     
         257         249  0.982532037011534     
         258         249  0.959447804457923     
         259         250  0.984361004385973     
         260         250  0.980317098905133     
         261         250  0.986804737483997     
         262         245   1.34560377892065     
         263         262  0.973673275470851     
         264         263  0.961251433228182     
         265         264   1.88004231264267     
         266         263  0.968996689803841     
         267         266  0.987504877599375     
         268         267   1.00453869006916     
         269         267   1.00950677387959     
         270         262  0.876242785750130     
         271         263  0.953748238145504     
         272         266  0.976093253249507     
         273         266  0.974001501384801     
         274         267  0.949291981591748     
         275         268  0.984881752888713     
         276         268  0.986775710687051     
         277         268  0.985146609526016     
         278         269  0.977794306135279     
         279         269  0.984796355372432     
         280         269  0.978383993547897     
         282         281   1.01115143943187     
         283         282  0.959411171720736     
         284         283   1.90478763173825     
         285         282  0.977556775887736     
         286         285   1.00350265048357     
         287         286   1.00567496617228     
         288         287  0.973914846555330     
         289         288   1.32800882380379     
         290         289   1.31685458781129     
         291         289   1.29854492758564     
         292         281  0.950559248678327     
         293         282  0.963197034547667     
         294         285  0.965699489562853     
         295         285  0.971374502741172     
         296         286  0.970728477874488     
         297         286  0.970899226651834     
         298         287  0.958846840384778     
         299         287  0.963459039079435     
         300         288  0.909108714636576     
         301         290  0.914079878814192     
         302         290  0.924188332636691     
         303         291  0.920421488666694     
         304         291  0.927481915613964     
         306         305   1.00813185546194     
         307         306  0.969846016022448     
         308         307   1.87872287144388     
         309         306  0.970761934079053     
         310         309   1.00434684107892     
         311         310   1.01034659159718     
         312         311   1.00938692332703     
         313         312  0.951403329798022     
         314         305  0.940930119651258     
         315         306  0.958702526453861     
         316         309  0.962403711031330     
         317         309  0.973086217991155     
         318         310  0.974106390837953     
         319         310  0.972693748084131     
         320         311  0.961483877923209     
         321         311  0.968562595402246     
         322         312  0.966561507691474     
         323         312  0.969867158811417     
         324         313  0.911348402371240     
         325         313  0.909750790176678     
         326         313  0.764291871211482     
         328         327   1.01239799847101     
         329         328  0.971442904316595     
         330         329   1.89044450115300     
         331         328  0.967523757114058     
         332         331   1.00169516412893     
         333         332   1.39456223545167     
         334         332   1.41988322136198     
         335         333   1.46576876390691     
         336         334   1.43782516941635     
         337         335   1.36014102953924     
         337         336   1.37141638230451     
         338         337   1.06605227462058     
         339         327  0.930847095497731     
         340         328  0.961079464629223     
         341         331  0.955270512555327     
         342         331  0.969583507309243     
         343         333  0.968400059224047     
         344         334  0.963282514611556     
         345         335  0.960690073119266     
         346         336  0.966140487671227     
         347         338  0.873832265743795     
         349         348   1.02979273505738     
         350         349  0.979518605333873     
         351         350   1.89354924025021     
         352         349  0.963467619336605     
         353         352   1.01340559093256     
         354         353  0.987919014393197     
         355         354   1.01042082850467     
         356         348  0.955641601672834     
         357         349  0.917666138922331     
         358         352  0.973964617884604     
         359         352  0.960916185413785     
         360         353  0.971059530990249     
         361         353  0.966440040422671     
         362         355  0.967003942246713     
         363         355  0.973694606219865     
         364         355  0.977223636911759     
         365           1  0.952930361953834     
         366         231  0.955522179556478     
         367         243  0.958707546567299     
         368         264  0.955873806094804     
         369         281  0.952257142621636     
         370         283  0.954161046697385     
         371         305  0.955329840640524     
         372         307  0.954483926294723     
         373         327  0.947119822744150     
         374         329  0.953630048013889     
         375         348  0.952624828756234     
         376         350  0.952855897540313     
