   -0.13211062
   -0.03815671
    0.26265713
   -0.46632149
    0.03395147
   -0.49026910
    0.31756072
    0.29916311
    0.29686535
    0.14602655
    0.09783547
    0.12085634
    0.35433995
   -0.18767498
    0.01585866
    0.26822061
   -0.48872115
   -0.08291168
   -0.11985129
    0.35516696
   -0.63871181
   -0.64257923
    0.23385023
    0.08426420
    0.06698979
    0.07034961
    0.05177255
    0.03615425
   -0.18303932
    0.00794230
    0.19974810
   -0.35148316
   -0.10977087
   -0.00565918
   -0.05820435
   -0.06180463
   -0.05039004
   -0.05439371
   -0.05453057
    0.22791989
    0.09976128
    0.09307157
    0.09886627
    0.06507145
    0.06296983
    0.07128240
    0.06161438
    0.06671396
   -0.41708058
    0.02665835
    0.26694940
   -0.52447935
   -0.13604443
    0.18163615
    0.06313974
    0.03564809
    0.06324423
    0.05212939
   -0.18869321
    0.01062063
    0.27141572
   -0.48985586
   -0.02769870
   -0.15300673
   -0.14894612
    0.22349861
    0.08747897
    0.06572433
    0.06764216
    0.06878606
    0.06595533
    0.04615902
    0.05145381
    0.04911214
   -0.18570119
    0.01232714
    0.20580904
   -0.36742943
   -0.03761007
   -0.09692495
   -0.15435591
   -0.15402347
    0.22563374
    0.10741121
    0.06822995
    0.06246642
    0.06698485
    0.07972519
    0.04758715
    0.06809670
    0.06867119
    0.05548677
    0.06055152
   -0.41931044
    0.02235078
    0.26966334
   -0.53215290
   -0.02330671
   -0.14824307
   -0.14557425
    0.18357941
    0.05220329
    0.05346474
    0.05895199
    0.04649808
    0.05168284
    0.05335093
    0.04598367
    0.05792145
   -0.18150884
    0.01544798
    0.20949415
   -0.38178176
   -0.03690081
   -0.08671274
   -0.15536555
   -0.15144996
    0.23148490
    0.09337932
    0.07699517
    0.05535967
    0.05092187
    0.08383512
    0.05488232
    0.06008057
    0.05612661
    0.05648554
    0.06963183
   -0.41944654
    0.02671575
    0.18774688
   -0.38981758
   -0.09631630
   -0.03141136
   -0.15970892
   -0.15565940
    0.19410305
    0.06833131
    0.07711540
    0.06388426
    0.05783274
    0.05175871
    0.06379961
    0.05532931
    0.05235169
    0.04774806
    0.05474009
   -0.42055522
    0.02720312
    0.25801083
   -0.52124871
   -0.09440470
   -0.02695921
   -0.15410555
   -0.14649095
    0.18419197
    0.06098143
    0.06113650
    0.04435332
    0.05159650
    0.06434843
    0.05064637
    0.05229036
    0.05814490
    0.04796149
    0.04438148
   -0.18879174
    0.01604244
    0.19884239
   -0.37313772
   -0.10868759
   -0.13314934
    0.28151685
   -0.51786072
   -0.28912169
    0.24291106
    0.09510631
    0.10890429
    0.08144282
    0.10254356
    0.11364609
    0.23574890
    0.20756954
   -0.42853366
    0.02578923
    0.26803089
   -0.53269541
   -0.09642968
   -0.02285949
   -0.15077396
   -0.14642635
    0.19308135
    0.06202478
    0.06962671
    0.04301173
    0.03996562
    0.05690974
    0.04526860
    0.05542680
    0.05719598
    0.06057742
    0.04582287
   -0.18510760
    0.02614357
    0.26659380
   -0.47994580
   -0.08656928
   -0.02501641
   -0.15593107
   -0.14070093
    0.22271905
    0.05840693
    0.07316508
    0.05501976
    0.05739621
    0.07569208
    0.07056132
    0.04597222
    0.06233054
    0.03046628
    0.03930929
   -0.20201200
    0.02154303
    0.27088703
   -0.48875970
   -0.07523084
   -0.02121826
   -0.23078686
   -0.08372602
    0.20155272
    0.10569901
    0.06539703
    0.06171149
    0.06421290
    0.05680357
    0.08755255
    0.07658302
    0.06438458
   -0.16032726
    0.02283441
    0.25789066
   -0.53838980
    0.07087181
   -0.48216143
    0.21237658
    0.08862321
    0.04094269
    0.06244342
    0.31969866
   -0.08258565
    0.01586426
    0.26991585
   -0.46878161
   -0.09191330
   -0.09776056
   -0.03452308
    0.11009589
    0.07407084
    0.10710507
    0.08145325
    0.10688163
    0.07317449
    0.09528656
   -0.20138480
    0.01786517
    0.27469221
   -0.49613336
    0.06518727
   -0.50868370
    0.19480711
    0.10547754
    0.07649518
    0.07191746
    0.32942447
   -0.18388804
    0.04108037
    0.26266579
   -0.50628030
   -0.10473911
    0.36667797
   -0.63076749
   -0.65954899
    0.20825796
    0.08381183
    0.04793284
    0.05964130
   -0.19190180
    0.01407521
    0.27476641
   -0.48382027
   -0.10472174
   -0.01182160
   -0.16016012
   -0.14831801
    0.20803299
    0.09560443
    0.07782785
    0.06965459
    0.05322252
    0.07172535
    0.04688759
    0.06656153
    0.06823120
    0.05806440
    0.03823399
   -0.18846350
    0.02311875
    0.20409489
   -0.35512227
   -0.09782343
   -0.00518390
   -0.06112912
   -0.05575378
   -0.07856710
   -0.09727326
    0.13873311
   -0.42458059
    0.20602471
    0.11820730
    0.07276250
    0.09843168
    0.08015812
    0.05677643
    0.08591056
    0.05633522
    0.32252783
   -0.41518233
    0.01266473
    0.19840740
   -0.36491816
    0.07330072
   -0.48260437
    0.18246146
    0.09126705
    0.06811745
    0.04405545
    0.32499171
   -0.41659735
    0.02228141
    0.20229439
   -0.38871137
   -0.03459289
   -0.07905339
   -0.15042607
   -0.13868992
    0.19236429
    0.06753480
    0.06110361
    0.05421091
    0.04712855
    0.06867486
    0.04747174
    0.05940377
    0.03792728
    0.04589031
    0.05735742
   -0.62169527
    0.30230831
    0.32134417
   -0.42089925
    0.02729815
    0.19473396
   -0.39758570
   -0.09993412
   -0.02439472
   -0.15252888
   -0.14813819
    0.19650625
    0.06909100
    0.07889474
    0.05356825
    0.04154541
    0.05348592
    0.05115169
    0.05914212
    0.05426884
    0.06135108
    0.04816266
   -0.39472066
    0.02152849
    0.18527439
   -0.33381616
    0.07687306
   -0.47786175
    0.18758802
    0.07596474
    0.05267108
    0.03311363
    0.30512668
   -0.42019625
   -0.03235946
    0.26554985
   -0.49570922
    0.16417048
    0.08183751
    0.07034393
   -0.18638429
    0.00559921
    0.19873276
   -0.33489470
    0.06375000
   -0.46276843
    0.21278842
    0.11296663
    0.09945016
    0.05174901
    0.32460983
   -0.34852806
    0.01702906
    0.26747785
   -0.52321057
   -0.07951598
   -0.08015062
   -0.00236663
    0.05080719
    0.06123906
    0.05305218
    0.04728325
    0.05021075
    0.04682267
    0.04250762
   -0.17559331
    0.01105751
    0.21110267
   -0.37257769
   -0.03893873
   -0.08987423
   -0.15235317
   -0.14690419
    0.23306675
    0.09950094
    0.07482926
    0.06333278
    0.05696633
    0.07588039
    0.05351863
    0.06303443
    0.04938945
    0.05329829
    0.05877948
   -0.41576793
    0.03267761
    0.19302415
   -0.37331332
   -0.07711317
   -0.10538257
    0.35923878
   -0.65778350
   -0.66284486
    0.18890177
    0.05723914
    0.05764376
    0.06936005
    0.04362839
    0.04352408
   -0.41156107
    0.02705610
    0.19261823
   -0.38774907
   -0.09586868
   -0.09674745
   -0.10434071
   -0.04436597
   -0.12460197
    0.18108925
    0.07943106
    0.07210580
    0.06927705
    0.07349148
    0.07695597
    0.06805280
    0.07542825
    0.11535095
    0.10859461
    0.26028696
    0.27145070
    0.28058616
   -0.43252536
   -0.03156228
    0.34874249
   -0.65783008
   -0.65239197
    0.18609771
    0.02515039
    0.05248650
    0.09101828
    0.19265274
    0.06310004
    0.17384664
    0.06879002
    0.17596128
    0.08189135
    0.18257274
    0.09317880
    0.18168963
    0.06403144
    0.18821162
    0.08121500
    0.17443801
    0.06731655
    0.18418156
    0.07252527
    0.19211570
    0.07975846
    0.19556217
    0.08490412
    0.19788514
    0.06872086
    0.17648686
    0.08619870
    0.19220662
    0.08187046
    0.16771754
