   -0.38238619
    0.04120927
    0.27087969
   -0.47808071
   -0.05523302
    0.00282066
   -0.04043328
   -0.03603309
   -0.07485376
   -0.05870999
    0.14152976
   -0.42222062
    0.17121432
    0.03505552
    0.03680599
    0.01016065
    0.04666481
    0.01818942
    0.05510567
    0.03606430
    0.33505503
   -0.18832764
    0.02108901
    0.28355410
   -0.50151757
   -0.06750364
   -0.08965633
   -0.09257703
   -0.05506512
   -0.14725109
    0.20050169
    0.09616815
    0.04862553
    0.05013027
    0.07816723
    0.06352151
    0.07910870
    0.08369182
    0.13144300
    0.12416936
    0.30992161
    0.28930999
    0.29843640
   -0.20768979
    0.04850090
    0.27713811
   -0.47234417
   -0.02257612
   -0.18183185
    0.21669954
    0.02824335
    0.05604878
    0.08540342
   -0.18651176
   -0.02721895
    0.27358391
   -0.47225672
    0.21504331
    0.09305368
    0.09743903
   -0.16412188
    0.05011178
    0.27783126
   -0.49781306
   -0.08271584
    0.37454170
   -0.61502006
   -0.61842908
    0.19055612
    0.04109242
    0.03268806
    0.02257709
   -0.15673209
    0.01749604
    0.26688865
   -0.49990687
   -0.07604993
   -0.01293937
   -0.12354395
   -0.11904853
    0.20110253
    0.08390233
    0.04894034
    0.07029653
    0.03284650
    0.04951849
    0.04327279
    0.05728284
    0.04327018
    0.05108879
    0.03931617
   -0.16714691
    0.01940546
    0.18904610
   -0.34041731
   -0.01591835
   -0.10407073
   -0.11006063
    0.24663056
    0.08445481
    0.05933765
    0.05397991
    0.04248206
    0.03442239
    0.05654476
    0.03573430
    0.04398717
   -0.39501960
    0.03103299
    0.27092727
   -0.47105265
   -0.12496518
    0.18632353
    0.05616718
    0.03953670
    0.05918134
    0.03661846
   -0.17820950
    0.02099405
    0.27280049
   -0.50128681
   -0.07385842
   -0.06938810
   -0.02092837
   -0.14814126
    0.23106108
   -0.24212420
   -0.25871471
    0.21419942
    0.08383646
    0.05077964
    0.08841397
    0.06923654
    0.02553192
    0.07045584
    0.10666708
    0.20239522
    0.24994697
    0.26803622
    0.21764441
    0.26794320
   -0.17701437
    0.03382070
    0.27560248
   -0.49939412
   -0.00821656
   -0.05723901
   -0.08873046
   -0.10493739
    0.23127393
    0.06338325
    0.04038066
    0.04702344
    0.03742771
    0.04540735
   -0.00022973
    0.04043341
    0.05776231
    0.04476244
    0.02467510
   -0.17837146
    0.04884561
    0.28947223
   -0.49824404
   -0.09882406
    0.37094654
   -0.64729730
   -0.61938836
    0.20734707
    0.07197039
    0.04521199
    0.05125198
   -0.18797294
    0.04032512
    0.27312369
   -0.47794932
   -0.03160531
   -0.07125117
    0.37115248
   -0.65314638
   -0.64100775
    0.19741895
    0.05230940
    0.02232773
    0.03768505
    0.01773805
   -0.00318701
   -0.18660785
    0.02523826
    0.26253661
   -0.52416694
   -0.06355645
   -0.01607110
   -0.17286700
   -0.07831291
    0.20450864
    0.06789067
    0.05958952
    0.07557946
    0.05182565
    0.02688732
    0.10858240
    0.04083676
    0.06285694
   -0.07199169
    0.02321695
    0.20083951
   -0.34547976
   -0.07439790
   -0.07206986
   -0.00812313
    0.08108486
    0.09161421
    0.07199284
    0.07888592
    0.07691070
    0.07349004
    0.05104881
   -0.37719333
    0.03726281
    0.26926444
   -0.45503336
   -0.06541110
   -0.00126647
   -0.04359164
   -0.03982887
   -0.07511481
   -0.05897821
    0.14252475
   -0.43784794
    0.17314413
    0.03604935
    0.04823078
    0.01541947
    0.05772194
    0.00628986
    0.06177158
    0.05799421
    0.35672946
   -0.18465298
    0.02953824
    0.27916716
   -0.52308253
   -0.04466498
   -0.07760409
    0.29813240
   -0.51854887
   -0.28788037
    0.18330018
    0.08514155
    0.04939054
    0.02202018
    0.04694560
    0.06540448
    0.22238534
    0.20392841
   -0.17749078
    0.02669941
    0.27264128
   -0.50082980
   -0.01560712
   -0.12170326
   -0.11543375
    0.23493281
    0.06539712
    0.04891167
    0.07888245
    0.03053585
    0.04936493
    0.07130420
    0.03821967
    0.04252575
   -0.18594892
    0.04029188
    0.19529135
   -0.33717458
   -0.07043457
   -0.00467552
   -0.03396458
   -0.05716530
   -0.02988454
   -0.03753371
   -0.03692644
    0.23101826
    0.06372106
    0.06314155
    0.05014540
    0.02117451
    0.04562998
    0.04923454
    0.07040641
    0.06891306
   -0.37064755
    0.04468916
    0.19406397
   -0.37471678
   -0.07156056
    0.00991436
   -0.04587259
   -0.04362864
   -0.03712044
   -0.03334295
   -0.04118200
    0.15951372
    0.05977538
    0.05269077
    0.05545777
    0.03926723
    0.04584067
    0.04710910
    0.02921542
    0.04533310
   -0.38528801
    0.02562162
    0.28143987
   -0.48154638
    0.12399663
   -0.48640305
   -0.11338381
    0.17027512
    0.05295489
   -0.00646544
    0.31423914
    0.02739092
    0.04388812
    0.06173396
   -0.18271341
    0.02284017
    0.27004600
   -0.50139369
   -0.13177012
    0.20103800
    0.07645693
    0.07833363
    0.07573198
    0.06250641
   -0.15231698
    0.01976178
    0.20094220
   -0.33495130
   -0.09081808
    0.01035630
   -0.04242168
   -0.05090842
   -0.03320808
   -0.03056475
   -0.04506738
    0.22562078
    0.09330500
    0.09900256
    0.09576072
    0.05779916
    0.06918429
    0.01309621
    0.02679967
    0.03498956
   -0.38728125
    0.03824556
    0.20143511
   -0.36692540
   -0.06731379
   -0.01033989
   -0.11671334
   -0.10892545
    0.16236241
    0.05139349
    0.05352109
    0.03033510
    0.02849132
    0.04126181
    0.04422397
    0.04860552
    0.03211579
    0.04903705
    0.02449659
   -0.29398033
    0.03276753
    0.27125964
   -0.48862526
   -0.05623761
   -0.06173421
    0.01071304
    0.01351162
    0.04346836
    0.03337199
    0.04188528
    0.03941020
    0.03666775
    0.04687966
   -0.20499004
    0.03711019
    0.21773861
   -0.36600822
   -0.07309900
   -0.00525429
   -0.03739531
   -0.04409061
   -0.05712966
   -0.07536151
    0.14834630
   -0.42725454
    0.22250308
    0.06865600
    0.05770629
    0.06286657
    0.04445474
    0.04010639
    0.05420452
    0.04843083
    0.34935653
   -0.38182812
    0.03369978
    0.19887331
   -0.36791885
   -0.02859516
   -0.06440088
   -0.11737088
   -0.10879049
    0.15286936
    0.04969044
    0.04864796
    0.04396131
    0.04192283
    0.04682485
    0.03125789
    0.04388926
    0.04133192
    0.03308169
    0.03700535
   -0.39437599
    0.04631711
    0.18928088
   -0.36255193
   -0.09939189
    0.28825488
   -0.49593520
   -0.28543104
    0.17520768
    0.07630633
    0.06967182
    0.08095208
    0.22939792
    0.21268166
   -0.36368317
    0.02317426
    0.26881010
   -0.45838291
   -0.02867947
   -0.07513088
    0.16189476
    0.06128566
    0.07011346
    0.05961166
   -0.16783179
   -0.03650676
    0.20097596
   -0.35349204
    0.21449801
    0.10363721
    0.12715789
   -0.38006143
    0.03133648
    0.19751284
   -0.36120366
   -0.06645409
   -0.01993948
   -0.21287361
   -0.05797812
    0.15808726
    0.06892962
    0.05356394
    0.05770884
    0.07328136
    0.04947391
    0.05882736
    0.03926507
    0.05675094
   -0.27946804
    0.02518604
    0.19983200
   -0.39584928
   -0.05865542
   -0.06639909
    0.00830567
    0.06079227
    0.03385554
    0.03527298
    0.03703418
    0.05170450
    0.02939915
    0.05577653
   -0.43014841
    0.02540352
    0.36528241
   -0.65470560
   -0.06000904
   -0.06465063
   -0.09178090
   -0.04050521
   -0.14398499
   -0.63886161
    0.14965559
   -0.01199424
    0.03824273
    0.02047551
    0.03949127
    0.04653639
    0.08752045
    0.08713085
    0.09791883
    0.09270460
    0.28786228
    0.30915244
    0.31293059
    0.18767795
    0.07539372
    0.17956555
    0.18110893
    0.08739901
    0.17518496
    0.08561350
    0.19295011
    0.09676622
    0.16539396
    0.06859542
    0.18354277
    0.08613440
    0.19083089
    0.06166884
    0.16953993
    0.06771735
    0.19640137
    0.07066487
    0.18733510
    0.07734067
    0.19468209
    0.08868649
    0.17396879
    0.07846488
