   -0.39432500
    0.02649249
    0.27474070
   -0.50689463
   -0.07789425
   -0.07747534
   -0.08657995
   -0.04945059
   -0.14939949
    0.15568551
    0.04942733
    0.05210800
    0.05024493
    0.05012154
    0.05085534
    0.07314340
    0.07355839
    0.12267809
    0.11222949
    0.30440380
    0.29498048
    0.29846352
   -0.17217149
    0.01521015
    0.27272078
   -0.46591336
    0.07342878
   -0.48848387
    0.21832041
    0.06970238
    0.05064004
    0.05242117
    0.35317734
   -0.15690083
    0.03492125
    0.20658974
   -0.37797709
   -0.12749869
    0.21428398
    0.10495244
    0.07487028
    0.08652063
    0.06220126
   -0.61260505
    0.29866596
    0.31329537
   -0.61751911
    0.31593992
    0.32290158
   -0.61300881
    0.34278014
    0.31058142
   -0.65560059
    0.32904316
    0.32653226
   -0.69585380
    0.30731049
    0.31555474
   -0.64995788
    0.33869817
    0.31137560
   -0.39354044
    0.04568187
    0.19475005
   -0.39036397
   -0.11855076
    0.16953019
    0.05930942
    0.05905197
    0.06577035
    0.05431652
    0.18809836
    0.07566155
    0.18141355
    0.07260870
