   -0.14396055
   -0.04902719
    0.26705909
   -0.43965035
   -0.10484359
    0.01055678
   -0.03934474
   -0.04752815
   -0.03122953
   -0.02650246
   -0.03643450
    0.29417676
    0.31757196
    0.31005684
    0.13233502
    0.09002593
    0.11969426
    0.06347181
    0.05254587
    0.02192701
    0.00788184
    0.01130742
   -0.17260289
   -0.00867046
    0.27655214
   -0.49383189
   -0.02708023
   -0.14453756
   -0.15837025
    0.25477067
    0.08593367
    0.04616783
    0.05829801
    0.04173021
    0.07414784
    0.06327621
    0.08619625
    0.06771503
   -0.15766590
    0.01320921
    0.27305190
   -0.49037225
   -0.07474576
   -0.01579242
   -0.21491538
   -0.07526240
    0.21571728
    0.08113414
    0.06034275
    0.07543427
    0.06928185
    0.04096304
    0.05985991
    0.05367066
    0.08043427
   -0.15867770
    0.01003254
    0.28322218
   -0.46453375
   -0.05311370
   -0.07706663
   -0.16556744
   -0.11861161
    0.21876560
    0.08695291
    0.09407740
    0.04920542
    0.03576005
    0.06315663
    0.06521110
    0.08192261
    0.04335059
    0.04315125
    0.04887799
   -0.17107315
   -0.03901935
    0.26698766
   -0.43248348
    0.20150464
    0.10163864
    0.07204152
   -0.18581074
    0.01934234
    0.19624895
   -0.35919299
    0.07447602
   -0.47492991
    0.20881921
    0.10615274
    0.08906212
    0.03556342
    0.34554955
   -0.39782752
    0.00988897
    0.27121702
   -0.46682811
    0.08642772
   -0.47477742
   -0.12457204
    0.15119013
    0.06439654
    0.09923348
    0.31252886
    0.05884111
    0.04018647
    0.03552781
   -0.16571789
    0.01674755
    0.19789913
   -0.36086464
   -0.07724577
    0.01024801
   -0.03992085
   -0.04062650
   -0.03141188
   -0.03066934
   -0.03364713
    0.19973935
    0.11817685
    0.09097614
    0.05572149
    0.06636927
    0.02470515
    0.04576267
    0.01611837
    0.02257223
   -0.40088012
    0.04268711
    0.20065380
   -0.36576490
   -0.04241427
   -0.09552854
    0.36716005
   -0.61782098
   -0.63458231
    0.16081932
    0.03749444
    0.03623601
    0.03394732
    0.03213953
    0.02996909
   -0.40143509
    0.03688248
    0.20794216
   -0.37756973
   -0.02014378
   -0.06130448
   -0.10418828
   -0.11337022
    0.15956666
    0.06342750
    0.05011333
    0.05149828
    0.03450116
    0.04702482
    0.02875454
    0.02770472
    0.06364524
    0.02832008
    0.04994574
   -0.40110423
    0.04310266
    0.20511214
   -0.36587983
   -0.07181161
    0.00967051
   -0.04473797
   -0.03984939
   -0.03189706
   -0.03327905
   -0.03352477
    0.17247335
    0.05217861
    0.05640636
    0.04866895
    0.03434866
    0.03622669
    0.02944665
    0.04302927
    0.03577603
   -0.39109104
    0.03663401
    0.20192407
   -0.38424735
   -0.06886810
   -0.07007357
   -0.09499179
   -0.05091187
   -0.12807999
    0.15236073
    0.06832886
    0.04809056
    0.05187200
    0.04815497
    0.06409777
    0.07137745
    0.08110844
    0.11812719
    0.12435494
    0.29791504
    0.28210901
    0.27757479
   -0.26692391
    0.03180088
    0.19800303
   -0.38207510
   -0.05061294
   -0.05886217
    0.01764942
    0.05925557
    0.04252439
    0.05415315
    0.03656036
    0.03602718
    0.02430891
    0.02895278
   -0.39845274
    0.02910572
    0.19929948
   -0.39137597
   -0.09219081
   -0.10055089
   -0.10443426
   -0.06452328
   -0.14088004
    0.14997522
    0.07694085
    0.05874853
    0.07012889
    0.06106732
    0.09588598
    0.09996220
    0.06753371
    0.14022323
    0.12097548
    0.29633942
    0.28654474
    0.28629566
   -0.38356759
    0.02634767
    0.26296566
   -0.44441553
   -0.07357874
   -0.07402020
   -0.09016634
   -0.05549376
   -0.14619366
    0.18066139
    0.01135638
    0.04273104
    0.01693094
    0.04823262
    0.08527542
    0.07791823
    0.03785783
    0.11446379
    0.13618656
    0.30246297
    0.27970155
    0.27890281
   -0.15346234
    0.01404671
    0.26406580
   -0.52207168
   -0.06465046
    0.01368924
   -0.03521659
   -0.04092736
   -0.02836849
   -0.03589574
   -0.03559371
    0.17831799
    0.10428444
    0.04136606
    0.05388162
    0.01781978
    0.05450956
    0.02043816
    0.05727790
    0.03803762
   -0.17714467
    0.02456815
    0.25309842
   -0.44876607
   -0.08396242
   -0.01959441
   -0.12466229
   -0.10898898
    0.25171028
    0.04113595
    0.08827723
    0.06057911
    0.04320578
    0.04435066
    0.05881158
    0.05078384
    0.02762649
    0.03902537
    0.01568081
   -0.15148556
    0.00427912
    0.25927087
   -0.50010276
   -0.01301748
   -0.12331962
   -0.11176295
    0.18438624
    0.10199624
    0.03180374
    0.04692095
    0.05655131
    0.06032847
    0.04339169
    0.05496945
    0.02916993
   -0.08615668
    0.01968027
    0.21088871
   -0.38524303
   -0.06897379
   -0.07697037
   -0.03086716
    0.08208497
    0.05159447
    0.07579206
    0.08181907
    0.08819399
    0.05739453
    0.10622956
   -0.39625452
    0.04725183
    0.19493653
   -0.36576850
   -0.07070282
    0.00546977
   -0.04046442
   -0.04217659
   -0.03332548
   -0.03250554
   -0.03472464
    0.16603823
    0.05733138
    0.06776220
    0.04306258
    0.04907389
    0.01569258
    0.06103575
    0.02245154
    0.04403684
   -0.39135480
    0.03837139
    0.20298466
   -0.37038986
   -0.01876546
   -0.05187846
   -0.12693884
   -0.11296177
    0.14607213
    0.05150273
    0.04517825
    0.02993889
    0.01637616
    0.06365420
    0.05374428
    0.04687586
    0.03598501
    0.04712130
    0.05317921
   -0.39757616
    0.03844398
    0.19726856
   -0.38691009
   -0.07324662
   -0.08230897
   -0.02459649
   -0.13643839
    0.22388006
   -0.22657030
   -0.24235014
    0.16162974
    0.07744504
    0.04510373
    0.06315066
    0.06894325
    0.06338015
    0.08094142
    0.08490611
    0.23253411
    0.22790331
    0.25255075
    0.24112178
    0.26521817
   -0.38497479
    0.04390001
    0.20041325
   -0.37810118
   -0.06407854
    0.01378292
   -0.04247580
   -0.03815010
   -0.03399107
   -0.03028709
   -0.03182560
    0.15710624
    0.06753560
    0.04388212
    0.04988050
    0.04081108
    0.02414472
    0.05049212
    0.02575989
    0.03280378
    0.18211514
    0.06800130
    0.08552239
    0.18259483
    0.07110360
    0.18133241
    0.06591053
    0.18309406
    0.05516941
    0.18557782
    0.05834940
    0.18783767
    0.05676230
    0.15947941
    0.06913746
    0.19684312
    0.05611639
    0.16925889
    0.06086676
    0.18326915
    0.06087518
    0.17585304
    0.06448834
    0.18437656
    0.05898907
