$grad                                                                           
  cycle =      1    SCF energy =  -293.08193596682   |dE/dxyz| =  0.529594
   19.96321048300526     68.90099420182946     35.04635100514334      n 
   17.55614041011513     70.27227017389221     34.99392593230480      c 
   16.22653336369745     70.22917998951807     32.41270362411265      c 
   13.94197919880382     69.91206978054953     32.35878879999493      o 
   17.93146437509427     72.99592332482315     35.87817831514529      c 
   18.91410791896084     72.91688694370579     38.35929285831368      o 
   15.55125825002382     74.59584384427252     35.65668810825319      c 
   21.55534664320232     69.89708165747712     35.42472056433415      h 
   16.25845329162482     69.31492829567166     36.30671317735762      h 
   19.42289300243174     73.84061159714233     34.70819841767199      h 
   17.60474369287902     72.38809347930031     39.54965563637410      h 
   15.88464576104423     76.44821175384595     36.47302971295479      h 
   15.03305786439123     74.83072834176586     33.68904582313307      h 
   13.98789709217664     73.72084542691800     36.66025896275286      h 
   13.39801822587766     63.84691748054330     31.52555337695350      n 
   11.33716879652009     63.47314731645877     33.30345746565149      c 
   11.87357790166569     61.32447962843302     35.08799049377141      c 
   13.74991191533816     59.91550473673038     34.91022195643857      o 
   14.93418219898565     64.75076791527286     32.24009143495698      h 
   11.07437029455876     65.21980933742316     34.36199921818258      h 
    9.61357139155980     63.05947935952501     32.23880958320092      h 
   10.05464456522565     60.89121651145781     36.78096236996277      n 
   10.53544537684783     58.95711488490643     38.71941569257908      c 
   11.12367886896727     56.40974814639617     37.47231511176425      c 
   10.17856550714216     55.67060379295211     35.51769759664276      o 
    8.23122921325077     58.52218638079800     40.40833057244372      c 
    8.64667214271452     62.16306575853240     37.04357714048408      h 
   12.16377501614487     59.54957225316144     39.85116175041233      h 
    8.70430855588919     57.15891439099254     41.86819498063844      h 
    7.65130764216890     60.27692975941559     41.30322124915194      h 
    6.66451796964972     57.77577832993051     39.30675159775384      h 
   12.68647156096617     54.90812830865030     38.78262650515255      n 
   13.37824005967301     52.46890111774645     37.69564119516399      c 
   11.11280757037821     50.76652773042440     37.20696860197659      c 
   11.02161089499575     49.39960948510902     35.32681364501567      o 
   15.25282881505528     51.13621703623470     39.48087990099953      c 
   17.45246378141797     52.66385404864147     39.61013386780831      o 
   16.01449660270738     48.58094486694308     38.46009086048029      c 
   13.36742962329863     55.39713004787848     40.50878688116720      h 
   14.28510738518885     52.79095614142604     35.86021612455531      h 
   14.38708776526036     50.94626419718035     41.34961170893851      h 
   17.11811195061557     54.10570333899080     40.68070601427583      h 
   17.36572832116785     47.71830200488963     39.74296510643712      h 
   14.39472544681909     47.33786825609248     38.29161710161166      h 
   16.89932672749392     48.79563230570415     36.62300277869083      h 
    9.36032233414565     50.76768554453757     39.01254409155828      n 
    6.88380497415932     49.56425180855278     38.63027024252705      c 
    5.15381726399203     51.44684681518628     37.20662857413790      c 
    4.47327909649784     53.42785922528115     38.24022528575775      o 
    5.65917350832498     49.01867455585677     41.16538391521208      c 
    3.39800509738457     47.32615306825543     40.78527613752716      c 
    2.06559951158899     47.30925396869851     38.86639173837516      o 
    2.89946536194696     45.81766314750563     42.73808468810621      n 
    9.48562364282245     51.99344520832206     40.49244852811702      h 
    7.17069085357145     47.85253717894076     37.52855001195630      h 
    7.01346831778070     48.11876117522510     42.42521994690399      h 
    5.04336675483750     50.79950821979766     42.01243631973151      h 
    1.42857251500187     44.60351373318650     42.64448610320104      h 
    3.97910245311751     45.82016659672792     44.30448739709639      h 
    4.45807435584061     50.82746131286897     34.87020997255249      n 
    2.90244606202466     52.64886435293913     33.50809654500271      c 
    0.42392636259540     53.30515100157555     34.86484382832324      c 
   -0.65242298544726     55.34647518016931     34.42223994885948      o 
    2.31490231080602     51.38953214202742     30.95928241587706      c 
    4.60021302597168     49.70086065300690     30.55629404351200      c 
    5.11395848774757     48.70890824824937     33.26108401181109      c 
    3.96661467709327     54.40571652871101     33.23901074566205      h 
    0.61973731996723     50.23002812422439     31.13517168783859      h 
    2.00396453770519     52.77083007024905     29.46884698106642      h 
    4.22765402390874     48.15348531397589     29.25953419162419      h 
    6.20974887412963     50.79579068288007     29.89360006569444      h 
    3.89305970007101     47.09405103254059     33.67595422959029      h 
    7.10188835929949     48.21811731573651     33.50487283183711      h 
   -0.27029420935435     54.87681607236864     40.43599784011883      n 
    0.29730926948751     57.03184093039070     42.06547938926930      c 
    1.25155040146661     59.35048423811712     40.62641606198271      c 
    1.95696485616181     61.24610816307564     41.79017422177212      o 
    2.26578166775345     56.20053685848104     44.02830611844507      c 
    1.27688487445587     54.01637135881463     39.68482713788571      h 
   -1.47227926007251     57.57245520735339     42.99538919208282      h 
    2.77628535493003     57.80984180140318     45.19316685206768      h 
    1.45447168175745     54.71879643467673     45.18872208227542      h 
    3.93654684783696     55.51140449175764     43.05193520598372      h 
    1.43730197363356     59.14281577462342     38.12059155244124      n 
    2.49949544884072     61.16022292983642     36.58482617960568      c 
    0.47302092119378     63.08182846821498     35.79956319778368      c 
   -1.80544739242952     62.65986560835967     35.87512544567770      o 
    3.85253674260304     60.06429270467896     34.25379904419930      c 
    2.01951899407015     59.28051740790978     32.48998765479833      o 
    0.52165011115557     57.73914647163789     37.19363360833004      h 
    3.85668730152917     62.15742499233622     37.78765457249619      h 
    4.94636732349383     61.54484503963758     33.32743608181501      h 
    5.10005034418902     58.51381637733262     34.83050279276929      h 
    0.99357599417632     57.90109442609080     33.17492424069772      h 
    1.44052406843786     65.35128331232525     35.20514883594960      n 
   -0.15891971812999     67.44424567639206     34.48459377827385      c 
   -0.34424387283762     67.67755102685251     31.60627845743031      c 
    1.57336435507452     67.53997157965556     30.20699474539023      o 
    1.05432456697024     69.87092369842196     35.49469983555228      c 
    3.33348888725869     65.65216929956514     35.31281341246599      h 
   -2.01338039280070     67.13969471779646     35.32497532679314      h 
   -0.12367412518822     71.49470886012752     35.05940688437746      h 
    1.26832691223353     69.72545041863665     37.52803598212063      h 
    2.88951556988673     70.14190097775555     34.61550200040720      h 
    4.78772507458087     69.64814193584206     25.93535267917597      n 
    7.27872244075643     68.30426492457367     26.07785184798001      c 
    7.20269909254982     66.11515497491332     24.12801379938360      c 
    5.21591141860480     65.43614984872933     23.12431881351062      o 
    7.77431252695930     67.31144400592724     28.72518229959466      c 
    6.02240123904795     65.28580682491912     29.24640056037178      o 
    7.79638069141520     69.33927335199552     30.74282374681029      c 
    3.31260104241819     68.85340837435079     26.85294681426787      h 
    8.72053939808374     69.67051343362714     25.53217153246532      h 
    9.62768028694204     66.38507834369149     28.67552417104998      h 
    4.43299616162645     66.05821057673568     29.77168377889103      h 
    7.76159411574110     68.44315185047824     32.58826200638327      h 
    9.50782756632437     70.45435058396123     30.58497003745021      h 
    6.15750990169154     70.57121376058375     30.58290220653095      h 
    8.12828133279952     59.96481983428389     25.09194367101111      n 
    6.58534461155795     57.79937566667169     25.90050182031631      c 
    3.81602529878174     58.49257088031334     26.28988207807721      c 
    2.15766086962996     56.89521836747105     25.91070098873863      o 
    7.66620614838967     56.65724850383783     28.33342526585515      c 
   10.13472395110100     55.30424240886693     27.69964541238979      c 
   11.61418243312269     54.72012852725381     30.09574750226418      c 
   14.05800471792760     53.61774667358155     29.40989609644224      n 
   16.10777492422861     54.07694705116392     30.75471381876841      c 
   16.01755305263874     55.77983606759671     32.61221296338395      n 
   18.15974425299379     52.66356296073645     30.39942180792123      n 
    9.50598459484068     60.62468966863769     26.26982940914733      h 
    6.61251771438554     56.38994942280778     24.38112928378669      h 
    8.00258750479943     58.17687398868954     29.67960106751375      h 
    6.27851798488091     55.36545061989248     29.13033876852532      h 
    9.74822438307345     53.58576396480075     26.62964623876695      h 
   11.29087163307055     56.54066237105502     26.52596163145786      h 
   11.83858256343064     56.49802474675500     31.09374426973676      h 
   10.57631128933999     53.42538154001554     31.32739512143814      h 
   14.06094431778871     52.41794745488497     27.91785096491108      h 
   14.60631104896684     57.01171460183305     32.91403259750807      h 
   17.63427760803630     55.99295669186541     33.66717659315141      h 
   18.27021753863724     51.45028455625626     28.91908016342199      h 
   19.79558585189394     53.08027348888726     31.30480109424959      h 
   16.15707478775638     71.57298178950472     42.35010874371284      o 
   17.53978523699223     71.14863678666011     43.45886688025861      h 
   15.45867611469170     73.13677358547116     42.96587259513004      h 
   18.71170833399001     60.46508944091816     36.83731595987326      o 
   18.74973244693092     62.04234237446258     35.91050177364009      h 
   16.97758713781465     59.93039363161600     36.62095190617224      h 
    4.71163814654469     65.86693152366374     41.90633401575117      o 
    3.82884630416659     67.01873615128511     42.99472379538759      h 
    3.75931133699887     64.29938950664661     41.94847566919259      h 
   10.54721293088067     69.62606904990589     36.43971224594950      o 
   11.69923869026420     69.66049428862458     35.00405652427317      h 
    9.55563021699005     71.16797934514420     36.30855015368575      h 
   14.82605792943559     56.51424570265926     43.47614036079328      o 
   15.78326656478020     56.07283034667817     44.96262244602121      h 
   13.52305794470458     57.64701114613278     44.03410826383583      h 
    9.82029252636442     52.95978650669910     44.09393713082078      o 
   11.25256860565021     52.41414311850816     45.07063331935314      h 
    8.35343954972668     52.58780152306620     45.12705603014764      h 
    6.81310558431781     65.83466936088675     37.19587528817848      o 
    8.12560593249982     67.11113010090419     37.03487630231881      h 
    6.17969151981323     65.98879561264594     38.91063465652322      h 
   10.58033338734170     64.75439222123794     43.69594050375483      o 
   11.61632931222328     65.85664007860051     42.63532866000327      h 
    8.85906262109600     65.15458836137442     43.27212548173367      h 
   13.12841367937844     67.91534050556142     40.62730175385843      o 
   14.14836645248135     69.25918368884560     41.32918652721397      h 
   12.14537989652088     68.64265946631947     39.25652958915884      h 
   10.06363198297674     77.07064202191908     39.50400286588279      o 
    9.13729956612270     76.74734554712349     41.02874108554854      h 
    9.30971511493143     76.00301417430524     38.22490792159135      h 
    7.19239687869430     73.71614531697753     36.20863833718025      o 
    6.01533266754509     73.11611686923207     37.45589687999821      h 
    6.19969037180472     73.91247787159260     34.67950533739867      h 
   19.90252963288710     67.69306580917707     36.24208877097251      h 
   17.23104693765563     70.45782152751615     30.82848782768935      h 
   13.94142586569196     62.33749200693168     30.96083676762679      h 
   -0.32483294387971     52.09111273942497     36.10441422275024      h 
   -1.10839758609431     53.69587049243197     41.32791276877620      h 
   -2.02534655684184     67.94756986534153     30.78649326843712      h 
    4.94534383752620     71.20753438894937     26.59566584361543      h 
    8.79555157812337     65.21460277658190     23.65590061390771      h 
    8.94935889648773     59.57195220085610     23.65526394690505      h 
    3.34808892732843     60.23553735358924     26.85038862459812      h 
  -0.3630625464253D-02  -0.8443256018034D-01   0.9663590588077D-01
  -0.2898831761987D-02   0.1183661060492D-01   0.8630087304488D-02
   0.4775628549087D-01   0.1473808184095D-01  -0.7647052982371D-01
  -0.1141552191141D-01  -0.3922135573751D-02   0.4907678849686D-02
  -0.3146987458232D-02  -0.9269169168011D-02  -0.7608004517319D-02
  -0.4825248728388D-02  -0.7199068925536D-02   0.9826181236613D-02
   0.1734905307301D-02   0.2401779141491D-04  -0.3117524645899D-02
   0.7084275055785D-02  -0.1155454609087D-01   0.5222344369207D-02
   0.1036080904506D-02  -0.3287254441775D-02   0.1600846151315D-03
  -0.1021726303364D-02  -0.1177062616299D-03  -0.1436487193669D-02
   0.1347350675224D-02   0.9557850292073D-03   0.3690439622977D-03
  -0.1522557270923D-03  -0.7656805882345D-03  -0.3738130157814D-03
   0.4728723638962D-03  -0.3983576297958D-03   0.1224421272678D-02
   0.9758001247643D-04   0.2091189010296D-03  -0.4676068291926D-03
   0.3878315976851D-01  -0.1187539842798D+00  -0.3650484784743D-01
  -0.1355970752798D-01  -0.8293646781924D-02   0.3679961353417D-02
   0.1800224296841D-02   0.1671010367497D-01  -0.3820652129107D-02
   0.1122846879673D-01  -0.1416214504181D-01   0.2822426320633D-03
   0.7040567933304D-02  -0.2506623926230D-02  -0.5559104207311D-02
   0.2632909022169D-02   0.1460756660131D-02  -0.5389185513127D-03
   0.1399763145637D-03  -0.8320762989771D-03  -0.3370630794786D-03
  -0.9068158685581D-02   0.9689092320313D-02  -0.1323627446925D-01
   0.8731224814417D-02  -0.1649226296654D-02   0.3281742415406D-02
  -0.3525574051799D-02  -0.7969162822298D-04  -0.7159168479408D-02
   0.9467484943730D-02  -0.3906286494798D-02   0.1331203941708D-01
  -0.1893934114411D-02  -0.3230579945242D-02   0.1387270489987D-02
  -0.1160090231453D-03   0.4122266697593D-04   0.6362914777182D-04
  -0.6948495749531D-04  -0.1524896377157D-03  -0.1194294439102D-03
   0.5641101976713D-04  -0.5722496614863D-04   0.5868232557083D-04
   0.4973290294393D-04   0.5227519051612D-04  -0.8557735825373D-04
   0.9365012944632D-05   0.1564999603442D-05  -0.4302856249125D-04
  -0.4669057508428D-04   0.5208556542308D-02   0.1220896086875D-02
   0.2113057340295D-02  -0.2777309057029D-02  -0.6924455416046D-02
  -0.1630273714836D-02   0.4613924278078D-02   0.1606717809471D-01
   0.2449677071390D-02  -0.7704210660095D-02  -0.7769275244694D-02
  -0.7140301424838D-02  -0.1162303021156D-01   0.5209394666508D-02
   0.3599680711173D-03   0.4044453265630D-02  -0.6215783846508D-02
  -0.3326521483315D-02   0.6762740634038D-02  -0.1325032375879D-02
  -0.6165052213119D-03  -0.8944160800341D-04   0.2196661603013D-02
  -0.4459724978840D-03   0.6480260288117D-03  -0.1414027556026D-02
   0.7856988008667D-03   0.5066571761781D-03  -0.9683334411301D-03
  -0.1223952090224D-02  -0.2697108130773D-03   0.1818768052811D-02
  -0.1212238435109D-02  -0.1301540356746D-04   0.2498883520343D-03
   0.9501020223799D-03  -0.1815765807158D-03   0.9729892288487D-03
   0.3706918322154D-03   0.9409121101771D-04  -0.8878329018559D-04
   0.1612603437520D-01   0.3197057676366D-02  -0.4668763541088D-02
  -0.8469049394384D-02  -0.1609452917670D-01   0.1468523596453D-02
  -0.4666775743603D-02   0.7349547082354D-02  -0.1052706304915D-02
  -0.2973471468643D-02   0.7837105042904D-02   0.5950013029781D-02
  -0.3683850018262D-02   0.1855676697640D-02  -0.1498087296524D-02
   0.1750111301770D-01   0.2640416469229D-02   0.1488723073421D-01
  -0.1355594166544D-01  -0.4553109930883D-02  -0.1224856542864D-01
   0.1981776188078D-02   0.6293253353057D-02  -0.7705364056071D-02
  -0.2507980402037D-03   0.6585700806283D-03   0.1529531395666D-02
   0.2747807315123D-03   0.7907798480323D-03  -0.1130528056231D-03
  -0.7816612714227D-03   0.1013565367366D-02   0.8204724716138D-04
   0.9597802223028D-03  -0.4443550148805D-03   0.1240224693915D-02
  -0.1101771842434D-02  -0.1794681874090D-02   0.2332491447439D-03
   0.8446097331853D-03   0.7498973680241D-03  -0.3099177626892D-04
   0.7301555675572D-02  -0.1180829931349D-01   0.1645462238878D-02
   0.1432842024804D-01  -0.2576217060994D-02  -0.6255503790184D-02
  -0.2743844427213D-01  -0.8077961778673D-01   0.6178057620980D-01
  -0.1654204641590D-01   0.3705061996684D-01  -0.1083675071525D-01
   0.3522033057910D-02   0.4224527576154D-03   0.4542602922813D-03
  -0.3197595816638D-02   0.5660146717406D-02  -0.1069858502564D-01
  -0.4591817853826D-02  -0.2033319728124D-02   0.7559228903318D-02
   0.7603886602647D-04  -0.3876425809398D-03   0.4711955260946D-03
   0.7416593594704D-03  -0.4308680073227D-03  -0.2486584948128D-03
  -0.6894440009417D-03  -0.7115169008297D-03  -0.2079618080369D-03
  -0.2184274257914D-03  -0.1041460843713D-02   0.4189460877945D-03
   0.9132254504714D-04   0.1584842990463D-03  -0.1814936389359D-03
  -0.7323236905170D-03  -0.4727975238590D-03  -0.1909582358692D-02
   0.4230132077564D-03   0.1551599674986D-02  -0.3069519487966D-03
  -0.5508868120224D-01  -0.9339259022336D-01   0.7589013629479D-01
  -0.5922889803874D-02   0.1129873409263D-01   0.7806220929822D-02
  -0.2649316182235D-02   0.1257269056697D-02  -0.3435224371318D-02
   0.9923098695702D-03   0.3602759197219D-02   0.2477117327456D-02
   0.3113481522285D-03  -0.1031648609508D-01  -0.2928168822909D-02
  -0.4989744936170D-02  -0.1084133022133D-01  -0.2027666654248D-02
  -0.9130404661559D-03  -0.1303575120840D-02  -0.5722388744451D-03
  -0.1824805372790D-02   0.7420044174178D-03  -0.2517127959786D-02
  -0.8886908051170D-03   0.7700186625895D-03  -0.1953726109415D-02
   0.4740979071387D-03  -0.2513215571215D-03   0.5764533331024D-03
  -0.1761819159220D-02  -0.3926651747756D-02   0.5007452106572D-02
  -0.2605309419377D-02   0.1280180778821D-02  -0.9477876427190D-02
   0.6586552575630D-02  -0.1633991682073D-02  -0.3670190991469D-02
  -0.8986966451003D-02   0.1251009580082D-02   0.1553880644777D-02
   0.1475840515769D-01  -0.1167844582345D-02  -0.3556657382600D-03
  -0.7882637674032D-02   0.1834827708616D-02   0.7776379189711D-02
   0.1021313034174D-03  -0.3881202894292D-03  -0.5856223701268D-02
  -0.5935197791426D-03   0.3940859011362D-03  -0.1840153123194D-03
  -0.5336979925041D-03  -0.1408259527540D-03   0.9343413767977D-03
  -0.2782695307676D-03   0.3588525900840D-03  -0.2436001380064D-03
  -0.1189653875351D-02  -0.3859003343654D-02   0.1658191791082D-02
   0.5722806644430D-03   0.5276761789884D-02   0.7094094892042D-03
  -0.7683236047449D-02  -0.5652565995721D-02   0.7407444740752D-02
  -0.1121215008441D+00   0.1833613132121D-01  -0.7216984768761D-03
   0.5232487462359D-01  -0.6225573831880D-02  -0.4022610376020D-01
   0.1919012259035D-02  -0.5121952762058D-02   0.1075654022924D-02
  -0.1251611118538D-02   0.7547207441205D-03   0.5242211414323D-03
   0.2966619469061D-02   0.9208020587921D-03   0.2491820539121D-02
   0.1188737656002D-02  -0.2410426963670D-03  -0.2089202460991D-03
   0.2683950228141D-03   0.7831999623079D-03  -0.3201466397253D-03
  -0.8779381170930D-03   0.2122038906770D-02   0.2954743976074D-03
  -0.4281632661587D-02   0.1149237018970D+00   0.5352276546744D-01
   0.3771041913271D-01  -0.3834214572394D-02   0.1939004495624D-01
   0.9628567253785D-01  -0.3456159570376D-01  -0.1215045595556D-01
  -0.2804012209080D-01  -0.1147901527622D-01  -0.1497038486387D-01
  -0.2554170978985D-02   0.2951737195483D-01  -0.3731733419600D-02
  -0.1080116311986D-01  -0.1118801839748D-01  -0.7598391534037D-02
   0.3075779921697D-02  -0.3259703774767D-02  -0.3723094584531D-02
  -0.4953352495455D-02   0.1514385337187D-01   0.2733045489281D-02
  -0.1614317731138D-02   0.1221609106828D-02   0.1949481097403D-02
  -0.1037463606368D-02   0.1476731448973D-02  -0.3103939444559D-02
  -0.4572680907271D-02   0.3362557927865D-02   0.4363369088261D-02
  -0.1712526046658D-03   0.1416084040433D-02   0.3173192635286D-03
  -0.5560500763209D-03  -0.5987601792904D-03   0.8811225368698D-03
   0.7459983176505D-03   0.5314085537520D-03   0.7008848093590D-03
   0.5848600497319D-01  -0.2882376469017D-01  -0.1033967016888D+00
  -0.5906985995538D-02  -0.1728642561385D-01  -0.9316640759607D-03
  -0.4938976916920D-03   0.9133013635453D-01   0.2909713721706D-01
  -0.2091220903185D-01  -0.2013430140631D-01  -0.6467971880646D-02
   0.2646755408543D-02   0.5565228377892D-02   0.3082838309178D-02
   0.5393942263908D-03   0.1722056652854D-02  -0.1593807351211D-02
  -0.5220302277325D-03   0.6465556797063D-02   0.1167873129167D-01
   0.1513300886255D-01  -0.8551027559467D-02   0.1340941263447D-02
   0.3418930127369D-02   0.9316441238233D-03  -0.1144208292762D-01
  -0.3330189061338D-01   0.1106449311465D-01  -0.2008444238279D-02
  -0.1005279207388D-01  -0.1596435565353D-02   0.3801184523394D-02
   0.1468858000855D-01   0.5388278370211D-02  -0.9950042980980D-02
   0.1538817698196D-02   0.1650268792730D-02  -0.2483776926295D-02
   0.1598301427303D-02  -0.5961425368859D-03  -0.7210499547001D-03
  -0.1380710752482D-02   0.1139318812751D-02  -0.2080305490604D-02
   0.1261347549691D-02   0.1769767111806D-03  -0.6768831339013D-03
  -0.5866834205522D-03  -0.5861440405953D-03   0.1080534659110D-02
  -0.5169646331530D-03   0.1145820246334D-02  -0.2038336005298D-02
  -0.9765474109829D-03  -0.2208844774942D-03  -0.2470726510133D-03
  -0.6677234934582D-03  -0.2185882207053D-03  -0.4946769084622D-02
   0.8857870494759D-03  -0.1618766152236D-02  -0.3874133387792D-02
   0.1314077714160D-01  -0.2267805423945D-02   0.5423572319965D-02
   0.1307357369342D-02  -0.3313250634895D-02  -0.5198870547045D-02
   0.4141657336340D-02   0.8848704548661D-03   0.1829755701017D-02
  -0.2213862892005D-02  -0.5005297681938D-02  -0.7089704758054D-02
   0.1508422211940D-02   0.1169419951649D-02   0.1246707187395D-02
   0.7898200789170D-03   0.8848724669913D-04  -0.4421228591667D-03
   0.3642924758496D-02  -0.7531883943688D-02   0.5943622603889D-02
  -0.4800266296746D-02   0.5354448897396D-02  -0.4138774802940D-02
   0.1228747405766D-02   0.2642063078815D-02  -0.2753765402402D-03
  -0.3478052452501D-03   0.2110092588443D-02  -0.2071722063381D-02
   0.3140589136034D-04  -0.1889582054686D-03  -0.1289854729795D-03
   0.1035477452581D-03   0.2263981424766D-03  -0.1124470076890D-04
  -0.1152328416858D-03  -0.9409617318068D-04   0.1088723165356D-02
   0.1286023894551D-02   0.4950715679653D-03  -0.9259889604156D-03
   0.3189940526747D-03  -0.4049128632631D-03  -0.1512792726228D-03
  -0.5536958855788D-03   0.3045610029242D-02  -0.3579129178887D-02
  -0.2190936139013D-03  -0.1310855429010D-02   0.2409692949615D-02
  -0.9222333356652D-04  -0.2100982874968D-02  -0.6665842478874D-03
   0.6342028036134D-02   0.1931782929190D-02  -0.4498971533619D-02
  -0.5267112600803D-03  -0.2834715037309D-03   0.7397451155516D-03
  -0.5638588131872D-02  -0.2728913377548D-02   0.4127814105974D-02
  -0.5082644843188D-04   0.1723042646092D-02   0.3290846076053D-02
   0.6258806988660D-04   0.1245280918611D-03   0.4606985972546D-04
  -0.1191979817981D-03  -0.1365968066604D-03   0.4083910543807D-04
   0.1616705042859D-02   0.1748091048886D-02  -0.7300467761457D-03
   0.4729948764094D-03   0.3720499218785D-03  -0.3065696975546D-03
   0.8968598677260D-03  -0.2724974045380D-03   0.3375315866977D-03
   0.1541752369109D-02   0.4288128481824D-02   0.3604275079178D-02
  -0.1283472299023D-03  -0.3357883628682D-03  -0.1649998559614D-03
   0.2877277664908D-03  -0.1857410862801D-03   0.3905224367262D-03
  -0.4289943250104D-03   0.1652075143959D-02   0.4547725336339D-03
   0.4046401822818D-03  -0.9060212671366D-03  -0.7614807455661D-03
   0.6154185661879D-03  -0.1123949862727D-02   0.1146259235184D-02
   0.5678772481558D-02   0.1875976125796D-02   0.5833877653739D-02
   0.7478750556465D-03   0.3401720081270D-04  -0.2383792626505D-02
  -0.7121347333606D-02  -0.1673272966817D-02  -0.5075186272224D-02
   0.6751873092005D-02   0.1006090901466D+00  -0.9395208826412D-01
  -0.4248099506662D-01  -0.9291438196627D-02   0.5954667836946D-01
  -0.4227249203920D-01   0.1237770375719D+00   0.4979066741846D-01
   0.2697121028090D-01   0.5157985893698D-01  -0.4416657774460D-01
   0.7167362719224D-01   0.9380146474174D-01  -0.7176842523100D-01
   0.6733194983685D-01  -0.1207633597977D-01   0.2686992386411D-01
  -0.1661777769316D-01  -0.1289582911420D+00  -0.4877472100125D-01
  -0.6747238067883D-01   0.3114268865829D-01   0.1189043309937D-01
  -0.5970149920464D-01   0.2884362343214D-01   0.1213932763133D+00
   0.1262685680173D-01  -0.6992725174925D-01  -0.2241386781614D-01
$end                                                                            
