           2           1   1.01264963778984     
           3           2  0.982568044394295     
           4           3   1.87536294282394     
           5           2  0.932541218782776     
           6           5   1.00088911941196     
           7           5   1.00076931827280     
           8           1  0.954316056340617     
           9           2  0.952531995416361     
          10           5  0.960584094956326     
          11           6  0.811467040970465     
          12           7  0.982969502375695     
          13           7  0.982052508221184     
          14           7  0.978888023229616     
          16          15   1.03251385746093     
          17          16  0.972496070351110     
          18          17   1.55593824381509     
          19          15  0.963991116250952     
          20          16  0.948179218627344     
          21          16  0.942863065396578     
          22          17   1.32783668058023     
          23          22  0.974552361436194     
          24          23  0.937292616445264     
          25          24   1.64293464366387     
          26          23  0.993585573677377     
          27          22  0.906837401476276     
          28          23  0.951105599023704     
          29          26  0.976985569205085     
          30          26  0.977603626022461     
          31          26  0.981513329743547     
          32          24   1.28852006960149     
          33          32  0.979978842359744     
          34          33  0.943088129049263     
          35          34   1.62527862430261     
          36          33  0.950808440572605     
          37          36  0.993276559610891     
          38          36   1.00964130711529     
          39          32  0.878923995308526     
          40          33  0.943324879413520     
          41          36  0.959975649969533     
          42          37  0.868389159636062     
          43          38  0.981578827762341     
          44          38  0.981952986617766     
          45          38  0.981462821273245     
          46          34   1.29881603075610     
          47          46  0.972381889225263     
          48          47  0.924710701774132     
          49          48   1.57454859235386     
          50          47  0.988852990616907     
          51          50  0.973953015832578     
          52          51   1.62307092738786     
          53          51   1.32386209331391     
          54          46  0.890931102389230     
          55          47  0.956655602073035     
          56          50  0.960761740078318     
          57          50  0.942667524268117     
          58          53  0.923218592082425     
          59          53  0.923483532191493     
          60          48   1.33084189797124     
          61          60  0.970653737362256     
          62          61  0.992532120041041     
          63          62   1.82811021843950     
          64          61  0.950796298653968     
          65          64   1.00274663266532     
          66          60  0.971077306009061     
          66          65  0.998070117835533     
          67          61  0.939005208767176     
          68          64  0.974094494960751     
          69          64  0.971667639923512     
          70          65  0.971586881302325     
          71          65  0.973372005464385     
          72          66  0.963050449999602     
          73          66  0.958265081387015     
          75          74   1.01675395727835     
          76          75  0.953068811385934     
          77          76   1.58810760538753     
          78          75  0.983984795567801     
          79          74  0.923677918501004     
          80          75  0.951445903916978     
          81          78  0.983729305873559     
          82          78  0.985272501823424     
          83          78  0.982212999594652     
          84          76   1.32259057658945     
          85          84  0.986888470653729     
          86          85  0.931959176868099     
          87          86   1.64529858603674     
          88          85  0.964465551923744     
          89          88   1.01060692733959     
          90          84  0.901731675671126     
          91          85  0.939704930186101     
          92          88  0.966085810274863     
          93          88  0.961830837998430     
          94          89  0.825074711947755     
          95          86   1.29617768939737     
          96          95  0.982303537888453     
          97          96  0.980802999331142     
          98          97   1.85710040951523     
          99          96  0.966613011270148     
         100          95  0.893157983315701     
         101          96  0.953716139857023     
         102          99  0.980551817105227     
         103          99  0.974899347107227     
         104          99  0.977399677434907     
         106         105   1.01073413521255     
         107         106  0.976020708931242     
         108         107   1.90729387823030     
         109         106  0.949628580437558     
         110         109  0.979423502581446     
         111         109   1.00354031745672     
         112         105  0.945197640305969     
         113         106  0.947239285230066     
         114         109  0.958956065586850     
         115         110  0.836494666630307     
         116         111  0.972657734483001     
         117         111  0.979518454209078     
         118         111  0.979919268431716     
         120         119   1.01330097618794     
         121         120  0.984092333452662     
         122         121   1.87892222215085     
         123         120  0.957652273304930     
         124         123   1.00276037422096     
         125         124   1.00497716753508     
         126         125  0.979632776229207     
         127         126   1.31976953026509     
         128         127   1.32141380574955     
         129         127   1.30433762286227     
         130         119  0.953935750963302     
         131         120  0.952264425218338     
         132         123  0.971098983893763     
         133         123  0.970904256600846     
         134         124  0.972995828960423     
         135         124  0.968930680057097     
         136         125  0.951413655219549     
         137         125  0.958289327229356     
         138         126  0.911990566670954     
         139         128  0.882073226805788     
         140         128  0.921312786253612     
         141         129  0.916183412177581     
         142         129  0.916685493400602     
         144         143  0.872229526116730     
         145         143  0.874461528216743     
         147         146  0.904111565490902     
         148         146  0.875776536094311     
         150         149  0.882244091189794     
         151         149  0.867936939992904     
         153         152  0.849678476987077     
         154         152  0.848979813599794     
         156         155  0.877793603303328     
         157         155  0.892063024393470     
         159         158  0.888732941441932     
         160         158  0.895413251730430     
         162         161  0.856949061223215     
         163         161  0.855793619597618     
         165         164  0.836233350705720     
         166         164  0.903741959991087     
         168         167  0.841063327309578     
         169         167  0.848329015777481     
         171         170  0.893625019697021     
         172         170  0.873584776338341     
         174         173  0.886258815818284     
         175         173  0.883707191630498     
         176           1  0.954766340669508     
         177           3  0.953051863331309     
         178          15  0.953925546601346     
         179          62  0.951972297966660     
         180          74  0.956681390532418     
         181          97  0.956320616083803     
         182         105  0.956858606876765     
         183         107  0.953783569787814     
         184         119  0.957127344250450     
         185         121  0.955542883480223     
