           2           1   1.00971009291686     
           3           2  0.937808616025716     
           4           3   1.59664257392525     
           5           2  0.982598416595695     
           6           5   1.00841328512547     
           7           6  0.910707887668680     
           8           7   1.50363579378438     
           9           7   1.49827431287527     
          10           1  0.953713303339907     
          11           2  0.963031096356022     
          12           5  0.972015613063263     
          13           5  0.972152428608416     
          14           6  0.977785250317660     
          15           6  0.966475007427819     
          16           3   1.31898758115535     
          17          16  0.966281890125251     
          18          17  0.938482414819635     
          19          18   1.62579074932627     
          20          17  0.975620528782471     
          21          20   1.01084177631770     
          22          21  0.904861671113011     
          23          22   1.48887746980223     
          24          22   1.51936182680281     
          25          16  0.918581184763633     
          26          17  0.951310355576864     
          27          20  0.966551496471287     
          28          20  0.975728499634161     
          29          21  0.969874080131448     
          30          21  0.970675373923441     
          31          18   1.30799053210620     
          32          31  0.968215385346524     
          33          32  0.933766589425079     
          34          33   1.63122864697880     
          35          32  0.968625752437541     
          36          35   1.00564413514420     
          37          35   1.00832863617365     
          38          31  0.919517457295573     
          39          32  0.948599038080906     
          40          35  0.962623294299270     
          41          36  0.984291974613025     
          42          36  0.980623425279026     
          43          36  0.982569638161977     
          44          37  0.982019959678070     
          45          37  0.983212717785970     
          46          37  0.980439386513397     
          47          33   1.29529490009383     
          48          47  0.977324682056795     
          49          48  0.931829112296295     
          50          49   1.61833734808661     
          51          48  0.999600203077824     
          52          47  0.922038903772635     
          53          48  0.951561667953881     
          54          51  0.981486488703707     
          55          51  0.979304513832004     
          56          51  0.980208847568803     
          57          49   1.31572487743180     
          58          57  0.989305489954878     
          59          58  0.949669568666747     
          60          59   1.60744276688809     
          61          57  0.892858280369489     
          62          58  0.961048411730648     
          63          58  0.958957483576485     
          64          59   1.32890054771714     
          65          64  0.966150874757504     
          66          65  0.937561301725829     
          67          66   1.61895004301539     
          68          65  0.960928638158581     
          69          68  0.990836987025052     
          70          68   1.00955918929074     
          71          69   1.01997276888162     
          72          64  0.906507939948434     
          73          65  0.940902071581499     
          74          68  0.961480118834549     
          75          69  0.968946272029865     
          76          69  0.970447852891488     
          77          70  0.978987448534063     
          78          70  0.980753505260550     
          79          70  0.983236905049181     
          80          71  0.978883352958224     
          81          71  0.981604697359441     
          82          71  0.986589748363250     
          83          66   1.30524948172854     
          84          83  0.986944295165319     
          85          84  0.936624060348673     
          86          85   1.61898544164523     
          87          84  0.977064263409442     
          88          87   1.00641005132306     
          89          88   1.00713454984416     
          90          89  0.984466090980181     
          91          90   1.31937093010232     
          92          91   1.33964571056847     
          93          91   1.28721866241722     
          94          83  0.904743851993554     
          95          84  0.939012628343454     
          96          87  0.964871791159686     
          97          87  0.971722601322409     
          98          88  0.973327555022801     
          99          88  0.967634480704855     
         100          89  0.961442356993333     
         101          89  0.959061195766994     
         102          90  0.915453201583382     
         103          92  0.882540335102046     
         104          92  0.923233167211884     
         105          93  0.914389467055444     
         106          93  0.921471519944358     
         107          85   1.29916462762704     
         108         107  0.979235054253153     
         109         108  0.927487279819887     
         110         109   1.64124010110516     
         111         108   1.00065030819504     
         112         107  0.893510154674440     
         113         108  0.956822019147069     
         114         111  0.983093898292058     
         115         111  0.981396066262425     
         116         111  0.974788493833561     
         117         109   1.30578113358482     
         118         117  0.968787888933329     
         119         118  0.929578188348180     
         120         119   1.63000224043956     
         121         118  0.979695344316274     
         122         121   1.00223369496956     
         123         122   1.00512496018605     
         124         123   1.01043850647430     
         125         124  0.959783979368231     
         126         117  0.909473502507413     
         127         118  0.955475570557260     
         128         121  0.970471744477498     
         129         121  0.969444086595080     
         130         122  0.973222473407238     
         131         122  0.977048213148316     
         132         123  0.964313475870489     
         133         123  0.969852682226091     
         134         124  0.965196538862182     
         135         124  0.963651573523752     
         136         125  0.894624298006267     
         137         125  0.891437267120441     
         138         125  0.895710759957117     
         139         119   1.30851558424115     
         140         139  0.966265050675075     
         141         140  0.925922436707788     
         142         141   1.63024496777934     
         143         140  0.970147759435814     
         144         143   1.00813887012469     
         145         144   1.41251202643361     
         146         144   1.41379155332149     
         147         145   1.44746030874137     
         148         146   1.43988397067528     
         149         147   1.43568846645463     
         149         148   1.43782089955911     
         150         139  0.896260868098166     
         151         140  0.956204505694280     
         152         143  0.965660064667907     
         153         143  0.956706605697069     
         154         145  0.963790386032600     
         155         146  0.963362390586151     
         156         147  0.971259606780381     
         157         148  0.961641098524959     
         158         149  0.970069521920466     
         159         141   1.28522672859620     
         160         159  0.966440055784526     
         161         160  0.952136227585921     
         162         161   1.59646390561690     
         163         160  0.970945243245127     
         164         163   1.00565703006793     
         165         159  0.975025661506303     
         165         164   1.00522737855416     
         166         160  0.924594244148999     
         167         163  0.975681666781724     
         168         163  0.974495994360663     
         169         164  0.977575184463806     
         170         164  0.976800732822340     
         171         165  0.966774010481746     
         172         165  0.962289758353916     
         173         161   1.31003595925370     
         174         173  0.989851000619825     
         175         174  0.924092647587039     
         176         175   1.64352270589510     
         177         174  0.982512359120167     
         178         177  0.971388273145515     
         179         178   1.61586390756088     
         180         178   1.33293751590300     
         181         173  0.876360204474098     
         182         174  0.938006841967266     
         183         177  0.961123700954754     
         184         177  0.949853233538582     
         185         180  0.919566260685694     
         186         180  0.929787604517185     
         187         175   1.30916409220841     
         188         187  0.983611040639963     
         189         188  0.930571825372155     
         190         189   1.65933811129913     
         191         188  0.965577794283283     
         192         191   1.00490043904371     
         193         192   1.00326585975324     
         194         193   1.00786971153924     
         195         194  0.950958172674928     
         196         187  0.921858076325492     
         197         188  0.950764294267982     
         198         191  0.970774795125059     
         199         191  0.968389453869436     
         200         192  0.973369497613523     
         201         192  0.963208564275460     
         202         193  0.972214302996693     
         203         193  0.968065289693614     
         204         194  0.960722601959453     
         205         194  0.964299116542567     
         206         195  0.898213896954089     
         207         195  0.895475423581744     
         208         195  0.901062333305573     
         209         189   1.28268314379005     
         210         209  0.981777333312775     
         211         210  0.935264626224931     
         212         211   1.61081943409520     
         213         210  0.959817372384617     
         214         213  0.994758545464086     
         215         213   1.00882435293880     
         216         214   1.01948279018594     
         217         209  0.923968853413360     
         218         210  0.949009809242332     
         219         213  0.961634693895880     
         220         214  0.974874396259538     
         221         214  0.974088009365514     
         222         215  0.980101988043377     
         223         215  0.983147379767874     
         224         215  0.978520195775006     
         225         216  0.983447888152612     
         226         216  0.980959618263734     
         227         216  0.982931296754672     
         228         211   1.30353805680413     
         229         228  0.960284076922649     
         230         229  0.964164700509120     
         231         230   1.90839172160934     
         232         229  0.974287380242226     
         233         232   1.00467138807420     
         234         228  0.971076677488391     
         234         233   1.00286125967579     
         235         229  0.957642080890525     
         236         232  0.972508591151275     
         237         232  0.968988930977119     
         238         233  0.975846926772867     
         239         233  0.973643953548970     
         240         234  0.965511388265851     
         241         234  0.960977361533384     
         243         242   1.00426320143699     
         244         243  0.977981633359369     
         245         244   1.90092187977275     
         246         243  0.959003822053784     
         247         246  0.992912766192385     
         248         247   1.00655685571025     
         249         247   1.00937617692029     
         250         242  0.955987064686003     
         251         243  0.961428822023602     
         252         246  0.966973489406895     
         253         246  0.968844575042482     
         254         247  0.957793066469740     
         255         248  0.979771725435135     
         256         248  0.983700282078471     
         257         248  0.983411359325542     
         258         249  0.980533454509491     
         259         249  0.982307048305898     
         260         249  0.982585178374126     
         262         261   1.01423851790525     
         263         262  0.975936543551603     
         264         263   1.88936863995582     
         265         262  0.962211403946972     
         266         265  0.992804420376106     
         267         266  0.965933276334550     
         268         267   1.64448369629993     
         269         267   1.30360083252975     
         270         261  0.949187782228632     
         271         262  0.949993864587794     
         272         265  0.965612029200769     
         273         265  0.975789388880137     
         274         266  0.962866789589513     
         275         266  0.971217167307672     
         276         269  0.924262441845469     
         277         269  0.926110511810886     
         279         278   1.00630762536929     
         280         279  0.975131617082949     
         281         280   1.89024636523559     
         282         279  0.951021487541128     
         283         282   1.01041752722899     
         284         283   1.39926848201078     
         285         283   1.41197360208760     
         286         284   1.45740706567656     
         287         285   1.44738021202397     
         288         286   1.36288926003746     
         288         287   1.36082635775037     
         289         288   1.08275929430931     
         290         278  0.950563962395065     
         291         279  0.962153031527878     
         292         282  0.954457245374356     
         293         282  0.972527774297082     
         294         284  0.967058943710770     
         295         285  0.967064651267865     
         296         286  0.964573584941197     
         297         287  0.961171197159879     
         298         289  0.859701399042889     
         300         299  0.941712286935819     
         301         300  0.949803158320731     
         302         301   1.94972900012406     
         303         300  0.980243133136012     
         304         303   1.00937080529726     
         305         304   1.40882845230203     
         306         304   1.41474355774842     
         307         305   1.44579062197128     
         308         306   1.43812691458829     
         309         307   1.43152828168592     
         309         308   1.44246598344314     
         310         299  0.888978185868437     
         311         299  0.894585022400958     
         312         299  0.888076051990233     
         313         300  0.954975164017792     
         314         303  0.960749942461517     
         315         303  0.945476293736630     
         316         305  0.957938454485218     
         317         306  0.968893452828398     
         318         307  0.965518193508162     
         319         308  0.970380455603426     
         320         309  0.965974229488947     
         322         321   1.02277404111046     
         323         322  0.972789506564740     
         324         323   1.89929567767722     
         325         322  0.961448093082095     
         326         325   1.01032942495512     
         327         326  0.992973919566221     
         328         327   1.01043276545403     
         329         321  0.959503749468040     
         330         322  0.945208934294509     
         331         325  0.966890857398953     
         332         325  0.971554291194903     
         333         326  0.969136506595020     
         334         326  0.972393200899099     
         335         328  0.973815207514088     
         336         328  0.982337069295307     
         337         328  0.983100371794954     
         339         338   1.02197669795858     
         340         339  0.978994967379834     
         341         340   1.90126018357603     
         342         339  0.938715409466098     
         343         342   1.00971657009984     
         344         343   1.40667758171576     
         345         343   1.41656694467137     
         346         344   1.44877387597912     
         347         345   1.44040441217933     
         348         346   1.43232655973927     
         348         347   1.44315273899120     
         349         338  0.958644060940863     
         350         339  0.950162962549855     
         351         342  0.956254183844818     
         352         342  0.974420481579006     
         353         344  0.960927496006732     
         354         345  0.969671152322569     
         355         346  0.966993659211674     
         356         347  0.972026751262213     
         357         348  0.972093146900378     
         359         358   1.00273100463776     
         360         359  0.969208940263624     
         361         360   1.91043773571964     
         362         359  0.957658638918045     
         363         362   1.01155329846249     
         364         362   1.00835853597255     
         365         358  0.946888104844778     
         366         359  0.969570285236375     
         367         362  0.965777874257766     
         368         363  0.983014875050291     
         369         363  0.978389102582882     
         370         363  0.980052146845096     
         371         364  0.985099261143183     
         372         364  0.985959740660923     
         373         364  0.986517053562581     
         374           1  0.954022987232278     
         375         230  0.956255632163017     
         376         242  0.950379489642304     
         377         244  0.955371183873100     
         378         261  0.953366021856682     
         379         263  0.954796764960560     
         380         278  0.955663026242920     
         381         280  0.953663417102285     
         382         301  0.949142725419009     
         383         321  0.943560145561870     
         384         323  0.953850057825093     
         385         338  0.947622427860677     
         386         340  0.956130487090023     
         387         358  0.955880288618567     
         388         360  0.956746894512430     
