           2           1   1.01600172727136     
           3           2  0.895886140594629     
           4           3   1.83203665840988     
           5           2  0.983964910926158     
           6           5   1.00295598668774     
           7           6   1.00941986617231     
           8           6  0.995559690867449     
           9           1  0.949963899219152     
          10           2  0.953021870575053     
          11           5  0.966227928989729     
          12           5  0.969322390324579     
          13           6  0.967805927891002     
          14           7  0.983910583468127     
          15           7  0.980562672705303     
          16           7  0.983810347822307     
          17           8  0.987704454377327     
          18           8  0.987622302304669     
          19           8  0.987966370668147     
          20           3   1.10908208862737     
          21          20   1.01309609014274     
          22          21  0.888086526965366     
          23          22   1.74179338142496     
          24          21  0.980708280234684     
          25          24   1.00426779478711     
          26          25  0.881172555182524     
          27          26   1.52607439439478     
          28          26   1.49980751606302     
          29          20  0.923899469655027     
          30          21  0.950322980803406     
          31          24  0.975479073061686     
          32          24  0.972864078605924     
          33          25  0.979133040734752     
          34          25  0.983983373945712     
          35          22   1.20862967197645     
          36          35  0.985049083648272     
          37          36  0.941391725352262     
          38          37   1.58286796441841     
          39          36  0.954005879198793     
          40          39   1.00692028576606     
          41          39   1.01544653460539     
          42          35  0.913674822437937     
          43          36  0.945336334574928     
          44          39  0.966030325906737     
          45          40  0.981493768028375     
          46          40  0.985768623379552     
          47          40  0.977311833644989     
          48          41  0.979807386510160     
          49          41  0.981069702656003     
          50          41  0.983790926037924     
          51          37   1.30971284102177     
          52          51  0.966467404823237     
          53          52  0.908427798284807     
          54          53   1.65180359273143     
          55          52  0.975542701010000     
          56          55   1.00082390358981     
          57          55   1.00522783676952     
          58          51  0.909232492937277     
          59          52  0.946249600904938     
          60          55  0.958606220011839     
          61          56  0.981010685090886     
          62          56  0.985760014966795     
          63          56  0.985197327295555     
          64          57  0.981089875053526     
          65          57  0.982906170324013     
          66          57  0.980004468194071     
          67          53   1.28756033975449     
          68          67  0.986208644047757     
          69          68  0.878410261627752     
          70          69   1.57025879905206     
          71          68  0.985644441304572     
          72          71   1.01144414257172     
          73          71   1.00282106226535     
          74          67  0.889645105884655     
          75          68  0.951210823230501     
          76          71  0.946817490769553     
          77          72  0.974005846506493     
          78          72  0.973097540478475     
          79          72  0.983946478677330     
          80          73  0.974481789247449     
          81          73  0.985643943358513     
          82          73  0.970828811090166     
          83          69   1.40420695146057     
          84          83  0.983917648782099     
          85          84  0.945019576336967     
          86          85   1.54432526280357     
          87          84  0.953284912229950     
          88          87  0.985666768054178     
          89          88   1.64582179046785     
          90          88   1.28795346300852     
          91          83  0.867146036857940     
          92          84  0.932655025835114     
          93          87  0.939145174362256     
          94          87  0.961069489634089     
          95          90  0.925747227865443     
          96          90  0.926325232770502     
          97          85   1.30090972368100     
          98          97  0.985577933449328     
          99          98  0.939955164630565     
         100          99   1.67693217105196     
         101          98  0.972314354736284     
         102         101  0.997461928017373     
         103         102  0.927176309192507     
         104         103   1.50941645556232     
         105         103   1.46832230048390     
         106          97  0.874623809150424     
         107          98  0.948476896442396     
         108         101  0.956914344713398     
         109         101  0.971370864329279     
         110         102  0.972714787772012     
         111         102  0.968695713117980     
         112          99   1.23150196379490     
         113         112   1.00059298920902     
         114         113  0.921458953711838     
         115         114   1.60748437041008     
         116         113  0.972513260207331     
         117         116   1.00354062489984     
         118         117   1.00223545364033     
         119         118  0.967935842366671     
         120         119   1.30991529874492     
         121         120   1.39188795356113     
         122         120   1.24091329580670     
         123         112  0.895802589010003     
         124         113  0.953882768006585     
         125         116  0.967756623818919     
         126         116  0.973879498391977     
         127         117  0.964230113110359     
         128         117  0.969133526586732     
         129         118  0.971604094818791     
         130         118  0.960149875211144     
         131         119  0.936839641258042     
         132         121  0.914952614222088     
         133         121  0.815250436305969     
         134         122  0.938370013156142     
         135         122  0.920128074691004     
         136         114   1.31997703453590     
         137         136  0.978341733800870     
         138         137  0.925941875987928     
         139         138   1.60571389432153     
         140         137  0.973673503860192     
         141         140  0.998929503534664     
         142         141  0.984264347602213     
         143         142  0.999736669878895     
         144         143   1.28154198785471     
         145         144   1.34317814106539     
         146         144   1.30851669246268     
         147         136  0.890272876227889     
         148         137  0.952493438024199     
         149         140  0.968555041198545     
         150         140  0.973197381539208     
         151         141  0.964729126814691     
         152         141  0.969960619766020     
         153         142  0.955395674248826     
         154         142  0.957482904180067     
         155         143  0.895717735414652     
         156         145  0.920458989938380     
         157         145  0.902830359312847     
         158         146  0.905911520212645     
         159         146  0.906949052129126     
         160         138   1.31278577032736     
         161         160  0.987230026595740     
         162         161  0.919516527440879     
         163         162   1.61493461624983     
         164         161  0.990771699229830     
         165         164   1.00379874860405     
         166         165  0.894592676053656     
         167         166   1.56240280099040     
         168         166   1.44291644542348     
         169         160  0.853927819759457     
         170         161  0.943089383120161     
         171         164  0.972992366177584     
         172         164  0.963546098739661     
         173         165  0.979560935023394     
         174         165  0.976296808159394     
         175         162   1.30428259649320     
         176         175  0.976401296767779     
         177         176  0.945102415240665     
         178         177   1.59679641722902     
         179         176  0.975206012182935     
         180         179   1.00155490966316     
         181         180  0.901527433170654     
         182         181   1.52515969969603     
         183         181   1.49207812539993     
         184         175  0.902529024823527     
         185         176  0.952497739773993     
         186         179  0.970260296618636     
         187         179  0.975865556559221     
         188         180  0.971281378478732     
         189         180  0.974830922996488     
         190         177   1.29892812291319     
         191         190  0.978829322155621     
         192         191  0.935527727937792     
         193         192   1.62920621327019     
         194         191  0.984179982189075     
         195         194   1.00489109007274     
         196         195  0.917747621007151     
         197         196   1.48151897150679     
         198         196   1.51784391418753     
         199         190  0.888692368912799     
         200         191  0.953670943998266     
         201         194  0.959323828641939     
         202         194  0.973921056467680     
         203         195  0.975970664551183     
         204         195  0.965167058848975     
         205         192   1.30698968077883     
         206         205  0.972531298304815     
         207         206  0.933777170876493     
         208         207   1.60517742981775     
         209         206  0.966904972613357     
         210         209   1.00503174278165     
         211         205  0.898102188615898     
         212         206  0.950645480709760     
         213         209  0.969725025807765     
         214         209  0.963760787577810     
         215         210  0.872800837458735     
         216         207   1.33626306075617     
         217         216  0.974888055385705     
         218         217  0.976536395789482     
         219         218   1.89641112323056     
         220         217  0.975359369538466     
         221         216  0.868398828206973     
         222         217  0.952305480470297     
         223         220  0.982545289769632     
         224         220  0.973771160303233     
         225         220  0.967489981266640     
         227         226   1.01721236598516     
         228         227   1.00211935816021     
         229         228   1.85359020870151     
         230         227  0.948993006297623     
         231         230   1.00154358435045     
         232         231   1.00451278022282     
         233         232  0.986420887794569     
         234         233   1.33129392646857     
         235         234   1.33395616669093     
         236         234   1.26693811484950     
         237         226  0.946028731381787     
         238         227  0.946281706099269     
         239         230  0.960669530280629     
         240         230  0.969133736396647     
         241         231  0.977034734942884     
         242         231  0.971420736907829     
         243         232  0.957145628882641     
         244         232  0.956542946351587     
         245         233  0.856500693982459     
         246         235  0.900865024178057     
         247         235  0.911914555337276     
         248         236  0.934769869556837     
         249         236  0.915086366983273     
         251         250   1.00765067386219     
         252         251  0.941997031460237     
         253         252   1.64268608367326     
         254         251  0.988095361259883     
         255         250  0.957442419386586     
         256         251  0.965586436583355     
         257         254  0.984120990674124     
         258         254  0.980028973473312     
         259         254  0.978017727923517     
         260         252   1.28988822581495     
         261         260  0.991140896465833     
         262         261  0.991495151522291     
         263         262   1.84738795425873     
         264         261  0.940087774058086     
         265         264   1.00212313689638     
         266         265  0.997734998022882     
         267         266  0.982302813719352     
         268         267   1.33467532790848     
         269         268   1.31332055948876     
         270         268   1.29265115681709     
         271         260  0.900521418508660     
         272         261  0.941976680953075     
         273         264  0.970374040607428     
         274         264  0.968881019213854     
         275         265  0.949351645940946     
         276         265  0.968123723199795     
         277         266  0.960605889919440     
         278         266  0.957451646276856     
         279         267  0.910878287956720     
         280         269  0.912400103654987     
         281         269  0.918673838433917     
         282         270  0.926704639591227     
         283         270  0.918964302010954     
         285         284   1.02794354183725     
         286         285  0.932012971097033     
         287         286   1.61787307173505     
         288         285  0.969381674384789     
         289         288  0.992974698331831     
         290         284  0.955414140755655     
         291         285  0.938768907643943     
         292         288  0.965975043567718     
         293         288  0.957243979589358     
         294         289  0.879936711147095     
         295         286   1.29125239136667     
         296         295  0.988011620433596     
         297         296  0.973923260168648     
         298         297   1.52939579853952     
         299         296  0.943050478104801     
         300         299  0.993980914426076     
         301         299   1.00040785879623     
         302         295  0.886981360319445     
         303         296  0.945558287085512     
         304         299  0.962324259588069     
         305         300  0.862405167532613     
         306         301  0.979909157768852     
         307         301  0.981764894009795     
         308         301  0.980484814877794     
         309         297   1.34771710911514     
         310         309  0.972063654414356     
         311         310  0.967252460350353     
         312         311   1.78056550867563     
         313         310  0.984621365230629     
         314         313  0.992479267373178     
         315         314   1.01037424009955     
         316         314   1.00498076678083     
         317         309  0.917075234534258     
         318         310  0.930704943388964     
         319         313  0.965694375787807     
         320         313  0.970368806247683     
         321         314  0.968003772685501     
         322         315  0.976854788509929     
         323         315  0.980226732932716     
         324         315  0.985709490025941     
         325         316  0.984424186041877     
         326         316  0.987411539780079     
         327         316  0.983193718210296     
         329         328   1.01497002984974     
         330         329  0.885996382429968     
         331         330   1.77899766602654     
         332         329  0.997925325661649     
         333         332  0.988743069162098     
         334         333   1.00692145380572     
         335         333   1.00964761856772     
         336         328  0.913301915971697     
         337         329  0.954594157289408     
         338         332  0.956001180090036     
         339         332  0.972401679394180     
         340         333  0.960388340719292     
         341         334  0.977497072254847     
         342         334  0.984182373175864     
         343         334  0.986259548115759     
         344         335  0.972129794520324     
         345         335  0.979263960581916     
         346         335  0.983208675606650     
         347         330   1.18764727905193     
         348         347  0.995478453439001     
         349         348   1.04185056200909     
         350         349   1.76811992572900     
         351         348  0.923358671624018     
         352         351   1.00337484718751     
         353         352  0.920834377561511     
         354         353   1.49069120819209     
         355         353   1.49358269029537     
         356         347  0.867622015899219     
         357         348  0.905588701931226     
         358         351  0.958282100102043     
         359         351  0.971427113114065     
         360         352  0.977248926070942     
         361         352  0.972652329617769     
         363         362   1.01097718656344     
         364         363  0.956619364315598     
         365         364   1.93335776224554     
         366         363  0.975867686192415     
         367         366   1.01354170992538     
         368         367  0.995825343286172     
         369         367  0.992436467157109     
         370         362  0.948490198128531     
         371         363  0.956322991829591     
         372         366  0.965512290323752     
         373         366  0.961000707723034     
         374         367  0.959812170104779     
         375         368  0.990355127958984     
         376         368  0.983937314079695     
         377         368  0.987607765327533     
         378         369  0.989989272050862     
         379         369  0.980063259957294     
         380         369  0.984041532276565     
         382         381   1.00244448518282     
         383         382  0.995563040610480     
         384         383   1.86419006982627     
         385         382  0.964346194089837     
         386         385   1.00468307111005     
         387         386   1.00210404774243     
         388         387  0.962311916869777     
         389         388   1.30046370488242     
         390         389   1.31192047219282     
         391         389   1.31526967033304     
         392         381  0.948733268690412     
         393         382  0.947938742124051     
         394         385  0.966819795835592     
         395         385  0.968757482234948     
         396         386  0.965963791282842     
         397         386  0.957450901255724     
         398         387  0.964367986678780     
         399         387  0.957064476131054     
         400         388  0.920870928319668     
         401         390  0.910762151627749     
         402         390  0.932419687530529     
         403         391  0.929894894084803     
         404         391  0.860393438908981     
         406         405   1.04072122898493     
         407         406   1.00258691224664     
         408         407   1.84478802260584     
         409         406  0.915917570459516     
         410         409  0.982859854287830     
         411         410   1.68160183429955     
         412         410   1.21141947597005     
         413         405  0.941428669297603     
         414         406  0.924023612769022     
         415         409  0.952930081664597     
         416         409  0.968110116124985     
         417         412  0.935057930834275     
         418         412  0.939347909530651     
         420         419   1.01625965629127     
         421         420  0.919525087084061     
         422         421   1.63610921398745     
         423         420  0.986489911916997     
         424         423  0.991749386425917     
         425         424   1.00870673850995     
         426         425  0.957878038363251     
         427         426   1.28357845136338     
         428         427   1.31554154717095     
         429         427   1.33726822010210     
         430         419  0.953478394641225     
         431         420  0.962648874640680     
         432         423  0.966459106028173     
         433         423  0.973143106764776     
         434         424  0.966707455352191     
         435         424  0.976257494251045     
         436         425  0.965283183055563     
         437         425  0.961527869567921     
         438         426  0.928687029091740     
         439         428  0.904395432473211     
         440         428  0.918687300630197     
         441         429  0.858857480390725     
         442         429  0.922381583821650     
         443         421   1.30205535407348     
         444         443  0.986758530214299     
         445         444  0.948852274175115     
         446         445   1.92714583999218     
         447         444  0.983715527934224     
         448         447  0.992664786766863     
         449         448  0.913658061427717     
         450         449   1.48463856994113     
         451         449   1.51282009759248     
         452         443  0.888962985289883     
         453         444  0.947772908083949     
         454         447  0.969987908043330     
         455         447  0.974894875712443     
         456         448  0.979336078713121     
         457         448  0.976642660027569     
         458           1  0.955915373509644     
         459         218  0.956238464105816     
         460         226  0.957946087320058     
         461         228  0.947978715219588     
         462         250  0.957983652196537     
         463         262  0.957565766210970     
         464         284  0.953608324063389     
         465         311  0.957818880870369     
         466         328  0.958212422999702     
         467         349  0.960320358999286     
         468         362  0.952559633033285     
         469         364  0.943429693769596     
         470         381  0.958973306135162     
         471         383  0.955200593884324     
         472         405  0.945624844292994     
         473         407  0.950275615135809     
         474         419  0.955385100366947     
         475         445  0.951331945879279     
