           2           1   1.01864362597675     
           3           2  0.991642172275955     
           4           3   1.88667348996675     
           5           2  0.942821438428504     
           6           5   1.00683889727662     
           7           6  0.961019159684139     
           8           7   1.62734284460154     
           9           7   1.32844036623614     
          10           1  0.956771605786786     
          11           2  0.952751436479629     
          12           5  0.972392647028856     
          13           5  0.975333653242774     
          14           6  0.965400218916694     
          15           6  0.945091405143828     
          16           9  0.929406750749096     
          17           9  0.904436724706331     
          19          18   1.01189727179863     
          20          19  0.970430001312763     
          21          20   1.88262371317989     
          22          19  0.965787209826256     
          23          22  0.985534251937591     
          24          23   1.00470084949590     
          25          23   1.01777374627068     
          26          18  0.953700592121613     
          27          19  0.959297154048543     
          28          22  0.969731373326477     
          29          22  0.970598718254543     
          30          23  0.965366530242975     
          31          24  0.986271375610988     
          32          24  0.976522595553147     
          33          24  0.987485168602353     
          34          25  0.983213984662385     
          35          25  0.984467653012562     
          36          25  0.980889541711253     
          38          37   1.00849404520643     
          39          38  0.971403810233017     
          40          39   1.90798890799531     
          41          38  0.956227278580674     
          42          41  0.996042876831246     
          43          37  0.953676601586645     
          44          38  0.966055938272991     
          45          41  0.966621223001952     
          46          41  0.971467484657596     
          47          42  0.873762289338947     
          49          48  0.862476004231657     
          50          48  0.847932273759062     
          52          51  0.888434018004989     
          53          51  0.896086439854270     
          55          54  0.889379221013276     
          56          54  0.871489150161142     
          58          57  0.810162116525717     
          59          57  0.894171397798582     
          61          60  0.839331720477749     
          62          60  0.871703496748003     
          64          63  0.851188674781945     
          65          63  0.893908798512858     
          67          66  0.884887749809405     
          68          66  0.818697341504237     
          70          69  0.905741868431061     
          71          69  0.823288536411477     
          73          72   1.00397997767863     
          74          73  0.943869799869751     
          75          74   1.62480117161348     
          76          73  0.962356453556611     
          77          76   1.00436568057280     
          78          72   1.00859170584306     
          78          77  0.998922155701400     
          79          73  0.964989161483138     
          80          76  0.978717478254252     
          81          76  0.975176656948225     
          82          77  0.979481260473275     
          83          77  0.980609588907375     
          84          78  0.974634632741289     
          85          78  0.978364564832266     
          86          74   1.29568953342182     
          87          86  0.978945832851678     
          88          87  0.985762541225769     
          89          88   1.87285695905759     
          90          87  0.955378765421390     
          91          90   1.01548132335469     
          92          91  0.960488123238540     
          93          92   1.61488112819871     
          94          92   1.33227489893246     
          95          86  0.873588581243130     
          96          87  0.948822292378307     
          97          90  0.956595514818509     
          98          90  0.968959854580084     
          99          91  0.968129769375195     
         100          91  0.947782755527332     
         101          94  0.927722977438604     
         102          94  0.918739228810606     
         103           1  0.943506902680153     
         104           3  0.954860677751988     
         105          18  0.943350950443010     
         106          20  0.954232907315035     
         107          37  0.953255375225920     
         108          39  0.955501300027997     
         109          72  0.955868289075251     
         110          88  0.955188310421423     
