           2           1   1.01458931113119     
           3           2  0.986323820570970     
           4           3   1.87811561791129     
           5           2  0.951593901119669     
           6           5   1.01469879891093     
           7           6  0.959042915908991     
           8           7   1.61938235000450     
           9           7   1.32783343476362     
          10           1  0.912567457361522     
          11           2  0.952308333143540     
          12           5  0.955492991759455     
          13           5  0.974035895006066     
          14           6  0.969191138135095     
          15           6  0.948112245653187     
          16           9  0.927332872940448     
          17           9  0.919743199383488     
          19          18   1.02429044288252     
          20          19  0.988957862946718     
          21          20   1.87083092826422     
          22          19  0.952148826724513     
          23          22  0.995326425946412     
          24          23   1.00289187878205     
          25          23   1.01154141136166     
          26          18  0.954252193044619     
          27          19  0.935485726056836     
          28          22  0.972656831277560     
          29          22  0.969885573182775     
          30          23  0.968304944788622     
          31          24  0.981405809047798     
          32          24  0.986912447721351     
          33          24  0.984927636333854     
          34          25  0.977967845864747     
          35          25  0.983763339058507     
          36          25  0.984183123585717     
          38          37  0.861886694400442     
          39          37  0.846774063158372     
          41          40  0.888339737922688     
          42          40  0.821500312511296     
          44          43  0.900135928988088     
          45          43  0.887262414191872     
          47          46  0.882537312764237     
          48          46  0.882370685303497     
          50          49  0.894577056966319     
          51          49  0.887782882933299     
          53          52  0.824020096422833     
          54          52  0.910104091647961     
          56          55   1.00813858109934     
          57          56  0.972052519493364     
          58          57   1.90737421659457     
          59          56  0.956716114684660     
          60          59  0.995506738801289     
          61          55  0.953367971929000     
          62          56  0.966683907200691     
          63          59  0.967234403214337     
          64          59  0.971290738764755     
          65          60  0.871313352591898     
          66           1  0.957973239537596     
          67           3  0.954722406672561     
          68          18  0.956075448822686     
          69          20  0.954395258986167     
          70          55  0.951702989134310     
          71          57  0.955853767753522     
