$grad                                                                           
  cycle =      1    SCF energy =  -381.99661324984   |dE/dxyz| =  1.653872
    8.88538729215235     65.80501398416099    -34.88875392963787      n 
    9.37653813960184     66.27852186751186    -32.23987934213197      c 
   11.85848598652935     65.16999521502494    -31.29753796884621      c 
   12.87989621001477     63.45682400203667    -32.71817406458471      o 
    7.13426008649729     64.92459246491431    -30.94569196208469      c 
    5.09571477410046     65.14957064443774    -32.72633661847073      c 
    6.26977872027230     65.08746406090843    -35.38003078930489      c 
    9.35484173337305     67.47654366705025    -35.99120577441291      h 
   10.14626439692439     64.38716227091845    -35.53374150809126      h 
    9.33902535607823     68.30751126493985    -31.81181385231860      h 
    7.64517752633588     62.92960226446616    -30.54897876715262      h 
    6.70108013881776     65.86016837892846    -29.09595938117220      h 
    3.68431922754957     63.57953822807882    -32.52495242539334      h 
    4.03185703085579     66.94532999263801    -32.48750431849623      h 
    6.16809608787800     63.17892189282661    -36.20006694032922      h 
    5.33435749468902     66.40181496139876    -36.68031593515565      h 
   12.77033320120369     65.84650360372628    -29.21566173270560      n 
   14.61543562094864     64.38748495825388    -27.77703497954542      c 
   13.53989301807867     63.65808418298247    -25.25713882811215      c 
   13.39538999653916     65.34812514600496    -23.53451830564299      o 
   17.10149083843853     65.81372990290626    -27.46480375233811      c 
   19.72618639206076     63.67584717151301    -26.59624434390851      s 
   12.22293656968555     67.51962821474982    -28.32237526249711      h 
   14.95440456757345     62.65572393586982    -28.90508639449095      h 
   17.56247634204841     66.79233525076268    -29.21687977446348      h 
   16.89687010530271     67.22025023410870    -25.92860597562337      h 
   21.87361189915833     64.32177070363909    -26.93340732706466      h 
   15.96833436928110     56.65705994074651    -32.53951712626503      n 
   17.26132553844056     58.99846993708687    -33.29410734089367      c 
   17.36530058283306     59.42806566536892    -36.12188319071005      c 
   16.30815677718276     57.86520151168250    -37.65916407764763      o 
   19.98434252560286     59.03097077886529    -32.22163626513354      c 
   21.50104815539504     57.14531045060402    -33.36741176954580      o 
   16.19213615207124     55.20970787180084    -33.88981903587467      h 
   16.12855007715184     60.52336886377166    -32.46161088535816      h 
   20.80193904666274     60.92055266773935    -32.53208980956589      h 
   19.89758824840659     58.66508511306779    -30.21318690111514      h 
   22.40578408131143     57.94650524098485    -34.77251191141509      h 
   18.71291250818299     61.35527646596152    -36.82711212533962      n 
   19.77623035918059     61.50473044079786    -39.61447906983003      c 
   22.38327582084688     61.18473405584359    -38.94409423526628      c 
   23.88908097638209     60.41538745825927    -36.61678551172059      o 
   18.87640544852589     64.09968380765267    -41.34756670345207      c 
   20.57018795365470     66.11609744114855    -39.48392947610787      o 
   18.97259874224376     62.84348821300447    -35.87594280638590      h 
   18.99051202672617     59.83058494142398    -40.55866944074657      h 
   19.54417101161906     63.75313979440462    -42.71501839440342      h 
   17.14140316554797     64.25875181484557    -40.88855780386331      h 
   19.91279259467801     67.55509701701845    -40.76934352205535      h 
   24.04064124561966     61.42184489730341    -41.13750923329548      n 
   26.59761682276370     61.25987237244473    -41.31480890977817      c 
   27.61396341539695     64.04807424944904    -40.91180124123248      c 
   26.95523413402156     65.39647399757882    -42.29954834831717      o 
   27.56609653200140     60.15191711639310    -43.66472309108672      c 
   30.49864810026039     59.15625540900983    -43.31760754307545      c 
   32.21267108643331     61.64313745397903    -43.66129815631156      c 
   35.09346921407772     61.76456847578824    -42.61276133502033      o 
   30.84100694236181     63.24402321539667    -44.97400079323137      o 
   23.04392266194507     61.82960473641668    -43.21991584067691      h 
   27.56851527066753     60.34301143495849    -39.09392875215386      h 
   26.60833744367624     58.16958933496122    -43.68061724855676      h 
   27.41979138408177     61.10304345541984    -45.08938865362431      h 
   30.97290987352707     58.64905757250416    -41.48897575171692      h 
   31.03868988531367     57.87577173251928    -44.76140756350718      h 
   29.27412231810566     64.77805650133190    -39.28581585743122      n 
   30.38858631869405     63.23513611091300    -37.39332674593765      c 
   28.84882624510358     62.84497057375443    -35.35926835877264      c 
   26.49491910253287     64.71086321604221    -34.69501095568619      o 
   33.10463636192531     64.25667434859163    -36.60064644671240      c 
   32.73931065764240     66.89309333530319    -37.93417750679612      c 
   30.45088645872652     67.62162509515244    -39.09594185094046      c 
   30.68889234015839     61.01931601123601    -38.27968559760108      h 
   32.69897848671729     65.06796110758803    -34.52317498639303      h 
   34.49359173691629     63.38990203887447    -37.01941249724148      h 
   33.34083445025585     68.48276531402729    -36.75970231184916      h 
   34.24256256117280     66.85523968773715    -39.60745801586410      h 
   28.96446755195036     68.43678704882369    -37.78603081281309      h 
   30.27572930477020     68.26978167410293    -40.95410880014006      h 
   29.08450854350771     61.12447889673113    -33.57283109557656      n 
   27.36810169375003     60.88718048201844    -31.44553174337083      c 
   27.89115492264350     63.03055774732271    -29.59137388783487      c 
   30.27585196329109     63.82012171876018    -29.50938124703242      o 
   27.94016417655589     58.24435579714820    -30.29668956031860      c 
   29.95049854712200     57.10541456675595    -32.00434091158792      c 
   31.12538283523370     59.23110223500534    -33.36417830520533      c 
   25.41638546505192     60.99364720679797    -32.03021188457721      h 
   28.62010627629767     58.45369652826730    -28.37546699398988      h 
   26.20979839874450     57.11962747737876    -30.29441696795513      h 
   31.34186645510807     56.03233030440499    -30.83910145968857      h 
   29.07826163316239     55.74451441526418    -33.31473543931196      h 
   32.74280719186611     60.01886980460952    -32.31926286704006      h 
   31.78330166228232     58.67125624880404    -35.23363634238554      h 
   31.86744979971362     71.02512983929053    -22.63085106208079      n 
   31.00363822795409     73.39104350836996    -23.83407267406011      c 
   30.13196553816390     75.28471435526160    -21.85989659325119      c 
   28.44208296649029     74.54739047838149    -20.24398068919288      o 
   28.93006645618144     72.86831880814380    -25.75744172661539      c 
   29.83360278482110     71.70757538088466    -28.22344358901590      c 
   27.70522788318606     71.14096690398223    -30.10337880977728      c 
   25.40914409492956     71.86727285711409    -29.55859153849506      o 
   28.19851821693926     69.99025976494153    -32.10214977075924      n 
   30.54889872667620     70.31376119147676    -21.36056920321935      h 
   32.66295474620357     74.19188378767447    -24.76554518990480      h 
   27.54092761261132     71.58407799382762    -24.89606247309267      h 
   27.97277239142892     74.64613131354133    -26.18759088419635      h 
   31.15459929022649     73.00617265620976    -29.17041852988921      h 
   30.84066819405657     69.92259146396428    -27.85811434754396      h 
   30.01233417286299     69.35761163395419    -32.51515705172214      h 
   26.86671615877825     69.47811446017162    -33.44176273995598      h 
   41.92621157265904     68.89644436100674    -52.94743146634835      n 
   40.08382359003863     66.89942483847473    -53.32822211615820      c 
   39.81067844015066     66.25358284178728    -56.14135353416358      c 
   39.70138254580328     68.00623682109848    -57.72328882915340      o 
   37.54625074422133     67.65740719244059    -52.22793036250273      c 
   35.97836878610393     65.36980088543488    -51.64368083579404      c 
   33.20894697213557     65.91734301526866    -51.44063677698471      c 
   31.71670178797933     63.57052896263910    -52.11458913918561      c 
   30.03937160281604     62.75672896885251    -50.00569099095453      n 
   41.35025097828278     70.63770916478913    -53.60684349871724      h 
   40.83231655343618     65.23187962479719    -52.35162880884187      h 
   37.85408106614408     68.73047691070475    -50.49408068082895      h 
   36.54306487773115     68.84966424124121    -53.59690692151057      h 
   36.27783148712777     63.95179584644285    -53.12860861160210      h 
   36.62759025869705     64.55010655314253    -49.85132206795886      h 
   32.76118444753276     66.52962083177951    -49.52953370861023      h 
   32.72960193414207     67.47542955114889    -52.74050274590409      h 
   30.57465724831033     63.90219295061924    -53.81102254015980      h 
   33.04671046333321     62.03647795504290    -52.47426344794181      h 
   29.00676459302125     61.12964757971649    -50.55249648463731      h 
   30.99193469537977     62.46818472018243    -48.37233469102584      h 
   28.73097527849175     64.17188367561373    -49.62289011549741      h 
   43.55798990379897     55.64524020249850    -41.20431685273098      n 
   41.17541728248111     54.22456436846890    -41.41266013509349      c 
   40.99239416032352     52.96088700485732    -43.97837246955775      c 
   41.71978325580355     54.15129660409066    -45.86194950553998      o 
   38.92682013773608     55.98704600023818    -41.06324184735377      c 
   38.52271496700369     56.65889776707336    -38.34293408809744      c 
   39.15328634284096     59.01587385066396    -37.41982014835634      c 
   37.55676641037070     54.89028067116868    -36.65858657607472      c 
   38.82868802733511     59.58470690974136    -34.90770086416790      c 
   37.22800057848291     55.45809698530886    -34.13312409021506      c 
   37.88634428376609     57.80345247620807    -33.27354860335458      c 
   37.77843898375377     58.37639853364070    -30.68070189769682      o 
   43.62567449912720     57.24508494677190    -42.21125929201871      h 
   41.17287397515911     52.75442131961604    -39.95945801507042      h 
   39.21274774826870     57.72168067974047    -42.14476241420503      h 
   37.23546194520906     55.07105480401785    -41.79141664723083      h 
   39.93070254870740     60.40243727177543    -38.72602154729778      h 
   37.07468690264582     53.02786958041244    -37.36466714064773      h 
   39.36970592632797     61.45736937297721    -34.24587328261234      h 
   36.49147406806559     54.02808791254560    -32.86359693233984      h 
   36.93135329813681     56.96391472811965    -29.80910489785597      h 
   35.04461848398399     51.33546709490125    -47.37501771221235      n 
   32.40472368275991     51.90283210525713    -46.97530634290673      c 
   32.10277748556316     52.69076101304882    -44.23962976470305      c 
   33.35819826233652     54.64276310191410    -43.45611540431651      o 
   30.79733753487442     49.57202495889563    -47.46463344022001      c 
   30.65611340876590     48.86552501141111    -50.21078476936065      c 
   30.19073264523876     50.59288225726102    -51.85540853153819      o 
   30.89186004288998     46.55013434496411    -50.78799600043283      n 
   35.94391137593479     52.36557124941461    -48.82496439567340      h 
   31.93559327473747     53.44674189835747    -48.27463860597487      h 
   31.63644468018146     47.98704389224889    -46.43067883207983      h 
   28.88997149575173     49.95130868378585    -46.80936794676325      h 
   30.80161259291452     45.89148882928190    -52.57194022528481      h 
   31.19593919228502     45.18571477976964    -49.38698211805247      h 
   30.59865496450093     51.49494494283447    -42.84108483421982      n 
   29.83166128831764     52.27067572877187    -40.27923322782237      c 
   31.49973538639964     50.96853187776814    -38.36826024874917      c 
   31.23776425086747     51.57390516289382    -36.00668612120635      o 
   27.02869940159560     51.69672664789111    -39.79041822564334      c 
   25.15792911396080     53.74998001539220    -40.63385238190319      c 
   22.57151616133316     53.27433381925747    -39.43152605593824      c 
   20.38413495810459     54.34877646102934    -40.99939773262366      c 
   17.98500256813757     52.90988049524275    -40.65475694250354      n 
   29.83394616560054     49.78403019755611    -43.36288111870114      h 
   30.11842425522972     54.30242374851860    -40.18018484448859      h 
   26.55417317403246     49.92654376852853    -40.75688329804649      h 
   26.82503877906621     51.42907529076363    -37.76017776633108      h 
   25.87044770914759     55.60701403117739    -40.06112585053258      h 
   25.00887225709586     53.71259352414350    -42.69157644396889      h 
   22.31370803650936     51.23909601538812    -39.24481434274028      h 
   22.54769926092440     54.12618259635722    -37.53982438814548      h 
   20.05287326783468     56.31417203887408    -40.44100305387273      h 
   20.88847622685072     54.29554717525088    -42.99136671367928      h 
   16.56121350736046     53.70058469179118    -41.72607449307251      h 
   18.22930823369092     51.04711976720240    -41.19615508742761      h 
   17.42532562604826     52.96267796541371    -38.76698994850988      h 
   33.23393653310046     52.70989448790752    -55.21844469431661      n 
   34.72189325198895     55.08846210606254    -53.97837624352944      c 
   36.93752078726891     54.48272835457820    -53.07788919482292      c 
   37.60572298155821     51.92486388209501    -51.18917021472163      o 
   33.01800726319949     57.64969120158338    -53.70616742299169      c 
   32.78396518682606     55.94378822778591    -49.94993534756199      o 
   30.58604916337486     57.07201990331180    -54.91511268870473      c 
   32.05431125876422     51.96598861031935    -53.23222581484322      h 
   35.40916278431919     55.62402066143206    -56.51859591812392      h 
   33.92389094516269     58.87302629273979    -53.39634081517411      h 
   32.03331937354980     58.02457922247075    -49.73209963784159      h 
   29.25658116185869     58.43141089471607    -53.43796575593593      h 
   30.61996199175301     57.40026457278228    -56.49532968007734      h 
   29.54114707480061     55.19167719262918    -54.41317612759853      h 
   42.19250596123500     59.23813697568939    -47.91829301962069      n 
   42.21991340670989     61.67381020359795    -46.63157721176454      c 
   44.28518718718185     61.89756388700453    -44.59755327827202      c 
   44.43658405049379     60.30902541938405    -42.84477453093884      o 
   39.61230794478962     62.26346189120070    -45.46969405979388      c 
   38.83433250098464     65.07104174903510    -45.68005555416346      c 
   40.41734230926703     66.64319009834247    -46.43844967809086      o 
   36.52899387154316     65.64685804355993    -45.03231201884979      o 
   42.58767523116924     57.68417090314879    -46.78150494297506      h 
   42.63206940506098     63.11888719386771    -48.06180186635383      h 
   38.15903014899015     61.12242136557418    -46.37683854498964      h 
   39.59128514951682     61.75633852747188    -43.45606662198599      h 
   46.34307976801573     66.38363326572272    -38.74563819711376      n 
   44.77106125686505     67.87470905930464    -36.96391572173756      c 
   46.31167665915954     68.65439410434985    -34.64815411758245      c 
   46.61855882110279     67.07634634866965    -32.88508799697856      o 
   42.48238795446350     66.31680057075772    -36.08854199271526      c 
   40.85367376387262     65.53118522156451    -38.34671410899252      c 
   40.93655883304586     67.79014457518451    -34.14401549227569      c 
   39.09344172895865     67.54207104798873    -39.22611800987065      c 
   47.26147794389351     64.88282234557850    -37.87529099020620      h 
   44.21505431525912     69.56624628635782    -38.02948790543267      h 
   43.17935044808993     64.62039140098349    -35.18817770570868      h 
   42.08996005176035     64.98723628864929    -39.92328885428675      h 
   39.73802877319407     63.88792573550874    -37.82704525379643      h 
   39.31787126926051     66.67979784732246    -33.57231344691569      h 
   42.12117186800506     68.20538832261992    -32.50502305144405      h 
   40.29133632556320     69.55023586501054    -34.94631133337060      h 
   38.00697105465190     66.87263570396053    -40.82986724278364      h 
   37.77664752941198     68.06288458918284    -37.70451537562290      h 
   40.13811165581832     69.20718249457659    -39.81612365542691      h 
   32.23215377074215     53.26087556502333    -56.47757658652982      h 
   38.44355084853798     55.55296177050390    -53.47479983077883      h 
   40.65278646119450     58.96709071247695    -48.58788973150509      h 
   45.52611097801142     63.32122447816447    -44.66360500317040      h 
   45.35699288117559     65.74614273391113    -39.97600417769275      h 
   47.05606972907339     70.38847492482954    -34.54862106281740      h 
   12.95657181281750     61.88605976587127    -24.95592461834056      h 
   16.60697326922174     56.10655500691772    -31.06247730089536      h 
   26.48578267573327     63.73925064013522    -28.54555010016871      h 
   32.13771871829866     69.84601652554005    -23.82634613815416      h 
   30.85828503439472     77.02915134845364    -21.83836221439296      h 
   42.24265505324246     69.06751381909343    -51.28515569603275      h 
   39.72205221290122     64.44803770555069    -56.69200434614292      h 
   43.81928134780394     56.08064169613034    -39.58113655072782      h 
   40.29816432814970     51.20913604469701    -44.12147270254962      h 
   35.91689866680969     51.65989684401783    -45.95148878978662      h 
   32.76077778946889     49.68095629298206    -38.93657823580703      h 
  -0.4206579378074D-01  -0.2676001524329D-01   0.5177674134356D-01
   0.4617855834968D-02  -0.1224926772412D-01  -0.2452512827542D-01
  -0.4568876814122D-02   0.8117850105103D-01   0.1239247262187D+00
   0.3086246842358D-01  -0.4568279415225D-01  -0.3741340395438D-01
  -0.3944041877431D-01   0.4059183565642D-02  -0.5459170147887D-01
   0.6916185067366D-01   0.4564438250832D-03   0.3362137198656D-01
   0.1651462682169D-01   0.1009198547256D-01  -0.1210513734037D-02
   0.5187496008282D-02   0.2850482194878D-01  -0.1669344294910D-01
   0.3782132160496D-02  -0.6762620718521D-02  -0.9806669194919D-02
   0.2634347203415D-02   0.1290226225063D-02   0.1588497724263D-02
   0.1763339312923D-02  -0.9689575847414D-02   0.2482109134912D-02
  -0.3709675333697D-02   0.1061642982671D-01   0.1357462979669D-01
  -0.1024447986283D-01  -0.1481160354693D-01   0.8469064041697D-03
  -0.5991765579054D-02   0.9668403868070D-02   0.2438697784713D-03
  -0.9319619532127D-03  -0.5749036944364D-02  -0.3196810775393D-02
  -0.2120501680339D-02   0.3241618363206D-02  -0.4069374703887D-02
  -0.2508247950920D-01  -0.4702497859703D-01  -0.9244544300644D-01
  -0.1070153343387D-01   0.1810639746307D-01   0.2198510879259D-01
  -0.1555923072418D-01  -0.1334868942658D+00  -0.5858639932823D-01
  -0.1505010369084D-02   0.6321095096860D-01   0.5819749134004D-01
  -0.9180643663350D-02  -0.2715021514065D-01  -0.1791793160044D-02
   0.9074102579953D-01   0.5852246254772D-01  -0.2410003684703D-01
  -0.8152470148187D-03   0.1843446248756D-01   0.6811175725683D-02
  -0.3849405879086D-03  -0.3898218874978D-02  -0.2917838604745D-02
  -0.2552461782159D-02   0.7491839923913D-03   0.4935356746465D-03
  -0.1974580368964D-02   0.5614024921431D-02   0.5744041849455D-02
  -0.7047909036884D-01  -0.4699492702564D-01   0.2167155071187D-01
   0.4915478429995D-01  -0.2872427001562D-01   0.1419273215296D+00
   0.8180717176113D-02   0.9670801097875D-02  -0.8898586521087D-02
   0.5243552707769D-01   0.7601088020207D-01   0.2646025053834D-01
  -0.4098733325647D-01  -0.4251934227698D-01  -0.3961802515856D-01
  -0.2928104098892D-02  -0.6813063366153D-02   0.1274547449614D-01
   0.2437707243641D-02  -0.3427269056408D-02  -0.1528889064901D-02
   0.9755483275828D-03  -0.2354815706687D-01  -0.1554300363086D-01
  -0.3804948490818D-02  -0.3245429265814D-02  -0.1457584702961D-03
  -0.1683609507998D-02   0.3624577346570D-02  -0.3088991872377D-02
  -0.1459831980060D-02   0.1817218762895D-02  -0.7534053146485D-02
  -0.9190290326036D-03  -0.3301474310378D-02  -0.1689428968404D-02
   0.2241966006301D-02   0.1585662550313D-01   0.1014509030304D+00
   0.5467365608221D-01  -0.1285783239371D-01  -0.4798054150590D-01
  -0.1814007204513D+00   0.2657523096856D-01  -0.1713302382021D-01
   0.1001026900609D+00  -0.3996521773642D-01   0.1280300629693D+00
  -0.1832114824263D-01  -0.3896236462082D-01  -0.4237907461991D+00
   0.7614262196154D-01  -0.7260370816704D-02   0.1100052049373D+00
  -0.1555097744858D-01  -0.4881618440999D-01  -0.3708852061658D-01
   0.1637012715049D-02  -0.3122129555818D-02  -0.1135195467159D-02
  -0.1681894947750D+00   0.6703046382106D-01   0.3533581454551D+00
   0.1206608943921D+00  -0.2101647770581D-01  -0.2555243335517D-01
  -0.3129523537455D-01   0.2938333339707D-01  -0.5046691482797D-01
   0.1137630806480D+00   0.5993306996264D-02   0.3384284622485D-02
  -0.6304505136082D-01  -0.7803735367977D-02  -0.1066623480782D+00
  -0.7994832832292D-01   0.1884591287396D+00  -0.1434581128004D+00
   0.1332500289732D+00  -0.2300367710720D+00   0.2421446418172D+00
  -0.4886341950566D-01   0.1933688724423D+00  -0.1642770022687D+00
   0.8665078790066D-02  -0.7977386551291D-01   0.1682884249946D-01
  -0.4311722186818D-01  -0.2484013968604D-01   0.5483652389012D-02
   0.1626579607609D+00   0.1186747815745D-01   0.4892573988743D-01
  -0.8825613535468D-01   0.3158567169642D-01  -0.4121523475921D-01
  -0.3030632139408D-01   0.1170923510556D-01  -0.7177763883906D-01
   0.3631909718724D-01  -0.2374979606280D-02   0.6065374125388D-01
  -0.6816097911317D-02  -0.2867874741019D-01   0.1234397173543D-01
   0.1921140137716D-01  -0.1067843247489D+00   0.1579664473753D+00
  -0.5775888101609D-03   0.2395480729974D-01  -0.2977180090959D-01
  -0.3625490852412D-02   0.1183799040078D-01   0.6268817312051D-02
  -0.6007830160441D-01  -0.1801427576975D-01  -0.5704510984205D-01
  -0.6404333140933D-01   0.5159878597560D-01   0.6312748366224D-01
   0.1616982477219D+00  -0.6750049401794D-01  -0.1274849549018D+00
  -0.1192379855449D+00   0.8344163949904D-01   0.3428486996077D-01
   0.2565226039685D+00  -0.1771033072895D+00  -0.8340571503436D-01
  -0.1253088532463D+00  -0.1482973462071D-01   0.2804611655754D-01
   0.1122748433306D+00   0.7494878717104D-01  -0.2185716005099D-01
  -0.3240917914455D-02  -0.4791912144121D-01  -0.1468873864594D-01
  -0.2319571345843D-01   0.3768779035835D-01   0.2916950801965D-01
  -0.1780510178940D+00   0.1133908655920D+00   0.5002719466193D-01
  -0.7119390257851D-02   0.4124943181543D-02  -0.5095544038833D-02
   0.2443643038393D-01  -0.3325017447201D-03  -0.2826421105050D-01
  -0.1765319308185D-01  -0.1516649960332D-02   0.1333215633745D-01
  -0.6770653583666D-02  -0.1373989117258D-01   0.2183868617691D-01
  -0.8252374465389D-02   0.4764143484303D-02   0.8746607744639D-02
  -0.4491103489333D-02  -0.3573574173432D-02  -0.1043350446955D-01
  -0.1694803002990D+00   0.6745623452220D-02   0.5725500431077D-01
   0.1201896586090D+00   0.2689284434610D-01  -0.5293247644383D-02
   0.9568939745054D-02  -0.7318355275072D-02  -0.2043557071908D-02
   0.3340711972539D-02   0.3923408331700D-01  -0.1921785980312D-01
  -0.4577145008571D-02  -0.2506278243109D-01   0.1554198930529D-01
   0.4993546245265D-02  -0.3338908365757D-02   0.8520408082558D-02
  -0.7852581872084D-03  -0.2662240840973D-03  -0.2674917448550D-02
  -0.2966571937912D-02  -0.1282627716499D-02  -0.1442449813720D-02
   0.8703638437434D-02  -0.7002976384166D-02   0.1082551218026D-01
  -0.3546589318043D-02  -0.4816428265093D-02  -0.3026626446279D-02
   0.5195245352328D-02  -0.3695332853118D-02   0.2964204392332D-02
  -0.2854603250903D-02  -0.2936166129705D-02   0.2347504569077D-02
   0.3251845137113D-01  -0.9366947722761D-01  -0.1061588131240D+00
  -0.1729405647140D-01   0.6077453965454D-02  -0.1129668724630D-01
   0.9782429239657D-01   0.1149240633183D+00  -0.5595945895168D-01
  -0.6756544791571D-01  -0.3735041055310D-01   0.6022313448889D-01
   0.1885001926391D-01  -0.3996025852397D-02   0.3882668696509D-02
  -0.1030754941227D-01   0.5005446472119D-02   0.9375775707482D-02
   0.9500054660390D-01  -0.6988941533581D-01  -0.1044959965291D+00
  -0.6742029828504D-01   0.2219625417471D-01   0.1706749875247D-01
  -0.3827691569264D-01   0.5621110408085D-01   0.9664431299442D-01
  -0.9298239756065D-02  -0.1218539619814D-01   0.1076621608801D-01
  -0.1936693962536D-02  -0.4335360028564D-03   0.3013920226923D-02
  -0.1024978522876D-02  -0.5370715328751D-02   0.1061664278217D-02
   0.3202840171174D-02   0.1314020313659D-02   0.1009642591156D-02
   0.2030599755853D-02   0.3306757196663D-02  -0.2071953127867D-02
   0.1906830398489D-02  -0.3602310202321D-02   0.2299857156544D-02
   0.1855619476489D-01  -0.6363416376921D-02  -0.5578700824736D-02
  -0.8289000653356D-02  -0.3843971879359D-02  -0.1494268388121D-01
   0.1613660628449D-01  -0.1161367849243D-02   0.1374753065096D+00
  -0.1276625902318D-01   0.3408790816879D-02   0.8969156782549D-02
  -0.3839435396529D-02  -0.1260089283980D+00   0.4355659188955D-02
  -0.1326142589314D-02   0.4357924771774D-01  -0.3143096196930D-01
   0.9895647599581D-02  -0.5817317934612D-02   0.2824237932267D-02
  -0.8544829120461D-02   0.1741156025287D-01  -0.4511313351390D-02
   0.1604112121607D-01  -0.1352056181480D-01   0.5673891717802D-02
   0.9010937721062D-02   0.6370801890173D-02   0.1323483711304D-02
   0.3090964856229D-01   0.4593893083020D-02   0.2954914097927D-01
   0.1353816380030D-02   0.1484223571620D-01   0.1703716810116D-02
   0.1293431164025D-02  -0.1828311419610D-03  -0.1624554094541D-02
  -0.6654772886148D-03  -0.8640217304626D-03  -0.8936147951660D-05
  -0.3298068149616D-02  -0.1534948686135D-02  -0.1571013977607D-02
  -0.2574665539100D-02  -0.3680268201944D-02  -0.6891015060576D-03
  -0.1610751715624D-02   0.3771769706321D-03   0.3251828570516D-02
  -0.1087039478345D-02  -0.1499886644840D-02  -0.1877497872997D-02
  -0.6602614270592D-03   0.4839808122738D-02  -0.5107297922335D-02
   0.1144275960665D-03   0.2126367786081D-02  -0.3603944026012D-02
   0.4011861738033D-02  -0.5082185135349D-02  -0.9954421838607D-03
  -0.9029987105227D-02  -0.1280129691880D-01  -0.7058675690057D-02
  -0.9540321460607D-02  -0.1041702567382D-02  -0.2037975268329D-01
  -0.4693491877381D-02   0.2422567416220D-02  -0.5392914980587D-03
   0.2136694215002D-01   0.6127098279204D-01   0.1146262455456D+00
  -0.1911625148027D-01  -0.8825818602499D-03   0.1849617018530D-02
  -0.4670911856384D-01  -0.1060667413251D+00   0.2284262865090D-01
   0.1480197739001D-01   0.2910437603841D-01  -0.2592790953775D-01
   0.1539871308203D-01  -0.2842735871150D-02  -0.2847665403776D-02
   0.1578114171586D-02   0.8010460438121D-02   0.4295410229204D-03
  -0.3554644943342D-02  -0.2200986921099D-02   0.9699182255335D-02
   0.1715511652029D-02   0.4603552427418D-02   0.4635517804885D-02
  -0.7305160347207D-02  -0.2086570340725D-01   0.7850026620653D-03
   0.5747033754096D-02   0.1936974681610D-01   0.5932111854310D-02
  -0.3297601332054D-02  -0.1078716359825D-01  -0.4306518622126D-01
   0.1062056381378D-01   0.1277829621408D-01   0.1986047915733D-01
   0.5449062073782D-02   0.9111355670886D-03   0.1055151985642D-01
  -0.3445996664199D-03  -0.4599798561230D-03  -0.1702457964470D-02
  -0.2307691446786D-03   0.2570199614583D-02   0.2131664618151D-02
   0.5063711078245D-02  -0.1108819232797D-02   0.1834496181415D-02
   0.2002047169849D-02   0.4287954368696D-02  -0.3669055484063D-02
   0.2547196223506D-03  -0.2379642172004D-02  -0.1957841150701D-02
   0.2233791466637D-02   0.6346393787857D-02  -0.2403502199011D-02
  -0.6629475570800D-03  -0.2149598388696D-02   0.1621467274782D-02
  -0.8777254361626D-02  -0.1064985164543D-01   0.5745089139501D-02
   0.5938893707259D-01   0.2548784743902D-01   0.1032426433792D+00
  -0.7402763205683D-02   0.7138661586332D-02  -0.6218165021894D-02
  -0.8119001801881D-01  -0.1016291362381D+00   0.3405608898989D-01
   0.2831039845069D-01   0.5195067293536D-01   0.1472930418688D-01
   0.1268361398948D-02   0.1269331910436D-01   0.1548162517312D-02
   0.1187568895656D-01  -0.9472518640194D-01   0.2215698468642D-01
   0.1844106920914D-02   0.3630811165019D-01  -0.3549259645152D-01
  -0.7465679902908D-02   0.7996012512010D-01  -0.7467606681254D-02
   0.1262965993305D-01   0.1692078085238D-01  -0.7142919439869D-02
   0.7169378984146D-02  -0.3899381005768D-02  -0.2358252359371D-02
   0.1103146809541D-02  -0.9604302407993D-03   0.8346732473215D-03
   0.5251908493467D-02  -0.1442704100204D-03   0.4341425946932D-02
  -0.7938526673687D-03  -0.3266379613993D-02   0.4394147588546D-02
   0.1985931683439D-02  -0.1747609431108D-01   0.1849490264893D-01
   0.6942274811519D-01   0.5021574580547D-01  -0.6147382805361D-01
  -0.7336403091432D-02   0.1090937786790D-01   0.1231899082414D-01
   0.6699626784124D-01  -0.8546908686829D-01  -0.1190514226475D+00
  -0.1609087411286D-01   0.2919774799138D-01   0.9441235136501D-01
   0.4420640669826D-02   0.3330815312402D-02   0.1099600322585D-02
  -0.5289546380909D-02  -0.1804374990573D-02   0.1441318079863D-02
   0.6757248713314D-02   0.8262632352936D-05  -0.4465620416355D-02
  -0.5217578516073D-03  -0.4474538447341D-02  -0.2983041858402D-03
  -0.1974658575704D-02   0.1614607380541D-02  -0.6916545582021D-02
  -0.5763293906508D-02  -0.1156613138244D-01  -0.2330154592239D-02
  -0.4977948941004D-02  -0.4425418765316D-02  -0.2894185646597D-02
  -0.6084656989078D-03  -0.1169747379393D-02  -0.3988949723471D-02
  -0.3075261908482D-03   0.5108125281962D-03  -0.1400167423289D-02
   0.1482019819568D-02   0.2251933429148D-02   0.1465897670652D-02
  -0.1152403706432D-02  -0.6652093032813D-03  -0.8397705163493D-03
  -0.7942314189249D-03   0.4858128935709D-03  -0.5832689282970D-03
  -0.1322449529156D-03   0.4962007179431D-02   0.3408484211953D-02
   0.1256201448818D-03   0.5235072544312D-02   0.1102670932701D-02
   0.6244085203324D-03   0.4320246811652D-03   0.2435765701350D-02
  -0.2975982332707D-03  -0.5575191956460D-03  -0.1734963752462D-02
   0.5050228276094D-03  -0.2102809900155D-02  -0.1443562737488D-02
  -0.2026316989070D-02  -0.1610302621315D-02   0.7865224371654D-02
  -0.8393308786993D-01   0.2126246441129D-01  -0.2011447900911D+00
   0.1217240492363D+00   0.7656342858928D-02   0.1588661404919D+00
  -0.7214859191183D-01   0.1563156675836D+00  -0.1342343035147D+00
   0.2556801892966D-01  -0.1297847370168D+00   0.1085052517227D+00
   0.1895668781789D+00   0.4311765081215D+00   0.3953875630559D-01
   0.3749947227455D-01  -0.1232864644580D+00   0.3559796339033D-01
   0.6877957991544D-01   0.3040868059232D-01  -0.3757864390007D+00
  -0.2801436536141D-01  -0.1456492265545D-01   0.6584232194540D-01
  -0.2879113343547D-03  -0.3626655805310D-02  -0.4036736966255D-01
  -0.2258779666807D+00  -0.3191251224874D+00  -0.7905437052411D-01
  -0.2942002998174D-01   0.8469395377484D-01  -0.4331526385181D-02
  -0.1880780290246D-01   0.2156503341365D-01   0.5258096209134D-01
   0.4626044389946D-02  -0.7063341033340D-01   0.3097218997472D+00
  -0.3193775434096D-01  -0.2288755609275D-01   0.9187929122080D-02
  -0.1314356445686D+00  -0.8133694526850D-02  -0.5992398083304D-01
  -0.1225713321955D-01  -0.2715008018060D-02  -0.5278353590329D-02
   0.6215250485518D-01   0.9908580042412D-01  -0.2667710733068D-01
   0.6941049624159D-03  -0.4857693686779D-01   0.3750302456873D-01
  -0.5803743148378D-02  -0.3361991545570D-02  -0.7495216762554D-02
   0.5017107632850D-01  -0.2280122925927D-01  -0.1578868156983D-01
  -0.4396018921498D-03   0.5059375757464D-02  -0.1632390114195D-02
  -0.5922662582354D-01   0.9359403202381D-02   0.2151972735778D-01
   0.1133206245292D-02  -0.1727468681767D-01   0.5189479591852D-02
   0.8794349108165D-03  -0.1806733636422D-02   0.9393722709502D-03
   0.1425281038083D-02   0.3322918570652D-03  -0.4822978810906D-03
   0.2458422475265D-02  -0.2616370791203D-02   0.3445010839441D-02
  -0.9197564838727D-01  -0.4767025047727D-01  -0.1115966302026D+00
  -0.1252383135332D-01   0.3698073377874D-02   0.5025398129241D-02
   0.2414852152109D-01   0.1237177764525D+00  -0.3537217374790D-01
   0.2147950610296D-02  -0.4821551568157D-01   0.4639255230857D-01
   0.9506384068871D-02  -0.8979880461887D-02  -0.7010978981150D-03
  -0.9423491652276D-02   0.8731844652552D-02  -0.3761531183035D-02
  -0.6219165443782D-02   0.4817455877136D-03  -0.2985251191809D-02
   0.1230891786852D-01  -0.1628945506736D-01  -0.1761573050945D-02
   0.9811482400372D-02  -0.1491070559244D-01   0.2001916538923D-02
   0.1744970080882D-02   0.1931202663035D-02  -0.2681449226663D-02
  -0.6109708560586D-02   0.6654954012246D-02  -0.3468487306054D-02
   0.5994613039733D-02   0.3616404355021D-02  -0.6382455067543D-03
   0.3051443522521D-03   0.3714794399744D-03  -0.1186042100149D-03
   0.2061403021289D-02   0.1136125764215D-02  -0.2855788525369D-02
   0.4965815111872D-02   0.2000937041798D-02   0.1015327301581D-02
   0.5911310196604D-03  -0.4572482447239D-02  -0.2051792810478D-03
   0.5161715598662D-03  -0.6012364932768D-04   0.3144623528459D-02
  -0.5013838271910D-02   0.1202275657826D-02   0.8759901442561D-02
   0.1115167647867D-02  -0.2356780902522D-02   0.1729101295493D-02
   0.8363616139780D-01  -0.4440442434045D-01   0.9224916063425D-01
  -0.6027659943287D-01  -0.3018573159769D-01  -0.3606668708443D-02
   0.1238745972052D+00   0.2176452729342D-01   0.5597538207092D-01
  -0.4430776161627D-01  -0.5764614524250D-01   0.6020769346960D-02
   0.7705843943791D-01   0.4828854792198D-01   0.1002420075754D+00
  -0.2777158014759D-01  -0.6582408948883D-01  -0.2490741470484D-02
   0.2165889948112D-01   0.6586745718811D-01  -0.1177245839346D-01
  -0.4984933716070D-01   0.4401920681200D-01  -0.1196117789598D+00
   0.4436290543361D-01  -0.2722045656362D-01  -0.3990059393884D-01
  -0.2418631895973D-01   0.9499376383777D-01   0.9669899629832D-01
  -0.2403454549504D-01  -0.6426070912647D-01  -0.1633776278328D-02
  -0.2702061612307D-01  -0.1090784050379D-01  -0.1359555674178D+00
   0.4287528340917D-02   0.6994730568206D-01   0.1844739210087D-01
  -0.2156662611377D-01  -0.3295188321836D-01  -0.1329174898505D+00
   0.2883178770918D-01   0.6764342215233D-01   0.5028787880705D-02
  -0.7445545173070D-01  -0.2550957255145D-01  -0.1147530394001D+00
  -0.4684662948007D-01   0.4757456573304D-01   0.1979669674826D-01
$end                                                                            
