           2           1   1.01834504666268     
           3           2  0.935372681484269     
           4           3   1.59005322372194     
           5           2  0.970233091818005     
           6           5   1.00007708189245     
           7           6  0.997890445333653     
           8           7  0.981405575335677     
           9           8   1.31083917705051     
          10           9   1.31429684895202     
          11           9   1.31677483663069     
          12           1  0.945292527923234     
          13           2  0.956019108580818     
          14           5  0.977058579547018     
          15           5  0.973756994829565     
          16           6  0.968872714423564     
          17           6  0.973056112771388     
          18           7  0.961394689043131     
          19           7  0.968061252745362     
          20           8  0.912383966375846     
          21          10  0.921804747897532     
          22          10  0.912340510937758     
          23          11  0.919926196042552     
          24          11  0.912471067978614     
          25           3   1.31444351916910     
          26          25  0.979994422772852     
          27          26  0.938159291555328     
          28          27   1.60506812916455     
          29          26  0.973238227460564     
          30          29   1.00779687127171     
          31          30  0.890095588708585     
          32          31   1.50867388846726     
          33          31   1.49220773011519     
          34          25  0.909281508343061     
          35          26  0.923532595055004     
          36          29  0.971091021953601     
          37          29  0.973206929800242     
          38          30  0.974587965157896     
          39          30  0.983009170709390     
          40          27   1.29799286351694     
          41          40  0.971689065146648     
          42          41  0.942341169018254     
          43          42   1.60606803582149     
          44          41  0.978558685649842     
          45          44   1.00091797922510     
          46          45  0.906000791036452     
          47          46   1.49935916983853     
          48          46   1.51058070560905     
          49          40  0.906508925551902     
          50          41  0.952356728802375     
          51          44  0.970740583439256     
          52          44  0.973644181437536     
          53          45  0.971015746254935     
          54          45  0.969192280778185     
          55          42   1.29259254360246     
          56          55  0.973324752580345     
          57          56  0.937944295065371     
          58          57   1.63702662510896     
          59          56  0.985178951487423     
          60          59   1.00614240195751     
          61          60  0.896737579080130     
          62          61   1.49320582106159     
          63          61   1.52019240105074     
          64          55  0.924949507703445     
          65          56  0.952355876882305     
          66          59  0.970900153259424     
          67          59  0.971396949411067     
          68          60  0.976447941299478     
          69          60  0.968469077241846     
          70          57   1.28572537252698     
          71          70  0.980995619608496     
          72          71  0.925016465477660     
          73          72   1.61321006416297     
          74          71  0.970706131800775     
          75          74   1.01380964362503     
          76          70  0.905622520462826     
          77          71  0.931098475448184     
          78          74  0.964182154532848     
          79          74  0.962594014906818     
          80          75  0.884095494736349     
          81          72   1.32274181866166     
          82          81  0.969635681957364     
          83          82  0.944328696691215     
          84          83   1.61485939137091     
          85          82  0.995412449714208     
          86          81  0.866409093553695     
          87          82  0.958861854305674     
          88          85  0.981700401843519     
          89          85  0.981111111822386     
          90          85  0.970147753678732     
          91          83   1.30489413160246     
          92          91  0.985188768308057     
          93          92  0.919389031948390     
          94          93   1.65550804467037     
          95          92   1.00224414938468     
          96          91  0.909624969127995     
          97          92  0.915865469742948     
          98          95  0.978948600138419     
          99          95  0.982064674650257     
         100          95  0.982588853452484     
         101          93   1.28092516282246     
         102         101  0.964646026667368     
         103         102  0.933076825559247     
         104         103   1.60972439107139     
         105         102  0.997137552511969     
         106         101  0.925786581014464     
         107         102  0.955346549252851     
         108         105  0.977445000777261     
         109         105  0.978615533110366     
         110         105  0.974484942077925     
         111         103   1.31504237516777     
         112         111  0.959849616326426     
         113         112  0.940851556719897     
         114         113   1.62106159649412     
         115         112   1.00209715096073     
         116         111  0.923486077127338     
         117         112  0.929294107944278     
         118         115  0.979629766191994     
         119         115  0.979655714815427     
         120         115  0.980685339797430     
         121         113   1.29601439191032     
         122         121  0.974242455650515     
         123         122  0.938666856678552     
         124         123   1.64011792647249     
         125         122  0.980113592053624     
         126         125   1.00391928838667     
         127         126  0.906610507759020     
         128         127   1.50270171535845     
         129         127   1.50407313123166     
         130         121  0.919272262749735     
         131         122  0.945128185919157     
         132         125  0.965781002939954     
         133         125  0.967995815363103     
         134         126  0.981744439747318     
         135         126  0.963485819331470     
         136         123   1.29308897906646     
         137         136  0.974578591922143     
         138         137  0.946192672579101     
         139         138   1.57048129446509     
         140         137  0.958161064069778     
         141         140   1.00447274509464     
         142         140   1.00706279964159     
         143         136  0.930641836599622     
         144         137  0.941416380659248     
         145         140  0.964472397191514     
         146         141  0.982221843609672     
         147         141  0.982116449228544     
         148         141  0.984062060495374     
         149         142  0.983330326458095     
         150         142  0.982612110832750     
         151         142  0.986007090621744     
         152         138   1.32818220350438     
         153         152  0.968565859001737     
         154         153  0.937064089696410     
         155         154   1.59170566130597     
         156         153  0.984926785983338     
         157         156   1.00188554468276     
         158         157  0.901807871195967     
         159         158   1.51512089217694     
         160         158   1.49303287632995     
         161         152  0.898247498545375     
         162         153  0.951212085482876     
         163         156  0.970525491383145     
         164         156  0.974509901628499     
         165         157  0.965428469603209     
         166         157  0.964723308193165     
         167         154   1.30153180821163     
         168         167  0.966635813196363     
         169         168  0.947565098789067     
         170         169   1.58031251472872     
         171         168  0.974287625326849     
         172         171   1.00214658286381     
         173         172  0.901183841382074     
         174         173   1.52567249544513     
         175         173   1.48686940629295     
         176         167  0.899569651950518     
         177         168  0.942770674304756     
         178         171  0.973902544799210     
         179         171  0.969349150424072     
         180         172  0.957370586164332     
         181         172  0.973607007126795     
         182         169   1.33357613281035     
         183         182  0.973490386578719     
         184         183  0.927808693001745     
         185         184   1.62979133299848     
         186         183  0.987048993075058     
         187         186   1.00230005605794     
         188         187   1.00903674916253     
         189         188  0.979889633554079     
         190         189   1.31987711772667     
         191         190   1.32335311602699     
         192         190   1.30162167216474     
         193         182  0.901399823414681     
         194         183  0.950946735574690     
         195         186  0.964632643693467     
         196         186  0.965238844505890     
         197         187  0.963986829919201     
         198         187  0.968424830483952     
         199         188  0.960802964424024     
         200         188  0.957355917625182     
         201         189  0.915038800523550     
         202         191  0.912120645503469     
         203         191  0.913628632298585     
         204         192  0.923045054716875     
         205         192  0.914365638143997     
         206         184   1.30110305738065     
         207         206  0.994463718491369     
         208         207  0.933710989518902     
         209         208   1.62608111702141     
         210         207  0.973651201153671     
         211         210  0.986377286676901     
         212         210  0.991289675085433     
         213         206  0.918640253768609     
         214         207  0.923983834199216     
         215         210  0.960524008779694     
         216         211  0.868944855006313     
         217         212  0.983585978708617     
         218         212  0.981303150081082     
         219         212  0.979595000906596     
         220         208   1.30338016022059     
         221         220  0.975254021296110     
         222         221  0.930695120366233     
         223         222   1.62129646423408     
         224         221  0.982294297203277     
         225         224   1.00535542622977     
         226         225   1.00257080024124     
         227         226  0.980461249671350     
         228         227   1.31962634310056     
         229         228   1.30669927065601     
         230         228   1.31339708217495     
         231         220  0.892751582227325     
         232         221  0.955816179361421     
         233         224  0.973560054359233     
         234         224  0.952147856460407     
         235         225  0.966260442710190     
         236         225  0.969612702800002     
         237         226  0.955935975697650     
         238         226  0.963593928367802     
         239         227  0.904238033724471     
         240         229  0.921594595994824     
         241         229  0.931658483074430     
         242         230  0.905727824770947     
         243         230  0.921633477491498     
         244         222   1.31700528731291     
         245         244  0.967262769291706     
         246         245  0.970093625465647     
         247         246   1.89336904569973     
         248         245  0.971713115404305     
         249         248   1.00382972435962     
         250         249   1.00956470881366     
         251         250   1.01323940559928     
         252         251  0.948159863661800     
         253         244  0.897504215931681     
         254         245  0.943905495199921     
         255         248  0.959930055666214     
         256         248  0.969264753279693     
         257         249  0.972531023499540     
         258         249  0.970601354308318     
         259         250  0.959211804790736     
         260         250  0.967908912991122     
         261         251  0.957171555606302     
         262         251  0.963466375874963     
         263         252  0.896788491726728     
         264         252  0.906141066667209     
         265         252  0.887558780702699     
         266           1  0.961185211008382     
         267         246  0.955959112170170     
