   -0.40162882
    0.02463016
    0.27329711
   -0.49528319
    0.11531620
   -0.50762024
   -0.11853467
    0.17986649
    0.04656752
    0.02079476
    0.33106599
    0.04808635
    0.04913231
    0.04102936
   -0.18150408
    0.02953094
    0.27243106
   -0.48451720
   -0.07150389
    0.01039114
   -0.03710489
   -0.04148006
   -0.03038622
   -0.03301050
   -0.03420014
    0.22076617
    0.07419459
    0.04574130
    0.06910419
    0.03469110
    0.03066780
    0.02706157
    0.03629217
    0.03847801
   -0.18457627
    0.02159216
    0.27123235
   -0.49586192
   -0.01494908
   -0.05990885
   -0.12053654
   -0.11377259
    0.21754110
    0.09110904
    0.02414623
    0.02093614
    0.04980100
    0.06410774
    0.03377100
    0.05910931
    0.04139071
    0.05173921
    0.04066214
   -0.18387768
    0.02349802
    0.26371753
   -0.46268942
   -0.12620569
    0.23638087
    0.05891715
    0.06219744
    0.05532176
    0.07468081
   -0.15473352
    0.01125733
    0.27381917
   -0.50015918
   -0.02188770
   -0.06980067
   -0.12287260
   -0.11070100
    0.20140023
    0.08181419
    0.04958087
    0.05024248
    0.03516327
    0.05533159
    0.04231690
    0.05447305
    0.04263050
    0.03642322
    0.04480133
   -0.15786255
    0.01996788
    0.19725072
   -0.38022422
   -0.08702470
   -0.08206093
   -0.10351956
   -0.05014926
   -0.14150664
    0.21818439
    0.10292238
    0.07832709
    0.08610019
    0.06500923
    0.06055451
    0.08759196
    0.08497998
    0.11606814
    0.11173179
    0.30198627
    0.29501684
    0.29507915
   -0.39504543
    0.03081108
    0.20356411
   -0.38167079
   -0.02394309
   -0.06106255
   -0.11111999
   -0.11012998
    0.16629064
    0.05174236
    0.04883664
    0.04031966
    0.03633744
    0.05764606
    0.02829094
    0.04485573
    0.04166606
    0.04421847
    0.03867156
   -0.38763204
    0.04266008
    0.20082442
   -0.38754911
   -0.06686546
    0.01369384
   -0.04153610
   -0.04299131
   -0.03419021
   -0.03684099
   -0.03533733
    0.16976468
    0.05659627
    0.05030722
    0.03998462
    0.04685239
    0.03123466
    0.03839658
    0.03342947
    0.04587950
   -0.40719928
    0.03293430
    0.27393496
   -0.49390279
   -0.07094304
    0.05720708
   -0.31347730
   -0.02622307
    0.10286756
   -0.07925769
    0.17239073
    0.02420107
    0.06183835
    0.06012232
    0.06366918
    0.01728216
    0.19880491
   -0.17375335
    0.02439718
    0.19583694
   -0.36574099
   -0.07588552
   -0.00150205
   -0.04054227
   -0.04669254
   -0.06480651
   -0.08006142
    0.13771860
   -0.41358681
    0.21817877
    0.11136583
    0.05891081
    0.08474158
    0.04237363
    0.03773971
    0.07705488
    0.05195505
    0.35853174
   -0.39328428
    0.03659256
    0.27740278
   -0.49099886
   -0.10397825
    0.16052100
    0.03697736
    0.02735089
    0.04974383
    0.04606613
   -0.19066078
    0.02496338
    0.27271525
   -0.46955103
   -0.06233056
   -0.00569791
   -0.21179340
   -0.06340815
    0.22697767
    0.06103043
    0.06661586
    0.05294328
    0.05175813
    0.04662564
    0.08381211
    0.05372358
    0.05830360
   -0.17357023
    0.01672203
    0.27053062
   -0.50092852
   -0.01641106
   -0.11760114
   -0.10965449
    0.20055693
    0.08789256
    0.04658776
    0.05869793
    0.02976930
    0.05713781
    0.05288479
    0.03975155
    0.03433616
   -0.17386270
    0.02336261
    0.19410250
   -0.35822899
   -0.06059177
   -0.03199771
   -0.00940362
   -0.02279684
   -0.10501185
    0.04945787
   -0.04365541
   -0.05329263
   -0.04544546
   -0.04022563
    0.22615847
    0.09352803
    0.06505029
    0.06847399
    0.03677014
    0.19082657
    0.02538760
    0.03862365
    0.01939283
    0.02730395
   -0.38332360
    0.02553605
    0.19462506
   -0.36015488
   -0.02089766
   -0.11838298
   -0.11960923
    0.16536005
    0.06429348
    0.04867826
    0.04278580
    0.04091244
    0.05005942
    0.04747810
    0.05000891
    0.04120948
   -0.38658213
   -0.01009104
    0.26336646
   -0.50273751
    0.15632300
    0.04897252
    0.05224235
   -0.16307274
    0.02109417
    0.20366349
   -0.36555846
   -0.08365435
   -0.09234451
   -0.02755799
   -0.14864300
    0.22634470
   -0.24549943
   -0.26358326
    0.23419844
    0.09711594
    0.08226079
    0.07887695
    0.09082124
    0.07914914
    0.07705466
    0.09021353
    0.23513001
    0.25188839
    0.23573739
    0.24982352
    0.24731632
   -0.40512227
    0.04465126
    0.19980081
   -0.39176059
   -0.06359907
   -0.01314940
   -0.10865591
   -0.11011963
    0.18048392
    0.04812276
    0.04670879
    0.04097782
    0.05461187
    0.04010872
    0.04103971
    0.02976728
    0.03558725
    0.04554240
    0.02882479
   -0.36958918
    0.01449005
    0.26414886
   -0.46927886
   -0.01247431
   -0.27842136
    0.16922266
    0.06552232
    0.04613089
    0.05315447
    0.15410313
   -0.17809135
    0.00990161
    0.26226486
   -0.50530254
   -0.08757125
    0.04573835
   -0.28647418
   -0.01592827
    0.08587689
   -0.11246334
    0.22542720
    0.11039414
    0.10328967
    0.05676618
    0.02238662
    0.03918328
    0.19025639
   -0.16747673
   -0.03237995
    0.27048861
   -0.48792466
    0.24049158
    0.09121511
    0.09637918
   -0.16027065
    0.01883605
    0.27059852
   -0.46180701
    0.07070768
   -0.46394276
    0.22825296
    0.05972163
    0.08563933
    0.02189088
    0.31664522
   -0.17622652
    0.02674148
    0.21056311
   -0.37130534
   -0.10821589
    0.36874274
   -0.61247482
   -0.62150227
    0.21469771
    0.11929919
    0.07430948
    0.07350543
   -0.39210924
    0.04066828
    0.26269178
   -0.51271177
   -0.09079629
    0.29129116
   -0.52408296
   -0.31862936
    0.16697067
    0.05059995
    0.06346496
    0.04574625
    0.21658566
    0.25109706
   -0.16837246
    0.03180602
    0.20808192
   -0.34693332
   -0.13588494
    0.23128453
    0.08332672
    0.07651372
    0.08514380
    0.08460329
   -0.41419880
    0.04006838
    0.26288819
   -0.51811506
   -0.03966937
   -0.07747227
    0.37691015
   -0.58889048
   -0.62671695
    0.18573054
    0.02069208
    0.04232981
    0.02575051
    0.02453813
    0.03984912
   -0.17469971
    0.02962405
    0.20872563
   -0.35104698
   -0.02274872
   -0.06420428
   -0.11648353
   -0.11390461
    0.24130594
    0.07003108
    0.05821167
    0.04362716
    0.03875626
    0.06855076
    0.03716158
    0.04929805
    0.04363882
    0.04274141
    0.05353289
   -0.41405869
    0.03785131
    0.26978652
   -0.51828712
   -0.04922957
   -0.03751602
   -0.00309002
   -0.02258973
   -0.13706745
    0.04662647
   -0.04036409
   -0.05993175
   -0.05245674
   -0.04536082
    0.17647337
    0.03758634
    0.02940480
    0.02951280
    0.02822083
    0.19339997
    0.00906729
    0.03120125
    0.02398219
    0.03877366
   -0.15845907
    0.02823188
    0.19566584
   -0.36586108
   -0.07404232
    0.01770900
   -0.04287538
   -0.03354335
   -0.03158073
   -0.03215908
   -0.03444609
    0.22236551
    0.09229392
    0.07790331
    0.06587528
    0.04762344
    0.03116242
    0.04051523
    0.02494750
    0.02955248
   -0.62680435
    0.30958337
    0.28606331
   -0.64680538
    0.30758601
    0.29680279
   -0.63867607
    0.31311494
    0.31641853
   -0.65738568
    0.27975926
    0.31937319
   -0.61989239
    0.32325749
    0.32766940
   -0.62559328
    0.30823255
    0.34249501
   -0.63607453
    0.32256928
    0.32832996
    0.17631993
    0.08570776
    0.18257691
    0.06869454
    0.18464607
    0.07280072
    0.17418635
    0.07345863
    0.18380397
    0.08398776
    0.17689127
    0.08727585
    0.18294969
    0.07359093
    0.16893763
    0.07117249
    0.17040388
    0.06225879
    0.18346145
    0.07959785
    0.16652080
    0.06669874
    0.16935262
    0.08332230
