   -0.40371723
    0.02574328
    0.26200303
   -0.49433438
   -0.06679222
   -0.01168938
   -0.11474048
   -0.12685355
    0.15187395
    0.07518212
    0.02573069
    0.05837012
    0.02466036
    0.04270715
    0.02850982
    0.04953873
    0.05256136
    0.05729830
    0.04077029
   -0.17467727
    0.02375587
    0.29285472
   -0.48585928
    0.08314647
   -0.49038350
    0.22057609
    0.07927388
    0.04242070
    0.05172898
    0.35497675
   -0.18926295
    0.03896504
    0.27198519
   -0.50312297
   -0.10182161
    0.37218923
   -0.65760470
   -0.61259191
    0.20130602
    0.05634177
    0.04073678
    0.03914446
   -0.17154293
    0.02236795
    0.25657819
   -0.52235313
   -0.07455942
   -0.07554810
   -0.09510436
   -0.04662834
   -0.17071170
    0.21245577
    0.08428962
    0.05293855
    0.06531208
    0.04874021
    0.07191473
    0.08548368
    0.05925464
    0.10199868
    0.11800918
    0.31104571
    0.28932978
    0.26953444
   -0.09554356
    0.02028510
    0.27748810
   -0.50337245
   -0.07268281
   -0.07651753
   -0.02196913
    0.06060899
    0.06776953
    0.06949037
    0.08970000
    0.06433459
    0.08695179
    0.08401760
   -0.17177582
    0.02464643
    0.27544440
   -0.50345416
   -0.07836191
    0.00417529
   -0.03777188
   -0.05187481
   -0.03195899
   -0.03824837
   -0.03620286
    0.20879833
    0.08171925
    0.07041316
    0.07167626
    0.01956626
    0.04994471
    0.03167995
    0.06779671
    0.05313244
   -0.17031535
    0.04441905
    0.21290692
   -0.37154695
   -0.07603824
    0.01129093
   -0.03961432
   -0.03970776
   -0.03745028
   -0.03537059
   -0.04128310
    0.21611463
    0.08070051
    0.07893675
    0.07273843
    0.04110411
    0.03244178
    0.04052745
    0.03984838
    0.04419891
   -0.63928958
    0.32414185
    0.29966734
   -0.61712780
    0.35001884
    0.33802689
   -0.63257152
    0.30737959
    0.31840161
   -0.63349177
    0.31627993
    0.29902335
   -0.65066736
    0.31891586
    0.31466916
   -0.65343312
    0.32251735
    0.31010939
   -0.67495522
    0.32314356
    0.33019100
   -0.63706010
    0.30392799
    0.33301224
   -0.64796182
    0.34792606
    0.29944088
   -0.64232676
    0.31954723
    0.34432537
   -0.66143734
    0.32972386
    0.33988459
   -0.66402273
    0.33198859
    0.34159608
   -0.40506295
    0.02804659
    0.27268191
   -0.52002589
   -0.01714669
   -0.11449054
   -0.12575489
    0.17258624
    0.04370448
    0.04060788
    0.07691815
    0.01387382
    0.03313421
    0.07431694
    0.04519608
    0.05082935
   -0.17894373
    0.04441470
    0.20029898
   -0.38199926
   -0.05557440
   -0.09443832
    0.36922016
   -0.64566313
   -0.64052289
    0.22248394
    0.06170128
    0.06473066
    0.05025102
    0.04279987
    0.04316981
    0.18872747
    0.07132985
    0.18279524
    0.08877939
