           2           1   1.01657777285832     
           3           2  0.937430867146035     
           4           3   1.57138676411918     
           5           2  0.969456162795369     
           6           5   1.00348268492106     
           7           6  0.992940359040896     
           8           7  0.990220089491075     
           9           8   1.30912302591116     
          10           9   1.31940285400176     
          11           9   1.31750521200890     
          12           1  0.944496625930875     
          13           2  0.957681341045164     
          14           5  0.975137509272738     
          15           5  0.972295769172175     
          16           6  0.969343343621260     
          17           6  0.973538950497961     
          18           7  0.963283330228334     
          19           7  0.962491478285496     
          20           8  0.909981095052789     
          21          10  0.917506714469271     
          22          10  0.913779263984630     
          23          11  0.918775201781096     
          24          11  0.913069436588569     
          25           3   1.32486619903922     
          26          25  0.982551960729387     
          27          26  0.935076942622504     
          28          27   1.60603873605155     
          29          26  0.979167471103832     
          30          29  0.999860001808075     
          31          30  0.902920524372845     
          32          31   1.51810964219363     
          33          31   1.49193087956132     
          34          25  0.909751458479308     
          35          26  0.937861926284314     
          36          29  0.969623964071915     
          37          29  0.970293752375058     
          38          30  0.977164639420048     
          39          30  0.978315694304315     
          40          27   1.30179856796945     
          41          40  0.974502264887593     
          42          41  0.935740244734491     
          43          42   1.60933564826109     
          44          41  0.979536217991431     
          45          44   1.00226916497997     
          46          45  0.907753169753881     
          47          46   1.49849327976618     
          48          46   1.50944315040181     
          49          40  0.914084306394654     
          50          41  0.952932851642093     
          51          44  0.970231263640124     
          52          44  0.973427987364008     
          53          45  0.970952850433024     
          54          45  0.974290102106730     
          55          42   1.30069523139697     
          56          55  0.972527853668101     
          57          56  0.930793079208016     
          58          57   1.62687567873214     
          59          56  0.983625048150853     
          60          59   1.00506226628557     
          61          60  0.910069474476844     
          62          61   1.49002886473579     
          63          61   1.51231961388753     
          64          55  0.923195090684253     
          65          56  0.954008283379084     
          66          59  0.970520109478189     
          67          59  0.972170992863614     
          68          60  0.977150907322647     
          69          60  0.966697949549934     
          70          57   1.30781442510800     
          71          70  0.981449164280887     
          72          71  0.931092407755849     
          73          72   1.60917940549492     
          74          71  0.963594929883324     
          75          74   1.01794507489101     
          76          70  0.889449843700054     
          77          71  0.940350590976772     
          78          74  0.966368853509144     
          79          74  0.962883353504272     
          80          75  0.859279553933405     
          81          72   1.32503890772071     
          82          81  0.976655895954712     
          83          82  0.937825748750204     
          84          83   1.60498148841324     
          85          82  0.996625548410770     
          86          81  0.874324600384233     
          87          82  0.957272079045244     
          88          85  0.982077464657673     
          89          85  0.979541991363223     
          90          85  0.977235938499994     
          91          83   1.31856117018214     
          92          91  0.983364422657581     
          93          92  0.927908607527249     
          94          93   1.63845109716781     
          95          92   1.00020084123697     
          96          91  0.903613278991685     
          97          92  0.925544562852286     
          98          95  0.978256753339889     
          99          95  0.983008625424062     
         100          95  0.982942777088632     
         101          93   1.29751401121617     
         102         101  0.967457668435782     
         103         102  0.934226397554269     
         104         103   1.59875096368787     
         105         102  0.998688223713540     
         106         101  0.913268374517859     
         107         102  0.954048973040301     
         108         105  0.978886029488126     
         109         105  0.978855526544959     
         110         105  0.974526762285419     
         111         103   1.32400578533476     
         112         111  0.967589337066598     
         113         112  0.937049247860202     
         114         113   1.61417670183368     
         115         112  0.997824940707880     
         116         111  0.919990004794817     
         117         112  0.937263657558469     
         118         115  0.980686150887830     
         119         115  0.978591855853987     
         120         115  0.981583813769337     
         121         113   1.30463381607593     
         122         121  0.973803723809592     
         123         122  0.943261862985609     
         124         123   1.63291789215216     
         125         122  0.977094616060547     
         126         125   1.00632711777289     
         127         126  0.910154516218175     
         128         127   1.49929585258220     
         129         127   1.50453197880314     
         130         121  0.913274271968065     
         131         122  0.949098197608602     
         132         125  0.965259596730414     
         133         125  0.972149898244610     
         134         126  0.977011346624503     
         135         126  0.963077971439253     
         136         123   1.29775290212254     
         137         136  0.972095762728105     
         138         137  0.943736129195055     
         139         138   1.56202943067270     
         140         137  0.957292208493210     
         141         140   1.00548363090437     
         142         140   1.00792492666985     
         143         136  0.925583251530898     
         144         137  0.946722908605939     
         145         140  0.964904642857581     
         146         141  0.982539408797110     
         147         141  0.983212046832348     
         148         141  0.984115837310466     
         149         142  0.982750201115512     
         150         142  0.983650460173717     
         151         142  0.985941943950990     
         152         138   1.33929745085319     
         153         152  0.970969899369702     
         154         153  0.938093874767180     
         155         154   1.60632494046999     
         156         153  0.983353975940849     
         157         156   1.00965718209572     
         158         157  0.912701867478150     
         159         158   1.50394912041537     
         160         158   1.49536878622843     
         161         152  0.894476786905215     
         162         153  0.949440625056675     
         163         156  0.967243106545065     
         164         156  0.973534977650180     
         165         157  0.964945976769216     
         166         157  0.959736449225880     
         167         154   1.30733670074692     
         168         167  0.970825208787130     
         169         168  0.946485467492467     
         170         169   1.60237888824487     
         171         168  0.976258977585356     
         172         171   1.00616499230202     
         173         172  0.901304784569192     
         174         173   1.52754889330264     
         175         173   1.48282300930104     
         176         167  0.903269389162304     
         177         168  0.945709044430522     
         178         171  0.972736856260013     
         179         171  0.967873782013150     
         180         172  0.963078030180790     
         181         172  0.968937722597659     
         182         169   1.31378010878704     
         183         182  0.970589436075438     
         184         183  0.941294959040107     
         185         184   1.62029235870201     
         186         183  0.981649533263253     
         187         186   1.00314843174338     
         188         187   1.00601575614528     
         189         188  0.987555834189621     
         190         189   1.33694602061324     
         191         190   1.29881503631573     
         192         190   1.29496543484855     
         193         182  0.885486703877646     
         194         183  0.953808848027717     
         195         186  0.967608172102316     
         196         186  0.966025533806141     
         197         187  0.969361173189114     
         198         187  0.969449468862890     
         199         188  0.956071074094865     
         200         188  0.955546171790931     
         201         189  0.915121701630900     
         202         191  0.908984544730993     
         203         191  0.914000454417932     
         204         192  0.921210743232334     
         205         192  0.913272862179443     
         206         184   1.29225407476664     
         207         206  0.997116372231603     
         208         207  0.930309182909425     
         209         208   1.61656300495352     
         210         207  0.967855899413859     
         211         210  0.988824421063769     
         212         210  0.996046867872286     
         213         206  0.914156935904233     
         214         207  0.933672011901762     
         215         210  0.957826250190257     
         216         211  0.867467093505038     
         217         212  0.981665574116877     
         218         212  0.982868371436754     
         219         212  0.981503097802855     
         220         208   1.31997765342003     
         221         220  0.972034176086714     
         222         221  0.942024361087899     
         223         222   1.63057526286529     
         224         221  0.978659619228082     
         225         224   1.00500415972311     
         226         225   1.00079068276050     
         227         226  0.985084616885480     
         228         227   1.32879835096425     
         229         228   1.31396076373424     
         230         228   1.29594032644426     
         231         220  0.904838120455076     
         232         221  0.953818678697930     
         233         224  0.972329145203223     
         234         224  0.964156951709084     
         235         225  0.966882571581903     
         236         225  0.968726901000528     
         237         226  0.955080495587999     
         238         226  0.963149481229054     
         239         227  0.903218913325714     
         240         229  0.918152197107848     
         241         229  0.932101340431563     
         242         230  0.906188197147190     
         243         230  0.919892837887997     
         244         222   1.28640632758068     
         245         244  0.973697807153877     
         246         245  0.972599548139408     
         247         246   1.87996543793601     
         248         245  0.966987386180395     
         249         248   1.00486201363935     
         250         249   1.00765417233712     
         251         250   1.01184898023521     
         252         251  0.958424703033663     
         253         244  0.899216816931559     
         254         245  0.942492568410805     
         255         248  0.964715799225387     
         256         248  0.969221652422582     
         257         249  0.973074254130461     
         258         249  0.969371967795217     
         259         250  0.961727144192630     
         260         250  0.970001362850455     
         261         251  0.956918795366082     
         262         251  0.960730678984891     
         263         252  0.894642914405447     
         264         252  0.900036961841097     
         265         252  0.890140628005191     
         266           1  0.960792534181700     
         267         246  0.957497393814892     
