   -0.39147699
    0.00476639
    0.26687992
   -0.45126244
    0.06483797
   -0.45369620
    0.16737552
    0.03360651
    0.05152389
    0.04670616
    0.34575780
   -0.19126778
    0.00059423
    0.31394245
   -0.43075925
   -0.02098856
   -0.12578604
   -0.11786703
    0.19373046
    0.06201611
    0.05885855
    0.06251220
    0.05276258
    0.03474037
    0.05537586
    0.03297597
    0.04854278
   -0.20665859
    0.02143953
    0.26408616
   -0.49386746
   -0.08382604
   -0.09238111
   -0.03146777
   -0.15700313
    0.22706335
   -0.23369227
   -0.26722229
    0.20510405
    0.05210522
    0.07814835
    0.07506011
    0.08459124
    0.08311279
    0.08947383
    0.09210725
    0.22553067
    0.24338031
    0.25225606
    0.24151459
    0.23562115
   -0.08105173
    0.02657596
    0.29873363
   -0.45291130
   -0.06359602
   -0.07382732
   -0.02356313
    0.03568032
    0.06942832
    0.03508661
    0.07596101
    0.04520563
    0.09305396
    0.05998195
   -0.21763534
    0.01604326
    0.26806991
   -0.41199584
   -0.06054602
    0.00839424
   -0.03384062
   -0.04823811
   -0.03226462
   -0.04426819
   -0.03637855
    0.20813072
    0.09455951
    0.05486529
    0.01591455
    0.00799822
    0.06798682
    0.03860759
    0.07516701
    0.04535411
   -0.19972464
    0.00137497
    0.26779447
   -0.45741460
   -0.07717759
   -0.07336882
   -0.10336193
   -0.02987675
   -0.17419962
    0.17631616
    0.09375627
    0.05247330
    0.07550876
    0.05315270
    0.05467080
    0.08527422
    0.09106591
    0.07998711
    0.09242106
    0.28319987
    0.27013440
    0.26496011
   -0.18426588
    0.00629852
    0.27464672
   -0.46898983
   -0.07030514
   -0.10014684
    0.28480246
   -0.48375035
   -0.29099838
    0.20543497
    0.08587809
    0.08205178
    0.06593920
    0.05703092
    0.06756535
    0.22127455
    0.23100569
   -0.19896510
    0.00628114
    0.26236887
   -0.46357037
   -0.09581711
   -0.09122887
   -0.03454182
   -0.14997399
    0.22118352
   -0.26233147
   -0.23191451
    0.21793040
    0.09433081
    0.06959550
    0.09338914
    0.07576944
    0.06960277
    0.09507968
    0.09989831
    0.21758207
    0.24036332
    0.25457823
    0.24955295
    0.26155552
   -0.13398624
    0.01225342
    0.25693872
   -0.46538613
   -0.09152624
   -0.08876432
   -0.09811499
   -0.05394759
   -0.16121731
    0.18865886
    0.09565362
    0.08356897
    0.06425049
    0.07363833
    0.06763573
    0.07000336
    0.08638972
    0.12269260
    0.11313828
    0.29434902
    0.29715699
    0.29476126
   -0.14920195
    0.01910130
    0.19325180
   -0.35037365
    0.08174038
   -0.46085276
    0.22548839
    0.09548607
    0.04710413
    0.03416352
    0.34987674
   -0.40666032
    0.02815802
    0.27126249
   -0.50931894
   -0.03555658
   -0.06351355
   -0.12519931
   -0.10430305
    0.18737317
    0.02515910
    0.05690985
    0.04082623
    0.05458472
    0.06842480
    0.04673083
    0.03547167
    0.03385944
    0.03943443
    0.01707265
   -0.16964717
    0.02122327
    0.19187036
   -0.36713111
   -0.09039393
   -0.08725590
   -0.03747980
   -0.14050753
    0.21634320
   -0.22120437
   -0.27701167
    0.22600216
    0.09978959
    0.07720472
    0.10974272
    0.06381461
    0.06135254
    0.10034684
    0.10128579
    0.21583102
    0.26856501
    0.25295480
    0.21404773
    0.23878903
   -0.38919263
    0.04591731
    0.20178797
   -0.40102913
   -0.04735346
   -0.09491198
    0.36076648
   -0.60354326
   -0.60606669
    0.16240969
    0.02999823
    0.05235640
    0.05649830
    0.01723495
    0.01609811
   -0.39072226
    0.02377288
    0.22880708
   -0.35855920
   -0.00442305
   -0.10185093
   -0.10858119
    0.14500647
    0.08299926
    0.01471715
    0.04392825
    0.00822419
    0.04963022
    0.04886802
    0.04866770
    0.03455932
   -0.37932856
    0.03470967
    0.21142280
   -0.35573453
   -0.04510321
   -0.07951519
    0.36315641
   -0.54455526
   -0.68404605
    0.15409114
    0.05707003
    0.01661817
    0.03451006
    0.02226661
    0.00708101
   -0.31664891
    0.03386455
    0.19609737
   -0.38655491
   -0.06499811
   -0.06968905
    0.01278436
    0.04870983
    0.05193944
    0.06911909
    0.05072081
    0.05707397
    0.04249525
    0.01307551
   -0.37910923
    0.03828484
    0.23544421
   -0.58573202
    0.11150682
   -0.49387609
   -0.11636381
    0.17271710
    0.04460755
    0.03688797
    0.34197420
    0.05573196
    0.04624876
    0.02700657
   -0.10972581
    0.00617522
    0.21556205
   -0.31585163
   -0.06728392
   -0.07362870
   -0.08850238
   -0.05222962
   -0.16237753
    0.23426659
    0.07550901
    0.05917497
    0.07284648
    0.06784007
    0.06080357
    0.06110309
    0.08047775
    0.12238182
    0.11369745
    0.29225093
    0.27343790
    0.30366693
   -0.40634468
    0.05500992
    0.26567846
   -0.50794362
   -0.09279484
    0.34676661
   -0.59210788
   -0.58839287
    0.19488252
    0.00937005
    0.04136176
    0.03759523
   -0.18617922
    0.03831627
    0.21342927
   -0.35558796
   -0.06288803
   -0.10552072
    0.36247394
   -0.65254197
   -0.65454459
    0.19700122
    0.05608209
    0.07399969
    0.05782790
    0.04468104
    0.05234026
   -0.38758057
    0.05170133
    0.18495100
   -0.39917982
   -0.06215583
    0.00924822
   -0.04298776
   -0.03880292
   -0.03298214
   -0.03018035
   -0.03233347
    0.16100804
    0.06398566
    0.05558395
    0.03884416
    0.02299513
    0.04546934
    0.03865368
    0.06102404
    0.04644380
   -0.37967904
    0.03680757
    0.21003570
   -0.35051070
   -0.06463755
   -0.00581363
   -0.03434048
   -0.03263736
   -0.05939966
   -0.06493804
    0.13276113
   -0.39176635
    0.15328776
    0.05592008
    0.04169165
    0.03761660
    0.00943018
    0.04051758
    0.04956170
    0.05029662
    0.33494069
    0.18364032
    0.08841942
    0.16403743
    0.06996338
    0.17606524
    0.07487038
    0.18419113
    0.04090793
    0.17124959
    0.06239756
    0.18528926
    0.07675610
    0.19578768
    0.05663341
    0.17676386
    0.08103338
    0.18948792
    0.07150835
    0.17215477
    0.05855976
