           2           1   1.01308435613848     
           3           2  0.983704219583934     
           4           3   1.87289962198121     
           5           2  0.950960093460964     
           6           5   1.00353224676028     
           7           6   1.00397276421408     
           8           7   1.01129107379218     
           9           8  0.959885931297048     
          10           1  0.923703323703972     
          11           2  0.966386887436789     
          12           5  0.972714542748720     
          13           5  0.969196558652947     
          14           6  0.972296887829413     
          15           6  0.969995693775137     
          16           7  0.967683022232125     
          17           7  0.971571275664032     
          18           8  0.967469797014062     
          19           8  0.964333983822042     
          20           9  0.904792617186546     
          21           9  0.863424972569429     
          22           9  0.896409649843484     
          24          23   1.01761696453139     
          25          24  0.996141371004050     
          26          25   1.85867123696671     
          27          24  0.937643658685309     
          28          27   1.00306763000772     
          29          27   1.01389812684154     
          30          23  0.954880221764238     
          31          24  0.935414245686618     
          32          27  0.965579174521082     
          33          28  0.979170421867481     
          34          28  0.981117738997345     
          35          28  0.979921167166776     
          36          29  0.983644818180437     
          37          29  0.980110354938967     
          38          29  0.984799618965255     
          40          39   1.01861303194232     
          41          40  0.984297250141033     
          42          41   1.87917197734430     
          43          40  0.942908164359031     
          44          43  0.998338136838158     
          45          44  0.928821897260387     
          46          45   1.47671936498664     
          47          45   1.50556805731473     
          48          39  0.916281668107140     
          49          40  0.965325508410346     
          50          43  0.970492552401660     
          51          43  0.971454136774000     
          52          44  0.980083742336505     
          53          44  0.969023631500750     
          55          54   1.01453635187807     
          56          55  0.931448200575897     
          57          56   1.62308833957937     
          58          55  0.981881750579379     
          59          58  0.987432333942619     
          60          59   1.00505546144820     
          61          59   1.01818090692083     
          62          54  0.957239780254781     
          63          55  0.958502819651830     
          64          58  0.972854736218928     
          65          58  0.973272708487939     
          66          59  0.965915622522866     
          67          60  0.986228777530306     
          68          60  0.976675223823095     
          69          60  0.987703771347602     
          70          61  0.983668447280176     
          71          61  0.985292329448745     
          72          61  0.983834953395312     
          73          56   1.31931512812394     
          74          73  0.967820166087507     
          75          74  0.931488112843486     
          76          75   1.60384853173336     
          77          74  0.974245874204495     
          78          77  0.987362901545617     
          79          77   1.00515511910846     
          80          78   1.02238148231590     
          81          73  0.877928267022303     
          82          74  0.953887359081728     
          83          77  0.963108942546925     
          84          78  0.975700799773940     
          85          78  0.974837941540649     
          86          79  0.984242151937876     
          87          79  0.982506849724505     
          88          79  0.985781171897763     
          89          80  0.985677742396773     
          90          80  0.986693582870701     
          91          80  0.986121648008547     
          92          75   1.32487420073784     
          93          92  0.975103164825724     
          94          93  0.933951926212277     
          95          94   1.61600135479628     
          96          93  0.971007520293734     
          97          96  0.999216187970527     
          98          92  0.890702651893854     
          99          93  0.948559066476792     
         100          96  0.968636701697047     
         101          96  0.967796559177162     
         102          97  0.870032764484676     
         103          94   1.32969703779245     
         104         103  0.990923245844542     
         105         104  0.984715818534305     
         106         105   1.89458401812748     
         107         104  0.941911949872630     
         108         107   1.01108275040876     
         109         108   1.57392245284484     
         110         108   1.21282293419067     
         111         109   1.20392699176110     
         112         110   1.24482241178015     
         112         111   1.19004213880390     
         113         110   1.32845394854026     
         114         112   1.32052462246134     
         115         113   1.51328421421428     
         116         114   1.50868893661670     
         116         115   1.35407494387296     
         117         103  0.875791404774836     
         118         104  0.929324629389749     
         119         107  0.967521601774755     
         120         107  0.959976262186011     
         121         109  0.964987299010973     
         122         111  0.938182523574504     
         123         113  0.966222205533781     
         124         114  0.967696427617443     
         125         115  0.973225662880013     
         126         116  0.973180753319942     
         128         127  0.885340957996698     
         129         127  0.826912502406547     
         131         130  0.839063308355385     
         132         130  0.873604061874844     
         134         133  0.892309653694889     
         135         133  0.884785228921442     
         137         136  0.897810769393605     
         138         136  0.886121568191184     
         140         139  0.874899981847257     
         141         139  0.880528087532771     
         143         142  0.894940027293144     
         144         142  0.890178726589958     
         146         145  0.898918849448286     
         147         145  0.883819130504030     
         149         148  0.895117185581770     
         150         148  0.894952757852982     
         152         151  0.820607800785193     
         153         151  0.919215871093376     
         155         154  0.893031464358387     
         156         154  0.835244572215734     
         158         157  0.888604953465212     
         159         157  0.826430185244643     
         160           1  0.952087012393404     
         161           3  0.955853699122245     
         162          23  0.952003265621219     
         163          25  0.951642755960257     
         164          39  0.954855651319754     
         165          41  0.957190542839820     
         166          54  0.945778583222211     
         167         105  0.951418504816669     
