   -0.39493145
    0.04216691
    0.18951236
   -0.37008640
   -0.06236950
   -0.09869217
    0.29277684
   -0.51189777
   -0.28867835
    0.17154866
    0.06209654
    0.06001432
    0.05833814
    0.06510073
    0.06672951
    0.22912742
    0.22408591
   -0.38779284
    0.03507234
    0.22194345
   -0.33930126
   -0.04144949
   -0.10423230
    0.36995474
   -0.66435115
   -0.60920584
    0.15145901
    0.02089849
    0.02217083
    0.02868283
    0.04805804
    0.01569826
   -0.15701116
   -0.03770014
    0.26766888
   -0.41994532
    0.06235319
   -0.45425550
    0.30167582
    0.31739415
    0.31456085
    0.12285942
    0.08406200
    0.07338210
    0.32533487
   -0.17007303
    0.00184750
    0.28003201
   -0.42109547
   -0.06134008
   -0.09783720
    0.37014625
   -0.63943551
   -0.65793879
    0.20392870
    0.09456450
    0.03721358
    0.04641719
    0.02151832
    0.03189439
   -0.19380776
    0.02705636
    0.26654426
   -0.46952474
   -0.13445150
    0.20190426
    0.06940959
    0.07579766
    0.05761571
    0.06352044
   -0.16542349
    0.01793088
    0.27720335
   -0.48837315
   -0.07311250
   -0.00782256
   -0.11206851
   -0.11873455
    0.21507995
    0.08676997
    0.05189236
    0.07036186
    0.02442980
    0.03790067
    0.03304059
    0.04661944
    0.03954266
    0.05269919
    0.04355498
   -0.18218661
    0.00568159
    0.26927251
   -0.48910117
   -0.08243795
   -0.09618226
   -0.10035062
   -0.05388945
   -0.14674244
    0.19680392
    0.10060117
    0.06390160
    0.06267989
    0.08442872
    0.07518792
    0.08077811
    0.08416621
    0.11868469
    0.12238143
    0.30007711
    0.30313614
    0.29365528
   -0.18915690
    0.01075802
    0.27281822
   -0.49273647
   -0.02130511
   -0.07511016
   -0.12554952
   -0.09881468
    0.22115518
    0.06543285
    0.04400043
    0.07312525
    0.02828875
    0.04836207
    0.03995993
    0.07857544
    0.02758693
    0.03350825
    0.03772444
   -0.19047633
    0.02262040
    0.27492854
   -0.47021622
   -0.08472045
   -0.00712302
   -0.11824408
   -0.11513923
    0.21536499
    0.07040027
    0.06595489
    0.07438965
    0.02868284
    0.03375795
    0.04194445
    0.04913778
    0.04834152
    0.04459482
    0.03468827
   -0.17818775
    0.02819559
    0.20115241
   -0.36396969
   -0.10312425
    0.29753716
   -0.47822123
   -0.29068065
    0.19716484
    0.11603498
    0.09606655
    0.08371059
    0.23461125
    0.23052471
    0.18335501
    0.07849032
    0.18495893
    0.06151436
    0.07458754
