           2           1   1.00455218965159     
           3           2  0.938623320517307     
           4           3   1.66248968768996     
           5           2  0.969814170437235     
           6           5   1.00551535729519     
           7           1   1.00608187435807     
           7           6  0.998967517898916     
           8           2  0.960594027007391     
           9           5  0.978604393933717     
          10           5  0.977554525834032     
          11           6  0.978027061387790     
          12           6  0.977282535963832     
          13           7  0.974115008694473     
          14           7  0.977837366851864     
          15           3   1.26462602051706     
          16          15  0.984394092748232     
          17          16  0.924930439085397     
          18          17   1.59501818511549     
          19          16  0.988087132643968     
          20          19  0.969919429277099     
          21          20   1.60752325763058     
          22          20   1.33394453934827     
          23          15  0.895338041280852     
          24          16  0.945409795928625     
          25          19  0.951262496836182     
          26          19  0.955707348825695     
          27          22  0.926430594471826     
          28          22  0.911540784258359     
          29          17   1.32630025604380     
          30          29  0.972254734534265     
          31          30  0.938082690026607     
          32          31   1.64217161788411     
          33          30  0.988958351173515     
          34          29  0.914477562144873     
          35          30  0.950920309514180     
          36          33  0.980072867123648     
          37          33  0.976768435365928     
          38          33  0.981956468728469     
          39          31   1.28602962832257     
          40          39  0.991288799976347     
          41          40  0.934945291312418     
          42          41   1.61730648621793     
          43          40  0.988711596660346     
          44          39  0.894730595935276     
          45          40  0.942073636795690     
          46          43  0.980571273670879     
          47          43  0.980579685248822     
          48          43  0.982317754205193     
          49          41   1.30557661048525     
          50          49  0.983384554792206     
          51          50  0.934000904157936     
          52          51   1.66071721917558     
          53          50  0.965859438599132     
          54          53   1.00795601623361     
          55          54   1.41122351554362     
          56          54   1.39975053363349     
          57          55   1.44701312166290     
          58          56   1.45847567732979     
          59          57   1.37116800881290     
          59          58   1.35822601874840     
          60          59   1.07349919128496     
          61          49  0.875394642233842     
          62          50  0.955337563741449     
          63          53  0.961163184303152     
          64          53  0.970360942369269     
          65          55  0.967538430772010     
          66          56  0.966800621718519     
          67          57  0.963508300078081     
          68          58  0.959073457548486     
          69          60  0.764810352157656     
          70          51   1.26519051550135     
          71          70  0.976899924149732     
          72          71  0.945310728465502     
          73          72   1.63470556070408     
          74          71  0.985217730002893     
          75          74  0.967281163488680     
          76          75   1.64676243169843     
          77          75   1.30794776816672     
          78          70  0.932845759478118     
          79          71  0.932626614894308     
          80          74  0.951463144310658     
          81          74  0.958817999351986     
          82          77  0.918365862501473     
          83          77  0.926495502585589     
          84          72   1.30225239236137     
          85          84  0.982868548685385     
          86          85  0.930555577949225     
          87          86   1.65366457709401     
          88          85  0.980726090486459     
          89          88  0.891970381292419     
          90          89   1.53584714172797     
          91          89   1.47681337052368     
          92          84  0.932972604476129     
          93          85  0.947259937265902     
          94          88  0.964465024877381     
          95          88  0.966528937594331     
          96          86   1.27720081004172     
          97          96  0.972047226057678     
          98          97  0.940325336110964     
          99          98   1.64767095092487     
         100          97  0.957437420441985     
         101         100   1.00816131543676     
         102         100   1.00565552734688     
         103          96  0.920498162032042     
         104          97  0.949215288297451     
         105         100  0.967650341151712     
         106         101  0.982994198131277     
         107         101  0.981879478502613     
         108         101  0.985317592849484     
         109         102  0.979707200368938     
         110         102  0.985994978229038     
         111         102  0.980708847221724     
         112          98   1.28122951049917     
         113         112  0.976183563777801     
         114         113  0.940513273837203     
         115         114   1.54137595307646     
         116         113  0.995014089439081     
         117         112  0.925176652446990     
         118         113  0.949951710023447     
         119         116  0.979880231229149     
         120         116  0.978601671388896     
         121         116  0.978785191343394     
         122         114   1.35186988135378     
         123         122  0.967848349960284     
         124         123  0.942004423644186     
         125         124   1.59295133548080     
         126         123  0.972512582073464     
         127         126   1.00493704218212     
         128         122  0.966422592659429     
         128         127   1.00386550615452     
         129         123  0.951830735142777     
         130         126  0.973519570125353     
         131         126  0.972298126383447     
         132         127  0.974846336240785     
         133         127  0.970723332440856     
         134         128  0.965759585078564     
         135         128  0.960776588426894     
         136         124   1.31071655881700     
         137         136  0.972176275911738     
         138         137  0.961375560799722     
         139         138   1.91843074287103     
         140         137  0.957306355212363     
         141         140   1.00621707563224     
         142         141   1.41714851945704     
         143         141   1.41218819723555     
         144         142   1.44105209121778     
         145         143   1.44631267135394     
         146         144   1.43873573910478     
         146         145   1.43676412603901     
         147         136  0.916391114206581     
         148         137  0.954032685894274     
         149         140  0.965994188370919     
         150         140  0.966074665543654     
         151         142  0.969275485941682     
         152         143  0.967701050319536     
         153         144  0.960827948174928     
         154         145  0.969549317235837     
         155         146  0.968893958683028     
         157         156   1.01682922444465     
         158         157  0.939250199873291     
         159         158   1.64605712844990     
         160         157  0.955934011444981     
         161         160   1.00662880054356     
         162         161   1.41038158830334     
         163         161   1.41297170227181     
         164         162   1.44452281332256     
         165         163   1.44193843086279     
         166         164   1.43616509228290     
         166         165   1.44036725992182     
         167         156  0.960426238254859     
         168         157  0.965220287406658     
         169         160  0.973251919361241     
         170         160  0.966751806907400     
         171         162  0.965659289971055     
         172         163  0.965744554450714     
         173         164  0.968649761325893     
         174         165  0.971492211190118     
         175         166  0.969753655950338     
         176         158   1.27966457398925     
         177         176  0.974772086259588     
         178         177  0.941484758545736     
         179         178   1.67286880391966     
         180         177  0.983477658025426     
         181         180  0.964094253600183     
         182         181   1.64503088718638     
         183         181   1.31762962174811     
         184         176  0.917176675934329     
         185         177  0.942753533102275     
         186         180  0.942017944037405     
         187         180  0.955269935448994     
         188         183  0.920901748844405     
         189         183  0.906104491697619     
         190         178   1.24158890284899     
         191         190  0.995483147555420     
         192         191  0.940231989114928     
         193         192   1.61436994244465     
         194         191  0.956216055325930     
         195         194  0.996850944829048     
         196         190  0.918539380880308     
         197         191  0.953069443710612     
         198         194  0.972059611101846     
         199         194  0.958521158149144     
         200         195  0.845763402981972     
         201         192   1.31098880634140     
         202         201  0.979739075674661     
         203         202  0.937099214493902     
         204         203   1.63785788596681     
         205         202  0.978764513736565     
         206         205  0.997997214593664     
         207         206  0.921164482804411     
         208         207   1.47991287605483     
         209         207   1.51341705158398     
         210         201  0.920001309004807     
         211         202  0.941631423904778     
         212         205  0.971964014975878     
         213         205  0.972288557197138     
         214         206  0.979478303082127     
         215         206  0.973342696033558     
         216         203   1.29399456603286     
         217         216  0.983949528024479     
         218         217  0.945252684776319     
         219         218   1.61165459335773     
         220         217  0.969823129537387     
         221         220   1.01057922364854     
         222         221   1.27974978057890     
         223         221   1.55273910968444     
         224         222   1.54224877278205     
         225         223   1.21837742519860     
         225         224   1.27119183516225     
         226         216  0.899647215976422     
         227         217  0.931470584561603     
         228         220  0.969182522056812     
         229         220  0.956045021846481     
         230         223  0.969140911897656     
         231         224  0.963633931143082     
         232         225  0.924856053870116     
         233         218   1.30281978636222     
         234         233  0.979768768756110     
         235         234  0.937536951450459     
         236         235   1.60162272009244     
         237         234  0.975433508260171     
         238         237   1.00814703159462     
         239         238  0.970960932793410     
         240         239   1.62933310080760     
         241         239   1.31341052919210     
         242         233  0.906077080993914     
         243         234  0.940062416712221     
         244         237  0.970397433833709     
         245         237  0.964862981487011     
         246         238  0.950671561970507     
         247         238  0.951529476843890     
         248         241  0.917700060151230     
         249         241  0.876227134494875     
         250         235   1.31532960681111     
         251         250  0.977237349217453     
         252         251  0.939916947666949     
         253         252   1.64167986305821     
         254         251  0.945273182948690     
         255         254   1.00820015469726     
         256         254   1.00798369031806     
         257         250  0.924544971402637     
         258         251  0.952292064419237     
         259         254  0.965851409289563     
         260         255  0.981623791946141     
         261         255  0.982714517842213     
         262         255  0.983491505435531     
         263         256  0.976095583373631     
         264         256  0.983705852825379     
         265         256  0.984805667786470     
         266         252   1.29314893327779     
         267         266  0.960648374886623     
         268         267  0.958856145324306     
         269         268   1.91637186773152     
         270         267  0.981602975794457     
         271         270  0.992862337524548     
         272         271   1.00668518680058     
         273         271   1.00958959689419     
         274         266  0.920139651974010     
         275         267  0.949548992961329     
         276         270  0.968270247497624     
         277         270  0.969168540679010     
         278         271  0.960227565488451     
         279         272  0.984421256165322     
         280         272  0.985125005961768     
         281         272  0.985736847017367     
         282         273  0.984215228133406     
         283         273  0.984926196967067     
         284         273  0.982377174274357     
         285           1  0.956942596388524     
         286         138  0.954317857326981     
         287         156  0.949319299428489     
         288         268  0.955229558305811     
