           2           1   1.01631944981354     
           3           2  0.968960348030671     
           4           3   1.88568142953298     
           5           2  0.957813161153776     
           6           5  0.985476278423132     
           7           6   1.00493442581873     
           8           6   1.01173399282426     
           9           1  0.956411761369028     
          10           2  0.955122690581857     
          11           5  0.973936558314301     
          12           5  0.955714900965606     
          13           6  0.968979213000175     
          14           7  0.982045844137644     
          15           7  0.987604266206892     
          16           7  0.982210513598804     
          17           8  0.984683848040226     
          18           8  0.981078188801104     
          19           8  0.961743152168613     
          21          20   1.02029746139103     
          22          21  0.928100669713867     
          23          22   1.66253959502203     
          24          21  0.966239690639657     
          25          24  0.989139925590480     
          26          24   1.00893357161191     
          27          25   1.02098479495967     
          28          20  0.939327383110371     
          29          21  0.955620042644530     
          30          24  0.961761473139132     
          31          25  0.971927547995788     
          32          25  0.972751500355284     
          33          26  0.979636227850770     
          34          26  0.976792086610253     
          35          26  0.970078777441693     
          36          27  0.984733599010029     
          37          27  0.981873948318037     
          38          27  0.987543706733312     
          39          22   1.25519332360236     
          40          39  0.988745428009090     
          41          40  0.932533746880606     
          42          41   1.62949232289166     
          43          40  0.968930800129521     
          44          43  0.892608825291200     
          45          44   1.51075154146451     
          46          44   1.50328129759669     
          47          39  0.908726992310477     
          48          40  0.954427462529872     
          49          43  0.978061349820376     
          50          43  0.970830592556586     
          51          41   1.28112917872604     
          52          51  0.967072371849133     
          53          52  0.928218801539642     
          54          53   1.61622689494255     
          55          52  0.993474160933211     
          56          55   1.00572312701282     
          57          51  0.970966661894984     
          57          56   1.00538259452008     
          58          52  0.928058966241061     
          59          55  0.969361261398653     
          60          55  0.972707212475640     
          61          56  0.975487223715440     
          62          56  0.973961546641233     
          63          57  0.964258035615674     
          64          57  0.966187884596249     
          65          53   1.28799589863947     
          66          65  0.971379110065234     
          67          66  0.936869811524434     
          68          67   1.61139605951928     
          69          66  0.989632449924804     
          70          69  0.953008791954134     
          71          70   1.65350139984743     
          72          70   1.31668913392246     
          73          65  0.915727817373154     
          74          66  0.941075379912436     
          75          69  0.966216071020833     
          76          69  0.949704846748714     
          77          72  0.918133249748718     
          78          72  0.928581280650739     
          79          67   1.30778291362178     
          80          79  0.973749494240941     
          81          80  0.948221418491986     
          82          81   1.58296242607242     
          83          80  0.967320686798764     
          84          83   1.00804243829346     
          85          84  0.888962254544845     
          86          85   1.51245436251277     
          87          85   1.51309169327482     
          88          79  0.919016461767674     
          89          80  0.950060697218782     
          90          83  0.969970185572554     
          91          83  0.975874209234323     
          92          84  0.974093491884485     
          93          84  0.982914617907464     
          94          81   1.32489567046715     
          95          94  0.969546593425826     
          96          95  0.943046275429514     
          97          96   1.56387840164554     
          98          95  0.979928489275591     
          99          98  0.986977962750525     
         100          99   1.00458684810162     
         101          99   1.00504603674472     
         102          94  0.895405342434711     
         103          95  0.947516141228551     
         104          98  0.956877162926101     
         105          98  0.968099849404239     
         106          99  0.970325079058654     
         107         100  0.975688586629571     
         108         100  0.986409855743120     
         109         100  0.959287259776446     
         110         101  0.977493249448031     
         111         101  0.972389790655177     
         112         101  0.985917179067186     
         113          96   1.34100430024071     
         114         113  0.979967754259659     
         115         114  0.927740968021857     
         116         115   1.63727806006233     
         117         114  0.984080574439452     
         118         117  0.986003368737510     
         119         118   1.00630485409359     
         120         118   1.00957537566077     
         121         113  0.888294310212454     
         122         114  0.948536579972167     
         123         117  0.973486480533921     
         124         117  0.967113924317795     
         125         118  0.954763248071175     
         126         119  0.979806490644541     
         127         119  0.985708927958843     
         128         119  0.981815049308688     
         129         120  0.967774210595974     
         130         120  0.984794688397584     
         131         120  0.979984562813919     
         132         115   1.29250147483419     
         133         132  0.979714171635395     
         134         133  0.937785481454642     
         135         134   1.61374401181503     
         136         133  0.974760110871415     
         137         136  0.956741993028293     
         138         137   1.65642519418664     
         139         137   1.31016057977261     
         140         132  0.908185741562484     
         141         133  0.950617148011704     
         142         136  0.969040864672271     
         143         136  0.944501401537461     
         144         139  0.920475194434636     
         145         139  0.921813580008988     
         146         134   1.30390792461405     
         147         146  0.978967691353510     
         148         147  0.943183459264878     
         149         148   1.61902678624301     
         150         147  0.956244086148926     
         151         150   1.03311973721032     
         152         146  0.886474939895269     
         153         147  0.952946504316661     
         154         150  0.968433063741592     
         155         150  0.960321835248339     
         156         151  0.809123919406337     
         157         148   1.30073533753180     
         158         157  0.985812009176343     
         159         158  0.923147315394105     
         160         159   1.63800156140562     
         161         158  0.977463047410449     
         162         161   1.01276146362911     
         163         162  0.990588274915116     
         164         163   1.01256006117565     
         165         157  0.908026392537367     
         166         158  0.928649901643645     
         167         161  0.973218651713928     
         168         161  0.958366357153603     
         169         162  0.973206576997388     
         170         162  0.968370594940744     
         171         164  0.964117929671668     
         172         164  0.973417240465536     
         173         164  0.975914561211450     
         174         159   1.29911713554235     
         175         174  0.984804071215721     
         176         175  0.933313064217915     
         177         176   1.66075410376908     
         178         175  0.990603544029757     
         179         174  0.883503100330683     
         180         175  0.942539793557867     
         181         178  0.980364308245712     
         182         178  0.983791642865074     
         183         178  0.980378020099390     
         184         176   1.27060644874045     
         185         184  0.982043221717522     
         186         185  0.938960986364382     
         187         186   1.60014609307621     
         188         185  0.981743073493975     
         189         184  0.921589850263558     
         190         185  0.947080121370106     
         191         188  0.981116900172785     
         192         188  0.983394243817742     
         193         188  0.986564052439145     
         194         186   1.32689989545473     
         195         194  0.971174322862175     
         196         195  0.869589628116485     
         197         196   1.51189950968787     
         198         195  0.997982556306962     
         199         196   1.51321270511485     
         200         194  0.927649120918473     
         201         195  0.959502798259589     
         202         198  0.983060777144921     
         203         198  0.984532923312415     
         204         198  0.985397655153724     
         206         205   1.00715375242386     
         207         206  0.975620797032949     
         208         207   1.88577630117222     
         209         206  0.971497200807378     
         210         209   1.00774149050152     
         211         210  0.997898673636007     
         212         211  0.980102272755549     
         213         212   1.32816863763569     
         214         213   1.32312341275637     
         215         213   1.29007987976154     
         216         205  0.946912447524734     
         217         206  0.955889624990001     
         218         209  0.961303409218356     
         219         209  0.972982566773126     
         220         210  0.975210145908086     
         221         210  0.965938452309144     
         222         211  0.956659370465521     
         223         211  0.962279949078080     
         224         212  0.910336002841134     
         225         214  0.911160508531265     
         226         214  0.924569353467888     
         227         215  0.918121674505961     
         228         215  0.925947072229534     
         230         229   1.02195305447889     
         231         230  0.987244061086880     
         232         231   1.88542887579664     
         233         230  0.966968150686738     
         234         233  0.996440630602920     
         235         234   1.00583219027834     
         236         234   1.00556735210808     
         237         229  0.946284729089225     
         238         230  0.927449196878160     
         239         233  0.971057902364776     
         240         233  0.970233336519532     
         241         234  0.965310384919343     
         242         235  0.985102535299295     
         243         235  0.977627829486685     
         244         235  0.980910690295349     
         245         236  0.981672611328023     
         246         236  0.986706639203009     
         247         236  0.986532827970086     
         249         248   1.01935193434572     
         250         249  0.950684735390257     
         251         250   1.60604712619599     
         252         249  0.959836565472849     
         253         252   1.00494188774524     
         254         253   1.40795360606011     
         255         253   1.40439242676850     
         256         254   1.45179796838841     
         257         255   1.44803121443061     
         258         256   1.36561800480474     
         258         257   1.37015097647856     
         259         258   1.07081508977410     
         260         248  0.951534565074454     
         261         249  0.957289851585695     
         262         252  0.961996270450586     
         263         252  0.972976139003583     
         264         254  0.968143443113468     
         265         255  0.959611196231579     
         266         256  0.958111738614659     
         267         257  0.965766188827240     
         268         259  0.856582790990628     
         269         250   1.29979254292237     
         270         269  0.968860381102251     
         271         270  0.963354461511454     
         272         271   1.91365235997548     
         273         270  0.973481049519834     
         274         273   1.00496811185096     
         275         274   1.00195287539509     
         276         275  0.969691029002733     
         277         276   1.31235875599372     
         278         277   1.32764326963509     
         279         277   1.30525787422517     
         280         269  0.922341034587991     
         281         270  0.940802166575209     
         282         273  0.961938918671376     
         283         273  0.971814598677034     
         284         274  0.975854974857744     
         285         274  0.968966562377678     
         286         275  0.962571206103637     
         287         275  0.965465727138962     
         288         276  0.919768751120409     
         289         278  0.914394428879410     
         290         278  0.916821016834452     
         291         279  0.923692931526216     
         292         279  0.917543314792380     
         294         293   1.00978459524500     
         295         294  0.971158586638639     
         296         295   1.86864095421552     
         297         294  0.969592636028500     
         298         297  0.990419781655677     
         299         298   1.00681079505765     
         300         298   1.01005726788447     
         301         293  0.920019516831452     
         302         294  0.954453341574057     
         303         297  0.969613119557396     
         304         297  0.968034752406033     
         305         298  0.963210199438677     
         306         299  0.985922471961200     
         307         299  0.985268705834081     
         308         299  0.985077919918365     
         309         300  0.984335857776474     
         310         300  0.985592430778632     
         311         300  0.982140829266710     
         313         312   1.01111419808960     
         314         313  0.960162880629363     
         315         314   1.91067209310143     
         316         313  0.971569087057114     
         317         316  0.989697641266031     
         318         317   1.00469725737069     
         319         317   1.00917335412786     
         320         312  0.929890386591961     
         321         313  0.962815934758921     
         322         316  0.975803510868867     
         323         316  0.975692153921771     
         324         317  0.961975993486759     
         325         318  0.984329898028864     
         326         318  0.986472557777563     
         327         318  0.986672194742018     
         328         319  0.984069563381578     
         329         319  0.981276220803965     
         330         319  0.977050139757267     
         332         331   1.01839958187394     
         333         332  0.969999978036088     
         334         333   1.90383687936228     
         335         332  0.974701178512905     
         336         331  0.956051974456614     
         337         332  0.956452922116757     
         338         335  0.985165794977913     
         339         335  0.979540314797071     
         340         335  0.984677139755523     
         341         205  0.955372875011481     
         342         207  0.954039576770032     
         343         229  0.949621183382593     
         344         231  0.949882472095706     
         345         248  0.946245554424873     
         346         271  0.953291197858652     
         347         293  0.958959989509098     
         348         295  0.955150488789065     
         349         312  0.957921283572556     
         350         314  0.953819073454861     
         351         331  0.954063549592710     
         352         333  0.952724407028645     
         353           1  0.952944900898637     
         354           3  0.955347701710850     
         355          20  0.958894289856452     
