           2           1  0.963650041248511     
           3           2  0.927365660090649     
           4           3   1.61769277461555     
           5           2  0.957735387824766     
           6           5   1.01971334070386     
           7           1  0.893774344569416     
           8           1  0.894138498662624     
           9           1  0.860461441441959     
          10           2  0.955083460848229     
          11           5  0.971511434693368     
          12           5  0.960966709467240     
          13           6  0.840092548530618     
          14           3   1.34294304194194     
          15          14  0.985761893886089     
          16          15  0.926807425168929     
          17          16   1.64132760493504     
          18          15  0.974941602204666     
          19          18  0.996933254869578     
          20          19  0.916955158141258     
          21          20   1.55785465118278     
          22          20   1.43136384836155     
          23          14  0.823147873509650     
          24          15  0.945218420738124     
          25          18  0.973988124853607     
          26          18  0.976678408920133     
          27          19  0.968420416243344     
          28          19  0.980226390373310     
          29          16   1.30257045117244     
          30          29  0.977802741303176     
          31          30  0.924199223711894     
          32          31   1.58752308776570     
          33          30  0.993005860307610     
          34          29  0.910941159568683     
          35          30  0.956701340730625     
          36          33  0.980705143388019     
          37          33  0.981624912859442     
          38          33  0.976731547813536     
          39          31   1.34420941458338     
          40          39  0.972930787618875     
          41          40  0.926201004516385     
          42          41   1.61849538703996     
          43          40  0.979082637265642     
          44          43  0.987027460781844     
          45          44   1.00999566486295     
          46          44   1.00872229295442     
          47          39  0.901819477084462     
          48          40  0.948442493386042     
          49          43  0.962573715639199     
          50          43  0.974250248086915     
          51          44  0.969943203399532     
          52          45  0.984352590874295     
          53          45  0.983691002736861     
          54          45  0.981565942628875     
          55          46  0.983787347322834     
          56          46  0.982889607228975     
          57          46  0.985717262644055     
          58          41   1.31495290475677     
          59          58  0.966604760091109     
          60          59  0.927489735686876     
          61          60   1.62672076611519     
          62          59  0.973960374595638     
          63          62   1.00519035242407     
          64          63   1.00207812924208     
          65          64   1.01128114464887     
          66          65  0.950706741743294     
          67          58  0.915732447552373     
          68          59  0.950682904075532     
          69          62  0.959809280312668     
          70          62  0.967160185100645     
          71          63  0.974523483059764     
          72          63  0.975755849201207     
          73          64  0.970938010333466     
          74          64  0.967649861290729     
          75          65  0.966023879846876     
          76          65  0.965979957171250     
          77          66  0.897674410026432     
          78          66  0.894412102321011     
          79          66  0.898227784098671     
          80          60   1.31587655590164     
          81          80  0.989687558976572     
          82          81  0.940663971876191     
          83          82   1.59753517988475     
          84          81  0.949125263360775     
          85          84  0.994475518096302     
          86          84  0.997686981359501     
          87          85   1.02123514786683     
          88          80  0.876945270008320     
          89          81  0.954151693056493     
          90          84  0.967655954949918     
          91          85  0.974680344096005     
          92          85  0.971234976538550     
          93          86  0.984766311122305     
          94          86  0.985097439290980     
          95          86  0.980438227485313     
          96          87  0.984675853802340     
          97          87  0.979034175351989     
          98          87  0.987092792855121     
          99          82   1.28821222504358     
         100          99  0.991960282337571     
         101         100  0.937911315779085     
         102         101   1.64961202176439     
         103         100  0.976402943019625     
         104         103  0.983612883420352     
         105         104   1.01365370927815     
         106         104   1.01314454633218     
         107          99  0.895703287134290     
         108         100  0.920583926645856     
         109         103  0.971772538203862     
         110         103  0.971095117367892     
         111         104  0.960179293733176     
         112         105  0.984427624055945     
         113         105  0.984350892801611     
         114         105  0.984282418769033     
         115         106  0.983013835006190     
         116         106  0.985308251770438     
         117         106  0.977547257138844     
         118         101   1.26406796374582     
         119         118  0.991862452551574     
         120         119  0.928487526157334     
         121         120   1.62879940274488     
         122         119  0.976010740702769     
         123         122  0.954558931521629     
         124         123   1.66333025552595     
         125         123   1.29848027827631     
         126         118  0.901796361058774     
         127         119  0.939514546344291     
         128         122  0.953552064243922     
         129         122  0.970944450068562     
         130         125  0.923023118113858     
         131         125  0.925265013212637     
         132         120   1.30375397251421     
         133         132  0.985364745612343     
         134         133  0.962682727842507     
         135         134   1.87221788336281     
         136         133  0.946541931596699     
         137         136  0.968306864521359     
         138         137   1.59442249993429     
         139         137   1.33170685418951     
         140         132  0.852024850085507     
         141         133  0.947114800578107     
         142         136  0.966925636073497     
         143         136  0.940365738715359     
         144         139  0.919662690789016     
         145         139  0.922103086021753     
         147         146   1.01718631441069     
         148         147  0.935279828810567     
         149         148   1.59761088727217     
         150         147  0.945632643659615     
         151         150   1.00066492466072     
         152         150  0.993182691582684     
         153         146  0.913084340421590     
         154         147  0.965106445971766     
         155         150  0.963246095926259     
         156         151  0.833030338457791     
         157         152  0.982833065344231     
         158         152  0.986287694568695     
         159         152  0.978475659081541     
         160         148   1.32574128154361     
         161         160  0.979451320738089     
         162         161  0.958495339560870     
         163         162   1.90450808680197     
         164         161  0.973378400332560     
         165         164  0.987043683174094     
         166         165   1.00458012835219     
         167         165   1.01239773443203     
         168         160  0.877158440273636     
         169         161  0.946620944373149     
         170         164  0.967929166726627     
         171         164  0.980183700211231     
         172         165  0.973863423163870     
         173         166  0.985127393307093     
         174         166  0.985273619288234     
         175         166  0.984143452174676     
         176         167  0.979681804728388     
         177         167  0.965089110215693     
         178         167  0.985341854256903     
         180         179   1.02565449231296     
         181         180   1.01037272458668     
         182         181   1.84610011598978     
         183         180  0.948319104508011     
         184         183  0.996262881560846     
         185         184  0.975648550672733     
         186         185   1.61195076566634     
         187         185   1.31835460733384     
         188         179  0.906296700923817     
         189         180  0.907645142094107     
         190         183  0.966567901257590     
         191         183  0.977011453603920     
         192         184  0.972065255231531     
         193         184  0.953167556644867     
         194         187  0.924224265509649     
         195         187  0.924261649215094     
         197         196   1.01937201213717     
         198         197  0.972089726222346     
         199         198   1.89680654818997     
         200         197  0.932301816648915     
         201         200  0.986065950965688     
         202         200   1.00386565306701     
         203         201   1.01558844529934     
         204         196  0.940000319932768     
         205         197  0.966907105564384     
         206         200  0.978045976957892     
         207         201  0.979648705108935     
         208         201  0.981781575372717     
         209         202  0.980177274618266     
         210         202  0.984371156608753     
         211         202  0.977662035789864     
         212         203  0.985147800219682     
         213         203  0.988217692798354     
         214         203  0.987236488998110     
         216         215   1.02396435753116     
         217         216  0.943177143077305     
         218         217   1.56815978309086     
         219         216  0.939529885919099     
         220         219  0.996396249662734     
         221         219  0.993533007504202     
         222         215  0.941469305106180     
         223         216  0.957543042313531     
         224         219  0.964931541790137     
         225         220  0.875116810936803     
         226         221  0.983405024021279     
         227         221  0.984052266052021     
         228         221  0.974664754531626     
         229         217   1.34393655592296     
         230         229  0.976157807631649     
         231         230  0.955829964078080     
         232         231   1.89911823296669     
         233         230  0.974069344925089     
         234         233  0.998627872966065     
         235         234   1.00534531120453     
         236         234   1.00739430438441     
         237         229  0.901048252888490     
         238         230  0.935273113497814     
         239         233  0.966731403273802     
         240         233  0.971233690988528     
         241         234  0.969215602474300     
         242         235  0.984034568006295     
         243         235  0.983213734338760     
         244         235  0.985763972545791     
         245         236  0.985825127884199     
         246         236  0.986532044161038     
         247         236  0.986042747301450     
         249         248   1.01338908375768     
         250         249  0.920715344093342     
         251         250   1.62122821422158     
         252         249   1.00110179305712     
         253         248  0.953970632321226     
         254         249  0.959104511453183     
         255         252  0.985222722402865     
         256         252  0.978952068948520     
         257         252  0.974934551287367     
         258         250   1.29880520333751     
         259         258  0.993224636726730     
         260         259  0.934910748944909     
         261         260   1.62601483885484     
         262         259  0.985135153427511     
         263         262  0.996076131020210     
         264         263  0.949631480475663     
         265         264   1.62367855030282     
         266         264   1.31804106138703     
         267         258  0.874369331936154     
         268         259  0.929307922886296     
         269         262  0.968813156365747     
         270         262  0.976539086549662     
         271         263  0.967615328974327     
         272         263  0.947213203714321     
         273         266  0.928582839023055     
         274         266  0.924066312050778     
         275         260   1.30424695800379     
         276         275  0.968140376462547     
         277         276  0.940938335579611     
         278         277   1.65378707812502     
         279         276  0.987950150899373     
         280         275  0.872072319213473     
         281         276  0.954678309969355     
         282         279  0.978592536978178     
         283         279  0.973594334857754     
         284         279  0.980450842816713     
         285         277   1.27124141263538     
         286         285  0.987037387065154     
         287         286  0.943024262983133     
         288         287   1.60044240005484     
         289         286  0.960572716050625     
         290         289   1.00488310792873     
         291         290  0.998031378232960     
         292         291  0.989437893182912     
         293         292   1.31772912284165     
         294         293   1.31699846835905     
         295         293   1.30747919362131     
         296         285  0.900412457909115     
         297         286  0.948330489243542     
         298         289  0.967491442675055     
         299         289  0.970293423862019     
         300         290  0.957784123623727     
         301         290  0.970725816018093     
         302         291  0.960493151383594     
         303         291  0.957542776185855     
         304         292  0.912767083186822     
         305         294  0.914637993898977     
         306         294  0.916413020620853     
         307         295  0.917001644865330     
         308         295  0.916747325288643     
         309         287   1.30456554566302     
         310         309  0.981587932840885     
         311         310  0.920889867724225     
         312         311   1.67462952839044     
         313         310  0.986276332260769     
         314         313  0.997814022341083     
         315         314  0.878998841223151     
         316         315   1.52631462683359     
         317         315   1.49748032468792     
         318         309  0.911639848280459     
         319         310  0.951679954802053     
         320         313  0.965106038208774     
         321         313  0.976809853760119     
         322         314  0.972239165871330     
         323         314  0.975294025887560     
         324         311   1.26376073946565     
         325         324  0.990176873240903     
         326         325  0.971655014785581     
         327         326   1.90549951558322     
         328         325  0.959258235432257     
         329         328   1.01231986812106     
         330         324  0.928586700426548     
         331         325  0.904220012281005     
         332         328  0.964378160307941     
         333         328  0.952339714337963     
         334         329  0.871118665852504     
         336         335   1.00841210687190     
         337         336  0.918077418718368     
         338         337   1.97348379978898     
         339         336  0.993729483086062     
         340         339  0.989067549851973     
         341         340   1.00665337637294     
         342         340   1.00996683381356     
         343         335  0.946412426751114     
         344         336  0.946924151349042     
         345         339  0.971428825791773     
         346         339  0.971830613562319     
         347         340  0.962106682989993     
         348         341  0.980402911284976     
         349         341  0.986709671829978     
         350         341  0.986203837748985     
         351         342  0.971973116972676     
         352         342  0.978276212224999     
         353         342  0.977772257530683     
         355         354   1.01016356989027     
         356         355  0.958823617082068     
         357         356   1.91991740916519     
         358         355  0.962164073147654     
         359         358   1.00798078095494     
         360         359  0.981347118957984     
         361         360   1.00036997209340     
         362         354  0.944695749066344     
         363         355  0.956997306534420     
         364         358  0.973606959394611     
         365         358  0.971094525103563     
         366         359  0.971977595198493     
         367         359  0.965806544889567     
         368         361  0.978707435224582     
         369         361  0.986517281265155     
         370         361  0.976565874561041     
         371         134  0.953289525054895     
         372         146  0.959070869612503     
         373         162  0.955353214347320     
         374         179  0.957147235415871     
         375         181  0.952615702260007     
         376         196  0.956750689087976     
         377         198  0.954375510233331     
         378         215  0.951117869619088     
         379         231  0.947117297993510     
         380         248  0.951221290420565     
         381         326  0.949118732767830     
         382         335  0.957579977327197     
         383         337  0.932816407966503     
         384         354  0.954925660539690     
         385         356  0.951294185438760     
