           2           1   1.00772858249658     
           3           2  0.975046367877298     
           4           3   1.88205711186556     
           5           2  0.952514218264037     
           6           5   1.01038881633351     
           7           6   1.40805698239542     
           8           6   1.41818634541074     
           9           7   1.45001976745967     
          10           8   1.44011515890487     
          11           9   1.43313229556539     
          11          10   1.44162641548032     
          12           1  0.951148163467754     
          13           2  0.956431432932309     
          14           5  0.959928504570576     
          15           5  0.972491693793666     
          16           7  0.967460116520561     
          17           8  0.965081605930054     
          18           9  0.969790922165799     
          19          10  0.965534826463172     
          20          11  0.969790355868929     
          22          21   1.01355907933120     
          23          22  0.939033833419105     
          24          23   1.60646958722971     
          25          22  0.960578289357209     
          26          25  0.997426939960247     
          27          25   1.00730753971339     
          28          26   1.01704880269691     
          29          21  0.948591369454862     
          30          22  0.961276721200208     
          31          25  0.967213772429401     
          32          26  0.959541655219499     
          33          26  0.976454760056207     
          34          27  0.981419456710986     
          35          27  0.986331299391115     
          36          27  0.982439547582857     
          37          28  0.982519747667014     
          38          28  0.987388543889198     
          39          28  0.986189743904070     
          40          23   1.31554168237421     
          41          40  0.973162453550704     
          42          41  0.975909372295829     
          43          42   1.86843667027243     
          44          41  0.955240400853556     
          45          44  0.992786270146192     
          46          44   1.00646075081104     
          47          45   1.02092367887284     
          48          40  0.891103838593962     
          49          41  0.945952475909880     
          50          44  0.964604464628752     
          51          45  0.970494754966329     
          52          45  0.965971283728903     
          53          46  0.980181714814515     
          54          46  0.980952739287498     
          55          46  0.983154212389821     
          56          47  0.980700869783413     
          57          47  0.983021177631305     
          58          47  0.983594324506655     
          60          59   1.00907419417804     
          61          60  0.942572462031744     
          62          61   1.59746570312094     
          63          60  0.975606560446835     
          64          63  0.994929567496106     
          65          64   1.01002600573626     
          66          64   1.00735984054271     
          67          59  0.933567653875599     
          68          60  0.965101385962264     
          69          63  0.969047558805459     
          70          63  0.962773215629510     
          71          64  0.960733980332177     
          72          65  0.984420953342482     
          73          65  0.986216972838952     
          74          65  0.986243936354768     
          75          66  0.985362756916894     
          76          66  0.985265361566817     
          77          66  0.984767547398442     
          78          61   1.32090821375339     
          79          78  0.983757635470447     
          80          79  0.976296774433212     
          81          80   1.88906754108743     
          82          79  0.944472281570835     
          83          82   1.00636455453006     
          84          82   1.01008378362027     
          85          78  0.893586390398534     
          86          79  0.932022282918747     
          87          82  0.966186884019672     
          88          83  0.977031229128702     
          89          83  0.976448525905815     
          90          83  0.967819125502435     
          91          84  0.982347124583842     
          92          84  0.985340352176775     
          93          84  0.982494451050424     
          95          94   1.01035520809528     
          96          95  0.970910113497748     
          97          96   1.88842182144876     
          98          95  0.953368875690780     
          99          98  0.991668106582249     
         100          98   1.00753942567743     
         101          99   1.01953274012727     
         102          94  0.924378209870956     
         103          95  0.960160661525392     
         104          98  0.955007779249620     
         105          99  0.960146300130938     
         106          99  0.972413540316673     
         107         100  0.982267981536042     
         108         100  0.985350004488057     
         109         100  0.981755982798161     
         110         101  0.984367476305003     
         111         101  0.983405251650532     
         112         101  0.985597394147741     
         114         113   1.01193691942691     
         115         114  0.940482982192818     
         116         115   1.60577371637561     
         117         114  0.961701951965719     
         118         117   1.01082943045868     
         119         118   1.41566520500311     
         120         118   1.41038596330248     
         121         119   1.44325848728033     
         122         120   1.44755607952669     
         123         121   1.43675239622301     
         123         122   1.43666989093819     
         124         113  0.951873582939233     
         125         114  0.958895718486806     
         126         117  0.968117559109601     
         127         117  0.968842901786917     
         128         119  0.969182887519924     
         129         120  0.967867179916822     
         130         121  0.969993689070129     
         131         122  0.970401268478468     
         132         123  0.971510197361192     
         133         115   1.31292558201884     
         134         133  0.977115466171930     
         135         134  0.937818663170798     
         136         135   1.62691074098031     
         137         134  0.964730729022856     
         138         137  0.993576076932465     
         139         137   1.00912162563454     
         140         138   1.01843776028584     
         141         133  0.914075305928350     
         142         134  0.949355081681777     
         143         137  0.962268890378357     
         144         138  0.976164358685264     
         145         138  0.974021547829250     
         146         139  0.980323302967772     
         147         139  0.982110770816667     
         148         139  0.985376421377147     
         149         140  0.985790314168813     
         150         140  0.986826708045970     
         151         140  0.984734507042073     
         152         135   1.29325688209830     
         153         152  0.983483626579169     
         154         153  0.939483010970183     
         155         154   1.60425613367675     
         156         153  0.959701096981666     
         157         156  0.996923925368242     
         158         156   1.00744730099444     
         159         157   1.01895481413057     
         160         152  0.918909497723042     
         161         153  0.936134730641496     
         162         156  0.962998378745883     
         163         157  0.975436765589272     
         164         157  0.973868171582166     
         165         158  0.980745793099469     
         166         158  0.984239112864116     
         167         158  0.981351007771488     
         168         159  0.986089235509322     
         169         159  0.986810157929990     
         170         159  0.985083341577023     
         171         154   1.30846984811579     
         172         171  0.973115928781913     
         173         172  0.931736207631880     
         174         173   1.62692658719636     
         175         172  0.966437130375255     
         176         175  0.995012350412160     
         177         175   1.01097133511913     
         178         176   1.01883495047146     
         179         171  0.922824768247320     
         180         172  0.946469429076482     
         181         175  0.960260039490604     
         182         176  0.976353327235855     
         183         176  0.972979527524825     
         184         177  0.980415951905946     
         185         177  0.962336047610517     
         186         177  0.980903218491540     
         187         178  0.985913676875676     
         188         178  0.986872058978135     
         189         178  0.985060582099899     
         190         173   1.31358331212101     
         191         190  0.973362584091398     
         192         191  0.934775282145958     
         193         192   1.61728043142753     
         194         191  0.997530871138140     
         195         190  0.904094477567575     
         196         191  0.950450221980476     
         197         194  0.982243270394241     
         198         194  0.971682168357521     
         199         194  0.975412716804905     
         200         192   1.31299488123092     
         201         200  0.975530313614091     
         202         201  0.938070814581719     
         203         202   1.59140652224980     
         204         201  0.968882425683430     
         205         204   1.00448566131439     
         206         205   1.41000288785705     
         207         205   1.41705813063286     
         208         206   1.44894499808363     
         209         207   1.44231271123898     
         210         208   1.43532899828759     
         210         209   1.44072710400771     
         211         200  0.898326814721337     
         212         201  0.951414001695879     
         213         204  0.963452402538251     
         214         204  0.958547513252915     
         215         206  0.967793335670101     
         216         207  0.967159390915286     
         217         208  0.967956859382478     
         218         209  0.966253070119240     
         219         210  0.970025693108570     
         220         202   1.33213704636840     
         221         220  0.976122878075738     
         222         221  0.939762638330104     
         223         222   1.60157956933639     
         224         221  0.994120001631930     
         225         220  0.890866844080214     
         226         221  0.945722428948431     
         227         224  0.976352299208792     
         228         224  0.976123184696598     
         229         224  0.979675101732514     
         230         222   1.31838483417711     
         231         230  0.975680945550912     
         232         231  0.934900325313410     
         233         232   1.58591490538719     
         234         231  0.982499071789562     
         235         234  0.993915308482077     
         236         235   1.00920242238001     
         237         235   1.00721097025754     
         238         230  0.910111538229305     
         239         231  0.946559561018518     
         240         234  0.968700012314016     
         241         234  0.967387700013208     
         242         235  0.966012885581320     
         243         236  0.984383614936973     
         244         236  0.981026837060288     
         245         236  0.983695670074034     
         246         237  0.977872434531536     
         247         237  0.986116507809880     
         248         237  0.985440945648625     
         249         232   1.33641534703072     
         250         249  0.970557611202625     
         251         250  0.934712562513336     
         252         251   1.62364383471458     
         253         250  0.969850681544215     
         254         253   1.00869144020772     
         255         254   1.41182295293841     
         256         254   1.41407348774306     
         257         255   1.44880494490597     
         258         256   1.43999149405071     
         259         257   1.43502367193718     
         259         258   1.43737239274324     
         260         249  0.899051587784036     
         261         250  0.953790145097090     
         262         253  0.960687156950780     
         263         253  0.954502055902221     
         264         255  0.969563001980471     
         265         256  0.965674006191510     
         266         257  0.970950639895530     
         267         258  0.960251000803505     
         268         259  0.969465875670431     
         269         251   1.31215604163878     
         270         269  0.981849534469779     
         271         270  0.932858443523101     
         272         271   1.60323183376965     
         273         270  0.961465759716298     
         274         273  0.994038856002014     
         275         273   1.01160505717700     
         276         274   1.01826198235452     
         277         269  0.892851521267863     
         278         270  0.941085578906405     
         279         273  0.963044277786841     
         280         274  0.974428935485219     
         281         274  0.973105817229724     
         282         275  0.976193870237485     
         283         275  0.968694284261188     
         284         275  0.980331422629463     
         285         276  0.983184518581984     
         286         276  0.985232535723186     
         287         276  0.984748255720169     
         288         271   1.32013726475888     
         289         288  0.981629494066043     
         290         289  0.934151385084641     
         291         290   1.60579511540099     
         292         289  0.967458641205935     
         293         292   1.00973594526176     
         294         293   1.41188811481671     
         295         293   1.41402056527994     
         296         294   1.44784336724402     
         297         295   1.44469232578630     
         298         296   1.43674228808669     
         298         297   1.43932483063312     
         299         288  0.883569696697523     
         300         289  0.955146337130812     
         301         292  0.963677083689288     
         302         292  0.961358728497447     
         303         294  0.967475716613427     
         304         295  0.968006716254120     
         305         296  0.969224311458554     
         306         297  0.970333208212044     
         307         298  0.971444865976141     
         308         290   1.32080332460818     
         309         308  0.978655355537477     
         310         309  0.941696422964184     
         311         310   1.59695989263030     
         312         309  0.964114088053059     
         313         312   1.00806384346364     
         314         312   1.00785865991794     
         315         308  0.880135760916680     
         316         309  0.952432238639639     
         317         312  0.962295709952664     
         318         313  0.982527165378543     
         319         313  0.984039841401782     
         320         313  0.985597151256267     
         321         314  0.982148022763847     
         322         314  0.985699347929269     
         323         314  0.975567863116602     
         324         310   1.31470665843892     
         325         324  0.975286744032884     
         326         325  0.932211608085741     
         327         326   1.63188040428966     
         328         325  0.978546533229511     
         329         328   1.00632588797703     
         330         329   1.00211110065489     
         331         330   1.01134832430832     
         332         331  0.959372310614005     
         333         324  0.906441156807074     
         334         325  0.951080648683024     
         335         328  0.971460258072258     
         336         328  0.967233236602584     
         337         329  0.964455121401189     
         338         329  0.974556711208673     
         339         330  0.969714784718666     
         340         330  0.970357722105586     
         341         331  0.960022788596331     
         342         331  0.962453693093207     
         343         332  0.892352295975187     
         344         332  0.893972979595800     
         345         332  0.892340538244145     
         346         326   1.30105974157797     
         347         346  0.981332889570678     
         348         347  0.932115135571398     
         349         348   1.62874433575931     
         350         347  0.966630162236858     
         351         350  0.991617146047151     
         352         350   1.00899283954838     
         353         351   1.01877890334866     
         354         346  0.899504076741650     
         355         347  0.952426622513109     
         356         350  0.963762524165205     
         357         351  0.976260263045604     
         358         351  0.971254808873624     
         359         352  0.981123395290910     
         360         352  0.983407624039392     
         361         352  0.985933704456135     
         362         353  0.981607999985275     
         363         353  0.986142922101173     
         364         353  0.985304438333801     
         365         348   1.29760360947327     
         366         365  0.982959224457161     
         367         366  0.930480537967218     
         368         367   1.61928098316931     
         369         366  0.996252683753323     
         370         365  0.895526030090520     
         371         366  0.956442557870596     
         372         369  0.982639184039023     
         373         369  0.979399395099167     
         374         369  0.980795608896870     
         375         367   1.31750420230164     
         376         375  0.983849284022907     
         377         376  0.976678355140343     
         378         377   1.88048447116365     
         379         376  0.971247012944956     
         380         379  0.959768697157482     
         381         380   1.65940735734303     
         382         380   1.30346948001350     
         383         375  0.874816686697748     
         384         376  0.937266564112736     
         385         379  0.952008884623332     
         386         379  0.952561080676299     
         387         382  0.921673855057276     
         388         382  0.928305821963280     
         390         389   1.00436147260126     
         391         390  0.976560532887915     
         392         391   1.87982029537334     
         393         390  0.968242839865754     
         394         393  0.994464654013953     
         395         394   1.00974900053397     
         396         394   1.00789793301039     
         397         389  0.951744793064157     
         398         390  0.959813422790429     
         399         393  0.968741363688224     
         400         393  0.973193103569689     
         401         394  0.965942029984951     
         402         395  0.984707086238205     
         403         395  0.984946154061470     
         404         395  0.985856217229534     
         405         396  0.985330490981170     
         406         396  0.986082719609187     
         407         396  0.986437818960923     
         409         408   1.01452159610999     
         410         409  0.981374110854597     
         411         410   1.85575518756599     
         412         409  0.944193232343050     
         413         412  0.993695223330325     
         414         412   1.00888472144015     
         415         413   1.01685367182786     
         416         408  0.927698940865595     
         417         409  0.956165389781537     
         418         412  0.965435902308100     
         419         413  0.967117142666844     
         420         413  0.967456521605171     
         421         414  0.981253587973213     
         422         414  0.982778928694497     
         423         414  0.984180183092033     
         424         415  0.984800273872661     
         425         415  0.987477384917643     
         426         415  0.984706111190993     
         428         427   1.00932521515607     
         429         428  0.937578013531964     
         430         429   1.63076557960025     
         431         428  0.965268127925278     
         432         431   1.00800361607092     
         433         431   1.00805470895745     
         434         427  0.953985602657578     
         435         428  0.965255084486881     
         436         431  0.963053888534166     
         437         432  0.982599713022517     
         438         432  0.982052383633059     
         439         432  0.985656694169799     
         440         433  0.975278091174420     
         441         433  0.985420828583987     
         442         433  0.981379827425651     
         443         429   1.29638665135273     
         444         443  0.992518814764694     
         445         444  0.979424354279337     
         446         445   1.88176357390607     
         447         444  0.964068556265938     
         448         447   1.00755429198383     
         449         448  0.991875169093818     
         450         449   1.01011113744000     
         451         443  0.881634090438817     
         452         444  0.930360738111199     
         453         447  0.961278388790066     
         454         447  0.971517684026552     
         455         448  0.969725555827194     
         456         448  0.970111916000803     
         457         450  0.971872611195312     
         458         450  0.981379789114671     
         459         450  0.978837175302684     
         461         460   1.00635038651111     
         462         461  0.967369878016442     
         463         462   1.90038932172284     
         464         461  0.964525053704346     
         465         464   1.00723085066336     
         466         465   1.41154807585635     
         467         465   1.41494849297514     
         468         466   1.44465305016171     
         469         467   1.44329309704260     
         470         468   1.43662557463529     
         470         469   1.43926817652947     
         471         460  0.950760369149138     
         472         461  0.963756767132410     
         473         464  0.958052954987565     
         474         464  0.970538908773438     
         475         466  0.966618549652591     
         476         467  0.968119445357317     
         477         468  0.970070324048722     
         478         469  0.970437308941909     
         479         470  0.969172572847959     
         480           1  0.955991309553459     
         481           3  0.953160225786054     
         482          21  0.957765235537037     
         483          42  0.954870339216200     
         484          59  0.962421098145182     
         485          80  0.954555308203918     
         486          94  0.957717406856476     
         487          96  0.955314310242760     
         488         113  0.956389035500717     
         489         377  0.954659860436515     
         490         389  0.957308532200849     
         491         391  0.954254806700655     
         492         408  0.956561400542116     
         493         410  0.954937665372822     
         494         427  0.956864970867766     
         495         445  0.954427255715674     
         496         460  0.954995585682611     
         497         462  0.954052376238075     
