   -0.39873249
    0.02420432
    0.27398817
   -0.50026730
   -0.01935504
   -0.11237844
   -0.09930490
    0.18009343
    0.05418541
    0.03419548
    0.04975022
    0.04078911
    0.03539311
    0.04076198
    0.03723159
    0.01680543
   -0.20063093
    0.02799289
    0.26473344
   -0.48807052
   -0.06591139
    0.01247622
   -0.03758532
   -0.03803360
   -0.03254187
   -0.03452957
   -0.03636889
    0.23024104
    0.06427017
    0.06296625
    0.05222197
    0.02877314
    0.03989138
    0.02793594
    0.04816014
    0.02771436
   -0.18576862
    0.02328779
    0.26244111
   -0.47160801
   -0.11873889
    0.22998437
    0.07189605
    0.06537735
    0.04874496
    0.06028155
   -0.15832984
    0.00743297
    0.27363129
   -0.48204095
   -0.07912240
   -0.08695310
   -0.10713215
   -0.05123477
   -0.15193918
    0.20819407
    0.08838686
    0.06690964
    0.06010426
    0.08284083
    0.05055833
    0.07461383
    0.09176883
    0.12301008
    0.11955055
    0.28920776
    0.26535401
    0.30824388
   -0.17012655
    0.01760899
    0.18544454
   -0.34155255
   -0.06758378
   -0.00963964
   -0.23041798
   -0.05747515
    0.22709008
    0.09988154
    0.06749326
    0.07890283
    0.07185015
    0.05092344
    0.05134347
    0.05376792
    0.06746544
   -0.39174237
   -0.02334098
    0.25878258
   -0.50181956
    0.17353186
    0.06876546
    0.06382587
   -0.16608091
    0.00682666
    0.25134943
   -0.48198538
   -0.07547461
   -0.00229102
   -0.04450348
   -0.04793329
   -0.06226880
   -0.08034409
    0.14417997
   -0.45005062
    0.21386610
    0.09236709
    0.05397278
    0.06619200
    0.03463479
    0.06956779
    0.03637017
    0.05311300
    0.34919166
   -0.05819459
   -0.00145111
    0.27625703
   -0.47744250
   -0.07865409
   -0.08003202
   -0.02971811
    0.09753029
    0.05771695
    0.08334617
    0.04332118
    0.08999552
    0.07315134
    0.09002820
   -0.17873944
    0.02395980
    0.27579587
   -0.47810434
   -0.07191583
    0.04304918
   -0.27958110
   -0.03142107
    0.07388016
   -0.07879030
    0.23726108
    0.04750537
    0.07663623
    0.03223456
    0.03379909
    0.08076507
    0.20346923
   -0.19221891
    0.03051158
    0.25822064
   -0.49809984
   -0.06987354
   -0.04217580
   -0.00878120
   -0.02167511
   -0.12102730
    0.04168306
   -0.04415812
   -0.05228265
   -0.05291016
   -0.04571872
    0.22783142
    0.06604732
    0.09885342
    0.04782104
    0.02707808
    0.16521738
    0.06124464
   -0.00824059
    0.07265293
    0.04434866
   -0.07532922
    0.02772051
    0.27912729
   -0.49327555
   -0.05664245
   -0.05566166
   -0.00531812
    0.06337159
    0.03158685
    0.05847281
    0.03637707
    0.04280490
    0.07443741
    0.07064183
   -0.17510106
    0.03578163
    0.19043608
   -0.34504133
   -0.11429371
    0.24124400
    0.07914350
    0.07094094
    0.07119402
    0.06283526
   -0.38998568
    0.03873889
    0.27649097
   -0.50630869
   -0.06703269
    0.01075681
   -0.04099480
   -0.04046731
   -0.03337767
   -0.03264559
   -0.03316125
    0.16009627
    0.04196013
    0.04706987
    0.03920937
    0.03018992
    0.02490179
    0.04768094
    0.03726687
    0.04794008
   -0.18959780
    0.04882117
    0.27261175
   -0.48380481
   -0.05583569
    0.01440072
   -0.03331981
   -0.04413273
   -0.02780421
   -0.03509531
   -0.03435583
    0.22804621
    0.04682406
    0.04289406
    0.03958216
    0.01653797
    0.03157327
    0.03042452
    0.05169773
    0.05304190
   -0.19923596
   -0.00998576
    0.27779414
   -0.49013779
    0.21478082
    0.03927520
    0.08609394
   -0.17247615
    0.01354616
    0.27862940
   -0.47810046
    0.11382088
   -0.49420359
   -0.13396462
    0.22005393
    0.08710971
    0.04902965
    0.35178970
    0.09167265
    0.06118282
    0.04293217
   -0.16650704
    0.02818674
    0.20834036
   -0.35806308
   -0.07404595
    0.05875846
   -0.30452546
   -0.02394707
    0.09412318
   -0.10775855
    0.20861344
    0.10118468
    0.08407204
    0.08151779
    0.01788088
    0.02837840
    0.18390356
   -0.39559366
    0.04446275
    0.20170393
   -0.37151799
   -0.06375937
    0.01162450
   -0.03917367
   -0.04037415
   -0.03179383
   -0.03707238
   -0.03706277
    0.17816596
    0.05220915
    0.04339816
    0.04360951
    0.03662140
    0.03224678
    0.04345953
    0.04401775
    0.04759818
   -0.38346786
    0.04510937
    0.20637283
   -0.37395799
   -0.07668164
   -0.00331399
   -0.03980694
   -0.04616186
   -0.05984107
   -0.07717879
    0.14349814
   -0.43866915
    0.16470123
    0.04664215
    0.06464506
    0.06389026
    0.04404243
    0.04400948
    0.04045285
    0.03764846
    0.34244833
   -0.39369219
    0.02566128
    0.26371861
   -0.48307365
   -0.04964268
   -0.11251632
    0.36761598
   -0.60649299
   -0.59673804
    0.16204769
    0.04343801
    0.02616114
    0.02985528
    0.07172673
    0.03570666
   -0.18709844
    0.00868374
    0.27694397
   -0.44964763
   -0.08039906
   -0.08962487
   -0.09516910
   -0.05423047
   -0.14046124
    0.21134652
    0.09175698
    0.06531487
    0.05512106
    0.07148496
    0.06706806
    0.08211797
    0.07815676
    0.11732320
    0.12572442
    0.30818932
    0.28787552
    0.29163602
   -0.18735738
    0.01238303
    0.26517776
   -0.46919837
   -0.07010171
    0.00793511
   -0.03713712
   -0.04130849
   -0.04009989
   -0.03554233
   -0.04698443
    0.18803456
    0.11689452
    0.03602436
    0.06404916
    0.04950034
    0.01790043
    0.07151697
    0.03928174
    0.06477349
   -0.16928513
   -0.02867017
    0.27004869
   -0.48761812
    0.19556841
    0.08039996
    0.07030408
   -0.16395480
    0.01453166
    0.25860639
   -0.49096939
   -0.07523859
   -0.07598078
   -0.09088073
   -0.02567107
   -0.19507355
    0.22179249
    0.07392962
    0.07078481
    0.06860148
    0.05419066
    0.07775149
    0.07445222
    0.06755362
    0.07933006
    0.09782289
    0.29411575
    0.26750609
    0.25148646
   -0.08267663
    0.01859990
    0.28721897
   -0.42889192
   -0.07225307
   -0.06992109
   -0.01489361
    0.04221749
    0.07874030
    0.05201698
    0.06949048
    0.04140722
    0.07944757
    0.06411120
   -0.20579973
    0.01153258
    0.26715105
   -0.43408840
   -0.10384050
    0.28863429
   -0.43963138
   -0.28264247
    0.18004214
    0.10692667
    0.06700439
    0.05815883
    0.24517856
    0.21020624
   -0.19197968
    0.01125823
    0.27161907
   -0.47751663
   -0.08511980
   -0.07751539
   -0.09308610
   -0.05266512
   -0.14813086
    0.19654047
    0.07346361
    0.07484072
    0.08588927
    0.04979336
    0.07292405
    0.05891148
    0.07749589
    0.12754586
    0.11869023
    0.30340402
    0.28658723
    0.29591468
   -0.14536477
    0.00219514
    0.26725387
   -0.52473864
   -0.08525153
   -0.09621272
   -0.03572884
   -0.13238055
    0.22458920
   -0.24485812
   -0.24616500
    0.18247412
    0.10884307
    0.05397320
    0.08076993
    0.09071114
    0.08966884
    0.08879177
    0.09148051
    0.23067748
    0.24421796
    0.24481975
    0.23296435
    0.24998068
   -0.17162639
    0.01516972
    0.27697317
   -0.44063454
   -0.09178328
   -0.08186353
   -0.09941000
   -0.05210444
   -0.14612129
    0.25364903
    0.05266024
    0.09609614
    0.08855843
    0.03823294
    0.05357897
    0.09656913
    0.09728798
    0.12583736
    0.10650983
    0.29506302
    0.28256573
    0.30481398
   -0.17877626
   -0.01395244
    0.28330796
   -0.54368848
    0.19853912
    0.05888383
    0.09489178
   -0.17774472
    0.03163507
    0.28009971
   -0.48944175
   -0.08154298
    0.00107327
   -0.04134025
   -0.04911457
   -0.03247295
   -0.03139246
   -0.03243881
    0.24741702
    0.07205369
    0.09133740
    0.05940412
    0.00544582
    0.06659850
    0.03891873
    0.06184907
    0.05687516
   -0.17869644
    0.02856187
    0.27537496
   -0.52558488
    0.10110320
   -0.46570497
    0.23382313
    0.07243411
   -0.00890706
    0.04727581
    0.33767396
   -0.21845499
    0.04931279
    0.27440587
   -0.51290573
   -0.05395668
   -0.09626754
    0.37017791
   -0.59037130
   -0.59651626
    0.24386470
    0.02986843
    0.05269413
    0.02607173
    0.04741026
    0.01409982
   -0.18727356
   -0.00763632
    0.28455892
   -0.48945120
    0.23831042
    0.05118805
    0.08359523
   -0.20003500
    0.03165385
    0.28672925
   -0.48892063
   -0.06701345
   -0.01302434
   -0.10591256
   -0.11717323
    0.23783184
    0.07457698
    0.03416108
    0.05286105
    0.04496931
    0.06124861
    0.02069874
    0.04498998
    0.06254250
    0.04843402
    0.03517721
   -0.20049309
    0.04875623
    0.28897971
   -0.50247584
   -0.05363885
   -0.03490144
   -0.00675032
   -0.01393983
   -0.11666039
    0.04778591
   -0.03348394
   -0.05759590
   -0.04232652
   -0.04063992
    0.19918395
    0.05302095
    0.04417654
    0.02950526
    0.04109099
    0.21481822
   -0.01264299
    0.05605159
    0.01078410
    0.04644112
   -0.18036185
    0.04158677
    0.27929352
   -0.47075835
   -0.04190152
   -0.07921757
    0.36691355
   -0.61202360
   -0.62769097
    0.20930873
    0.04663115
    0.04429244
    0.05230428
    0.01480124
    0.01699831
   -0.17322616
    0.02453498
    0.19819682
   -0.33630520
   -0.01922108
   -0.06580446
   -0.12071544
   -0.09203637
    0.20328969
    0.07912292
    0.05690125
    0.05422299
    0.04466434
    0.06125206
    0.04394559
    0.05039082
    0.02457642
    0.01354624
    0.03850857
   -0.64363454
    0.32793171
    0.33522933
   -0.29115284
    0.03419665
    0.20053963
   -0.34666307
   -0.05054462
   -0.05379692
    0.01050234
    0.03436191
    0.04742188
    0.02789136
    0.02416611
    0.02520041
    0.03943648
    0.03550885
   -0.39085263
    0.03296216
    0.26511290
   -0.53083937
    0.11497853
   -0.46687516
    0.18394138
    0.02967384
   -0.02804643
   -0.00554671
    0.32058884
   -0.19792802
    0.03862984
    0.19625887
   -0.34331084
   -0.06883884
   -0.10646938
    0.36891218
   -0.60851443
   -0.61607401
    0.25063727
    0.06153977
    0.06637671
    0.07611239
    0.07389018
    0.02920218
   -0.38806249
    0.05515928
    0.20299725
   -0.37860295
   -0.05489664
   -0.03542953
   -0.00369510
   -0.01679225
   -0.11896190
    0.04865795
   -0.03964589
   -0.05543798
   -0.04798048
   -0.04496996
    0.15787170
    0.02379589
    0.03057616
    0.05801755
    0.00640390
    0.18742220
    0.02198015
    0.04854490
    0.04454896
    0.04909709
    0.17167285
    0.09741516
    0.17933679
    0.08534610
    0.18857754
    0.08161321
    0.18681261
    0.07242038
    0.18366842
    0.06769318
    0.17875013
    0.08117329
    0.18980753
    0.06631426
    0.19193912
    0.07694551
    0.17023479
    0.07723159
