           2           1   1.00829115357854     
           3           2  0.976993653622929     
           4           3   1.89463471302703     
           5           2  0.942286573602192     
           6           5   1.00844276290666     
           7           5   1.00958859238243     
           8           1  0.958628042392911     
           9           2  0.963942705946685     
          10           5  0.961926493484847     
          11           6  0.981071709167998     
          12           6  0.977110730443061     
          13           6  0.983843097472726     
          14           7  0.976599922899811     
          15           7  0.985422165777735     
          16           7  0.980552069342612     
          18          17   1.01757552889810     
          19          18  0.937800216211519     
          20          19   1.61138504878907     
          21          18  0.971051293546992     
          22          21  0.990815120015573     
          23          22   1.00785121152545     
          24          22   1.01081135701766     
          25          17  0.957084238971534     
          26          18  0.958804631928234     
          27          21  0.973412424813591     
          28          21  0.970639058580841     
          29          22  0.965934161637603     
          30          23  0.979041491017473     
          31          23  0.987071843075441     
          32          23  0.980093950838044     
          33          24  0.984387009301624     
          34          24  0.984187363955156     
          35          24  0.983861195635961     
          36          19   1.29354408617056     
          37          36  0.975492334388393     
          38          37  0.972795835540843     
          39          38   1.91150254065930     
          40          37  0.967889575654156     
          41          40   1.00470739762998     
          42          36  0.974619717363585     
          42          41   1.00201856446188     
          43          37  0.938600388785259     
          44          40  0.973415600976342     
          45          40  0.972774638453850     
          46          41  0.977627775262830     
          47          41  0.973536508769579     
          48          42  0.965640405718341     
          49          42  0.965347040367601     
          51          50   1.02222625758239     
          52          51  0.990214930851079     
          53          52   1.88159001040582     
          54          51  0.947808738581942     
          55          54  0.989727537258789     
          56          55   1.00673903496230     
          57          55   1.01025771341140     
          58          50  0.958441760494180     
          59          51  0.942876936681461     
          60          54  0.972051333687229     
          61          54  0.971421975691071     
          62          55  0.963022526094653     
          63          56  0.979552302241568     
          64          56  0.982372513532569     
          65          56  0.983535456112035     
          66          57  0.982256540546462     
          67          57  0.983343494139846     
          68          57  0.982567400090416     
          70          69   1.02671816709870     
          71          70  0.979553175134223     
          72          71   1.88594457034758     
          73          70  0.922150778869442     
          74          73   1.01078702377543     
          75          74   1.40442455760055     
          76          74   1.41089534529111     
          77          75   1.44524756053517     
          78          76   1.44491883990865     
          79          77   1.43729614034707     
          79          78   1.43815827617351     
          80          69  0.955691563361107     
          81          70  0.961032487477222     
          82          73  0.966455546706853     
          83          73  0.971572718267287     
          84          75  0.965234156511758     
          85          76  0.966789303604871     
          86          77  0.967881101672652     
          87          78  0.966457097071777     
          88          79  0.968563646673627     
          90          89   1.01355764108033     
          91          90  0.989101407727514     
          92          91   1.88509151564275     
          93          90  0.947435390708894     
          94          93  0.995630522991060     
          95          94   1.00939231151540     
          96          94   1.00735579510485     
          97          89  0.958094126623924     
          98          90  0.952355222997811     
          99          93  0.968031012609536     
         100          93  0.974929995731762     
         101          94  0.966447054077394     
         102          95  0.985089620654103     
         103          95  0.978872062261764     
         104          95  0.986240065061433     
         105          96  0.982689290539191     
         106          96  0.986275078473458     
         107          96  0.985738182745608     
         109         108   1.01525340373655     
         110         109  0.942282657321592     
         111         110   1.60559688850976     
         112         109  0.976792699273857     
         113         112   1.01210260533204     
         114         113  0.991244382071093     
         115         114   1.00911507741828     
         116         108  0.953037776568563     
         117         109  0.953480780030505     
         118         112  0.961687231921960     
         119         112  0.963198498896480     
         120         113  0.970387362875355     
         121         113  0.973682967689994     
         122         115  0.975808088566776     
         123         115  0.981624585517756     
         124         115  0.979937617135508     
         125         110   1.30605635163448     
         126         125  0.976815723036102     
         127         126  0.940566467949604     
         128         127   1.63050529846020     
         129         126  0.946458715295275     
         130         129   1.00418006847137     
         131         129   1.00271251242949     
         132         125  0.914078101618043     
         133         126  0.948280266327046     
         134         129  0.959225395459127     
         135         130  0.838864796623125     
         136         131  0.981682847590746     
         137         131  0.982377389748306     
         138         131  0.982746816215084     
         139         127   1.28953140578657     
         140         139  0.975432372100117     
         141         140  0.934502896789202     
         142         141   1.61444014965531     
         143         140  0.982904856829143     
         144         143   1.00536020503173     
         145         144  0.966682888736464     
         146         145   1.63905797417735     
         147         145   1.30915380366045     
         148         139  0.918773487117604     
         149         140  0.949450586398985     
         150         143  0.964719385206000     
         151         143  0.970978985685374     
         152         144  0.966119154341261     
         153         144  0.949561895782419     
         154         147  0.928039994220945     
         155         147  0.927032638622671     
         156         141   1.30603057162596     
         157         156  0.971967938962560     
         158         157  0.933196815501119     
         159         158   1.60696922632382     
         160         157  0.977898601617578     
         161         160   1.00560641044440     
         162         161   1.40619891353982     
         163         161   1.42174882775522     
         164         162   1.45268456094038     
         165         163   1.43602045626495     
         166         164   1.43085345194375     
         166         165   1.44104028044892     
         167         156  0.925315909023809     
         168         157  0.943812130601116     
         169         160  0.955324580179887     
         170         160  0.967555368260359     
         171         162  0.963264095926657     
         172         163  0.965769104218144     
         173         164  0.968170680228770     
         174         165  0.969804707107731     
         175         166  0.970064786942906     
         176         158   1.33073939848749     
         177         176  0.972185861930603     
         178         177  0.938439309771781     
         179         178   1.59566076772814     
         180         177  0.981043589527925     
         181         180  0.993412475327565     
         182         181   1.00699060694054     
         183         181   1.00980481663363     
         184         176  0.878264865896379     
         185         177  0.947775869521608     
         186         180  0.962924824852034     
         187         180  0.971429244351580     
         188         181  0.966191460735379     
         189         182  0.984253367629518     
         190         182  0.985901322606862     
         191         182  0.986081140460475     
         192         183  0.980497883698031     
         193         183  0.985378624951152     
         194         183  0.978742174195750     
         195         178   1.31916351349172     
         196         195  0.984783233852029     
         197         196  0.934110499815382     
         198         197   1.59683435227608     
         199         196  0.977650952443625     
         200         199   1.00152656706222     
         201         195  0.887900256713217     
         202         196  0.949807791343100     
         203         199  0.967157041745750     
         204         199  0.957833616710321     
         205         200  0.863133482372613     
         206         197   1.32993815138328     
         207         206  0.977512505970436     
         208         207  0.935417375832123     
         209         208   1.59916904580327     
         210         207  0.964478311609663     
         211         210  0.994376612327770     
         212         210   1.00743884035522     
         213         211   1.01742009357923     
         214         206  0.891696254470458     
         215         207  0.949692924071550     
         216         210  0.964607206643257     
         217         211  0.976113736942871     
         218         211  0.959107623983265     
         219         212  0.981384690401637     
         220         212  0.980928105851330     
         221         212  0.984963173132904     
         222         213  0.985928487860049     
         223         213  0.983787585621286     
         224         213  0.984176369035399     
         225         208   1.32898210685515     
         226         225  0.976867339166321     
         227         226  0.933929593041488     
         228         227   1.61058446175040     
         229         226  0.966583456068305     
         230         229  0.992945480505909     
         231         229   1.00984040386789     
         232         230   1.02011761377317     
         233         225  0.886564993534536     
         234         226  0.950280110021436     
         235         229  0.957098251445755     
         236         230  0.975531985395352     
         237         230  0.974958012145566     
         238         231  0.978703535508766     
         239         231  0.974253167640959     
         240         231  0.980024673933913     
         241         232  0.973973172163909     
         242         232  0.985110046352591     
         243         232  0.981761813933015     
         244         227   1.31690353657629     
         245         244  0.982607912333330     
         246         245  0.933370980097341     
         247         246   1.60611766022038     
         248         245  0.980838783224597     
         249         248   1.00597500660573     
         250         249   1.00871788622340     
         251         250  0.980987467684742     
         252         251   1.34433852762778     
         253         252   1.31994240769320     
         254         252   1.27774878318322     
         255         244  0.870272988357991     
         256         245  0.948597802012416     
         257         248  0.960634276002798     
         258         248  0.969906327744537     
         259         249  0.971060373795931     
         260         249  0.966494923873091     
         261         250  0.959745060776195     
         262         250  0.938934087800082     
         263         251  0.899842138795314     
         264         253  0.918901283872932     
         265         253  0.919468137192081     
         266         254  0.920091971540943     
         267         254  0.918288729047016     
         268         246   1.31019950271659     
         269         268  0.986555507319349     
         270         269  0.929649824985924     
         271         270   1.64839626938492     
         272         269  0.974036796215960     
         273         272  0.999953485459900     
         274         268  0.872477760697143     
         275         269  0.954990047768207     
         276         272  0.969778588698158     
         277         272  0.948928301093312     
         278         273  0.860524776087505     
         279         270   1.29256099478677     
         280         279  0.987734920888061     
         281         280  0.933325168063720     
         282         281   1.61946996736902     
         283         280  0.978163131991771     
         284         283   1.00552856392390     
         285         284  0.987906080369429     
         286         285  0.990604990731676     
         287         286   1.31107721071027     
         288         287   1.32185786903355     
         289         287   1.31132489711376     
         290         279  0.904223407774299     
         291         280  0.940480335145385     
         292         283  0.967530386578987     
         293         283  0.967984016631476     
         294         284  0.973020673119714     
         295         284  0.973164377568580     
         296         285  0.967618371233587     
         297         285  0.961045627766008     
         298         286  0.913564424601646     
         299         288  0.916435335097387     
         300         288  0.917152625702931     
         301         289  0.917599139665617     
         302         289  0.916912303821347     
         303         281   1.31200401011394     
         304         303  0.993473283884041     
         305         304  0.931050811504973     
         306         305   1.67801285788745     
         307         304  0.969017014825996     
         308         307   1.01173142182588     
         309         308  0.984293138551976     
         310         309   1.01126065518007     
         311         303  0.879685361573050     
         312         304  0.944844528522268     
         313         307  0.971053276195179     
         314         307  0.969702103901664     
         315         308  0.977053234829629     
         316         308  0.970386020568615     
         317         310  0.977860959135254     
         318         310  0.984045364233498     
         319         310  0.976648003629798     
         320         305   1.25669403912355     
         321         320  0.970934180764184     
         322         321  0.935673119722836     
         323         322   1.62261809213115     
         324         321  0.964188935100656     
         325         324   1.01009670545248     
         326         324   1.00731718700277     
         327         320  0.917141850132317     
         328         321  0.954810560083281     
         329         324  0.965026456218919     
         330         325  0.982521292863575     
         331         325  0.975491529518278     
         332         325  0.978304589352077     
         333         326  0.983787989786005     
         334         326  0.981589773801673     
         335         326  0.985570702169814     
         336         322   1.29591932662918     
         337         336  0.977564650327240     
         338         337  0.928039290562848     
         339         338   1.64270495494385     
         340         337  0.979077097426646     
         341         340  0.995514790147369     
         342         341   1.01046956029443     
         343         341   1.00650748960108     
         344         336  0.928506821643888     
         345         337  0.944308200268578     
         346         340  0.968787618532861     
         347         340  0.961645441429895     
         348         341  0.967882739911622     
         349         342  0.985972930815010     
         350         342  0.984759711194762     
         351         342  0.982854038484908     
         352         343  0.985693127016749     
         353         343  0.986261106092390     
         354         343  0.986339952345704     
         355         338   1.29387723631483     
         356         355  0.973093940297930     
         357         356  0.929982932375166     
         358         357   1.65481712003075     
         359         356  0.987371909819849     
         360         359   1.00920586059600     
         361         360  0.993723830464554     
         362         361  0.978619058411510     
         363         362   1.30168434855449     
         364         363   1.30160786558073     
         365         363   1.33528788821001     
         366         355  0.925581417376659     
         367         356  0.934532960442801     
         368         359  0.970324838942707     
         369         359  0.969649464894887     
         370         360  0.955709084117364     
         371         360  0.968577971033113     
         372         361  0.964029971500333     
         373         361  0.970683221504987     
         374         362  0.912222348734995     
         375         364  0.876367827641676     
         376         364  0.926611748404840     
         377         365  0.862315965653539     
         378         365  0.923152237382391     
         379         357   1.28559936181188     
         380         379  0.988719341517082     
         381         380  0.968773035116376     
         382         381   1.90357200604092     
         383         380  0.971286480028440     
         384         379  0.929821310781168     
         385         380  0.933914666548245     
         386         383  0.979567250249567     
         387         383  0.976788801180796     
         388         383  0.984347354407016     
         390         389   1.01564544904374     
         391         390  0.946332520569330     
         392         391   1.65011891762033     
         393         390  0.968086787143375     
         394         393  0.999373636672619     
         395         394  0.925203621384093     
         396         395   1.44513354041603     
         397         395   1.51727596835264     
         398         389  0.942889606534197     
         399         390  0.961573737880550     
         400         393  0.975882215070576     
         401         393  0.975300442737022     
         402         394  0.971804947966560     
         403         394  0.971956271891352     
         404         391   1.28711766029437     
         405         404  0.985335373429532     
         406         405  0.931618728516396     
         407         406   1.65610180784773     
         408         405  0.986619110380586     
         409         404  0.928323142165073     
         410         405  0.938712747202576     
         411         408  0.977853594532189     
         412         408  0.978678368825818     
         413         408  0.983892261044905     
         414         406   1.28272226466973     
         415         414  0.993310146232625     
         416         415  0.988316616029742     
         417         416   1.89690311607697     
         418         415  0.929956650220662     
         419         418   1.01143261860091     
         420         419   1.41445398995189     
         421         419   1.41079337742858     
         422         420   1.44041304289594     
         423         421   1.44677639126845     
         424         422   1.43857446889907     
         424         423   1.43377958313788     
         425         414  0.901883144048757     
         426         415  0.939292335688672     
         427         418  0.967514864012563     
         428         418  0.958893726251097     
         429         420  0.968035108255955     
         430         421  0.960926517614093     
         431         422  0.959057208195328     
         432         423  0.968854389684182     
         433         424  0.962117618709188     
         435         434  0.999299018909978     
         436         435  0.974375665061298     
         437         436   1.90460044337182     
         438         435  0.966313001648094     
         439         438  0.995181865284100     
         440         439   1.00819633840064     
         441         439   1.00701233322231     
         442         434  0.958414160332501     
         443         435  0.960641072933006     
         444         438  0.966737587268794     
         445         438  0.972932226223374     
         446         439  0.968382328557182     
         447         440  0.984406079135081     
         448         440  0.984238992914693     
         449         440  0.981058638814256     
         450         441  0.982599049557699     
         451         441  0.983124720516130     
         452         441  0.983012688161398     
         454         453   1.02529364284448     
         455         454  0.989903186531344     
         456         455   1.84733800310186     
         457         454  0.962781044552415     
         458         457   1.01517727420107     
         459         458  0.978137797437918     
         460         459   1.00877779871412     
         461         453  0.953552493459502     
         462         454  0.915786663701251     
         463         457  0.966311940399979     
         464         457  0.964214405007660     
         465         458  0.975648485783311     
         466         458  0.974182883241115     
         467         460  0.977940714456314     
         468         460  0.984199208468735     
         469         460  0.983458166330300     
         471         470   1.02134448251791     
         472         471  0.989391753989448     
         473         472   1.88784127094145     
         474         471  0.931130546489999     
         475         474   1.01960840148719     
         476         475   1.40652949422553     
         477         475   1.39894195421606     
         478         476   1.44884548726056     
         479         477   1.46179269060465     
         480         478   1.37426575932356     
         480         479   1.36402617563817     
         481         480   1.06271065550416     
         482         470  0.954969732634529     
         483         471  0.947971853281079     
         484         474  0.962557808606036     
         485         474  0.956122218288855     
         486         476  0.963526791458559     
         487         477  0.961905697271209     
         488         478  0.962940518550876     
         489         479  0.966183178798452     
         490         481  0.868225485084308     
         492         491   1.01836249123328     
         493         492  0.946032460950548     
         494         493   1.66852319454272     
         495         492  0.965386887287424     
         496         495  0.995912091132695     
         497         495   1.00284707878735     
         498         496   1.01810643849060     
         499         491  0.956109225429609     
         500         492  0.945488742058874     
         501         495  0.966034549187171     
         502         496  0.974153392371670     
         503         496  0.957286894791310     
         504         497  0.975711337665005     
         505         497  0.989717449960578     
         506         497  0.979963886896231     
         507         498  0.983105360967684     
         508         498  0.981821033367477     
         509         498  0.985319867647286     
         510         493   1.25075208232890     
         511         510   1.00529195236084     
         512         511   1.00578693286571     
         513         512   1.88231731257857     
         514         510  0.902159177028903     
         515         511  0.932961265387808     
         516         511  0.924839012202876     
         517           1  0.945029723255252     
         518           3  0.956624892939553     
         519          17  0.957908748210202     
         520          38  0.952821459808498     
         521          50  0.946283270812284     
         522          52  0.953681590780453     
         523          69  0.940916912129273     
         524          71  0.956129388583034     
         525          89  0.952628707629246     
         526          91  0.955665381929829     
         527         108  0.959079833507336     
         528         381  0.952643577960596     
         529         389  0.957054177257644     
         530         416  0.953120658344767     
         531         434  0.949865808275021     
         532         436  0.956655952671970     
         533         453  0.954943577649813     
         534         455  0.952594567936921     
         535         470  0.947677632458937     
         536         472  0.955375169002823     
         537         491  0.955001374549532     
         538         512  0.953107162864435     
