   -0.41116304
    0.03035448
    0.18882959
   -0.38826948
   -0.01466456
   -0.13566311
   -0.14703801
    0.17861363
    0.07218878
    0.04250479
    0.05951329
    0.03665695
    0.05928977
    0.06611985
    0.06478163
    0.04691921
   -0.40000414
    0.04192081
    0.19890452
   -0.40556292
   -0.02050407
   -0.13994095
   -0.13680758
    0.17076628
    0.06102152
    0.06029216
    0.05950660
    0.04291713
    0.04856715
    0.06533804
    0.04321815
    0.05302943
   -0.41069733
    0.03192102
    0.20594697
   -0.38399663
   -0.08786224
   -0.00284952
   -0.05357995
   -0.05048097
   -0.07894808
   -0.09221914
    0.14404039
   -0.41939531
    0.18089281
    0.07119835
    0.06070734
    0.06511311
    0.04994365
    0.05037500
    0.06290674
    0.06397540
    0.33551364
   -0.61800484
    0.30991808
    0.31138025
   -0.40485607
    0.03713473
    0.19492458
   -0.37064364
   -0.07668659
   -0.10165840
    0.34743673
   -0.65412489
   -0.64453742
    0.17136126
    0.06321887
    0.04586578
    0.07710500
    0.03526826
    0.04396208
   -0.40931018
    0.02206616
    0.25616948
   -0.52676602
   -0.09048968
   -0.08935339
   -0.11171230
   -0.05350045
   -0.12312369
    0.17357261
    0.05420315
    0.06103996
    0.05981553
    0.06629742
    0.06924476
    0.07171402
    0.09241645
    0.12348193
    0.10453467
    0.28248376
    0.28369113
    0.29267790
   -0.15716068
    0.02859253
    0.21669660
   -0.36371239
   -0.09502689
    0.01631070
   -0.05057006
   -0.05806973
   -0.03687874
   -0.04553885
   -0.03918879
    0.22958085
    0.09381318
    0.08429852
    0.07646958
    0.04738570
    0.04400217
    0.03633618
    0.04245270
    0.05281331
    0.18082635
    0.06986426
    0.18514658
    0.06994280
    0.18461376
    0.07068134
    0.18211894
    0.07603631
    0.18364614
    0.06415946
