   -0.37620797
    0.04312021
    0.18188115
   -0.40539663
   -0.07190288
   -0.07125725
   -0.08854686
   -0.04810412
   -0.13486458
    0.15172872
    0.05417354
    0.06003526
    0.06236585
    0.04030836
    0.06160003
    0.07807097
    0.07767975
    0.10703432
    0.11651167
    0.28712568
    0.30551614
    0.28886754
   -0.37169237
   -0.00972781
    0.23964626
   -0.53251370
    0.14391264
    0.05074414
    0.07368738
   -0.06664681
    0.00390642
    0.26616719
   -0.54037202
   -0.07292500
   -0.06893138
   -0.01124906
    0.08027457
    0.05614271
    0.07221920
    0.05704587
    0.05598831
    0.07828631
    0.07697192
   -0.12713089
    0.01984081
    0.19332532
   -0.39039944
   -0.07108679
   -0.01855538
   -0.12620280
   -0.12694297
    0.22705680
    0.11288345
    0.06106442
    0.06633654
    0.04971181
    0.06184245
    0.04683180
    0.04432960
    0.05134452
    0.04258593
    0.04595356
   -0.39704644
    0.03971545
    0.18740390
   -0.38027994
    0.08810650
   -0.49341969
    0.17638946
    0.07330759
    0.04253228
    0.03267554
    0.35296841
   -0.38508921
    0.03842509
    0.19072543
   -0.40608518
   -0.04715474
   -0.02787081
   -0.00318614
   -0.01799506
   -0.09491806
    0.03979014
   -0.03917787
   -0.05350761
   -0.05598703
   -0.04476883
    0.16181987
    0.07728834
    0.03985490
    0.04530058
    0.03978219
    0.18940679
    0.01956469
    0.05578617
    0.02559919
    0.03593194
   -0.37414342
    0.03242595
    0.27088726
   -0.54963776
   -0.05646507
   -0.08700704
    0.27028403
   -0.56907876
   -0.21926970
    0.15377476
    0.05024331
    0.02052034
    0.04498310
    0.05300440
    0.07623644
    0.23343390
    0.22600553
   -0.15548187
    0.00947728
    0.27426936
   -0.51735381
   -0.01469266
   -0.11929319
   -0.12837657
    0.22948077
    0.08327757
    0.04631537
    0.05652390
    0.03081852
    0.04745705
    0.05559204
    0.05597261
    0.05089596
   -0.15178669
    0.03816390
    0.25555781
   -0.49957782
   -0.10890799
    0.22747739
    0.05805479
    0.05141954
    0.08284874
    0.06343646
   -0.07986963
    0.02799784
    0.27365833
   -0.55788748
   -0.06022116
   -0.05742039
   -0.00342639
    0.05408066
    0.05069997
    0.06334866
    0.05815359
    0.05937868
    0.05076001
    0.07325620
   -0.15957564
    0.03023534
    0.27696280
   -0.53548031
   -0.08986152
    0.27454134
   -0.57306392
   -0.22500865
    0.23670606
    0.08851097
    0.08508186
    0.06469038
    0.25700046
    0.24387177
   -0.13382532
    0.03510297
    0.19827297
   -0.38846008
   -0.13915947
    0.22754474
    0.08951907
    0.08419551
    0.08661622
    0.08170947
   -0.38152340
    0.04375893
    0.19020454
   -0.38630420
   -0.07082356
    0.00404844
   -0.04104748
   -0.04001321
   -0.04003873
   -0.02752145
   -0.03855994
    0.16619795
    0.04915488
    0.06081816
    0.05780318
    0.03910190
    0.02653597
    0.04639082
    0.03349825
    0.03645972
   -0.39617392
    0.04105992
    0.19153607
   -0.37579341
   -0.00994259
   -0.11345677
   -0.11498401
    0.17342859
    0.04713962
    0.04375491
    0.06245596
    0.03535083
    0.03615229
    0.06133727
    0.03926178
    0.04315501
   -0.41006784
    0.04793659
    0.18979250
   -0.38224113
   -0.06376998
   -0.00831998
   -0.11114185
   -0.12350195
    0.18631585
    0.04485151
    0.03887192
    0.04041035
    0.02975016
    0.04937649
    0.03734128
    0.03583875
    0.04632563
    0.03937703
    0.04394606
   -0.38870775
    0.03047430
    0.27535123
   -0.52620092
   -0.01715576
   -0.05553978
   -0.10228876
   -0.11460440
    0.15537641
    0.02207526
    0.04458544
    0.02118259
    0.03030413
    0.05494978
    0.02318466
    0.02903143
    0.04001566
    0.03901952
    0.05697423
   -0.16419324
    0.02501724
    0.18376859
   -0.37733269
   -0.05841962
   -0.08842362
    0.26488757
   -0.63336809
   -0.17982891
    0.22880438
    0.11145241
    0.07440351
    0.07497805
    0.06394429
    0.08254587
    0.25539370
    0.23983107
   -0.37848090
    0.03804463
    0.19195622
   -0.40168760
   -0.01743773
   -0.11445825
   -0.11455685
    0.16619846
    0.05483946
    0.04228545
    0.05260079
    0.03995175
    0.05633331
    0.05091716
    0.05400353
    0.03046967
   -0.38800976
    0.03862049
    0.25995262
   -0.55828326
   -0.06674151
   -0.01330798
   -0.11880539
   -0.11645549
    0.15096335
    0.03030756
    0.04565810
    0.04273074
    0.01828425
    0.04981626
    0.02439941
    0.04841228
    0.05034342
    0.04348371
    0.04510466
   -0.13184605
    0.01882880
    0.27127813
   -0.53710367
   -0.01594838
   -0.06040488
   -0.10975172
   -0.10724422
    0.19530190
    0.06789809
    0.05327249
    0.03640175
    0.04417648
    0.05635477
    0.02912838
    0.04232030
    0.04380125
    0.04113751
    0.03352174
   -0.12972253
    0.03890912
    0.27107519
   -0.57021174
   -0.07756343
    0.00798454
   -0.04828927
   -0.04157666
   -0.03942250
   -0.03120145
   -0.03354883
    0.20968920
    0.05950985
    0.06691210
    0.06335218
    0.05249422
    0.02657759
    0.05667898
    0.04160649
    0.05312480
   -0.13613826
    0.02539374
    0.28285759
   -0.55853846
   -0.11903333
    0.28000056
   -0.55141795
   -0.24564777
    0.22114167
    0.10230843
    0.10646411
    0.09462517
    0.25483856
    0.23812651
   -0.12360365
    0.00697784
    0.27286704
   -0.54581098
    0.04423103
   -0.47010076
    0.20866263
    0.09767879
    0.07790246
    0.06610116
    0.36378304
   -0.14417477
    0.02179676
    0.25516848
   -0.53921018
   -0.06753541
   -0.09984483
    0.35898379
   -0.56295113
   -0.68189115
    0.22446290
    0.09207419
    0.05664223
    0.07872015
    0.01180075
    0.04588021
   -0.15756444
    0.00599573
    0.26566469
   -0.52819798
   -0.08319222
    0.05856473
   -0.35927168
   -0.04446740
    0.10063653
   -0.02678325
    0.23600852
    0.10451020
    0.07381465
    0.09077670
    0.03981488
    0.04483928
    0.20244040
   -0.14249928
    0.01014212
    0.26237412
   -0.53512465
   -0.06514747
   -0.11283217
    0.26322875
   -0.54215121
   -0.24158915
    0.20239962
    0.11428769
    0.06798955
    0.09364459
    0.08719693
    0.08319837
    0.24099028
    0.23119524
   -0.12499380
    0.00585014
    0.25846767
   -0.53999035
   -0.02219261
   -0.13080637
   -0.12229190
    0.21974395
    0.06949832
    0.06033215
    0.06995564
    0.05474556
    0.04812268
    0.06861179
    0.04755494
    0.04172920
   -0.12939365
    0.00722275
    0.26367210
   -0.51628277
   -0.07496030
   -0.01642576
   -0.11269399
   -0.12922582
    0.23564063
    0.08618631
    0.06237021
    0.06062723
    0.02729528
    0.03757279
    0.03758715
    0.04916278
    0.05643198
    0.05560695
    0.03788625
   -0.15591491
    0.00558744
    0.24706654
   -0.55140670
   -0.08534863
   -0.07993053
   -0.09658532
   -0.04082736
   -0.15106200
    0.23525644
    0.10566350
    0.07175064
    0.10108102
    0.05983979
    0.06171181
    0.08518544
    0.08941909
    0.10623690
    0.10363978
    0.28950270
    0.29507711
    0.26133754
   -0.12791249
    0.01600150
    0.26999953
   -0.50554353
   -0.10616518
    0.28489121
   -0.55434977
   -0.25649740
    0.22005195
    0.10948088
    0.10155216
    0.08096357
    0.23476978
    0.25530498
   -0.14716603
    0.03202015
    0.23293551
   -0.56380485
   -0.08344452
    0.28258013
   -0.59576418
   -0.19685445
    0.20695790
    0.09579935
    0.07223419
    0.07605005
    0.25147995
    0.24447085
   -0.08996141
    0.00351944
    0.26073527
   -0.50898567
    0.12132879
   -0.48174126
   -0.14058263
    0.21744355
    0.10496885
    0.03634843
    0.32081576
    0.07197506
    0.05902432
    0.07600654
   -0.13848976
    0.02213061
    0.18729274
   -0.35584618
   -0.07940784
   -0.00832580
   -0.04661615
   -0.03717245
   -0.05411336
   -0.06487644
    0.14457768
   -0.44381940
    0.23118015
    0.11313377
    0.07288218
    0.08769678
    0.06053758
    0.03078893
    0.06759777
    0.03926005
    0.32969855
    0.19464194
    0.08043737
    0.18098632
    0.08512660
    0.17891940
    0.08013326
    0.17306158
    0.05990091
    0.18007402
    0.09500695
    0.19391008
    0.07951667
    0.17262528
    0.07471794
    0.18309707
    0.07727446
    0.17263640
    0.11058401
    0.17934470
    0.07014413
    0.18982469
    0.09890281
