   -0.00837250
   -0.05945694
    0.32662016
   -0.23082916
   -0.06676176
   -0.08405893
   -0.05087711
    0.28023120
    0.27550251
    0.11894358
    0.04790926
    0.06447036
    0.10315399
    0.08888985
    0.12720342
    0.12687509
   -0.28992009
    0.01826119
    0.27157363
   -0.53394629
    0.05095162
   -0.31711612
    0.18836245
    0.06225023
    0.05358323
    0.01027588
   -0.22281021
    0.02136079
    0.22257981
   -0.32920320
   -0.03974752
    0.01920712
   -0.15462573
    0.02141214
    0.19905690
    0.07452942
    0.04402845
    0.03831909
    0.05804524
    0.01653362
    0.06993710
   -0.00804459
    0.01673790
   -0.40445348
    0.01294271
    0.23871610
   -0.33688361
    0.03734015
   -0.34408147
    0.16731281
    0.04820249
    0.02262658
    0.04676497
   -0.38031219
   -0.00092485
    0.29231906
   -0.40866207
   -0.05853624
   -0.09669180
    0.31718779
   -0.42376021
   -0.34779334
    0.15832820
    0.04838144
    0.03208986
    0.03345629
    0.06806496
    0.04949684
    0.22141074
    0.22058491
   -0.21601306
    0.00727990
    0.32771717
   -0.37566561
   -0.12056248
    0.32296684
   -0.34591422
   -0.36932314
    0.21603945
    0.08104260
    0.04858259
    0.06385350
    0.23080320
    0.20648270
   -0.26133765
   -0.07872609
    0.33939762
   -0.21534650
    0.19459492
    0.07194598
    0.05154847
   -0.29374388
    0.01450502
    0.28800644
   -0.40993008
   -0.07386097
   -0.02109300
   -0.11319927
   -0.10152130
    0.18925896
    0.04801902
    0.04617451
    0.04544039
    0.02212421
    0.06002832
    0.02423504
    0.03980776
    0.04665904
    0.03532557
    0.03548165
   -0.20919837
    0.04797710
    0.07458688
   -0.61660281
    0.06256697
    0.03431491
   -0.03166763
   -0.05040520
   -0.07252945
   -0.09515214
    0.22461593
   -0.30888615
    0.19561767
    0.01629444
   -0.14360883
    0.00174379
    0.00853263
   -0.02015182
   -0.04082404
   -0.00013815
    0.34768915
   -0.07057889
    0.08199577
    0.23008616
   -0.32887544
   -0.18610579
    0.03368207
    0.00446316
   -0.13171820
    0.20841591
    0.02565264
    0.02109918
    0.00436730
    0.01764410
    0.05024373
    0.01570482
    0.01731320
    0.10843733
    0.06314354
    0.02398869
   -0.26071116
    0.01901849
    0.21791166
   -0.12626379
   -0.07152247
   -0.11356423
   -0.08003231
   -0.08227902
   -0.04582373
   -0.18428720
    0.20261620
   -0.15564894
    0.10772758
   -0.02531308
   -0.08207939
   -0.02119649
    0.08315506
    0.04111652
    0.02190176
   -0.05541606
    0.39434976
   -0.22264423
   -0.03123956
    0.32896746
   -0.22097345
    0.07605169
   -0.41134762
   -0.12430141
    0.11736605
    0.01226799
   -0.04350825
    0.26696858
    0.02587973
   -0.08556538
    0.06066123
   -0.18142530
   -0.12924245
    0.35220463
   -0.13243393
   -0.04173062
    0.00250724
   -0.07827914
   -0.18802800
   -0.10901032
   -0.05450414
    0.32455335
   -0.20432193
    0.28231248
    0.03485140
    0.07290431
   -0.11176074
    0.06012436
   -0.01061680
    0.02047577
    0.09365170
    0.25980923
   -0.14332220
   -0.05659668
    0.35688231
   -0.05678975
   -0.12851677
   -0.16785256
    0.53098708
   -0.38648329
   -0.34828342
    0.24463745
    0.10402607
    0.02954099
    0.04063456
    0.00971422
    0.02721544
   -0.45999179
   -0.01067029
    0.20961311
   -0.42258805
   -0.06589890
    0.01019441
   -0.06632859
   -0.12559860
    0.13964815
    0.08578514
    0.08176669
    0.00939492
    0.03064515
   -0.01345287
   -0.00748922
    0.07090580
    0.09865000
    0.05421715
    0.01418305
   -0.40158346
   -0.01532050
    0.25333174
   -0.54014222
   -0.01744429
   -0.02376430
   -0.14035889
   -0.12147648
    0.11197332
    0.09635232
    0.04514148
   -0.04076475
    0.04650760
    0.03286883
    0.06409803
    0.05709519
    0.08806018
    0.08939710
   -0.02315585
   -0.17685915
    0.03145118
    0.30909721
   -0.49332412
   -0.01551356
   -0.04980056
   -0.11280514
   -0.10371327
    0.22421587
    0.06557129
    0.02172054
    0.01747934
    0.02084309
    0.05572455
    0.05560621
    0.04622192
    0.07289039
    0.04436834
    0.03569757
   -0.22983495
    0.03489526
    0.30809414
   -0.48279439
   -0.04754223
   -0.00592835
   -0.10450943
   -0.11548554
    0.20115586
    0.03844983
    0.01041789
    0.02137667
    0.02258351
    0.06155483
    0.03188142
    0.04692629
    0.05688985
    0.03473320
    0.02729247
   -0.32860643
    0.01273174
    0.30360915
   -0.38550612
   -0.06190537
   -0.01456045
   -0.10290074
   -0.10432327
    0.30092565
    0.06622384
    0.01639426
    0.02258496
    0.02934111
    0.06026308
    0.02887400
    0.04996299
    0.02849307
    0.03272490
    0.03821998
   -0.25417383
   -0.00980632
    0.30473389
   -0.35569224
   -0.12050425
    0.19274889
    0.06445365
    0.07642819
    0.07090360
    0.04189453
   -0.22052504
    0.05705499
    0.35622187
   -0.55494845
   -0.11427279
    0.30160116
   -0.45276409
   -0.29972061
   -0.52254220
    0.22543085
    0.14371014
    0.05312053
    0.06456144
    0.24241164
    0.23034550
   -0.40252272
    0.00256343
    0.22767025
   -0.32708283
   -0.06359859
    0.03004286
   -0.18490340
    0.03975551
    0.15899336
    0.08044627
    0.03509977
    0.04443909
    0.07463129
    0.00011601
    0.04713367
   -0.02443388
    0.02718031
   -0.37924705
    0.02376689
    0.19362707
   -0.33977337
   -0.06888091
   -0.02758978
   -0.11542274
   -0.09875955
    0.15429792
    0.05525592
    0.04140846
    0.04131311
    0.02142029
    0.04353701
    0.05226387
    0.04452321
    0.03136772
    0.03140374
    0.02560823
   -0.19524079
    0.06217896
    0.22982176
   -0.32980067
   -0.17816330
   -0.00145453
    0.03634391
   -0.11844976
    0.23189735
    0.02832611
    0.02726933
    0.00923054
   -0.00995519
   -0.06806570
   -0.00542054
   -0.00896413
    0.08914842
    0.05504660
    0.00375463
   -0.26004918
    0.02107636
    0.21775151
   -0.12278274
   -0.06853481
   -0.11285728
   -0.08319279
   -0.08557946
   -0.04220731
   -0.19253760
    0.20451157
   -0.16196338
    0.11403773
   -0.02813276
   -0.08749099
   -0.01585068
    0.07980889
    0.05384609
    0.00587473
   -0.05100043
    0.40112743
   -0.38257565
    0.04002851
    0.21543298
   -0.40551433
   -0.02681586
   -0.05933173
   -0.10779030
   -0.10396982
    0.18826370
    0.03281169
    0.01665549
    0.02746710
    0.02681760
    0.03723612
    0.05938523
    0.05465926
    0.06365760
    0.03044337
    0.03308413
   -0.38337829
    0.01470384
    0.22327170
   -0.33754724
   -0.06696398
   -0.02015128
   -0.11657270
   -0.10439628
    0.16221040
    0.06465784
    0.02980004
    0.01649587
    0.04118553
    0.05928650
    0.05118319
    0.05001567
    0.02431021
    0.02493938
    0.03787664
   -0.52530656
    0.01673437
    0.30036389
   -0.40804387
   -0.05453272
   -0.01988325
   -0.10985076
   -0.10519296
    0.28016739
    0.01758386
    0.01053005
   -0.00682441
    0.03995965
    0.06285357
    0.04122899
    0.03760540
    0.02656926
    0.02043070
    0.03512718
   -0.24417355
   -0.00146431
    0.21429444
   -0.29593425
   -0.12083638
    0.20278559
    0.07754217
    0.08468816
    0.05825055
    0.04146570
    0.17832301
    0.03025182
    0.17027137
    0.05493528
    0.14266036
    0.07506891
    0.03446178
    0.18817444
    0.03128334
    0.18425684
   -0.00472963
    0.19587347
    0.02240806
    0.21084468
    0.04002538
    0.17587198
    0.18656563
    0.04508620
    0.19113111
    0.05157550
    0.23596127
   -0.00838076
    0.19959138
    0.01736836
