$grad                                                                           
  cycle =      1    SCF energy =  -738.22737888002   |dE/dxyz| =  7.939363
    8.78628475588690     65.80648017093554    -34.70382859044246      n 
    9.43780854113043     66.31312229837692    -32.41494164129426      c 
   11.84660508333257     64.80083406097232    -31.58825614142982      c 
   12.89890080140632     63.56041824945389    -32.60457163389825      o 
    7.09850066969998     65.06358795708644    -31.23009452787144      c 
    5.17647304402309     65.19524124222572    -33.01099151029279      c 
    6.27454943169705     65.08930873238960    -35.38990220743801      c 
    9.18632017842188     67.39502167156616    -35.79166798399463      h 
    9.96734757177586     64.35201027100068    -35.55962677421173      h 
    9.37644509289761     68.26700945388319    -31.82295574511271      h 
    7.60287296434469     63.05659647506396    -30.65501854803814      h 
    6.71003469272281     65.92645289519811    -29.33575005301626      h 
    3.91454539732112     63.58727197461207    -32.54597432890446      h 
    4.15239709563484     66.93948276915754    -32.48337064672810      h 
    6.15567403368769     63.18798485161664    -36.17395404141138      h 
    5.36774064856831     66.45255059750679    -36.63457846072222      h 
   12.70684406582399     65.96505590603044    -29.24471860903471      n 
   14.57808951068684     64.46947419679373    -27.85055718399540      c 
   13.74133464597477     63.69800127087850    -25.36251846290599      c 
   13.18399558439076     65.14613099172101    -23.59284417909417      o 
   17.24399596384773     65.82248681415373    -27.67789873000212      c 
   19.69940882040170     64.32442239298038    -27.28343025265296      s 
   12.38637240364410     67.62087456498037    -28.32261244445765      h 
   14.94208002059650     62.75795401884805    -28.83642843647514      h 
   17.52424121966239     66.82698464915141    -29.33340348071646      h 
   16.86599996530463     67.12240260078448    -26.05174496084734      h 
   13.23966975527255     61.21984459498506    -24.85589493528123      n 
   12.39428464745443     60.21877383903458    -22.34213605002603      c 
   13.53879659360268     57.70276216215338    -21.97896944418965      c 
   13.61465147274091     56.39225495933064    -23.64464465555455      o 
    9.51441761291859     60.56254442698464    -21.85085509192137      c 
    7.57755481254051     60.21269601210755    -23.90435377873192      c 
    4.89966309814598     60.21266085054373    -22.55534802043459      s 
    4.95020139716510     59.24394574778213    -20.04098922580309      c 
   12.60960481994257     60.10140798529400    -26.20555893142499      h 
   13.60837497514538     61.32099121133815    -21.25297183915273      h 
    8.87734016102657     59.13956600308185    -20.36790563090334      h 
    9.22716729362105     62.51529955349934    -21.20796806801562      h 
    8.35281098171150     61.40421103677056    -25.54543351390421      h 
    8.04861007670662     58.25161638521656    -24.62266277182810      h 
    3.14900697924926     59.26865959810896    -18.78168839586947      h 
    5.42131112323307     57.14615264552373    -20.10662742971987      h 
    6.54337597783397     59.94653619356206    -18.79583926168710      h 
   26.13639419256224     63.84654661785731    -28.11732625869071      n 
   26.61650197818402     66.09789751207374    -26.34317330718255      c 
   27.54012029201709     65.23724752382596    -23.74653965213849      c 
   28.68668395690321     66.24515357311462    -22.33495098863470      o 
   24.02943866673334     67.46764105075113    -25.97465204192637      c 
   21.77570046622941     65.92021406739964    -24.12395824888621      s 
   24.27547207149453     63.44822497890404    -28.25278297672882      h 
   27.95240498032739     67.33296227109230    -27.12862943165774      h 
   24.65214149697211     69.26791413788266    -25.09359298904870      h 
   23.26952491949484     67.78736079192066    -27.86782024288043      h 
   31.71540127404567     70.78402249824568    -22.63684302156144      n 
   31.02465569835710     73.28336654394410    -23.75536351543149      c 
   29.96040807800396     75.17344851912193    -21.64427589367691      c 
   28.45306083126097     74.43098457745521    -20.27120388563182      o 
   28.92738687108362     72.83229111678004    -25.83904909783917      c 
   29.66654582889673     71.68884285088139    -28.31960868121960      c 
   27.60593547065874     71.10784382250289    -30.00680090731790      c 
   25.69733705885245     71.75576847198612    -29.44973039431060      o 
   28.26320677857548     69.78806261875275    -32.16576368871180      n 
   30.47578470454305     70.34445550438052    -21.26489224820432      h 
   32.53893137358170     74.31616056385342    -24.71459879114987      h 
   27.61963522260953     71.48783927185383    -24.99291121995681      h 
   28.08127979346656     74.67760178356870    -26.24145477925488      h 
   31.04577877496097     73.02752402304665    -29.11858126159843      h 
   30.67399365535851     69.94762299234098    -27.80462306486866      h 
   30.14857843664711     69.37968241152312    -32.46802073996906      h 
   26.80824317753185     69.54896894001077    -33.43590850502533      h 
   31.11192038505208     77.52326390007765    -21.75467888189300      n 
   29.98151540185231     79.43215733136380    -20.06678989739657      c 
   27.42652404451393     80.25139663314330    -20.86641691576089      c 
   26.68865142164272     80.17160619770397    -22.75550589059704      o 
   31.61705958094269     81.77994931755003    -20.23966282167907      c 
   34.48173428994284     81.30088798354639    -19.98915246376989      c 
   35.21930339145715     81.34481929911350    -18.17249605548054      o 
   35.91341356429413     81.30584812960406    -22.20597497160025      n 
   32.46827133444850     78.11970544274712    -22.77897541818029      h 
   30.32760012212165     78.89176559211937    -18.20427430857479      h 
   31.47780585337322     82.67136346977571    -22.08383137533158      h 
   31.20098364695414     83.18240173245540    -18.74450670612717      h 
   37.85318101121730     80.81900598638724    -22.02312975070017      h 
   34.92582072082992     81.33732257296921    -23.75800873794161      h 
   25.96393081894713     80.89523693383953    -18.83484947746999      n 
   23.26438885903752     81.47239265553475    -19.46021050148678      c 
   21.47225772947991     81.20948224740421    -16.99568403336152      c 
   22.17665553750363     80.80685861293435    -15.35870252739130      o 
   26.19847405215409     80.57058209511877    -17.04389817430931      h 
   23.22848492034597     83.21892002804505    -19.97860018323539      h 
   22.47383970429871     79.99050203102077    -20.66317535318883      h 
   18.96240996107807     81.72065837655232    -17.93706584084887      n 
   16.86412420745366     81.40964022754871    -16.10156226100872      c 
   15.34181754200851     78.95637827332189    -16.05499913639524      c 
   14.21936361740110     78.04521809062619    -17.73433856057987      o 
   14.97839560887405     83.51985121828554    -16.65208750939147      c 
   13.11991771698580     84.06014056027276    -14.40097170180745      c 
   14.53044023055715     84.41938905745874    -11.89510671244641      c 
   11.40435285824640     86.43250699094666    -15.00983362248030      c 
   18.15411022858390     82.03215268641740    -19.75190553804221      h 
   17.58104147615867     81.86132469486689    -14.17027188450993      h 
   15.92214993365361     85.35852874120101    -16.92690133831525      h 
   13.80944626116398     83.03976828482766    -18.21067055035585      h 
   11.75433040849110     82.59774680567340    -14.30317896936841      h 
   13.04815447209504     84.81886349462562    -10.44530943204173      h 
   15.62561480721980     82.65045347413455    -11.71901632640072      h 
   15.78389505815121     86.07458404448447    -12.24514657167997      h 
   10.08180084117749     86.69683092485872    -13.41169429880641      h 
   12.67226854948378     88.08611308392202    -15.27812019152146      h 
   10.32288126666668     86.02354507561418    -16.78766320986658      h 
   15.90457731441446     77.63985868497070    -13.93688604287342      n 
   15.30171890379417     75.03192052678152    -13.23619040470484      c 
   12.97739854732231     74.86565350540573    -10.97195049991377      c 
   13.74434221568780     76.09753597896479     -8.49188605742431      o 
   17.17428762604047     73.38156001412457    -13.55534128771898      c 
   19.00548963233983     72.95939315929790    -14.57552047021068      c 
   21.23676682289787     74.21575921100616    -14.90454784924054      c 
   18.99663579856021     70.88277582468302    -16.11303341379408      c 
   22.75726402453499     73.74730369536287    -16.85858911397667      c 
   20.90667751860691     70.39675702504677    -18.16157538364366      c 
   22.82770086208920     72.15396309981273    -18.56938578615415      c 
   23.72266194072663     71.82051881481075    -20.40588443558591      o 
   17.30775275963294     78.36869646363868    -12.37583839600364      h 
   14.08965735772546     74.52085096457094    -15.12308692497482      h 
   18.19304595855083     74.18031841447609    -10.98562666732883      h 
   16.46864994727854     71.47351400795266    -12.26848157269645      h 
   21.40393854093428     76.19128504350320    -13.97897418192157      h 
   17.26210991247054     69.51868770154637    -16.06834965603020      h 
   24.47286560499595     75.34539284454515    -17.24664053043398      h 
   20.27016863158481     68.71575981137210    -19.41885465996782      h 
   25.74584941367284     72.61571488427150    -20.25995833154282      h 
   10.61782388891768     73.74405916648800    -11.95190934640691      n 
    9.93062003817020     73.14058470804284    -10.10514446425759      c 
   10.03421502484820     70.45677544458354     -9.26576061639535      c 
    9.81237582695825     68.93664378945536    -10.54733648872213      o 
    7.18647563578223     72.90596801457419    -11.49762193522828      c 
    3.87698213128055     74.35921358941236     -8.80061195732409      c 
    4.80465211789335     75.82216686314148     -8.31607357088625      c 
    1.85674694619342     74.27759569846218    -10.69152803448130      c 
   10.61601085069302     73.63123192255087    -13.76752051666015      h 
    8.97118976503261     74.41488050658110     -8.48649133808206      h 
    6.32038901596036     74.25470626799043    -12.71277241637330      h 
    6.15289855123404     71.13456150647896    -11.61646695173561      h 
    4.05364324801107     72.41526904349594     -7.68445099473851      h 
    3.40642034901500     77.01707070594833     -6.85895486060758      h 
    6.63844253284807     76.06879617181586     -6.93850322234179      h 
    5.40222019990050     77.63990678246455     -9.58841000537325      h 
    0.42171645263064     74.57038795941459     -9.76985873240283      h 
    2.26566746802385     75.46361973037165    -12.22029622531399      h 
    1.71282059474740     72.22168134171147    -11.76414309526453      h 
    7.19851461549954     64.38142481103591     -4.52076645130216      n 
    5.54650125895432     64.00542830166209     -3.46064989546225      c 
    5.55961455373196     60.56952056707803     -2.78831312233636      c 
    7.09413267909509     59.89410118038708     -3.28812542549542      o 
    3.39494469849290     63.80750193082750     -5.51486597156499      c 
    3.66680356162697     61.97550150907846     -7.55761368166123      c 
    1.59020351365816     59.03474822765438     -7.22975071680140      c 
    5.01732159522501     62.74871985485544     -9.79999044101026      c 
    2.17941167804527     57.83429056626508     -9.02465563845279      c 
    5.03934188309603     60.55490025459522    -11.38082860703425      c 
    3.76819672976877     57.92084112798045    -11.35105848917242      c 
    4.00096381106777     56.96064301591493    -12.97366520530380      o 
    8.55483406732179     62.82112266785614     -5.15977784665199      h 
    4.67162787947464     64.73839607034513     -1.71533434392098      h 
    1.23844514407138     63.60419059031373     -4.52384165525178      h 
    3.22682035297586     65.65585607004353     -6.38210697054518      h 
    0.92991170652344     59.20865888832789     -5.68946013383115      h 
    5.74779037878536     64.08725024975564     -9.78249046189173      h 
    1.32968108361270     55.97551509639700     -8.90949960793856      h 
    6.11853555309614     60.86371853809440    -13.09113326978563      h 
    5.02412516365499     57.01972432299907    -14.45279385569214      h 
    9.05099782518999     78.05071405562666     -2.56681128625973      n 
   10.18984792298142     78.92180570382031     -4.14701716547684      c 
   13.30408846158658     80.38397670961901     -4.01121979939199      c 
   13.13276645239820     81.69334724530681     -2.63851584098682      o 
    8.72435663618652     81.75775996874847     -5.01283261340444      c 
    6.57973754541153     81.13998120780927     -5.50183089651282      o 
    9.32226736292485     82.90426585998802     -7.99192471762675      c 
    8.55158959003643     79.34895491484272     -0.62888537519545      h 
   10.11765750591777     78.15719391248975     -6.16574065427528      h 
    9.11336627673684     83.07727354497433     -3.64679945449659      h 
    5.14995810099625     82.78895082660961     -5.69769051092634      h 
    8.51040640597444     84.76321913379272     -7.98016746921438      h 
   11.69875331887844     83.35532574132155     -7.44747342147696      h 
    9.34256592205039     81.58840984285682     -9.14208688011272      h 
   14.53793859981814     78.65449062796085     -5.69560641362405      n 
   16.81729136471208     79.75899809772628     -5.02647352628116      c 
   19.33807947567513     80.32070964802986     -8.27550638494935      c 
   18.31243223754551     78.99846948411957     -9.16218427243076      o 
   18.10531895059134     76.71451199962750     -4.06110037853856      c 
   17.94392091923980     77.02549820130216     -1.40003143011096      c 
   19.49139207115589     77.30400203478132      0.69440776876920      c 
   15.72247286174013     75.57790536879835     -0.97455632674012      c 
   18.11720769293828     76.75365556789043      3.21944526490046      c 
   14.86580952798312     74.94321815037932      2.41282690057392      c 
   16.25391215072242     75.63524967626159      3.19919255203823      c 
   16.02402622932059     74.88990600975559      4.91305430358062      o 
   14.30555560966471     78.18670658523763     -6.65283598221889      h 
   17.59971477950507     81.25970311365988     -3.89973252478763      h 
   18.11274490101861     75.60253471265942     -5.30377282141716      h 
   20.57359031187395     77.45442726129237     -3.97152812481020      h 
   20.94536435220213     78.22645801370982      0.36181555174914      h 
   14.31865902419919     74.95454228191892     -2.40752404969178      h 
   19.93583162832810     77.23126777178597      4.70719114423020      h 
   13.00598146583245     73.93994725793773      1.90985051889796      h 
   13.96998831015528     74.19782753041959      6.19433591307382      h 
   20.33363953677828     82.53622361947299     -7.48339147150805      n 
   21.64642451434894     82.30263126801783     -9.48352485422371      c 
   24.43522573078821     81.86965645311366     -8.51222668279435      c 
   25.55211275442939     81.93276600264343     -7.31323954793522      o 
   22.39934225461616     85.82172656682187     -9.68439743971614      c 
   24.37965653474981     86.18841543701255    -11.90229633865975      c 
   24.65173457831503     89.58356147219932    -11.63608513582009      c 
   23.17170314480256     89.52217112031609    -12.90675123171393      o 
   26.45032627970446     90.04526204716356    -11.23775028069045      o 
   20.31181912144146     83.72605688687379     -5.88149718319340      h 
   21.21351263279908     82.27444841205006    -11.18894638254108      h 
   20.52231303004215     86.49691083721171    -10.28282378347097      h 
   23.03104330541339     86.37368562643830     -7.97715996696457      h 
   26.05136135384956     85.39795326654816    -11.34742079128646      h 
   23.52660203539358     85.83679124325940    -13.53144398287258      h 
   24.79462524561240     79.70543844892353    -10.46704691259787      n 
   27.40856483232103     78.19047500907352     -9.79170353710966      c 
   29.11838654234689     78.05565188458779    -11.85630336382935      c 
   28.62354024793129     79.20585543755226    -13.75866529430989      o 
   26.17665369483186     75.20744233529612    -10.12253984118668      c 
   24.10540221191667     74.75269145560034     -7.89093585975331      c 
   22.96717155438614     72.71466952548188     -8.78538685732641      c 
   24.83812149278675     74.05515922377315     -5.12266798218049      c 
   24.04992423313882     79.10089843505371    -12.08050033272405      h 
   28.02192630953190     78.38674178894233     -8.15386310647589      h 
   26.01200915738519     74.50535388576598    -11.60480654667587      h 
   27.99129727003008     74.14717769694035     -8.96126175773313      h 
   22.96292362487383     76.49638239821567     -7.84209358467142      h 
   20.99742449779494     72.30633470342245     -7.58626230953311      h 
   21.83265204631054     73.16933538073802    -10.74091442005652      h 
   23.58024563375985     71.00356462747474     -9.07645360516814      h 
   23.63892299226917     73.88716099251884     -4.04119829128712      h 
   26.24570456939136     72.58586938221798     -5.31768134235398      h 
   26.23445839792889     75.80721087693753     -4.68004115010535      h 
   11.67289881466184     60.32144923120846    -11.48155608500637      n 
   12.47383695342464     63.57787801388140    -12.48181714970141      c 
   12.03046033421769     63.67837014878531    -15.37579968081017      c 
   11.63532575927394     61.89635476267443    -17.17682316658883      o 
   15.42139379496390     63.62321927268757    -11.98519098893252      c 
   16.20536946032035     65.92136737886281    -11.39821673384075      c 
   16.87692647885134     62.28215985131335    -14.84251174266256      c 
   18.81999135998399     66.88403394299294    -10.54187176051367      c 
   11.48552384185972     59.23192116853245    -13.52579828883804      h 
   11.48988334646126     64.49452704468065    -11.43205822789891      h 
   15.85944904359647     62.16805647071835    -10.52885612960769      h 
   15.67534607156022     67.20430286970381    -13.32470138720624      h 
   15.07076209132645     66.68205923663463     -9.96145349310740      h 
   18.91861131202047     62.54837221406680    -13.92797647257178      h 
   16.43209485097678     60.44832645775445    -14.64672414173655      h 
   16.25150104503735     63.37251853603838    -16.03117762600003      h 
   19.11538072667748     68.48075042737098    -10.66299545562483      h 
   19.24433148280030     65.43842578590774     -9.30397325935737      h 
   19.92318145076756     65.73221842129044    -12.53196881079130      h 
   11.46173742972251     66.22927873072248    -15.47502562600668      n 
   10.77349717956512     67.20867280275802    -17.93281532203406      c 
   11.86865371747078     69.52420530126332    -18.30995536769664      c 
   11.92997782331009     71.28190217149543    -16.92191770107431      o 
    7.79094563341592     67.47789491936975    -18.09899189186625      c 
    6.79170553587280     68.90194795218525    -20.57109002775365      c 
    6.74026632040084     68.72948579158522    -15.70674561469251      c 
    4.08893939830294     69.05113462169558    -21.05195120062416      c 
   11.55748334631764     67.63235729384895    -14.25596458887897      h 
   11.17061050091230     65.95289048399397    -19.52117385769752      h 
    6.95341874573371     65.54714969876068    -18.23574915048315      h 
    7.50555570377306     70.78988032705713    -20.32387503310328      h 
    7.65324119672111     67.86298031967588    -22.15742518300956      h 
    4.62549838895194     68.84776024956174    -16.06767033999156      h 
    7.30253928863081     67.53537709802572    -14.13172846788617      h 
    7.59776443530472     70.63222938831500    -15.74410442939290      h 
    3.67155602037775     70.03575116814355    -22.69479411001145      h 
    3.46675760424777     67.00055870900424    -20.98936267064840      h 
    3.36185181275552     69.79474136794919    -19.15419126343411      h 
   13.05219331835990     69.84032071332771    -20.53188645974697      n 
   14.01860901316886     72.41735901633415    -21.34344906827629      c 
   12.05885182462300     74.11899713680063    -22.22198637919551      c 
   10.49587697343609     73.72971870503279    -23.69532448276406      o 
   16.06516557835459     72.18611143400229    -23.47063164600081      c 
   18.17481233150495     74.01834684317312    -24.04446656022218      c 
   19.25160066345255     73.72714277707247    -26.68859067885873      c 
   17.11245197157565     76.62438010998432    -23.57453447243746      c 
   13.43839334006907     68.73262251235059    -21.87313135129805      h 
   15.13026012361151     73.25899915899637    -19.89360539302086      h 
   16.93421127600986     70.29186510093047    -23.21765658694405      h 
   14.96482850056709     71.95135618185861    -25.23937794265763      h 
   19.53825546944326     73.66760943790368    -22.68358773409878      h 
   20.66942902383976     75.15382294091776    -26.92078441144655      h 
   19.93949340207854     71.71589333638411    -26.76872653465873      h 
   17.63070533170681     73.87207969783132    -28.01244796686842      h 
   18.65763345650945     77.93625618606515    -23.99471363130759      h 
   15.52772326195574     76.91045323224964    -24.94414018943294      h 
   16.33743599696631     76.73856215079991    -21.62307019239640      h 
   11.92016549879713     76.30678709568889    -20.87351731818559      n 
    9.91478298821835     78.06942934282552    -21.94932443204381      c 
   10.62257856979720     80.12239764403330    -23.96281391362131      c 
    9.48108195919076     80.85505656308816    -25.62398677637811      o 
    8.67694341552016     79.26242269877584    -19.64085528429548      c 
    7.31699793959400     77.94668510944707    -17.38933149602838      c 
    7.17128902118734     79.50808066393481    -15.03738169039993      c 
    4.70076183016632     77.09509785435603    -18.40286846868666      c 
   12.99787706297130     77.08503027548841    -19.40947559783654      h 
    8.30640379539363     77.08197864681487    -22.65497042597787      h 
   10.10060377518868     80.42332611590302    -18.63501686504821      h 
    7.20990702038103     80.65835854341134    -20.31294702364951      h 
    8.20112047501814     76.19521198378781    -17.31443788381987      h 
    6.21210624129994     78.32638440075827    -13.68495563981718      h 
    9.18802352107874     79.89131341376991    -14.65877023135877      h 
    6.19268483513445     81.27279187393654    -15.58427085188808      h 
    3.81966108861140     76.10099804534308    -16.73142180939521      h 
    3.55671870518397     78.86878203307528    -18.67599486625710      h 
    4.78642320609166     75.94112961259900    -20.07537186556354      h 
   13.17368025602612     80.70102274802964    -23.51329422356509      n 
   14.21848685693713     82.98229197225898    -25.04106447147786      c 
   17.23312232540000     83.42198314115011    -24.90362909982187      c 
   18.30860059462873     81.94720234652563    -23.89657615994308      o 
   12.89369719836412     85.30415151059213    -24.54295859500841      c 
   14.49195824967989     80.13140010986112    -22.39112032270624      h 
   14.02529528139588     82.15099631548794    -26.87604479036004      h 
   13.62407127698571     86.83233558429930    -25.74996173248261      h 
   10.79854148740254     85.07578985291244    -24.77261378257259      h 
   13.17664211081179     85.72561292864323    -22.46550085334355      h 
   17.80319459815790     85.50383595753907    -26.29393933197357      n 
   20.34587941118256     86.48680639923947    -26.07379881629834      c 
   20.12990224296486     88.37868326031244    -25.50993366665076      c 
   21.24776033724503     90.53354917386284    -26.28773564060557      o 
   22.02521742393088     85.43971611081702    -28.39766229788484      c 
   22.17558259646304     82.74160989778738    -29.37985629560122      c 
   23.88569608319904     81.71245364284928    -28.50869763715848      o 
   20.21572196715331     81.82608532687138    -30.64181121482809      n 
   18.93983294066718     90.22810203201098    -24.14240792886678      o 
   17.08775450441691     85.84270354323237    -28.12158708520468      h 
   21.36541786924102     85.34946164410013    -24.73420154845656      h 
   21.43130258734096     86.35006389522484    -30.22124892611599      h 
   24.13787865808898     86.04956303810184    -28.32530404462203      h 
   20.23245049796735     79.86288888774246    -31.05702902804252      h 
   18.94319672126501     83.03491998635769    -31.10439687242041      h 
    8.59077902175918     99.03129102864322    -24.85589493528123      n 
    9.88042428127014     98.79970142745742    -22.34213605002603      c 
   11.48709833657629    101.04888368596943    -21.97896944418965      c 
   12.58410342651534    101.76982953972740    -23.64464465555455      o 
   11.02264373624067     96.13377812190949    -21.85085509192137      c 
   12.29405275124634     94.63132994055717    -23.90435377873192      c 
   13.63302905929858     92.31222526814551    -22.55534802043459      s 
   14.44669179775412     92.84035027034231    -20.04098922580309      c 
    9.87440600584386     99.04485709363249    -26.20555893142499      h 
    8.31883087247551     99.30002580742038    -21.25297183915273      h 
   12.57351792629940     96.29354207643013    -20.36790563090334      h 
    9.47513334907853     94.90863448497390    -21.20796806801562      h 
   10.87454238623179     94.70696396515604    -25.54543351390421      h 
   13.75686989478724     96.01981557937695    -24.62266277182810      h 
   15.32588618433831     91.26811322202319    -18.78168839586947      h 
   16.02787905323067     94.29723981223231    -20.10662742971987      h 
   13.04164333289756     93.86878470703749    -18.79583926168710      h 
   -6.93759334669823     60.89306504894031    -17.93706584084887      n 
   -6.15780008800832     62.86574289038799    -16.10156226100872      c 
   -7.52123392981777     65.41073011225011    -16.05499913639524      c 
   -7.74909483260864     66.83838381679516    -17.73433856057987      o 
   -3.38743946347959     63.44372626593970    -16.65208750939147      c 
   -1.99029622191248     64.78307066180433    -14.40097170180745      c 
   -2.38443915371571     63.38189808382923    -11.89510671244641      c 
    0.92201580336237     65.08261019606172    -15.00983362248030      c 
   -6.26368149493045     61.43732599620778    -19.75190553804221      h 
   -6.12508849926771     62.01903208973870    -14.17027188450993      h 
   -2.26697518162440     61.70707228443641    -16.92690133831525      h 
   -3.21872880573137     64.69610756365458    -18.21067055035585      h 
   -2.57397270963609     66.69690083923864    -14.30317896936841      h 
   -1.29734126387064     64.46585798792640    -10.44530943204173      h 
   -4.46396959498978     63.31791687061534    -11.71901632640072      h 
   -1.57772566077386     61.46877686713145    -12.24514657167997      h 
    1.81220305347210     66.09581187369994    -13.41169429880641      h 
    1.72012284220225     63.15775995098505    -15.27812019152146      h 
    1.10858019125765     66.22367302555669    -16.78766320986658      h 
   -0.94458602642903     90.49859861797539    -11.95190934640691      n 
   -0.07835988946313     90.20519985477080    -10.10514446425759      c 
    2.19408961828783     91.63682037678642     -9.26576061639535      c 
    3.62148184750040     92.20476782335659    -10.54733648872213      o 
    1.49689632827382     87.94600943736698    -11.49762193522828      c 
    1.89309549488200     84.35328120146357     -8.80061195732409      c 
    0.16230580184039     84.42519033924474     -8.31607357088625      c 
    2.97389625434774     82.64451515509188    -10.69152803448130      c 
   -0.84596824795533     90.55344210274644    -13.76752051666015      h 
   -0.70221728651001     88.73716096568474     -8.48649133808206      h 
    0.76189804773546     86.52158729609810    -12.71277241637330      h 
    3.54776790710924     87.93660867948105    -11.61646695173561      h 
    3.48827029679998     85.47824648946556     -7.68445099473851      h 
   -0.17339539665782     82.61683418558084     -6.85895486060758      h 
   -0.96817665218645     85.88998476956473     -6.93850322234179      h 
   -1.71068718674722     84.03382951924276     -9.58841000537325      h 
    3.43784596507416     81.25534616207810     -9.76985873240283      h 
    1.74230905216902     82.40563869902498    -12.22029622531399      h 
    4.82633349097427     83.54782845676326    -11.76414309526453      h 
    8.87334780825616     92.21870710147296     -4.52076645130216      n 
   10.02497701545225     90.97601982197800     -3.46064989546225      c 
   12.99400375121939     92.70533013569026     -2.78831312233636      c 
   12.81167503569598     94.37197150818614     -3.28812542549542      o 
   11.27216456088835     89.21168036831365     -5.51486597156499      c 
   12.72279403427124     90.36311726093446     -7.55761368166123      c 
   16.30786110650333     90.03510550661228     -7.22975071680140      c 
   11.37790828748008     91.14609101343471     -9.79999044101026      c 
   17.05288385521328     91.14560357582259     -9.02465563845279      c 
   13.26680164884636     92.26207094216407    -11.38082860703425      c 
   16.18353634394645     92.47825651106021    -11.35105848917242      c 
   16.89870876121926     93.15993777245833    -12.97366520530380      o 
    9.54644937615044     94.17346527399913     -5.15977784665199      h 
    9.82764499744377     89.85187336583586     -1.71533434392098      h 
   12.52648712399320     87.44575264137390     -4.52384165525178      h 
    9.75550509407755     88.14190334444834     -6.38210697054518      h 
   16.48739595972057     89.37632069734063     -5.68946013383115      h 
    9.85347257004203     91.10943033927799     -9.78249046189173      h 
   19.08749592905788     91.33910302948392     -8.90949960793856      h 
   12.45976033512854     93.04227093431794    -13.09113326978563      h 
   16.33596217191948     94.01648084254414    -14.45279385569214      h 
    5.14144796433619     94.98683940065754    -15.47502562600668      n 
    4.63738794274720     93.90110882429076    -17.93281532203406      c 
    2.08449970677122     93.69177595783312    -18.30995536769664      c 
    0.53162751211192     92.86603575614720    -16.92191770107431      o 
    5.89551052363815     91.18353235889236    -18.09899189186625      c 
    5.16186446957301     89.60613853342829    -20.57109002775365      c 
    5.33694068959048     89.64782194627941    -15.70674561469251      c 
    6.38404809269393     87.19088106299202    -21.05195120062416      c 
    3.87847332687727     94.36821851509644    -14.25596458887897      h 
    5.52637067171027     94.87291020800856    -19.52117385769752      h 
    7.98634837653455     91.42358540803512    -18.23574915048315      h 
    3.16994198843692     89.28038472590453    -20.32387503310328      h 
    5.63086900257203     90.87173411835573    -22.15742518300956      h 
    6.29189597017075     87.75724196557502    -16.06767033999156      h 
    6.08993266906443     90.73181896742881    -14.13172846788617      h 
    3.26036734042578     89.43906529940459    -15.74410442939290      h 
    5.74003683945149     86.33710818148157    -22.69479411001145      h 
    8.47098982238957     87.67734378004074    -20.98936267064840      h 
    6.10360955287459     86.18940136996817    -19.15419126343411      h 
   -3.81514432101636     90.34509557194502    -20.87351731818559      n 
   -4.33894602972924     87.72706224980266    -21.94932443204381      c 
   -6.47076652235585     87.31354705359033    -23.96281391362131      c 
   -6.53451945327356     85.95865253091186    -25.62398677637811      o 
   -4.75318879613232     86.05856505606458    -19.64085528429548      c 
   -2.93375388107191     85.53868652084559    -17.38933149602838      c 
   -4.21310763731609     84.63180111858927    -15.03738169039993      c 
   -0.88813962980949     83.69875321532146    -18.40286846868666      c 
   -5.02797846736649     90.88929957439971    -19.40947559783654      h 
   -2.67959904550698     86.82789035794924    -22.65497042597787      h 
   -6.47039082650679     86.71103938536589    -18.63501686504821      h 
   -5.22858650199746     84.09010634735137    -20.31294702364951      h 
   -1.85899492789996     87.18009565943933    -17.31443788381987      h 
   -2.71013726383481     84.39197259610135    -13.68495563981718      h 
   -5.55336418424329     86.18672805346927    -14.65877023135877      h 
   -5.25209028256430     82.90194942825019    -15.58427085188808      h 
    0.41332642940855     83.43274749428954    -16.73142180939521      h 
   -1.85217362439195     81.82114071681765    -18.67599486625710      h 
    0.06839549454563     84.34992226385540    -20.07537186556354      h 
   -8.10502117778077     69.69876329341892    -20.87351731818559      n 
   -5.57583695848911     70.55415436804674    -21.94932443204381      c 
   -4.15181204744134     68.91470126342919    -23.96281391362131      c 
   -2.94656250591720     69.53693686686387    -25.62398677637811      o 
   -3.92375461938784     71.02965820602346    -19.64085528429548      c 
   -4.38324405852209     72.86527433057121    -17.38933149602838      c 
   -2.95818138387126     72.21076417833979    -15.03738169039993      c 
   -3.81262220035683     75.55679489118637    -18.40286846868666      c 
   -7.96989859560481     68.37631611078677    -19.40947559783654      h 
   -5.62680474988665     72.44077695609975    -22.65497042597787      h 
   -3.63021294868188     69.21628045959497    -18.63501686504821      h 
   -1.98132051838358     71.60218107010117    -20.31294702364951      h 
   -6.34212554730715     72.97533831763671    -17.31443788381987      h 
   -3.50196897746513     73.63228896419321    -13.68495563981718      h 
   -3.63465933683545     70.27260449362470    -14.65877023135877      h 
   -0.94059455257015     72.17590465867714    -15.58427085188808      h 
   -4.23298751801995     76.81690042123127    -16.73142180939521      h 
   -1.70454508079202     75.66072321115990    -18.67599486625710      h 
   -4.85481870063729     76.05959408422048    -20.07537186556354      h 
   -4.92625885114564     66.41606984340183    -23.51329422356509      n 
   -3.47302505062292     64.37060617287297    -25.04106447147786      c 
   -4.59955906268535     61.54000968956981    -24.90362909982187      c 
   -6.41449583056536     61.34600858453366    -23.89657615994308      o 
   -0.79984087694925     64.35697790264079    -24.54295859500841      c 
   -6.07870552317384     65.55921893072276    -22.39112032270624      h 
   -4.09635241979219     64.95356281333783    -26.87604479036004      h 
    0.15841831317544     62.96036335952910    -25.74996173248261      h 
    0.04996998151432     66.28561680201452    -24.77261378257259      h 
   -0.57631703864221     63.90120971165693    -22.46550085334355      h 
    6.69737725502415     94.53105572450336    -14.96130658259956      h 
    1.31777563608837     94.28104603644533    -19.93351908300066      h 
   -2.23399286110669     90.39637014561056    -20.24910323149562      h 
   -8.05953509604702     88.33334397041175    -23.87979084040762      h 
   -8.94000199101526     71.04244333798471    -20.24910323149562      h 
   -3.65836523228530     60.10871214798610    -25.70150483223712      h 
   14.21818350376583     57.20921682084374    -20.28606939213526      h 
   26.72263239127093     64.21314759953972    -29.67118933719865      h 
   27.10361479535232     63.51133128755382    -23.11270981693356      h 
   31.67188541850797     69.58920978426019    -23.84642597491812      h 
   10.32053484535598     70.04714180405257     -7.44332120620603      h 
    6.77327249077181     65.12532969481721     -5.98989429855697      h 
    4.04615656557124     59.75458353822687     -2.00321012244555      h 
    7.52828722439812     77.57756600916677     -3.15845756958642      h 
   30.69377602582545     77.02195501182345    -11.71248780928341      h 
   12.92157232701194     59.70394731549878    -10.50581645987585      h 
    7.54250485461148     97.71088259915024    -25.07995926128799      h 
   11.57482768496137    101.88402267984834    -20.28606939213526      h 
   -6.26532272777557     59.39808321922224    -17.48358649632828      h 
   -8.34206385040053     66.01391581924742    -14.46331153912396      h 
   -2.21615002504076     89.38946102238030    -12.16521842756433      h 
    2.40568284699157     92.08959743527151     -7.44332120620603      h 
    8.44172834335323     91.47848417673882     -5.98989429855697      h 
   14.45648891488648     91.80210558480915     -2.00321012244555      h 
  -0.6645005330683D-01   0.4275467213427D-02   0.2292774481788D+00
  -0.4568638982862D-02   0.2275283806153D-02  -0.1479718809797D+00
   0.2668264784087D+00  -0.4148112733328D+00  -0.3154733670526D+00
  -0.2800683949396D+00   0.3717317270725D+00   0.2934493117739D+00
  -0.7587319030312D-01   0.3675428788287D-01  -0.1402962716660D+00
   0.1418096796967D+00  -0.1132717624592D-02  -0.6413029326289D-01
   0.1116753467852D-01   0.8275480356782D-02   0.6980248148354D-01
  -0.5658344641426D-02   0.6899790040949D-02   0.8965720379289D-02
   0.4361717869616D-02  -0.1873691482868D-01  -0.1249325946194D-01
  -0.1046521781921D-01  -0.8271545417123D-02   0.2974138520616D-03
   0.2204486487403D-02  -0.1401752602470D-01   0.8983116159688D-02
   0.3033598451760D-02   0.4912074685660D-02   0.1313394636195D-01
   0.6513867734164D-02  -0.1103560365345D-01   0.7946764459047D-02
   0.6864144255868D-02   0.3301148897059D-02   0.1584782777560D-01
  -0.3485604170905D-02  -0.7017375049822D-03   0.6101360346049D-02
  -0.2548111810538D-02   0.2589032879766D-02   0.9979630973283D-02
  -0.1116697501161D-01   0.2484536648022D-01  -0.4671280794705D-02
  -0.1357128274624D-01  -0.4139610221800D-02   0.2652460374279D-01
   0.4381641750616D-01   0.6468224522909D-02  -0.6726950599826D-01
  -0.1724043338838D-01  -0.1947764585792D-01   0.9154903649231D-02
   0.1705691810135D+00  -0.9842269823720D-01  -0.1768208184253D-01
  -0.1608778580973D+00   0.1380980282253D+00  -0.1366311615906D-01
   0.1192176247448D-01   0.9019248531198D-02   0.1171041141747D-01
  -0.1888607648973D-02   0.1855478797297D-01   0.1908851573700D-01
   0.1253235252609D-01  -0.3623354768960D-01   0.3913870038099D-01
  -0.4672733246631D-02  -0.7556846513565D-02   0.6576789027709D-02
   0.9386152429873D-02   0.1592735625573D-01   0.1075455712268D-02
   0.6985725320281D-02  -0.4106900072929D-01   0.2534912748051D-01
   0.4495835251303D-01  -0.1011446112815D+00  -0.4831592199097D-01
  -0.1672708934625D-01   0.1386243312994D+00   0.1529210076546D+00
  -0.2138324025154D-01   0.3072580054925D-02  -0.2511530605505D-01
  -0.1778271440087D+00   0.3860773074869D-01   0.8327365215405D-01
   0.1928858401413D+00  -0.1949488836738D+00   0.3411126928650D+00
  -0.2126445857950D-01   0.1743611240060D+00  -0.3885775834890D+00
  -0.4070117880750D-02   0.1514891069516D-01   0.2294114793318D-01
  -0.3445995770720D-02  -0.3297808897251D-01  -0.4019997538217D-01
  -0.3747265120953D-01  -0.2052320429960D-01   0.1356377991345D-01
  -0.4963129028684D-02   0.4702894517772D-02  -0.8955797100294D-02
   0.3605249724541D-01   0.1998551087098D-02  -0.2100678181517D-01
   0.5178853950760D-02  -0.1841596019365D-02   0.4183678386915D-02
  -0.2206891891039D-01  -0.7965965362205D-02   0.2683590147343D-01
   0.4011434316324D-02   0.8466965678115D-02  -0.1520951248046D-01
   0.2386560511270D-01  -0.6081638471204D-02  -0.1181940375784D-01
   0.2473709073592D-01   0.6353955375338D-02  -0.1421449350607D+00
   0.4354173858722D-01   0.5531502136918D-01   0.6059672894062D-02
   0.1093053292963D+00   0.7117073731772D-01   0.1615298205909D+00
  -0.1455959519568D+00  -0.1610059947328D+00  -0.1548974289402D+00
  -0.4354185344560D-01  -0.2301976460744D-01   0.8753895492406D-02
   0.5198358238507D-02   0.1658439896672D-03  -0.3224041020384D-01
   0.2937275173741D-02  -0.3071621228580D-03  -0.7416164531730D-02
  -0.1452086562291D-01  -0.1472533236922D-01   0.1277102389886D-01
   0.1912549748353D-01   0.3562842147545D-02   0.1281068085604D-02
   0.1796181003639D-02  -0.5897276579142D-02  -0.1861253147092D-02
  -0.1403618006944D-01  -0.1276174661594D+00  -0.8578182758078D-01
   0.1364942312772D-01   0.3361494582231D-02   0.7010432680477D-02
  -0.1178436046510D+00  -0.2442694066462D-01   0.1189967179953D+00
   0.9108345777455D-01   0.2362581964178D-01  -0.8883544231413D-01
   0.9738416933635D-02  -0.1780373292020D-01  -0.2645115913129D-01
  -0.9229875300993D-01  -0.8930905113054D-05  -0.2651163203434D-01
  -0.1798040783614D+00   0.6628366922654D-01   0.7441304391451D-01
   0.2408422951854D+00  -0.6327344467364D-01  -0.3650052494890D-01
   0.2072533182530D-02  -0.5328396440660D-02  -0.6644713491323D-02
   0.4048002784692D-02   0.6316294203612D-04  -0.4446889680224D-02
  -0.9726263239186D-02   0.1226925231474D-01  -0.4237553655351D-02
   0.1072162459472D-01  -0.9922170001534D-02  -0.5010205146185D-02
   0.8772996452083D-02   0.3506425054372D-02  -0.5435520538398D-02
   0.1265185266764D-03   0.7216392520924D-02   0.7850809153472D-02
  -0.8065672456906D-02   0.5123809936101D-03   0.8095618212075D-02
   0.2578033463654D-01  -0.3211111056794D-02   0.3702600717640D-02
  -0.2101385063577D-01   0.1819701631441D-02  -0.6929772461368D-02
   0.7957365328946D-01   0.3919839153197D-01  -0.5026392275870D-01
  -0.5553407106360D-01  -0.1232329643156D-01   0.1709213031538D-01
  -0.7776039555166D-01   0.1120729476143D-01  -0.3087063231987D+00
   0.1110980084593D+00   0.6279944589902D-02   0.3226002102950D+00
  -0.7977107804640D-02  -0.2371164342880D-01   0.3622298737841D-01
   0.1656387980888D+00  -0.7985727863188D-02   0.4085735440000D+00
  -0.2087956121604D+00   0.5440729284768D-02  -0.4524739899192D+00
  -0.1840183428557D-01   0.1408846471936D-01  -0.3815792314212D-01
  -0.3548310204278D-01  -0.4795227490099D-02   0.3517218601476D-01
   0.1286422296359D-01   0.1892060474521D-01  -0.3708968896742D-01
   0.1642396153283D-01  -0.6702499312531D-02   0.5545905916104D-02
   0.2980300308968D-02   0.1008304633359D-01   0.7546899290388D-02
   0.3924896394438D-01  -0.1013032711613D-01   0.9256615091419D-02
   0.1152147293306D-02   0.1679118092896D-02   0.3217436571750D-01
   0.4205165280218D-01  -0.1422471223227D-01   0.2591604307833D-01
  -0.5391601192325D-02   0.1045555136404D+00  -0.4840475180742D-01
   0.2998028270252D+00  -0.1917028437621D+00   0.8096033467952D+00
  -0.2871962309634D+00   0.1864118322346D+00  -0.7795245725588D+00
  -0.1693301045589D-01   0.7666425976129D-02  -0.3258224003641D-01
   0.1024720202609D-01  -0.1035593529306D+00   0.4656393909948D-01
  -0.6490338882709D-02  -0.8738604837045D-02   0.1234024883307D-01
   0.1764134883555D-01   0.1684440143760D-01  -0.1770371089225D-01
  -0.3774443035847D-04  -0.3701171590427D-01  -0.4632090464966D-03
  -0.9398089923932D-01  -0.8076599884916D-02  -0.9857916689770D-01
   0.1659256775554D-01  -0.5170778427794D-02   0.2513064049979D-01
   0.1377319976683D-01  -0.2705385922643D-01  -0.3171846356041D-01
   0.4209488442844D-02  -0.2921142738413D-01   0.1599738507250D-01
   0.8542931221119D-02  -0.7175457721313D-02   0.2317992946577D-01
  -0.1553492929902D-01   0.1429907999603D-01   0.6316459267065D-02
  -0.3425849419238D-01   0.1003902634657D-01  -0.2981034142729D-01
  -0.5637061900469D-02   0.1179473075009D-01   0.1720634737935D-01
  -0.2782269147728D-02   0.1028657537810D-01   0.6878948052720D-02
   0.5667658299319D-02   0.2009616874539D-02   0.1993519330551D-01
   0.6948103693823D-02   0.2370929801369D-01  -0.7156871432231D-02
  -0.2564958179705D-01   0.6144099227188D-02   0.7932004971420D-02
   0.1037845588995D-01  -0.1611771497226D-01  -0.2105665405492D-01
   0.6434655319096D-02   0.1257470343152D-01  -0.1380381274207D-01
  -0.1048033573923D-01  -0.2298245003602D-02   0.1191619395893D-01
   0.1561445816485D-01   0.8885948303247D-02  -0.3074643800141D-02
  -0.1114811405765D-01  -0.7221079610899D-02  -0.1706284981547D-01
  -0.4701958935064D-01  -0.2041079117802D-01  -0.6185005904533D-01
   0.1853047615335D+00  -0.9215344474380D-01   0.6468566536545D-01
  -0.1183040140735D+00  -0.6534309229700D-01  -0.1010665967244D-01
   0.6341325160964D-01   0.1014361264993D+00   0.1673815371227D+00
   0.3319465324807D+00   0.7917774483587D-03  -0.4156299967698D+00
  -0.4119374535011D+00   0.1095115984901D+00   0.2768005634651D+00
  -0.9334055236530D-04  -0.8538447279040D-01  -0.3036565482175D-01
  -0.2559205319558D-01   0.8515403430029D-01   0.9727118909785D-01
  -0.1053804947425D+00  -0.1960894950908D+00  -0.9860211969264D-01
   0.1280118214730D+00   0.4826923708070D-01  -0.6914939080523D-01
   0.2240141893969D+00   0.1099375702554D+00  -0.2024005030215D+00
  -0.2871205869527D+00   0.2251062762718D-01   0.3568747654677D+00
   0.4252004444255D-01   0.1588614247078D-01   0.4848488244261D-01
   0.7044146270370D-03  -0.8557446564794D-02  -0.2783486379182D-01
  -0.1913307752555D-02   0.2918301469104D-02   0.1209907582651D-01
   0.5821888133075D-02  -0.2421030069228D-01   0.3443482185521D-01
  -0.9731707783160D-03   0.3429067087536D-01   0.7324533891667D-02
  -0.3257231217878D-01  -0.2381191525045D-01   0.1130649697507D-02
   0.3297090938198D-01   0.2909772865188D-01  -0.1624898468000D-01
  -0.2324718229403D-01  -0.3156912864869D-01  -0.1719906509734D-01
   0.3883340881185D-01   0.8261253104965D-02   0.2306799397344D-01
  -0.3759363722743D+00  -0.2631692285898D+00   0.4056353741394D+00
   0.3885016851084D+00   0.1931079002938D+00  -0.4810635101655D+00
  -0.4215896313017D-01  -0.2832833060601D+00  -0.1879803585584D+00
   0.3424782254271D-01   0.3225671967695D+00   0.2737511119883D+00
   0.9990730038016D-01   0.3080962980354D-01  -0.5342486797452D-01
   0.6846139090270D+00   0.1304792545637D+01   0.4290052245783D+00
  -0.7945970517741D+00  -0.1301742822204D+01  -0.4552206855344D+00
  -0.1149782743420D+00   0.1113235810776D+00   0.1248635718382D+00
   0.5875013409527D-02   0.9487179513988D-02   0.4052314606920D-01
  -0.4086514887313D-01   0.2959181718760D-02   0.1015736664244D-01
  -0.1878553782334D-01  -0.1061717190651D-01   0.3925725033983D-02
  -0.9030014755972D-02   0.1440360139790D-02   0.2040458871945D-02
   0.1421622185096D-01  -0.1768099580637D-01   0.1286520011388D-01
  -0.2704172116973D-02  -0.2948250268840D-01  -0.1789987989242D-01
   0.2250995057099D-01   0.1564419643742D-01   0.1493825544271D-01
   0.1518921368039D-01   0.2054088131471D-01  -0.3900113809926D-02
   0.1660114958564D+00  -0.3348439119128D-01  -0.8514236277205D-01
  -0.2463696455155D-03  -0.2619595084669D-01   0.1715163236765D-01
   0.3530183641749D-03  -0.4358560037688D-01  -0.2991225879384D-01
  -0.6912922347302D+00  -0.1015557682937D+00   0.2596514653373D+00
   0.6485148063139D+00   0.2256954639848D+00  -0.3633818067790D+00
   0.9482036700496D+00  -0.5489811664605D+00  -0.2932352406199D+00
  -0.1056943958783D+01   0.4887279176065D+00   0.3477364081017D+00
   0.1146002899474D+00   0.2068438621407D-02  -0.4123644859335D-01
   0.3503899515822D-01   0.3076213193202D-01   0.1221158848297D-01
  -0.1320528994020D+00  -0.2436458755309D+00   0.2325801895151D-01
   0.2667688628578D+00   0.4833633354142D+00  -0.6120398119636D-01
  -0.4657576032165D-01   0.2006071691330D+00   0.2127605877791D+00
   0.1115623112417D-01   0.1053641806787D-01   0.1389325760896D-02
   0.3411333459206D-01  -0.5661936673776D+00  -0.6699267898572D+00
  -0.3069720855539D-01   0.4932057172747D+00   0.6380465503631D+00
   0.1432991794496D-01  -0.7685285837575D-02  -0.2380664271211D-01
  -0.1264147359770D-01  -0.1322144267199D-01  -0.8161626645453D-02
  -0.3942507540512D-01  -0.1206164779843D-02   0.1857446186026D-01
  -0.3093241046034D-02  -0.1568324415133D-01   0.6999474257905D-03
   0.9332891859080D-01  -0.1317909664395D-01  -0.1928637374092D+00
  -0.2223056400357D+00  -0.3983599249106D+00   0.1135311921910D-01
   0.1128751506367D-01   0.2873433016318D-01   0.1394173385743D-01
  -0.5133679086388D-02   0.5878715841244D-02   0.1043371412616D-01
  -0.2280004940675D-01  -0.1783233011341D-01   0.1240438051221D-01
   0.1188570291821D+00   0.1262092896174D+00  -0.4024687599207D+00
  -0.2413023955758D+00  -0.2330458126381D+00   0.3652280831677D+00
   0.8602901854525D-01   0.5001683905155D+00   0.4234492340654D+00
  -0.1914298967460D-01  -0.4366228832130D+00  -0.4208654264799D+00
  -0.1536771624551D+00  -0.1969788237192D-01   0.9085235179684D-01
   0.2567285534154D+00   0.3028560203131D-01  -0.8415006197673D-02
  -0.1245922063296D+00  -0.1255641415380D+00  -0.1953023659029D+00
  -0.2137716414470D-01   0.3293994768279D-01   0.5361990421547D-01
  -0.6326668285169D-05   0.1374327994308D-01  -0.2134346154248D-01
  -0.1089461918714D-01  -0.3984769567970D-01  -0.3775778623841D-01
  -0.3575686969147D-01   0.4389508180316D-01  -0.4725973588171D-02
   0.8470832158482D-02   0.5205842165327D-02   0.1548335794627D-01
   0.5038147590763D-01   0.3736299134507D-02   0.2857743713760D-01
   0.1143197589075D-01   0.1109151424235D+00   0.1110383639555D+00
  -0.4700044394384D+00  -0.1133134843253D+01  -0.2086624199353D+01
  -0.1147089187466D+00   0.9801220959490D-01  -0.6900116436834D-02
  -0.2649009890811D+00  -0.4451830867737D+00  -0.3604083369280D+00
   0.2888416156960D+00   0.4245966949230D+00   0.3217000241512D+00
  -0.1358107020504D+00  -0.2980647206703D+00  -0.1420526357024D+00
   0.9180249856479D-01   0.1015995435267D+00  -0.2175426183480D-01
   0.1752010486486D+00   0.6886709083207D-01  -0.6716491284550D-01
   0.6302007197658D-01  -0.5758491531198D-02  -0.4122720645283D-01
  -0.5528114706240D+00  -0.3165040422876D+00   0.1110250219499D+00
   0.1461009452920D+01   0.6634947598419D+00   0.1137334770341D+01
  -0.1083702247863D+01  -0.7971058229209D+00  -0.4443010940716D-01
   0.9498979803331D-01   0.4354053170409D+00  -0.1180005039584D+01
   0.4962239608084D+00   0.9835603012367D+00   0.2004641053730D+01
   0.2425263316785D-01   0.6633659804969D-03  -0.7835328051777D-02
   0.1924585573091D-01   0.1660140725912D+00   0.1654987876119D+00
   0.2598332241355D-01   0.1452645342484D-01   0.3023936538270D-01
  -0.1415792990389D+00  -0.7891377420926D-01   0.1157491497753D-01
  -0.2253634622270D-01  -0.3840024552010D-02   0.1146527761970D-02
   0.6811027299452D-01   0.2260678373765D-01   0.2319283079043D-01
  -0.3516823032042D-01  -0.1696741797630D-01  -0.2909829559580D-01
  -0.3910872637636D-01  -0.1521491527306D-01   0.4012822141300D-01
   0.1568265602695D+00   0.5242535549449D-01  -0.1274296217872D+00
  -0.1977326014527D+00  -0.8221847135269D-01  -0.4795620565123D-01
   0.1197707341246D+01   0.1686381765310D+00   0.1362839397772D+01
  -0.1187302510743D+01  -0.1254416069412D+00  -0.1324549138239D+01
  -0.3085845456228D-01  -0.3396585951029D-02   0.1346989747121D+00
   0.4149464226260D-01   0.9237071650896D-01  -0.1671020587863D+00
   0.1570985840375D+00   0.1470901216621D+00  -0.7406112050912D-01
   0.4383994607504D+00  -0.1207778435720D+00   0.3101608036122D+00
  -0.5633882077002D+00  -0.1733060027746D+00  -0.1859172695409D+00
   0.3137421048759D-02   0.1922207460362D-01   0.2372388488060D-01
   0.3872831168551D-01   0.3253299222798D-02   0.1477852484336D+00
  -0.1040599434613D-01  -0.9303179374642D-03  -0.8284036675402D-02
  -0.1686810737662D-01  -0.1374493324339D-01  -0.5309087774754D-01
  -0.4361742406113D-01   0.2763307713819D-01  -0.1864445615846D-02
   0.1908865343568D-01   0.2006692232114D-01   0.6722009438970D-01
  -0.8843066849560D-01   0.2839373896178D-01  -0.3303850967631D-01
   0.1634743099653D+00   0.5306879233985D-01   0.1572187376843D+00
   0.4681176321151D-01  -0.5445068457552D-01   0.1387347152806D-01
  -0.6047338667073D-02  -0.7974119300960D-02   0.4131638469081D-01
  -0.1155486195566D+00  -0.1188019518061D+00  -0.3528288126628D+00
  -0.7285623262458D-01  -0.1099396587942D+00  -0.2300433527735D-01
   0.2326421858388D+00   0.4368021222880D-01   0.6822242831489D-01
  -0.2955828452396D+00  -0.9948376754888D-01   0.2183453615457D+00
  -0.2063687366568D-02  -0.2230733769445D-02   0.8542412903475D-02
  -0.4645256400292D-01  -0.2097612220270D-01  -0.1451331285818D+00
   0.3836413284377D-01   0.1022481342466D+00   0.2404136474018D+00
   0.3514401197755D-01  -0.1261538590229D-01   0.3798878151733D-01
   0.1310015786078D-02   0.6265089332019D-02  -0.3923300452100D-04
  -0.3862520055161D-01  -0.3448288186420D-02   0.1562103258296D-01
  -0.2734203824957D-01   0.9223770704776D-02  -0.3106715752026D-01
  -0.5298090106206D-01   0.8397915102882D-01   0.8438657587591D-02
   0.2249545353162D+00   0.3161263514079D-01  -0.1954717586462D+00
   0.4566577134304D-02   0.1420344481771D-01  -0.6885785801922D-02
   0.3084190619438D-01   0.3131197655080D-01  -0.8751553344360D-02
   0.1106240062710D+00  -0.8867043510015D-01   0.1666467351924D+00
  -0.1408612832536D+00   0.2431126754480D+00   0.1175146477259D+00
   0.4527968529516D-01   0.2409676443234D-01   0.9840761157505D-02
  -0.2406401355910D-01  -0.9478041183115D-01  -0.9743624925507D-01
   0.3209728321549D-01   0.1802724830071D+00   0.7372527383717D-01
  -0.2367798004946D-01  -0.1956030994340D+00   0.2654582950821D-01
  -0.9024323196734D-01   0.1820759966627D-01  -0.2303808780068D+00
   0.3770728781279D-01   0.3541491609840D+00   0.9570385532367D-01
  -0.1461823919720D-01  -0.3814706683220D-01  -0.7343012263571D-01
   0.1190259049796D+00  -0.1128231407475D+00  -0.1192874195400D+00
  -0.9217461459361D-04  -0.6349057047576D-02   0.4881593592602D-02
  -0.1034274270921D-01   0.1644411086416D-01  -0.4214694826112D-01
   0.3189326805175D-01  -0.1569153356580D-01  -0.2394010610311D-01
   0.3431354451032D-01   0.3727931054964D-02   0.3876207921461D-01
   0.1796538642177D-01   0.5743822146140D-01   0.7681036372132D-02
   0.5026436453315D-01  -0.1041721419824D+00   0.1320578747174D+00
  -0.5403833786103D-01  -0.2824903766908D+00   0.6917045255264D-02
  -0.2272398146394D-01   0.4818799557582D-02  -0.4575792316137D-01
   0.4748425100726D-02  -0.4138159149114D-01  -0.4659363297513D-01
   0.2833388246898D-02   0.5177159501944D-01   0.7691828326975D-01
   0.7052717591889D-01   0.7262439777842D-01   0.1448526492484D-02
  -0.5236726225290D-01  -0.5051030994646D-01   0.6802680777551D-01
   0.1188321154267D-01  -0.5454084712458D-01  -0.6601577792999D-01
   0.2938460883882D-01   0.7024914302206D-02   0.1420317561908D-01
  -0.6763778705930D-01   0.1737922195227D-01  -0.1505868748643D-01
   0.9271915977507D-02  -0.2016666275797D-02   0.3412175881602D-01
   0.3176808142045D-01   0.5107878934368D-01  -0.7914151975976D-01
  -0.4698755128535D-02  -0.3147749969253D-02  -0.2332463565817D-01
  -0.1107405144330D-01   0.7902819862664D-02  -0.6280010562337D-02
  -0.9603860264133D-02  -0.5601031438438D-02  -0.3765431452377D-02
  -0.1211158923511D-01  -0.1040388723060D-01   0.1088968340870D-01
  -0.7871952248549D-02  -0.1134798680122D-01  -0.1916695953532D-02
  -0.2816784177112D-01   0.6838823612032D-04  -0.1924167577384D-01
   0.8978204949130D-02  -0.1064509801558D-01  -0.2572399601367D-02
   0.8864307708513D-02   0.9694083844099D-02  -0.1229507302386D-01
   0.1304630143865D-01  -0.1468884386424D-01   0.1934725360726D-01
   0.6003798144434D-02  -0.2263490094381D-01   0.1394586739874D-01
   0.8554841699800D-02  -0.4424147101141D-02   0.3665263078241D-01
  -0.1268781162306D-01  -0.7832521047422D-01  -0.2686756020330D-02
  -0.5196095502861D-01   0.3615967160758D-01  -0.1835470815025D-02
  -0.3540933595107D-01  -0.6544211856564D-01  -0.1006522071865D+00
   0.8063089409284D-01   0.5064154510283D-01   0.1074557433590D+00
   0.2631440238481D-01   0.5724995375291D-01   0.2767309234156D-01
   0.3454742112631D-01  -0.1203514436836D-01  -0.7496211313364D-02
   0.2483774309123D-01   0.3225828794774D-01  -0.7045866308541D-02
   0.5709397186901D-02  -0.6797777799896D-02   0.1247165637211D-01
  -0.2652272008684D-02   0.5734776184491D-01   0.4237594702401D-01
   0.1069905957602D-03  -0.5085950024950D-02  -0.2836360616612D-01
   0.6190399478569D-04  -0.4552442093540D-02  -0.3037107962318D-02
   0.7485712741274D-03  -0.2363352488932D-02  -0.1647064915204D-02
  -0.3647972570605D-01   0.5125485396107D-02  -0.2598320441842D-01
  -0.6766819968311D-02   0.2403274779287D-02   0.8668551830189D-02
  -0.3303053271418D-02  -0.2427706298063D-01   0.6797548091562D-02
  -0.1544331343374D-01  -0.4091411752468D-02  -0.2294116698909D-02
   0.1094963320549D-01  -0.3428184172022D-02  -0.8229098410037D-02
  -0.1263847922793D-01  -0.2043034158303D-02  -0.1187764420123D-01
  -0.1406797078277D-01  -0.5191333464968D-02   0.1716245669629D-01
   0.3750189100021D-01  -0.1338823010441D-01   0.5883298159852D-01
   0.4641420344650D-02   0.6951484889136D-02  -0.3953299906352D-01
  -0.1314113827564D+00   0.7318955480715D-01  -0.1340042378930D+00
   0.7885527161194D-01  -0.4537835908965D-01   0.9449083328128D-01
   0.7283384434925D-02  -0.6867813297589D-01  -0.2621130726344D-01
   0.2157839013947D-01   0.1762508268041D-01   0.7248578731148D-01
  -0.1612135186599D-01  -0.4914687415632D-02   0.2625738912909D-01
   0.1973315778905D-01  -0.2840832994507D-01  -0.4333897852706D-01
   0.2960337152874D-01   0.2768835085415D-01   0.4020276529715D-01
   0.3770215265524D-02   0.2237902721089D-01   0.1891088916692D-01
  -0.1587537119088D-02  -0.8598201628660D-03   0.9523171199481D-02
  -0.1439437401086D-01   0.6430858875085D-02   0.1511969122918D-02
  -0.2950064433061D-01   0.3303711936080D-01  -0.2306087867675D-01
  -0.1205546484969D-02  -0.1097042900002D-01  -0.1128325151761D-01
   0.1487105231583D-01  -0.1647050218561D-02  -0.1587603060160D-01
  -0.3262424342339D-02   0.9504443123639D-02  -0.1370340413994D-01
  -0.2090123960010D-02  -0.2131921812143D-02   0.2456252714654D-01
  -0.5973771709682D-02   0.2024140145339D-01   0.5106889286377D-02
   0.2742569892493D-03   0.6133541142164D-03  -0.6158550163436D-03
   0.2524268649312D-01  -0.6984061709566D-01   0.4973726276145D-01
  -0.1938147228483D-01   0.5755655772539D-01   0.5619522175678D-02
   0.1909359810363D+00  -0.1134269710272D+00   0.1102684387077D+00
  -0.1548304676218D+00   0.1320881595253D+00  -0.1184147296769D+00
   0.3892669722110D-01  -0.3611730625478D-01  -0.2793709161592D-01
  -0.1119727829695D-01   0.2166611539464D-01  -0.3189928599591D-01
   0.7665798712343D-02  -0.6842474889469D-02   0.2522946306498D-01
   0.9045036952540D-02   0.3317572564729D-02  -0.1289758681562D-01
  -0.1894962374072D-01  -0.5445660142024D-02   0.2701512217917D-02
   0.1802356885444D-02  -0.5572559165891D-02   0.2334582400904D-01
   0.1295610894307D-01   0.3213883707416D-01   0.2498109578073D-01
  -0.9511061932580D-01   0.8333452937500D+00   0.2481621131227D+00
   0.6106562065015D-01  -0.1011188870402D+01  -0.2435032567806D+00
  -0.1508352170924D+00   0.3145417423161D-01   0.1403699506231D+00
  -0.1305862411405D-01  -0.6106393638056D-01   0.6446260915983D-01
   0.7479186000696D-01  -0.5851403050976D-01  -0.3116908406537D-01
  -0.1065372886129D+00   0.9814287923882D-01  -0.2389694943003D-01
  -0.2663780919479D-01   0.5863926231242D-01   0.3930359612503D-02
   0.1375003167162D+00   0.1085201001244D+00  -0.1169829275031D+00
   0.5958318894731D-03   0.5049546554634D-02  -0.3459109107465D-01
  -0.8066735576486D-02   0.2488018172843D-01  -0.2803850086822D-01
   0.4676837603162D-02  -0.1526473795900D-01  -0.1543003094904D-01
   0.3591579091644D-01   0.6688688027163D-02  -0.1381352977509D-01
   0.4490742042338D-02  -0.3783963278437D-01  -0.2922232614150D-02
   0.3648062283750D-01  -0.1809319987978D-01   0.1803453130591D-01
  -0.8648561932304D-01  -0.9829245397149D-01  -0.3839002020280D-01
   0.2706476146213D-01   0.2299806609204D-01   0.2831214581999D-01
   0.5885863735347D-01   0.8878108271302D-01  -0.4238399212178D-01
  -0.1068981204010D+00  -0.8160134081357D-01   0.1439562638260D+00
   0.9297506787492D-02  -0.2430871020063D-01  -0.3370163095396D-01
   0.5572405240283D-01  -0.1758748186038D+00   0.7920636372329D-01
   0.7621939114532D-01   0.2750464051016D+00   0.3383401872903D+00
  -0.1405413586293D+00  -0.1059152827494D+00  -0.3842601560372D+00
  -0.1783783096581D-01  -0.3661013981329D-02   0.2085381244700D-01
   0.3091760915808D-01   0.1133159195634D-01  -0.3898878395802D-01
   0.3425012370961D-01  -0.1993658973554D-01   0.1378105264053D-01
  -0.2230404588340D-02  -0.3910151032882D-02  -0.8391176209537D-02
  -0.2134606704925D-01   0.3059260246500D-01  -0.1934682313380D-01
  -0.1918561184533D-02   0.4684736509359D-02   0.5450768898649D-02
   0.1665810970414D-01  -0.1488415378453D-01   0.2822044160457D-01
  -0.1169703991758D-01  -0.3950242949577D-03  -0.1487453322032D-01
  -0.6519532484144D-02   0.2222271413759D-01  -0.1318621402502D-01
   0.5387673668526D-01  -0.1435808126606D+00   0.5502935942944D-01
  -0.1326425819247D-01   0.1577521428697D-01  -0.5477226680001D-02
  -0.2639855419937D-01   0.8810260952236D-01  -0.1400714909804D-01
  -0.5731364238664D-02   0.9893532761630D-02   0.2423470577946D-01
  -0.3305314826827D-01  -0.5399634357584D-02  -0.3546427358279D-01
  -0.2729169228776D-01   0.1093980804143D-01   0.1672682491120D-01
  -0.9331228624957D-02  -0.6128261378508D-02   0.2080462217665D-01
   0.2164003076449D-01   0.6487094768870D-02   0.6012728428583D-02
   0.1512168574385D-01   0.1047564248311D-01  -0.2851657850567D-01
   0.1550483542286D-01  -0.1785140937519D-02   0.1614111946611D-01
   0.9635095745117D-02  -0.2907855772452D-02   0.6100452146337D-02
  -0.1439026843720D-02  -0.6038479334881D-02   0.2008970258600D-01
   0.1612831061985D-01  -0.1821826364560D-01  -0.6461983459540D-02
   0.1715248534633D-01   0.1819844824900D-01   0.6137315287411D-02
  -0.1878965800372D-01   0.1031471139175D-03  -0.2065113808930D-01
   0.7129623266312D-02  -0.1298270527373D-01  -0.1512174133773D-01
   0.1889559546765D-02   0.1021553898906D-01   0.1249675390431D-01
  -0.1079340735792D-02  -0.1819214204857D-01  -0.3435858200556D-02
  -0.1366842114955D-02   0.1276366280200D-01  -0.1710853914261D-01
   0.3038880295487D+00  -0.2242202534911D+00   0.4978166861707D+00
  -0.3207779437613D+00   0.1890979829390D+00  -0.5329558002735D+00
   0.2673960582370D+00   0.1080982510848D+00  -0.1819720307858D+00
  -0.3004195850161D+00  -0.1297774529795D+00   0.2754034730257D+00
  -0.8102175810842D-01   0.7170567178772D-01  -0.6241963104866D-01
  -0.1479578172265D+01  -0.6685434632363D-01   0.4385940740914D+00
   0.1515173395217D+01  -0.4055914685752D-01  -0.4540296893784D+00
  -0.3740918079521D-01  -0.1539744889722D+00   0.1230639555775D+00
  -0.5606599289818D-01  -0.3117915762056D-01   0.5957546335199D-01
   0.1730133405714D-01  -0.4979442775919D-01   0.1589356768836D-01
   0.1809809351308D-01  -0.9578646079129D-02   0.2170905662717D-02
   0.2469528231214D-02  -0.9624179818669D-02   0.6250490522082D-02
   0.7252872981017D-02   0.1941575927019D-01   0.1255155437300D-01
   0.3901693983194D-01   0.2966004711350D-01  -0.3129860273126D-01
  -0.2323939480235D-01   0.1064354335635D-01   0.1277401480494D-01
  -0.2193217575126D-01   0.2394835975629D-02  -0.3861987871626D-03
  -0.5451523258463D-01   0.1612525071952D+00  -0.8415367981523D-01
   0.2314672210440D-01   0.1307415255460D-01   0.1751159586489D-01
   0.3650139982825D-01   0.2228057689691D-01  -0.2956989828613D-01
   0.4342435123807D+00  -0.5484076491772D+00   0.2593429743413D+00
  -0.5187806184336D+00   0.4477709321545D+00  -0.3635479277540D+00
   0.1076081966786D-02   0.1095958009305D+01  -0.2937318426141D+00
   0.1055771681836D+00  -0.1160059307319D+01   0.3483274703796D+00
  -0.5996081170545D-01   0.9785553886034D-01  -0.4142522383746D-01
  -0.4270031371610D-01   0.1513400880121D-01   0.1188609669352D-01
   0.2778445527040D+00   0.7525499730159D-02   0.2399037443033D-01
  -0.5515127917671D+00  -0.1002846005485D-01  -0.6130429501755D-01
  -0.1503157087071D+00  -0.1402918816374D+00   0.2102876056708D+00
  -0.1422469537270D-01   0.1541444740692D-02  -0.5016041062892D-03
   0.4708076424117D+00   0.3132873362424D+00  -0.6641909835831D+00
  -0.4085009737401D+00  -0.2741301909282D+00   0.6341250479194D+00
  -0.8488659613450D-03   0.1622608366149D-01  -0.2400640171344D-01
   0.1730328392692D-01  -0.4098003145540D-02  -0.7870478414034D-02
   0.2135814598140D-01  -0.3341881275095D-01   0.1907381100974D-01
   0.1355411012314D-01   0.3911208840503D-02  -0.1189077283678D-03
  -0.3527122137954D-01   0.8737428305127D-01  -0.1929575729312D+00
   0.4556652984288D+00   0.7335170767536D-02   0.1066729709355D-01
  -0.3141148252990D-01  -0.4937635081097D-02   0.1501749775783D-01
  -0.3760846729540D-02  -0.6418075057757D-02   0.1138421813491D-01
   0.2498979980044D-01  -0.1028833425828D-01   0.1330807807807D-01
   0.9685475588733D-01  -0.5214537354587D-01   0.5742669477496D-01
  -0.8961656165525D-01   0.1602118708043D-01  -0.6497023239826D-02
   0.3909423864838D-01   0.7742414319619D-02  -0.1326580048617D-02
   0.4327522202838D-01   0.3444986547111D-01  -0.6183660197012D-01
  -0.2088247628748D-01   0.2671023645663D-01   0.1788757498520D-01
   0.1883287297129D-01  -0.6795397758142D-01  -0.1410013363460D-01
  -0.2108334830471D-02   0.9531303532015D-02   0.3505162914852D-01
  -0.5820443156044D-01   0.9057793506792D-03  -0.7908077312749D-01
   0.1869229561088D-01   0.7371332088323D-02  -0.1700407206453D-01
  -0.2547876736328D-02  -0.1384184951026D-01  -0.4496979092096D-02
   0.9346732361911D-02  -0.4550790437004D-02  -0.2837369791503D-02
   0.1494960165432D-01  -0.4115341003096D-02   0.9955232426755D-02
   0.1257718721128D-01   0.2209408568461D-03  -0.1525328227507D-02
   0.1367620691364D-01  -0.2441780219146D-01  -0.1967929781850D-01
   0.5299035299259D-02   0.1520047110293D-01  -0.3744593389411D-02
  -0.1298554522207D-01   0.2820855307211D-02  -0.1210863336371D-01
   0.5170572511046D-02   0.1927677171682D-01   0.1981334667687D-01
   0.1649144225574D-01   0.1695269051452D-01   0.1434453068789D-01
  -0.1014179123797D-02   0.1030756297400D-01   0.3654677870800D-01
   0.1423379817389D+00   0.1194997249958D-01   0.6329288142580D-01
  -0.4710033247308D-02  -0.1093893855351D-01  -0.3132595779864D-01
  -0.5126224420974D-01  -0.6520234920391D-01  -0.1065766576115D+00
  -0.2985803016474D-01   0.1115156134870D+00   0.1086186995066D+00
   0.5826194659310D-01   0.4862205295725D-01  -0.2489632629040D-01
  -0.2582578326839D-01   0.9854273749611D-02   0.7248239521531D-01
   0.1456355786147D-01  -0.1353762656770D-01   0.2522891795679D-01
   0.1533491886764D-01   0.2957049664507D-01  -0.4345273095116D-01
  -0.7343156559360D-02   0.1392521146959D-01   0.2158880362516D-01
  -0.2116592609617D-01  -0.9590533644894D-02   0.1997121444995D-01
   0.2378467920443D-02  -0.1415307186633D-02   0.9646990159661D-02
   0.1700585265754D-02  -0.1430364275777D-01  -0.8118074930214D-04
  -0.1563378839560D-01  -0.4100057953132D-01  -0.2343516732352D-01
   0.9054400666693D-02   0.5897840810517D-02  -0.1141072606273D-01
  -0.3504792144775D-02   0.1435198522788D-01  -0.1529173857352D-01
  -0.6886534732001D-02  -0.7455746120441D-02  -0.1439931249156D-01
   0.2474980908856D-02  -0.1000651801192D-03   0.2478268809888D-01
  -0.1514129516024D-01  -0.1519570968873D-01   0.5036052442570D-02
  -0.1530750964128D-02   0.9455572300013D-03  -0.4085199258671D-03
  -0.7816992006604D-01   0.8638356801210D-01   0.9697629334051D-01
   0.1659614873392D-01  -0.8309683704909D-02  -0.3659249816540D-01
   0.1357922225290D+00   0.8053337509303D-01  -0.1409005042152D+00
  -0.8273312532690D-01  -0.4740305974956D-01   0.9881195650436D-01
  -0.6944123615555D-01   0.2440127138961D-01  -0.2574299291023D-01
   0.3528807803789D-02  -0.2626857204445D-01   0.7293176928524D-01
   0.5179954643470D-02   0.1568690800342D-01   0.2449060366291D-01
  -0.3349591837513D-01  -0.2684139471866D-02  -0.4406822004725D-01
  -0.3115550625817D-02  -0.4970089929316D-01   0.6218706141092D-01
   0.1698261599068D-01  -0.1674114168680D-01   0.2192643938691D-01
  -0.1044032970529D-04   0.2211037957040D-02   0.9914278804119D-02
   0.9768992251363D-02   0.8753237398649D-02   0.3588991816473D-03
   0.4251293761123D-01   0.7884831602131D-02  -0.2411801013350D-01
  -0.8661926053174D-02   0.5758116721290D-02  -0.1085517588330D-01
  -0.9559842868414D-02  -0.1197694240875D-01  -0.1502106028689D-01
   0.9683022715148D-02  -0.1914311993303D-02  -0.1368843117190D-01
  -0.1191661478869D-02   0.3069353907721D-02   0.2407040353303D-01
   0.2029557440198D-01  -0.5050280347426D-02   0.5323892868653D-02
  -0.9027040291321D-04  -0.8663308498350D-03  -0.1213907134961D-04
  -0.7237744336910D-01   0.1273521652644D-01   0.5135911479158D-01
   0.5797627506357D-01  -0.1214332751522D-02   0.7532923839370D-02
  -0.1397220606560D+00  -0.1283579332810D+00   0.5104935817918D-01
   0.2050322950294D+00   0.4180839156429D-01  -0.1105556466844D+00
  -0.5058659253146D-01  -0.1243345657997D-01  -0.2726127418510D-01
   0.2873994689829D-01  -0.2336318465878D-02  -0.3217919753462D-01
  -0.9383497462889D-02  -0.1227155440505D-02   0.2564469062877D-01
  -0.4247147896338D-03  -0.8124392915080D-02  -0.1056088972298D-01
   0.4480134407092D-02   0.1946583910966D-01   0.2450482308244D-02
  -0.6049629779715D-02   0.3769818415964D-03   0.2299075956443D-01
  -0.1276441602409D+00   0.3085445958566D-01  -0.4434805297966D-01
   0.1953719341755D-01  -0.3062389120829D-01   0.8456444088523D-01
  -0.1275055194511D+00  -0.3049761768351D-02  -0.4634924541477D-01
   0.6445265552153D-01  -0.6527391429066D-01  -0.3240226953026D-01
   0.6381544191759D-01  -0.1127541535057D+00  -0.4371519736648D-01
  -0.4893691685188D-01   0.5137371416846D-01   0.3818258581896D-01
  -0.2579168747686D-01   0.1136225175734D-01  -0.7968755914764D-01
  -0.4864649892774D-01  -0.3036026858984D-01   0.1241218299738D+00
   0.4422197533605D-01   0.9559657728847D-01   0.2231743250416D-02
   0.1861402110285D-02   0.9666459172517D-01   0.9520532177819D-01
  -0.1069885999326D-01   0.2095286617841D-02  -0.1041634101722D+00
  -0.6069506807737D-03  -0.7452058297339D-01   0.1349223150499D+00
   0.8637663218142D-01   0.3164175485717D-01  -0.4330702850486D-01
   0.1408001366971D+00   0.5261473953642D-01   0.2611943178096D-01
  -0.6524361031087D-01   0.4487316700519D-01  -0.8099410954735D-02
  -0.1047494636815D+00   0.4905124820225D-01  -0.6725334660131D-01
   0.8681912304647D-01   0.1059398614657D+00   0.1703872289016D-01
   0.1887855495847D-02  -0.3031276210922D-01  -0.7968214205630D-01
  -0.5394543001140D-01   0.1182886806558D+00  -0.3486387262008D-01
   0.2759721427357D-01  -0.8194018487648D-02  -0.8336238843923D-01
   0.1419230064526D+00   0.9546184823391D-01   0.1004793494973D-01
   0.5581859172553D-02  -0.8630619256044D-02  -0.1026949852740D+00
   0.6446083079098D-01   0.3719740487474D-01   0.1348615309284D+00
  -0.7042847518355D-01   0.5917150904424D-01  -0.4338132816032D-01
$end                                                                            
