           2           1   1.01007608781418     
           3           2  0.972690269050505     
           4           3   1.89313393527672     
           5           2  0.975115160214096     
           6           1  0.955731293534659     
           7           2  0.964348557101414     
           8           5  0.984330987567344     
           9           5  0.978960491378463     
          10           5  0.983957036302729     
          12          11   1.02691479327654     
          13          12  0.978411198117589     
          14          13   1.88312564835360     
          15          12  0.961960932339029     
          16          15  0.993404601312366     
          17          16   1.00997868776857     
          18          16   1.00822306547677     
          19          11  0.947460459837230     
          20          12  0.933405017958108     
          21          15  0.967781923812052     
          22          15  0.974184926331147     
          23          16  0.966675716683411     
          24          17  0.986386940896020     
          25          17  0.978520004866350     
          26          17  0.983785076760009     
          27          18  0.986261461679966     
          28          18  0.979312818253113     
          29          18  0.982765460539548     
          31          30   1.00956944939781     
          32          31  0.969884721296958     
          33          32   1.89618787045310     
          34          31  0.970249878478642     
          35          34  0.992174017000956     
          36          35   1.00838226363894     
          37          35   1.00795968355893     
          38          30  0.951821408886644     
          39          31  0.958527665309290     
          40          34  0.967609339511806     
          41          34  0.976018828137172     
          42          35  0.970516162860415     
          43          36  0.984576771464938     
          44          36  0.983776144564508     
          45          36  0.983398513208206     
          46          37  0.984865706795768     
          47          37  0.980332040903736     
          48          37  0.986382887730878     
          50          49   1.00647992006987     
          51          50  0.937005226243820     
          52          51   1.59053271081352     
          53          50  0.984373692012716     
          54          53   1.00133058292210     
          55          54  0.914116819912247     
          56          55   1.50238126035087     
          57          55   1.48901822392009     
          58          49  0.947788344207802     
          59          50  0.960329406249328     
          60          53  0.974743030460666     
          61          53  0.962131395528514     
          62          54  0.979622281709546     
          63          54  0.972852272646307     
          64          51   1.31716314756497     
          65          64  0.977733183372100     
          66          65  0.951133038513386     
          67          66   1.63328433947250     
          68          65  0.939107835340486     
          69          68   1.00089317470224     
          70          68  0.998107334177504     
          71          64  0.883582503769812     
          72          65  0.950303496969982     
          73          68  0.958156442706564     
          74          69  0.840140878697735     
          75          70  0.974726803470767     
          76          70  0.982098829055775     
          77          70  0.981760454093864     
          78          66   1.26456301135458     
          79          78  0.981106687886146     
          80          79  0.940773804501518     
          81          80   1.60857897044753     
          82          79  0.965690468104946     
          83          82  0.982334745950579     
          84          83   1.00590999420935     
          85          83   1.00709262304903     
          86          78  0.915124885603054     
          87          79  0.943493993813068     
          88          82  0.971405512639511     
          89          82  0.968409954240476     
          90          83  0.965795248434039     
          91          84  0.981498135896054     
          92          84  0.986623179594188     
          93          84  0.985003206886716     
          94          85  0.979180202127069     
          95          85  0.984319523388592     
          96          85  0.983887573012113     
          97          80   1.26884626116815     
          98          97  0.987382017333910     
          99          98  0.934097670474367     
         100          99   1.60442399028646     
         101          98  0.984495231006892     
         102         101   1.00350457193882     
         103         102  0.908933233741345     
         104         103   1.52092802893441     
         105         103   1.48509593958010     
         106          97  0.917970872952963     
         107          98  0.956174725124142     
         108         101  0.968112537270459     
         109         101  0.975355883653641     
         110         102  0.981826549432867     
         111         102  0.963768067694262     
         112          99   1.30339265337616     
         113         112  0.962749306370668     
         114         113  0.950142995907254     
         115         114   1.59185287807113     
         116         113  0.972174065404691     
         117         116   1.00718603545850     
         118         117  0.894483421407444     
         119         118   1.51679476433071     
         120         118   1.51073866903205     
         121         112  0.880905996581810     
         122         113  0.952313895898883     
         123         116  0.972317779283276     
         124         116  0.966268448220705     
         125         117  0.963353731630531     
         126         117  0.979185125230560     
         127         114   1.32408571746766     
         128         127  0.973218266053071     
         129         128  0.938693412214142     
         130         129   1.60338633875850     
         131         128  0.971636859848309     
         132         131   1.01127420282578     
         133         132  0.989543396690117     
         134         133   1.00381204768349     
         135         127  0.874316206972174     
         136         128  0.934371273950130     
         137         131  0.963078092717502     
         138         131  0.961365865024646     
         139         132  0.966912044205413     
         140         132  0.969282915805316     
         141         134  0.964782096042610     
         142         134  0.977408818439541     
         143         134  0.973009222395610     
         144         129   1.30076959161868     
         145         144  0.982356831633433     
         146         145  0.942829306414512     
         147         146   1.58235563771577     
         148         145  0.976298057223237     
         149         148  0.989239886996942     
         150         149   1.00804444913059     
         151         149   1.00593752121076     
         152         144  0.880254714634458     
         153         145  0.951384798966516     
         154         148  0.949091282732834     
         155         148  0.965736097987101     
         156         149  0.968063905085308     
         157         150  0.984044644119042     
         158         150  0.970473625662466     
         159         150  0.977580219460085     
         160         151  0.987057484656210     
         161         151  0.982008880388395     
         162         151  0.987120751281068     
         163         146   1.30405394890346     
         164         163  0.978390486756795     
         165         164  0.936869376148781     
         166         165   1.59606711758508     
         167         164  0.980448002720361     
         168         167   1.00929805642398     
         169         168  0.909436161102605     
         170         169   1.50450625913717     
         171         169   1.49521217910833     
         172         163  0.912458842525552     
         173         164  0.951549163057106     
         174         167  0.961502287547596     
         175         167  0.977337581127892     
         176         168  0.977295028266983     
         177         168  0.957602748875247     
         178         165   1.32030788334163     
         179         178  0.956151664301197     
         180         179  0.932559250234835     
         181         180   1.58348283746520     
         182         179  0.978993948356931     
         183         182   1.00402506473810     
         184         183   1.00458204058803     
         185         184   1.01143343015156     
         186         185  0.960516284802260     
         187         178  0.914019234129149     
         188         179  0.955887074138639     
         189         182  0.952864798984058     
         190         182  0.970012472780442     
         191         183  0.976962027084172     
         192         183  0.964511639434559     
         193         184  0.961158699253717     
         194         184  0.965209321156190     
         195         185  0.969321762887687     
         196         185  0.955731952783165     
         197         186  0.910984964724805     
         198         186  0.786804282309733     
         199         186  0.921128818903396     
         200         180   1.34895691041528     
         201         200  0.973622849673018     
         202         201  0.930676250558601     
         203         202   1.59480599419451     
         204         201  0.983568056014266     
         205         204  0.990177231205078     
         206         205   1.00557515656057     
         207         205   1.00746174603042     
         208         200  0.886599711601140     
         209         201  0.938092769006583     
         210         204  0.964572878277667     
         211         204  0.968409929396026     
         212         205  0.963861250421356     
         213         206  0.981246011255872     
         214         206  0.980653223267341     
         215         206  0.982486262490535     
         216         207  0.982317700103968     
         217         207  0.982535753775234     
         218         207  0.981117859669441     
         219         202   1.30358815331786     
         220         219  0.986970313604662     
         221         220  0.938901503213669     
         222         221   1.60649505448157     
         223         220  0.978873949918939     
         224         223   1.00574616358355     
         225         224  0.909190279526394     
         226         225   1.48152372581979     
         227         225   1.52504495513168     
         228         219  0.885269106679358     
         229         220  0.949805824995332     
         230         223  0.971134240908249     
         231         223  0.966197915506223     
         232         224  0.970267634477989     
         233         224  0.979524597982589     
         234         221   1.31260376399305     
         235         234  0.977044657418752     
         236         235  0.936202117415306     
         237         236   1.58003637581484     
         238         235  0.963024112582866     
         239         238   1.00592146167427     
         240         238   1.00974382106521     
         241         234  0.903760125981061     
         242         235  0.951684751141935     
         243         238  0.967867086649028     
         244         239  0.973927910981000     
         245         239  0.985054379768664     
         246         239  0.969524887287499     
         247         240  0.985053896076498     
         248         240  0.969809897246775     
         249         240  0.984814797254425     
         250         236   1.34881294820375     
         251         250  0.959576835065943     
         252         251  0.939379239898131     
         253         252   1.61484451035339     
         254         251  0.961592818204433     
         255         254   1.00149985347853     
         256         254   1.00627861740580     
         257         250  0.895265905593515     
         258         251  0.946154510644007     
         259         254  0.965620963849018     
         260         255  0.973607711246040     
         261         255  0.983937900324205     
         262         255  0.983008331168388     
         263         256  0.975944857685595     
         264         256  0.979120248780149     
         265         256  0.978167577622058     
         266         252   1.30169948938965     
         267         266  0.977895979107609     
         268         267  0.945203371947655     
         269         268   1.61477803458524     
         270         267  0.973439351338504     
         271         270   1.00498313364414     
         272         270   1.00630898013157     
         273         266  0.878650078176269     
         274         267  0.948718906288194     
         275         270  0.960319144275969     
         276         271  0.979543566952488     
         277         271  0.985015087013547     
         278         271  0.984640365335347     
         279         272  0.979079594901079     
         280         272  0.984144975761486     
         281         272  0.976394650188104     
         282         268   1.30403501146066     
         283         282  0.982155815967605     
         284         283  0.931500496519261     
         285         284   1.59583686014323     
         286         283  0.970859684681298     
         287         286  0.958001054071690     
         288         287   1.67123926445585     
         289         287   1.29521274252780     
         290         282  0.904698981339402     
         291         283  0.947419319457541     
         292         286  0.954801685251806     
         293         286  0.960464770555860     
         294         289  0.916094180756496     
         295         289  0.925109303695631     
         296         284   1.34497911861802     
         297         296  0.966664574991301     
         298         297  0.932389153507174     
         299         298   1.62542236074531     
         300         297  0.983768232230080     
         301         300  0.992927916682465     
         302         301  0.926758818066704     
         303         302   1.43340204890144     
         304         302   1.55010082439604     
         305         296  0.886470346658973     
         306         297  0.951698572771207     
         307         300  0.967000932723941     
         308         300  0.971523811420047     
         309         301  0.971580530969087     
         310         301  0.972457556696099     
         311         298   1.31798245447699     
         312         311  0.970222456385101     
         313         312  0.971547704849112     
         314         313   1.88688670081759     
         315         312  0.965851279267871     
         316         315  0.999540297836887     
         317         316  0.998459425970426     
         318         317  0.991752457432636     
         319         318   1.30947761689749     
         320         319   1.32463543349524     
         321         319   1.31156191019948     
         322         311  0.901670682539192     
         323         312  0.940489724359074     
         324         315  0.971154576084339     
         325         315  0.965896498749077     
         326         316  0.969756914557395     
         327         316  0.970271692694092     
         328         317  0.962605344190437     
         329         317  0.956669662799650     
         330         318  0.917565188282337     
         331         320  0.919781717852584     
         332         320  0.911251767894604     
         333         321  0.917194640962212     
         334         321  0.908150031657208     
         336         335   1.00807825184691     
         337         336  0.934440130435938     
         338         337   1.61774502709925     
         339         336   1.00292932490066     
         340         335  0.951913113148790     
         341         336  0.962905478489064     
         342         339  0.984847522759237     
         343         339  0.981615852808371     
         344         339  0.979509408928387     
         345         337   1.29806535683788     
         346         345  0.986158941488498     
         347         346  0.946617745704872     
         348         347   1.60527765968425     
         349         346  0.971862110830324     
         350         349  0.987923444617813     
         351         350   1.00669029620460     
         352         350   1.01123889204351     
         353         345  0.915385959091795     
         354         346  0.934999751425011     
         355         349  0.972643511580345     
         356         349  0.968868507429648     
         357         350  0.967399414669609     
         358         351  0.984544008974748     
         359         351  0.984735897067999     
         360         351  0.983321834136430     
         361         352  0.983403235532419     
         362         352  0.982628496054481     
         363         352  0.983337517709236     
         364         347   1.29253353883666     
         365         364  0.979134812715400     
         366         365  0.931726007591416     
         367         366   1.63565015873004     
         368         365  0.975010243768017     
         369         368   1.00524292667804     
         370         369   1.00731872081247     
         371         370   1.01201946293876     
         372         371  0.955550299776244     
         373         364  0.914432439271281     
         374         365  0.941680993182655     
         375         368  0.964466316700182     
         376         368  0.974360916141861     
         377         369  0.970093247861977     
         378         369  0.973261089991125     
         379         370  0.961293328738279     
         380         370  0.966579281597582     
         381         371  0.965601481352743     
         382         371  0.964899747774450     
         383         372  0.898248228909496     
         384         372  0.892389366526622     
         385         372  0.895105066174469     
         386         366   1.29204620758609     
         387         386  0.988834847577513     
         388         387  0.934628588937375     
         389         388   1.62052367691899     
         390         387  0.951808917144937     
         391         390  0.995431572464710     
         392         390   1.00476090222760     
         393         391   1.01759609477147     
         394         386  0.894700518676818     
         395         387  0.952224187625017     
         396         390  0.968231778417183     
         397         391  0.948033238001737     
         398         391  0.975887610958156     
         399         392  0.982073055885964     
         400         392  0.984754741617054     
         401         392  0.978881682904260     
         402         393  0.984933298027477     
         403         393  0.987927251632283     
         404         393  0.985411214741582     
         405         388   1.28386793265501     
         406         405  0.996080922158092     
         407         406  0.929417023408868     
         408         407   1.65237997932961     
         409         406  0.981521000490989     
         410         409  0.990767991701477     
         411         410   1.00781642432586     
         412         410   1.00752582043332     
         413         405  0.887195942936134     
         414         406  0.935709120039343     
         415         409  0.961836405931562     
         416         409  0.964711880824620     
         417         410  0.968835637908628     
         418         411  0.985576244675519     
         419         411  0.968259690408906     
         420         411  0.981375150215873     
         421         412  0.978531576472285     
         422         412  0.981170806038827     
         423         412  0.986952235235764     
         424         407   1.26553597369949     
         425         424  0.997615011090370     
         426         425  0.932140238464392     
         427         426   1.65101263116438     
         428         425  0.959707709965262     
         429         428  0.960909149142916     
         430         429   1.67414844306729     
         431         429   1.27591775085007     
         432         424  0.913384464967975     
         433         425  0.936502191583482     
         434         428  0.955468185826942     
         435         428  0.971044577764070     
         436         431  0.938140921864738     
         437         431  0.928410755850918     
         438         426   1.28286151440287     
         439         438  0.972030984402094     
         440         439  0.953854985797663     
         441         440   1.58894173005815     
         442         439  0.979843394507927     
         443         442  0.964134964392983     
         444         443   1.65887041831503     
         445         443   1.30245150423659     
         446         438  0.913271424908901     
         447         439  0.944346133469505     
         448         442  0.960593192814118     
         449         442  0.948963475197853     
         450         445  0.917669119714492     
         451         445  0.921929019297883     
         452         440   1.29446143836976     
         453         452  0.963370063963872     
         454         453  0.982067655899821     
         455         454   1.70210663707075     
         456         453  0.955434204237823     
         457         456  0.992661928397027     
         458         456   1.00838689345838     
         459         457   1.01777864025625     
         460         452  0.925465971909461     
         461         453  0.946973907707999     
         462         456  0.966806437549699     
         463         457  0.970943507514450     
         464         457  0.971112941561004     
         465         458  0.973195238520665     
         466         458  0.975328698214936     
         467         458  0.985080229345374     
         468         459  0.974869549686492     
         469         459  0.974964917806797     
         470         459  0.984289419546566     
         472         471   1.01567374408110     
         473         472  0.938166000509694     
         474         473   1.58287195343831     
         475         472  0.979288587950700     
         476         475  0.993566391994962     
         477         476   1.00858065548064     
         478         476   1.00687741848309     
         479         471  0.912718060644669     
         480         472  0.960113419418090     
         481         475  0.971924238720976     
         482         475  0.967113465168966     
         483         476  0.965792922020231     
         484         477  0.984650926949129     
         485         477  0.982835805274740     
         486         477  0.985241811819600     
         487         478  0.984104929536277     
         488         478  0.984903297909707     
         489         478  0.986744467348930     
         490         473   1.33132202769583     
         491         490  0.979306612945725     
         492         491  0.980383264166017     
         493         492   1.87438135322998     
         494         491  0.962893356349188     
         495         494   1.00541614126971     
         496         495   1.00408963791349     
         497         496  0.979754314037686     
         498         497   1.40547799259427     
         499         498   1.25385315286778     
         500         498   1.26789624539095     
         501         490  0.856908131548986     
         502         491  0.943096068320201     
         503         494  0.952633411807155     
         504         494  0.965632868456306     
         505         495  0.974589904664102     
         506         495  0.964206581137743     
         507         496  0.958434033416909     
         508         496  0.955402693618878     
         509         497  0.772896223232848     
         510         499  0.904063453465139     
         511         499  0.924167368304908     
         512         500  0.943168981288564     
         513         500  0.917053480029639     
         515         514   1.01432914391538     
         516         515  0.979412506929492     
         517         516   1.88532534251249     
         518         515  0.972836668052613     
         519         514  0.912523488779151     
         520         515  0.963125924047457     
         521         518  0.985065685679650     
         522         518  0.970532399833060     
         523         518  0.969633464104259     
         525         524   1.01390264270716     
         526         525  0.932084334249974     
         527         526   1.60116712107265     
         528         525  0.977735972588856     
         529         528  0.987591301631389     
         530         529   1.00795122805347     
         531         529   1.00841476073618     
         532         524  0.942412397295634     
         533         525  0.953567630789310     
         534         528  0.972506509935920     
         535         528  0.976193088321574     
         536         529  0.960967194038148     
         537         530  0.980082866176327     
         538         530  0.986127486172260     
         539         530  0.988045681577082     
         540         531  0.982470819208216     
         541         531  0.987128515232118     
         542         531  0.982410633207114     
         543         526   1.30194913343902     
         544         543  0.982468192351359     
         545         544  0.977156605510949     
         546         545   1.74449589739131     
         547         544  0.966338003668509     
         548         547   1.00407527886722     
         549         548  0.914849909464877     
         550         549   1.50505114809664     
         551         549   1.48818559057183     
         552         543  0.908951015811157     
         553         544  0.949425425171932     
         554         547  0.965486310314133     
         555         547  0.971875095262224     
         556         548  0.973620004262351     
         557         548  0.981024008027790     
         559         558   1.01977779703507     
         560         559  0.942680836468705     
         561         560   1.61391172882282     
         562         559  0.960513306675845     
         563         562   1.01244242590986     
         564         563  0.990886051373998     
         565         564   1.00691685295300     
         566         558  0.943641391311368     
         567         559  0.930268824493545     
         568         562  0.966521646802497     
         569         562  0.969441302175490     
         570         563  0.968923570821512     
         571         563  0.969973344114353     
         572         565  0.975139225887679     
         573         565  0.980502785076518     
         574         565  0.975560000609176     
         575         560   1.27769926597655     
         576         575  0.993651817104706     
         577         576  0.930223016051625     
         578         577   1.59058213625523     
         579         576  0.983411872399534     
         580         579  0.993965014469441     
         581         580   1.00680502007426     
         582         580   1.00620540481293     
         583         575  0.896182451421248     
         584         576  0.950482691893885     
         585         579  0.966936079804801     
         586         579  0.966115997080460     
         587         580  0.955946200901045     
         588         581  0.981930369583849     
         589         581  0.980879897658862     
         590         581  0.983819749567543     
         591         582  0.985097674649532     
         592         582  0.979796528196650     
         593         582  0.984522808398621     
         594         577   1.29452548958065     
         595         594  0.973111446689842     
         596         595  0.941109051102751     
         597         596   1.59320674366557     
         598         595  0.975638541333976     
         599         598   1.00987192320551     
         600         599  0.909730514981388     
         601         600   1.49167756344896     
         602         600   1.50929389450732     
         603         594  0.902787191074800     
         604         595  0.951234006456130     
         605         598  0.968916708075669     
         606         598  0.964614159660714     
         607         599  0.958527673790318     
         608         599  0.966779778658056     
         609         596   1.30804103071989     
         610         609  0.955576282889432     
         611         610  0.923459307238508     
         612         611   1.62431926655800     
         613         610  0.975912777303817     
         614         613  0.997346622492961     
         615         614   1.00389725357345     
         616         615   1.00914042760208     
         617         616  0.967152637601177     
         618         609  0.913875349386451     
         619         610  0.951846270465182     
         620         613  0.963211710735403     
         621         613  0.965701542052523     
         622         614  0.973867041735083     
         623         614  0.957382931251343     
         624         615  0.964286645708648     
         625         615  0.973029731423335     
         626         616  0.967584316931010     
         627         616  0.963094195177610     
         628         617  0.891396311184633     
         629         617  0.887808996008909     
         630         617  0.893756267984284     
         631         611   1.31606199030648     
         632         631  0.981509890271199     
         633         632  0.944835415908189     
         634         633   1.58300995362463     
         635         632  0.978424423567634     
         636         635  0.993604825806703     
         637         636   1.00510519098513     
         638         636   1.00735975165630     
         639         631  0.885315436993723     
         640         632  0.945005215873745     
         641         635  0.963072498960732     
         642         635  0.971213426818341     
         643         636  0.965003007575025     
         644         637  0.984795117266177     
         645         637  0.981176716400273     
         646         637  0.986529708298893     
         647         638  0.961159266585659     
         648         638  0.977976895218777     
         649         638  0.966817296492946     
         650         633   1.29379973508512     
         651         650   1.00259154864021     
         652         651  0.954272860770271     
         653         652   1.58632032737840     
         654         651  0.975333960336502     
         655         654   1.01407198982325     
         656         655  0.907909242095551     
         657         656   1.50829666353691     
         658         656   1.48456287208630     
         659         650  0.867422248244173     
         660         651  0.934822294642534     
         661         654  0.977258198517178     
         662         654  0.967146873515842     
         663         655  0.946928525565644     
         664         655  0.974102944722613     
         665         652   1.27662260961055     
         666         665  0.971649623438442     
         667         666  0.942772468415094     
         668         667   1.60837015356791     
         669         666  0.955885231239785     
         670         669   1.00546605160364     
         671         669   1.00510036597680     
         672         665  0.874953620369150     
         673         666  0.942715964085174     
         674         669  0.965419079008096     
         675         670  0.981024546958330     
         676         670  0.987123687692737     
         677         670  0.971436599557988     
         678         671  0.980689647897572     
         679         671  0.958943211735635     
         680         671  0.984574959823449     
         681         667   1.31079042054928     
         682         681  0.973177803180899     
         683         682  0.955250992933456     
         684         683   1.65643836539178     
         685         682  0.942435361923600     
         686         685   1.00966625786727     
         687         685   1.00747777367784     
         688         681  0.872474585036052     
         689         682  0.948143080352435     
         690         685  0.959372236531253     
         691         686  0.979856555176659     
         692         686  0.977253438943181     
         693         686  0.983606363159321     
         694         687  0.980122418904327     
         695         687  0.985032310519327     
         696         687  0.983305933904449     
         697         683   1.23659299928754     
         698         697  0.992652303549554     
         699         698  0.960078577841816     
         700         699   1.61596474618566     
         701         698  0.963524496681431     
         702         701   1.00706707609627     
         703         701   1.00443137734469     
         704         697  0.910830928698772     
         705         698  0.943689941443254     
         706         701  0.967995654169407     
         707         702  0.986698978156388     
         708         702  0.985542441626040     
         709         702  0.983295032559749     
         710         703  0.980872425657564     
         711         703  0.980997440691922     
         712         703  0.967556679612382     
         713         699   1.26228119797969     
         714         713  0.989586189802187     
         715         714  0.997408462694001     
         716         715   1.70302679736057     
         717         714  0.919131149492960     
         718         717   1.00935198725606     
         719         718   1.59881228679219     
         720         718   1.18059208726725     
         721         713  0.914712779854138     
         722         714  0.938413758470123     
         723         717  0.963185979541715     
         724         717  0.969785643373916     
         725         720  0.934566338514666     
         726         720  0.928826124044566     
         728         727   1.14792157731781     
         729         728  0.850485569174438     
         730         729   1.84770198151673     
         731         728  0.940834023218161     
         732         731   1.00409291418110     
         733         731   1.00964088618577     
         734         727  0.971609814942352     
         735         728  0.923147830531680     
         736         731  0.969013679240536     
         737         732  0.975084418425108     
         738         732  0.984761632015574     
         739         732  0.981493979795312     
         740         733  0.986866514831474     
         741         733  0.984185374730964     
         742         733  0.986817501399321     
         744         743   1.01255719833394     
         745         744  0.960137168556146     
         746         745   1.62772145626152     
         747         744  0.958054969198789     
         748         747  0.994302947780955     
         749         747   1.00896122424417     
         750         748   1.01865693664412     
         751         743  0.953316546678323     
         752         744  0.961454858974196     
         753         747  0.965606298742378     
         754         748  0.973040366493928     
         755         748  0.974245893243300     
         756         749  0.973825649851129     
         757         749  0.975043423934688     
         758         749  0.973560479653302     
         759         750  0.988302988733773     
         760         750  0.980920220162893     
         761         750  0.986536267968716     
         762         745   1.26592964738751     
         763         762  0.968326549731211     
         764         763  0.965612511776235     
         765         764   1.85685138145394     
         766         763  0.974161724314906     
         767         766   1.00394207164797     
         768         767   1.00625686860613     
         769         768  0.969850322687651     
         770         769   1.31178817953573     
         771         770   1.27693592426457     
         772         770   1.35009230721330     
         773         762  0.914750296796563     
         774         763  0.949932822258627     
         775         766  0.967692318231818     
         776         766  0.966467738154564     
         777         767  0.972110361852129     
         778         767  0.969409359219427     
         779         768  0.958348296320499     
         780         768  0.959612159869174     
         781         769  0.924615758438869     
         782         771  0.910572028539143     
         783         771  0.929346690232127     
         784         772  0.929665635362052     
         785         772  0.849940153592451     
         787         786   1.01199321439079     
         788         787  0.940316658298962     
         789         788   1.59571415025201     
         790         787  0.977582986227754     
         791         790   1.00973016017492     
         792         791  0.919149968860035     
         793         792   1.44480138618375     
         794         792   1.53383762919042     
         795         786  0.946670729374313     
         796         787  0.956412112684860     
         797         790  0.969560266365824     
         798         790  0.969122526644637     
         799         791  0.957454591307366     
         800         791  0.971512111843575     
         801         788   1.31242611425677     
         802         801  0.969840178746082     
         803         802  0.955642681580612     
         804         803   1.84078369788208     
         805         802  0.971317913058349     
         806         805  0.999643722084884     
         807         806   1.00571325855615     
         808         807   1.00847914391332     
         809         808  0.956619647425151     
         810         801  0.901966268767330     
         811         802  0.954471715489036     
         812         805  0.971546879042077     
         813         805  0.970170875850894     
         814         806  0.973629525952576     
         815         806  0.970710641768946     
         816         807  0.966234039391568     
         817         807  0.977707627068725     
         818         808  0.970625664881890     
         819         808  0.959310384145159     
         820         809  0.894075404812369     
         821         809  0.886186312709797     
         822         809  0.906728833763243     
         824         823   1.02619003319556     
         825         824  0.954950521659856     
         826         825   1.60718026545088     
         827         824  0.970206072561858     
         828         827   1.01508367793304     
         829         828  0.905660620210988     
         830         829   1.50567372027847     
         831         829   1.49718222361755     
         832         823  0.953306608342234     
         833         824  0.952117682963304     
         834         827  0.978231593757352     
         835         827  0.967671271804577     
         836         828  0.954353799822034     
         837         828  0.972684464938953     
         838         825   1.26688626320558     
         839         838  0.992603249753554     
         840         839  0.978152062275447     
         841         840   1.80794333851392     
         842         839  0.952911796288443     
         843         842   1.00531386050832     
         844         842   1.00737055207840     
         845         838  0.873721945237165     
         846         839  0.935745732740482     
         847         842  0.967464260091953     
         848         843  0.985108689226393     
         849         843  0.987067642808224     
         850         843  0.968133638570729     
         851         844  0.986023827396906     
         852         844  0.954417743271686     
         853         844  0.983426699721951     
         855         854   1.02976748135068     
         856         855   1.00368747354608     
         857         856   1.69276836068772     
         858         855  0.905418630421364     
         859         858   1.01833717475267     
         860         859   1.61361134271443     
         861         859   1.16090647937132     
         862         854  0.939595267614244     
         863         855  0.940985358806045     
         864         858  0.963023247431278     
         865         858  0.974093564982081     
         866         861  0.920330541747904     
         867         861  0.944890604147643     
         868         786  0.960771544859464     
         869         803  0.952831358034616     
         870         823  0.948693212752465     
         871         840  0.954480441963746     
         872         854  0.948555872812667     
         873         856  0.959082227039137     
         874           1  0.951395643776656     
         875           3  0.955406382022037     
         876          11  0.953793243911169     
         877          13  0.950306920332392     
         878          30  0.950983460667354     
         879          32  0.954978040680732     
         880          49  0.962782274998749     
         881         313  0.959002837139807     
         882         335  0.956223010376974     
         883         454  0.957640164233481     
         884         471  0.952024248436438     
         885         492  0.952108834046794     
         886         514  0.957551201915792     
         887         516  0.952973236978597     
         888         524  0.950730945513392     
         889         545  0.952191476892634     
         890         558  0.948135773088605     
         891         715  0.959043419077377     
         892         743  0.950156627929529     
         893         764  0.951871446419840     
