$grad                                                                           
  cycle =      1    SCF energy =  -878.14690181619   |dE/dxyz| =  0.860582
   12.57390240483879     65.54511564971632    -29.25112576851848      n 
   14.58159063713358     64.10646925833510    -28.06415639515576      c 
   13.73424409620323     63.58431329154243    -25.34248168902798      c 
   13.18840009054811     65.33713726965517    -23.93306563305460      o 
   17.07150789907337     65.57294341540678    -28.02947231519359      c 
   19.59249714679727     63.52756151388667    -26.72847463551249      s 
   11.65941858896204     66.78738538103471    -28.11865420331932      h 
   14.82246874421626     62.33292267339682    -29.09651745333879      h 
   17.62506401597831     66.11623885160900    -29.93404716087007      h 
   16.92959609394402     67.22504512514389    -26.81375820211927      h 
   15.96963839167995     56.75187085250035    -32.84292674159884      n 
   17.22689192785798     59.10716802456704    -33.44200279807942      c 
   17.79346304544530     59.17231844202829    -36.25213963937151      c 
   17.69869296329929     57.26058171717357    -37.54631667808250      o 
   19.75754690384844     59.35565065928949    -31.96890135434013      c 
   21.55539094310289     57.56138088019883    -32.71246171254600      o 
   16.36499550207429     55.28043097524637    -33.99561219070524      h 
   15.98408981463036     60.67501325869522    -32.91382577758538      h 
   20.47919318093903     61.28592759295817    -32.18755620432367      h 
   19.37120452190255     59.03060542567533    -29.96643261220257      h 
   22.29473062410127     58.09354938040988    -34.30849649661817      h 
   29.19632564237549     64.98445241524551    -39.22106755626650      n 
   30.34852945060414     63.47812457946512    -37.24195684240098      c 
   28.47783168517105     63.14080824429229    -35.07353374878581      c 
   26.76361954971384     64.67216471830253    -34.72745179677600      o 
   32.61537893975262     65.04021242031452    -36.29327643047247      c 
   32.87983717629893     67.17118741818196    -38.22721061350973      c 
   30.19641442113367     67.53733721853429    -39.19485608829828      c 
   31.01717822984306     61.68477645845931    -38.00863294957157      h 
   32.22946201543127     65.77620012413233    -34.40432609783724      h 
   34.31312590680862     63.88213428899043    -36.21751600777403      h 
   33.67827254255030     68.88562859428238    -37.42749380254926      h 
   34.07681505078280     66.53272194878518    -39.77952301446211      h 
   29.07059250165058     68.69836056466221    -37.90302623000089      h 
   30.12249778779232     68.33252549211960    -41.09354963231036      h 
   28.77825871013430     61.12710657691527    -33.58924573138309      n 
   27.17079758397026     60.89207711268622    -31.37107439102731      c 
   27.73836661669853     63.09044157849867    -29.58968614070832      c 
   29.77248457936382     64.17070326850403    -29.57737705206758      o 
   27.89961510288632     58.34879061488773    -30.16423753356295      c 
   29.66575546386857     57.11303107828179    -32.09618513860554      c 
   30.86556125370920     59.36159137601643    -33.43992252577143      c 
   25.19868319832942     60.95236947388858    -31.97536441418515      h 
   28.89674962128947     58.65732115265120    -28.38821012943754      h 
   26.23631436354616     57.20009751439433    -29.80449865419387      h 
   31.06218438203486     55.89497007108734    -31.21829355951539      h 
   28.58748154748751     56.00164437810498    -33.44913111610276      h 
   32.39134229936487     60.19319661544036    -32.31108665175825      h 
   31.62588139879632     58.88883191673808    -35.29415860405642      h 
   25.86861117936171     63.65422614701924    -27.94462796530599      n 
   26.19713612089076     65.65572914867884    -26.11748066404063      c 
   27.08373830103735     64.71211601704124    -23.52534977334438      c 
   27.96832049623599     66.22744259796804    -22.00207156067138      o 
   23.84379397765505     67.27792454063503    -25.75430938132149      c 
   21.28743754219522     65.70186999135224    -24.06986075440959      s 
   24.14285512268611     62.85430953665697    -28.12368594806965      h 
   27.69457595192205     66.89749480391505    -26.84356512503958      h 
   24.30100130663211     68.87535020231218    -24.53351855160972      h 
   23.16179583982879     67.99086906077559    -27.55946302360007      h 
   26.74872510659283     62.26898508016009    -23.07964940443586      n 
   27.40686136267458     60.97899257367938    -20.76820037013685      c 
   28.53336739318693     58.41540923092576    -21.48838409118336      c 
   28.36887779078035     57.60695434758478    -23.64952451906191      o 
   25.04661425096007     60.64014988852696    -19.07669220914746      c 
   24.15352055226258     63.19539749591659    -18.09371771946512      c 
   22.92415092250941     59.30090365145320    -20.49561109523112      c 
   26.27773307530260     61.09281336276620    -24.51856573693284      h 
   28.82205170229726     62.07602794553190    -19.73768485705527      h 
   25.64155044946565     59.48176218210889    -17.47534058719757      h 
   22.48570694099743     62.96886772118666    -16.92096891370578      h 
   25.62622741158605     64.08338285586952    -16.97695669670311      h 
   23.68161282383903     64.46012957397301    -19.64024771963935      h 
   21.36401130369812     58.93647407090018    -19.21281860127550      h 
   22.22996847880425     60.47474669508664    -22.03170061011314      h 
   23.59562418857530     57.51723156131086    -21.25953152843340      h 
   29.55808664964175     57.13619049881320    -19.56678044196382      n 
   30.52943759582564     54.59980801650472    -19.82860459102116      c 
   30.26493302395496     53.20133099596910    -17.31576920897924      c 
   30.56909208834862     54.26110114160991    -15.27463783647846      o 
   33.33743288439870     54.54209265246961    -20.57439580661497      c 
   34.22120116820591     51.87680822093527    -21.19330914862064      c 
   32.76428607022910     50.16274752584795    -21.71558592408147      o 
   36.72989518483844     51.58960988667578    -21.22804592396885      n 
   29.92568674644107     58.04682781796028    -17.91851772863407      h 
   29.43214778654699     53.65198219288562    -21.30612818377721      h 
   33.58130021516798     55.69371454680422    -22.27112602363148      h 
   34.50226817229449     55.35224686034317    -19.07572914981268      h 
   37.45401962246073     49.85769673908513    -21.55147749735126      h 
   37.90252123248833     52.96620425771886    -20.64622619668124      h 
   32.53360431795576     48.81037619965000    -11.75638297892846      n 
   34.91677439729742     48.34844618115299    -10.49754264780766      c 
   34.86887086606858     45.72785539990891     -9.27041167585319      c 
   36.58436813516893     44.20741199045477     -9.52052554828225      o 
   35.53921658727361     50.38114711051643     -8.52814866572309      c 
   37.71610749127807     49.50227344859830     -6.85400813443873      c 
   36.15608631519805     52.86740469762439     -9.85385582082647      c 
   31.00388106378570     49.15365834578758    -10.65345262795306      h 
   36.38139032599398     48.32857146431425    -11.96121628979295      h 
   33.85309389428412     50.65463767396204     -7.35892584405460      h 
   38.41995815825496     51.06423932861363     -5.72565852867525      h 
   37.09281256492390     48.00390206676681     -5.59449707627270      h 
   39.25694046490207     48.78862110363549     -8.01150510624739      h 
   36.28191019772845     54.40367523067791     -8.49130928112822      h 
   37.94579073749314     52.73099085984912    -10.85625371694921      h 
   34.69286546591212     53.34677281125043    -11.21863265647507      h 
   26.34594857288463     49.28575712172515     -3.12199433002847      n 
   28.10188094495973     51.35145589060271     -3.47773213913236      c 
   28.45763678771836     51.94253803763223     -6.29311811225600      c 
   28.79176301850159     50.28283410798870     -7.88028571144573      o 
   30.67185910426310     50.72070187350833     -2.30075656595675      c 
   32.51729772212812     52.93387818837869     -2.43690813849408      c 
   34.86852014389280     52.35832335954875     -0.87026131338297      c 
   36.86557209090957     54.42717340423888     -1.03821380174197      c 
   38.72544823524730     54.10670707165308      1.02816940848894      n 
   26.99003679201937     47.57191828764524     -3.68467735915183      h 
   27.30941752429044     53.00905815888612     -2.53170534841199      h 
   30.35886944499467     50.24475543960449     -0.31620274121379      h 
   31.46984100261603     49.05582683239261     -3.22733262914586      h 
   33.03533449850056     53.32978005252910     -4.39581921887573      h 
   31.58434526513857     54.61891946263904     -1.68815219592013      h 
   34.28479033547284     52.16306362408695      1.10238395466956      h 
   35.65758097088300     50.56350065458218     -1.50265485519918      h 
   37.81766044916594     54.36469910271655     -2.86946540257607      h 
   35.96343116973696     56.26730014815830     -0.81535251684851      h 
   40.30078812759264     55.19302725971257      0.76564760076803      h 
   37.80148462672036     54.57774713429674      2.87296195286245      h 
   39.25380412510545     52.25184099520830      1.18754335154160      h 
   28.43916922696187     54.40558970353337     -6.81997649747837      n 
   28.46309987753442     55.52695558762295     -9.31361560812345      c 
   30.44822745557888     57.62341467205148     -9.35470032782588      c 
   30.94013667801977     58.81892406374379     -7.42838243748418      o 
   25.83962707203254     56.73492331510995     -9.73452076115289      c 
   25.07712607227302     57.23795213120080    -12.47408536054630      c 
   24.46705811451535     54.79004977859405    -13.86860020761285      c 
   22.74947061784174     58.94330703722984    -12.48808073763412      c 
   28.18737265694297     55.66425625337718     -5.39876285613634      h 
   28.87923474187081     54.07916387639182    -10.71976639453479      h 
   24.43503057727764     55.47352781750297     -8.89971753529243      h 
   25.81152661624198     58.51587438696818     -8.68553563809601      h 
   26.63406120890380     58.20758642349825    -13.43781225481987      h 
   23.92658370108345     55.19520987731030    -15.80748180373435      h 
   26.10173656706261     53.55530543413752    -13.91774650766361      h 
   22.92180289682138     53.80761245844162    -12.94020349060351      h 
   22.10859554055668     59.21435729267732    -14.41689960770423      h 
   21.23472168342986     58.07192617762903    -11.40733217712341      h 
   23.18320548808163     60.78047474526779    -11.67265765879660      h 
   31.49954112219411     58.09382028528588    -11.59962367827370      n 
   33.11255044481693     60.24333006089491    -12.12279509346263      c 
   31.88105622395792     61.90734283895721    -14.13677835136000      c 
   30.81427692641214     60.99694989520147    -15.98996565498677      o 
   35.70434503591481     59.42418450369542    -13.13080231943451      c 
   37.50170862311808     61.64361196492079    -13.44222786047156      c 
   39.89369822410736     61.00618255837373    -15.05815556322280      c 
   39.85043832703620     59.04579426220998    -16.35624263748597      o 
   41.63584426511450     62.59016544134948    -14.95466253519662      o 
   31.06218268279329     56.99150741530353    -13.10583314861262      h 
   33.34352792068201     61.32511723954277    -10.38072250648110      h 
   36.53609656847311     58.04582165756707    -11.84266880799073      h 
   35.47142236780923     58.51228106778436    -14.96978144147766      h 
   36.58803491707108     63.20126784548528    -14.44823365633663      h 
   38.12434555086514     62.39425065166255    -11.62144436459722      h 
   32.06312619669258     64.37456788524889    -13.70665191376515      n 
   31.14266665653773     66.30010473995047    -15.40524770263182      c 
   33.22347949154127     66.96264772469625    -17.30391560136201      c 
   35.34388649504704     67.61516110990861    -16.61424562990481      o 
   30.40180626299021     68.68906125312340    -13.93510697814188      c 
   28.71709862589334     68.12186085452728    -11.64449936038446      c 
   29.16532736591894     70.56218565986755    -15.74428398567240      c 
   26.26301261584824     66.74116666691233    -12.24377695462575      c 
   33.04122928543831     64.99362078427181    -12.17912161626144      h 
   29.51425633142286     65.53787584372012    -16.42918531193120      h 
   32.15415350047355     69.53938402492957    -13.21970338483555      h 
   29.80462837688831     67.02194939536896    -10.27935131396236      h 
   28.27750299077477     69.93451303387452    -10.76471197023848      h 
   28.52252049436138     72.22696479247804    -14.72682094351522      h 
   30.51129822642039     71.19383208454573    -17.16465925916771      h 
   27.56003157146246     69.71867136127506    -16.70818237522149      h 
   25.12340903121952     66.60823248829702    -10.54188400858344      h 
   25.18238704153690     67.75420460546623    -13.66529672420164      h 
   26.65569884352173     64.83856636810131    -12.90923657584984      h 
   32.58311413532774     66.73112040566521    -19.73072664724860      n 
   34.32152551812223     67.21038187846545    -21.77415711986566      c 
   33.88957183817763     69.71469244464511    -23.14912556805635      c 
   35.62670966756961     70.68535575300420    -24.32045526521680      o 
   34.24384711126854     65.09466471178298    -23.75063389288497      c 
   34.81678990854596     62.45722449751526    -22.69872522942502      c 
   34.78149275651036     60.59263752244381    -24.90328319588034      c 
   37.36113052382485     62.39854156582617    -21.34404294111202      c 
   30.78087801259639     66.26219644963579    -20.22511100325815      h 
   36.21467322178584     67.33220761300288    -20.94452098924281      h 
   32.38005857507937     65.08681656426431    -24.63975025703107      h 
   35.63953877704420     65.57442252696195    -25.18955864713461      h 
   33.34411305259035     61.93965580134717    -21.33800409809749      h 
   35.29257101013751     58.71395605737103    -24.25849436746394      h 
   32.90934423863943     60.52341309375237    -25.74703047254903      h 
   36.13051452154237     61.18909599252243    -26.32820282734749      h 
   37.84164862526406     60.49246493074930    -20.74992478002551      h 
   38.84712897602591     63.11723713940392    -22.56327210356696      h 
   37.32695847210064     63.53859677379183    -19.63215544277167      h 
   31.54933994726077     70.69446589466071    -23.09340892237131      n 
   31.00422257978357     73.17200481933030    -24.13262755829682      c 
   30.19672803173742     74.95029630241481    -22.00733729431231      c 
   28.70846411559711     74.29596675847334    -20.35951520157915      o 
   28.90414785510625     73.04900520630838    -26.13860471517616      c 
   29.85881721259149     71.79845090886937    -28.56114034662034      c 
   27.74515972247183     70.77833590373858    -30.23619341220369      c 
   25.50230877211164     70.98129923005384    -29.74341846567632      o 
   28.59248223496981     69.61502281296063    -32.32773640310999      n 
   30.13500486245384     69.80181801746356    -22.16464567071533      h 
   32.76673138732379     73.84507874431340    -24.98231238488971      h 
   27.31369639806518     71.98127237818194    -25.37384025893327      h 
   28.21333920187727     74.95412333685692    -26.52386650477007      h 
   30.97315181419550     73.14169876914212    -29.65602466685738      h 
   31.07764084080257     70.20434572131840    -28.06761530436890      h 
   30.45592530468902     69.31436012651035    -32.55436069078252      h 
   27.40219529350146     68.56634500299579    -33.39688349193236      h 
   31.29454412799220     77.24024875426431    -22.00301036764127      n 
   30.30299484278671     79.18066640807658    -20.32743653648307      c 
   27.50005603623255     79.58634826466277    -20.98094606219474      c 
   26.71966851013213     79.17067795543596    -23.10851011549514      o 
   31.70701093939676     81.67956386164440    -20.70882665536308      c 
   34.51911591741490     81.38503897087340    -20.15860479719026      c 
   35.29263495732980     80.66830103224770    -18.09726284251141      o 
   36.06860997579526     81.91425087049282    -22.07428924307897      n 
   32.20820551189218     77.82737195472082    -23.57224832903818      h 
   30.46609162173749     78.52538436421096    -18.37050749062800      h 
   31.37805297680403     82.36023430220718    -22.62635538836268      h 
   30.92398440533896     83.05721697470523    -19.38632009962031      h 
   37.95335669544833     81.80045214981460    -21.79618967338090      h 
   35.43301452012507     82.59987850082599    -23.73119726252031      h 
   26.04680953656248     80.49978542955532    -19.12041271331274      n 
   23.42751602308081     81.03970372630903    -19.65181608257317      c 
   21.79972695085197     81.14530877725169    -17.29734023661561      c 
   22.62527317179125     80.79621372260026    -15.16461805936257      o 
   26.61424393066324     80.49527783166647    -17.28819810208776      h 
   23.26410435909510     82.85430568123809    -20.64620120675632      h 
   22.67706330899404     79.59574533588236    -20.93450942960021      h 
   16.05866692703311     77.90340557396590    -13.89354525362636      n 
   15.14967059109834     75.34907026976180    -13.62239503772328      c 
   13.18391170399121     75.19692787762649    -11.50169607590470      c 
   13.29807852136352     76.49451025484353     -9.58880123306886      o 
   17.34621304381069     73.59226828851263    -12.84799494218629      c 
   19.19293784014831     73.12578784583449    -14.95373432392012      c 
   21.33001137085898     74.61922046480230    -15.25484778994472      c 
   18.82007841701286     71.13993129580059    -16.63094099754022      c 
   23.07924550386009     74.11243616099453    -17.13131014246531      c 
   20.55208245683120     70.60631837656820    -18.50323991340822      c 
   22.72023902085286     72.07914016977978    -18.75996007764960      c 
   24.38043023201715     71.47504636896151    -20.61615092322750      o 
   16.86519075007116     78.61685874389237    -12.30186927741377      h 
   14.31943373341477     74.73008221611791    -15.40960462775744      h 
   18.30627184811381     74.47727735919719    -11.25077913060739      h 
   16.53531069267791     71.79688032664141    -12.24416319949198      h 
   21.64540377339722     76.20034105925112    -14.00030104165852      h 
   17.14641679727508     69.98618783996879    -16.46768739911462      h 
   24.75806582542871     75.26261198147479    -17.33077603013403      h 
   20.27791753334223     69.03798192348629    -19.77816543911959      h 
   25.92151538635655     72.48891542070422    -20.45623037014100      h 
   28.40979702189017     67.39888396205839      5.82056951710283      n 
   29.50877878803787     68.64224772527074      3.62604940318108      c 
   32.34021887316171     68.70453253452349      4.17026474928269      c 
   33.20168904423445     69.81257875782494      6.02241028403224      o 
   28.46989456047299     71.32440219596738      3.31419991913485      c 
   29.82589609613989     72.78235703495649      1.22229119577058      c 
   28.81644115017339     75.48949396049257      1.00841526485851      c 
   30.62025527287397     77.15194144037861     -0.51262068215101      c 
   29.60624039060182     79.76890056953694     -0.76015174064736      n 
   28.99123063281291     68.13140439046833      7.50358164464588      h 
   29.15361939305555     67.48800609100248      1.95669148273681      h 
   26.45559831917192     71.19580342416832      2.90827019418786      h 
   28.74092071794620     72.29555062059923      5.11363651680724      h 
   31.84185729220489     72.82678729732264      1.66023703059349      h 
   29.61509773738199     71.78178772383379     -0.56705099686256      h 
   26.96138576778602     75.43911714838238      0.11748652445874      h 
   28.62868506159921     76.25057118686469      2.91577109228012      h 
   32.43821326449289     77.24288590348725      0.45210599110022      h 
   30.93641167441701     76.37534756255400     -2.39923301636204      h 
   30.92100685902489     80.91713024138642     -1.62241404723249      h 
   28.00695033815323     79.78996324747591     -1.87580218828753      h 
   29.17323506531630     80.49010049316935      0.99827918059064      h 
   33.80872851509152     67.45651096042941      2.54737544315491      n 
   36.44666045797207     67.04428955148224      3.19297483947062      c 
   36.47920127595808     65.98803185514812      5.89977359892600      c 
   35.04995485312427     64.25731790270051      6.46555598855476      o 
   37.98329150821787     69.45508140996083      2.73052235804690      c 
   37.76165609875225     70.13229677613131     -0.06996013849877      c 
   37.71463277069011     68.46945003381286     -1.68000993145473      o 
   37.64942681323835     72.58575588471054     -0.60860076508201      n 
   33.02926874238700     66.48517929927677      1.09160458444492      h 
   37.12507464360808     65.54280416509205      1.94160475735484      h 
   37.27330622067925     70.98710173335870      3.90831309417944      h 
   39.97532342470650     69.09463532484371      3.11741718550038      h 
   37.48196319641551     73.17318572778430     -2.44341755652917      h 
   37.78586318278303     73.90236384836341      0.75587612513811      h 
   20.48239676757841     82.43602264088220     -7.19199380392876      n 
   22.29770216127579     82.97383727996929     -9.18066848847586      c 
   24.68711900526489     81.46736979306330     -8.51323646333556      c 
   25.68549614225676     81.64768898176010     -6.43606399148747      o 
   22.82584418839162     85.79913661577220     -9.30332110605055      c 
   24.54796875776560     86.49402704643811    -11.50329608777974      c 
   24.73084717510348     89.38936405695135    -11.72519034245727      c 
   22.82115670541096     90.69318484509331    -11.48540997339908      o 
   26.92352983308467     90.27047633263757    -12.12881807166090      o 
   20.90946441217070     83.20757432830732     -5.49880859714191      h 
   21.52562502251136     82.28826340175692    -10.96822547193355      h 
   21.04331295263897     86.81919615914713     -9.52079948805812      h 
   23.70556538861855     86.39457232383720     -7.53075255123397      h 
   26.44478894387866     85.72412119201796    -11.24589158423021      h 
   23.77886541950046     85.75795092234311    -13.27514753317253      h 
   25.41408314106317     79.83379282813476    -10.29007978063910      n 
   27.48480140303081     78.08812639454689     -9.96655330389670      c 
   29.42454458606177     78.45128799827870    -12.06435974629749      c 
   28.87501157778398     79.38416318002781    -14.12307897300802      o 
   26.53711247286023     75.34154989048471     -9.98748621133115      c 
   24.48824253143455     74.82939120078592     -8.00161847222989      c 
   23.44175911262703     72.15869447148958     -8.31279396491830      c 
   25.53471657871316     75.19684220935721     -5.33877513406377      c 
   24.64718847631510     79.92939605643674    -12.04068030360942      h 
   28.39836488797724     78.51345152284134     -8.16428793501066      h 
   25.79579585581588     74.91796960492974    -11.86885691422190      h 
   28.16867548484604     74.12538774606453     -9.64518919463773      h 
   22.94517081875362     76.17425374816749     -8.32229559070622      h 
   21.84777627084732     71.87099638484088     -7.04955712382652      h 
   22.81507212535928     71.85428874381337    -10.24705159420494      h 
   24.88937270471524     70.76953536193146     -7.87635125402025      h 
   24.20321605864168     74.46717317898354     -3.95611711432952      h 
   27.32481427149761     74.20275473779807     -5.15850884295368      h 
   25.84920861565367     77.19651796602146     -4.99599017444552      h 
   31.73360223642263     77.65915031571841    -11.44213882055325      n 
   33.88817958730880     78.02381933191914    -13.06113189463206      c 
   35.18384254455681     75.53777772385760    -13.72904177855262      c 
   34.87470191765232     73.56915466605652    -12.54476860929361      o 
   35.82457953559834     79.79471981883727    -11.79506910916769      c 
   34.59243026580545     82.20513608200019    -11.04963345836138      c 
   33.35303476192458     83.74286397170582    -12.72714219144640      n 
   34.30245066955447     83.34315164657681     -8.75315021718809      c 
   32.37680563352250     85.69218056403257    -11.38506707809024      c 
   32.93073523359640     85.50919307209082     -8.98832985661553      n 
   32.07085592680230     76.89053906605889     -9.68971989310350      h 
   33.20121663542383     78.89081091844348    -14.80962351878084      h 
   36.57581056884418     78.87077735388706    -10.11081701432144      h 
   37.36549931397279     80.13948882554024    -13.12098686383463      h 
   33.18035855452293     83.41173362192472    -14.59338922349007      h 
   35.02052726642108     82.74846822801872     -6.95912784139666      h 
   31.26856769261022     87.18330103149179    -12.20174517929966      h 
   36.69260819125146     75.72897914150732    -15.74074789457128      n 
   38.10723298975470     73.59654078786379    -16.71908881534328      c 
   39.77182403359510     72.52668202201282    -14.59217561068289      c 
   41.29264974972659     73.84779668196627    -13.45360081912817      o 
   39.76347242963539     74.42906499496974    -18.94323322623501      c 
   41.40089957361357     72.23310914002616    -19.82759149533372      c 
   38.18218110298239     75.38889717880168    -21.15587784327694      c 
   36.80702421283183     77.40995073919088    -16.64802239593591      h 
   36.77388040086984     72.12117167033973    -17.31375119199189      h 
   40.98586926732264     75.94785341626358    -18.24774641525602      h 
   42.41710265365523     72.80461518773501    -21.51353843266054      h 
   42.73568189872709     71.67294474123851    -18.37097167157183      h 
   40.21827205178847     70.61810691241722    -20.28794048293005      h 
   39.42794579778428     76.20811666888332    -22.56841447929943      h 
   37.17442848961424     73.82580055726507    -22.02383438472016      h 
   36.81821270418914     76.79865623345191    -20.55948898049776      h 
   39.50206368920691     70.04052580622985    -14.21674111790064      n 
   40.85170640552469     68.63698390516630    -12.31939476669878      c 
   39.39340014402735     68.21501833166452     -9.86671644601660      c 
   40.12164647154339     66.64763278962516     -8.32032890094333      o 
   38.07195459986319     69.11045428652773    -15.07995544914383      h 
   41.35497149537378     66.77165057470535    -13.06822030674561      h 
   42.57393092250412     69.67096570079372    -11.83705942163879      h 
   37.35635167675195     69.65099774638843     -9.51266246002332      n 
   35.85382662059213     69.34696994859530     -7.25503573415078      c 
   34.78332392533270     66.67722539343433     -7.16650868104196      c 
   34.05685041530318     65.57670083102211     -9.08274185118990      o 
   33.66438637726043     71.21209005541925     -7.20940775837571      c 
   34.47385523595629     73.96085214659450     -6.52627629180438      c 
   36.65155749984419     74.31987756541164     -5.72735282691475      o 
   32.78961063292856     75.60467855534836     -6.73652359683785      o 
   36.78097074447228     70.93032111791803    -10.81031319599788      h 
   37.07139610175237     69.62949288977384     -5.60185343281758      h 
   32.73348311660255     71.26523189847576     -9.04634342072825      h 
   32.27912990063103     70.61751442777417     -5.79539626646088      h 
   34.52149929987544     65.68919188175244     -4.86777505650942      n 
   33.26403894585342     63.31079563944225     -4.45334697224140      c 
   30.89268087672551     63.71100924858337     -2.84277284553006      c 
   30.66818287599887     65.53114264830654     -1.43549631384387      o 
   34.99864973581820     61.36664502061181     -3.15960187499365      c 
   35.33883617372372     62.11058014322082     -0.61128953160232      o 
   37.49304258841357     61.14329929237701     -4.58154572760742      c 
   35.35972334260924     66.55457893636624     -3.37548662748660      h 
   32.71929961087141     62.55550474145470     -6.29737162345185      h 
   33.99139261331827     59.54295264936366     -3.21714092230645      h 
   36.72775651149485     61.15118906299942      0.08093788270494      h 
   38.71201630886407     59.74846555348959     -3.69624029592655      h 
   37.13275400458440     60.57522463399127     -6.52123230843291      h 
   38.46444773420536     62.95603020016393     -4.62834837347319      h 
   29.12042910460665     61.92973221581744     -3.12241741207852      n 
   26.90440633692385     61.76463149720379     -1.52013999959106      c 
   26.67655846379340     59.02163958859457     -0.66442909772805      c 
   27.12575787515889     57.28958741594452     -2.14796443180495      o 
   24.49488501206571     62.59308588675938     -2.94509776629480      c 
   24.67184676189601     65.35008470620978     -3.82521231278910      c 
   22.17084558206451     62.14946071586674     -1.30284842568632      c 
   24.48469561900676     67.28593010723856     -1.70531268482701      c 
   29.44067860342298     60.46118310790604     -4.30902031599015      h 
   27.21021885785493     62.97735650980165      0.11674782699468      h 
   24.36792674972466     61.39058108430434     -4.62740264859454      h 
   26.46581222292129     65.59786953751565     -4.81330606213124      h 
   23.14941045860512     65.67508454123673     -5.18105325028517      h 
   20.50576559733500     62.92791824009974     -2.21930196187947      h 
   21.86014661684442     60.13826222237895     -1.01057242652490      h 
   22.42418614926877     63.03097771982871      0.53444714763442      h 
   24.90926956611855     69.15015682571092     -2.44830200885805      h 
   22.60168513665912     67.30919713481263     -0.89141544517616      h 
   25.83042302025601     66.84557528303466     -0.22636634952908      h 
   11.75089008284294     60.71983362701565    -11.91036492157656      n 
   12.55000116482708     63.24912768511633    -12.53910728344601      c 
   11.86652564473387     63.76390833725547    -15.28090367091738      c 
   11.83915207769888     62.06818669532399    -16.85356202399930      o 
   15.43305346662100     63.52135778283444    -12.10237970977816      c 
   16.21478082486009     66.29617555863985    -11.93846860501904      c 
   16.93736995557973     62.11362025439264    -14.11673163109843      c 
   18.94739732126812     66.60836100364556    -11.07681011633040      c 
   11.91636533039988     59.37196999886201    -13.26827895930373      h 
   11.54698080771649     64.56923710705180    -11.30668090688553      h 
   15.79666266063663     62.63998870019472    -10.26604365482372      h 
   15.97815893676157     67.17802456742001    -13.78636295898278      h 
   14.96499384969793     67.26410886306793    -10.61192152512374      h 
   18.91582561956650     62.06268793031658    -13.59129848285620      h 
   16.26096362870922     60.18367491755031    -14.29886125189884      h 
   16.76202743594840     63.05011554842700    -15.93811310618298      h 
   19.35097746717235     68.58424661086154    -10.69572259813281      h 
   19.28356722206846     65.54072452149589     -9.35389561732112      h 
   20.25685737554180     65.96767753531208    -12.52006707166517      h 
   13.16404531952110     69.99701382897670    -20.86350010372706      n 
   14.28529102289845     72.36358522057429    -21.67441857611191      c 
   12.11829114142206     74.07678240614497    -22.56864228840824      c 
   10.77134250723472     73.41983776268088    -24.33508465877767      o 
   16.08635337410379     71.80750608841356    -23.86260782596743      c 
   18.23954041071228     73.70609790054093    -24.21577114613731      c 
   19.61186779076637     73.11886067893394    -26.68555930672456      c 
   17.30806409217206     76.42920627862958    -24.22514945634663      c 
   12.97660191955339     68.63170696620637    -22.18406650977406      h 
   15.27555822712412     73.20502274134003    -20.06583703672376      h 
   16.92554349595446     69.95263776111619    -23.52048898114027      h 
   14.95298919477379     71.72285298521709    -25.58974048299052      h 
   19.57165780215121     73.48635684798701    -22.64625108588377      h 
   21.24101682921901     74.34948506404073    -26.91928642908805      h 
   20.28784945483107     71.18283589623636    -26.69440326347357      h 
   18.34748808234881     73.38748256510495    -28.28359935591337      h 
   18.81338123958690     77.69157144904526    -24.83576373897851      h 
   15.70799573246968     76.65593878448216    -25.49856405866722      h 
   16.74712874207784     77.00822777909997    -22.33881548462608      h 
   18.01211795778980     84.50134052207761    -26.74996761614436      n 
   20.61006331791355     85.33470979743160    -26.83081819728989      c 
   20.82973674492362     88.30757279706238    -26.52399040899830      c 
   23.02338692690612     89.10835281735274    -26.32126499086526      o 
   21.83899570155377     84.64017080817116    -29.35896641250231      c 
   21.98359467506219     81.79526750280237    -29.60936316103228      c 
   23.76406654889139     80.55091129539467    -28.83521284191237      o 
   19.98269005040012     80.73387887321537    -30.77224287642293      n 
   18.82187857732209     89.50928632836566    -26.53323405374600      o 
   16.85667835688933     85.64583930893025    -27.76233979895508      h 
   21.66046765803958     84.51421900139852    -25.24979109117425      h 
   20.74745136950896     85.48134200929195    -30.89199245617622      h 
   23.73717627095314     85.43948550340203    -29.34531152982651      h 
   19.88338239156384     78.83444577626031    -30.85254959954251      h 
   18.45487957135573     81.75806002623771    -31.24454169912743      h 
   44.25139409826492     56.56506223680133      8.88950105584658      n 
   41.51251095105636     56.73679094884010      9.02752438417327      c 
   40.54250145726217     54.00314074436986      8.95867464769745      c 
   41.35690999420497     52.62102519730345      7.27661995604271      o 
   40.56043301463861     58.18310620339204      6.70160772705917      c 
   37.76409180810226     58.85165467333196      6.85633612033896      c 
   35.94909079596504     56.54531795772933      6.83694263506334      c 
   34.25822950498667     56.50640027615700      8.45203634203783      o 
   36.30687323790142     54.88036377224524      5.17193758439280      o 
   44.84632602995828     55.38677426029229      7.50596216738414      h 
   41.02010690727716     57.69889324363636     10.78121856634580      h 
   41.65443528941513     59.92233812957118      6.51713486101047      h 
   40.89861853247436     56.98852001841501      5.05659666876086      h 
   37.33931029708268     59.92022780268374      8.56887400603722      h 
   37.20716355215264     60.03735621349263      5.25982290603342      h 
   48.37661234517144     79.48114532737102    -12.38149435313982      n 
   47.80043260664678     77.08472175656226    -13.58913253793256      c 
   50.15638292393744     75.40909269324990    -13.68735579945367      c 
   52.23203091512285     76.25186393459160    -14.36762554422690      o 
   46.77388175353567     77.54078766442082    -16.24183020921950      c 
   48.47798287458535     81.04297746316612    -13.46760087914587      h 
   46.35889414579153     76.16893245374905    -12.42333549858133      h 
   46.39979659443416     75.74836131299369    -17.17013931475438      h 
   45.01610159117570     78.59427034260695    -16.12350622662811      h 
   48.12277897769077     78.60425678968141    -17.37058775333619      h 
   49.91211676064842     72.98378488486070    -13.09768448270056      n 
   52.11195532929741     71.33369650275601    -13.28202820733453      c 
   52.86627068895591     71.06755583620506    -16.06260971607132      c 
   51.30374245087554     71.31264947136995    -17.76385654270178      o 
   51.21847593677779     68.81396917414781    -12.16478782818445      c 
   48.36442930994427     68.87063882998299    -12.59373482205188      c 
   47.68479205191093     71.64944959312878    -12.20117863284601      c 
   53.69118315571610     72.17072842869325    -12.24209803100761      h 
   52.11462897895500     67.20852684240438    -13.08747841810134      h 
   51.64294543760252     68.76433344849323    -10.15241515102142      h 
   47.94459548412947     68.31370714796022    -14.53031392165264      h 
   47.36473627362597     67.63576321174497    -11.29388158553903      h 
   46.00893361725333     72.21264306897845    -13.26030170892075      h 
   47.40636308124805     72.08443707558409    -10.19706569760764      h 
   49.28061366884889     61.85907823457872    -32.58550488677461      n 
   48.13422087714049     59.50252056390330    -33.37274401001283      c 
   47.77468038328026     59.42465968114352    -36.23629417125748      c 
   47.06466386272910     61.27662304328799    -37.44375992403755      o 
   45.55793080299785     59.11492767603053    -32.08761322529242      c 
   45.89681921441598     58.70208681170465    -29.25041270291925      c 
   43.40102459051246     58.40883842589911    -27.81687231458132      c 
   41.80663305902450     60.62914036177595    -27.99723350376016      n 
   42.32635650878120     62.82421552203510    -26.88642532674212      c 
   44.17690783991738     63.06947201208155    -25.23791671301220      n 
   40.85866055903461     64.83282558097829    -27.40013057514981      n 
   48.44677754558085     63.49629410171556    -33.13882354430725      h 
   49.41412938983811     57.98211689840943    -32.80368053268200      h 
   44.40249038516886     60.78490314871051    -32.45004656114664      h 
   44.62503990194136     57.49137521839091    -32.95529049490902      h 
   47.03217481000601     57.01197626708299    -28.92945476795432      h 
   46.93201867498993     60.30011940176719    -28.46850554443704      h 
   42.32485380721008     56.83632112933198    -28.59167012051878      h 
   43.84109802847538     58.02714685661285    -25.83736924466482      h 
   40.37002510595411     60.53960246421020    -29.25716366024497      h 
   45.12885665495151     61.54796824035863    -24.44283164284120      h 
   44.41617672308897     64.80011725088112    -24.44382675740829      h 
   39.61563484851938     64.81493784445688    -28.83658457640452      h 
   41.29058721797684     66.50919174493629    -26.60549267895601      h 
   47.80409973493570     72.10619073975326    -27.88020428504430      n 
   46.28940669483794     72.73132136441389    -25.67345476258749      c 
   45.84158495775121     75.57762205371411    -25.47498387931484      c 
   43.77462572787047     76.45363721865147    -24.97068280919705      o 
   47.48426774102123     71.72773691201320    -23.24246421983439      c 
   46.23683308122500     69.29593676701074    -22.35011980749135      c 
   44.63734661746425     68.17121962610412    -23.57836110814739      o 
   47.00465547858198     68.52783961559498    -20.06863884249297      n 
   49.02744533032278     70.64300431466009    -27.69129299225746      h 
   44.40105863090186     71.88656891662352    -25.89597028507990      h 
   49.48760921680573     71.35336345802162    -23.55811556698412      h 
   47.32673157516255     73.13189972600108    -21.74245856482949      h 
   46.34570612482479     66.88581451685963    -19.35793232800669      h 
   48.42114579375539     69.43699411743430    -19.16047174872934      h 
   46.77974907066113     71.69065383629675    -29.17271996041553      h 
   47.26980571954282     76.78114557246849    -25.76270033391080      h 
   13.21233392757656     66.45593882945764    -30.53773693676860      h 
   13.62542623921519     61.80640776457401    -24.71139154108776      h 
   16.40738763396598     56.25729433517230    -31.27565789372733      h 
   18.25676767043996     60.80410231214396    -37.08502281806290      h 
   29.14471928177715     64.08378118855674    -40.66283386799350      h 
   29.83066339849902     51.36225626683203    -17.29908998224905      h 
   32.67789241888436     50.17410560688115    -12.76235764061366      h 
   33.39071612619938     45.20547676122742     -8.21530822771938      h 
   25.96270709364949     49.14433929719505     -1.47102826735223      h 
   19.95222835973715     81.51538705536970    -17.44175348899157      h 
   17.23421036705168     77.96034642418309    -15.12131450433074      h 
   11.72908004833768     73.99955425427767    -11.64600623957273      h 
   26.71613536775938     67.54434089722601      5.76658383317530      h 
   37.66124564139434     66.71387610136536      7.18312289345162      h 
   18.95610327964584     83.03923281869670     -7.63823100807469      h 
   26.16002558859011     58.62508055769441      1.10954916808028      h 
   12.66498025444253     60.14588518958657    -10.59598890152612      h 
   11.42697882803959     65.51725339425961    -15.83194257251342      h 
   14.11324718923107     69.31252531165077    -19.62937966703256      h 
   11.80503596904372     75.73043104081985    -21.70935097948086      h 
   17.89918500806327     82.93142267980298    -27.39430145033066      h 
   44.90182086887105     58.10531824761329      8.57786278873737      h 
   39.29708617165447     53.40967143164844     10.25010761346775      h 
   47.18293399512292     79.83439106907203    -11.22265380545642      h 
   54.65917522910943     70.68731737735671    -16.52301843469238      h 
   49.31511474245890     61.93401133242197    -30.88675338071028      h 
   48.11998222410389     57.82955424634082    -37.18890608281241      h 
   0.5130516874446D-01   0.6693494072362D-01  -0.8969383062772D-01
   0.1083106602264D-01  -0.4508604803530D-03  -0.1209066791543D-01
  -0.2637274838877D-02  -0.9027946827866D-01   0.9319467832965D-02
  -0.5978722477344D-02   0.1891572397024D-01   0.1603552318322D-01
  -0.4123795912441D-02   0.4961372228026D-02  -0.2766464359692D-02
  -0.2827388178336D-03  -0.1375227430134D-02   0.1958309849273D-02
  -0.1996095305128D-02   0.3725059233133D-02  -0.9746807968733D-02
   0.3112148705041D-04   0.7067081304099D-03  -0.2709382261286D-03
  -0.5484928978316D-03  -0.5366363285790D-03   0.2062482578166D-03
  -0.4361250986512D-03  -0.6220427962912D-03   0.2996340731953D-03
   0.3997916606659D-01  -0.3618620799915D-01   0.1099118455235D+00
  -0.2768334681062D-02   0.1244782662563D-01   0.1144630626571D-01
   0.2338729306134D-01   0.7915579460170D-01  -0.2110230348555D-01
  -0.1543421783435D-02  -0.1132725209807D-01  -0.8273537488074D-02
   0.4639683648562D-03  -0.6939243972126D-02   0.1997429695489D-02
  -0.5900744436749D-02  -0.3312498816204D-02   0.4380777832675D-02
  -0.3800394695398D-02  -0.5793231462269D-02   0.1103414715260D-01
  -0.1277604394526D-02  -0.1460524443137D-02   0.1650861430852D-02
  -0.5092205738671D-03  -0.1131875951399D-02  -0.3302007378404D-03
  -0.7270767651439D-03   0.2255552227423D-03  -0.2133608818192D-03
   0.2882816424684D-02   0.5368898371093D-02  -0.4747591912709D-02
   0.9062237297414D-02  -0.5709483938791D-01  -0.1105925607801D+00
  -0.1406286111135D-02  -0.8200425860415D-02  -0.8330597092896D-03
  -0.1778782491970D-02  -0.4010154978310D-02   0.6056277013571D-02
   0.1422594236466D-02   0.1217350661486D-02  -0.2981438530093D-02
  -0.7749873426438D-02  -0.1554192296564D-02  -0.4874199078171D-02
  -0.6961191036693D-02  -0.3294297609727D-02  -0.2240839121352D-02
   0.5611034775591D-03   0.9752213967581D-02   0.5099404142502D-02
   0.4683855610424D-02   0.3048853251154D-02  -0.1186285819130D-02
  -0.1680062997013D-03  -0.5300098781831D-04   0.6384640232812D-03
  -0.4914721064065D-03  -0.7325034146625D-03  -0.1653780788018D-02
  -0.8978860753366D-03  -0.2966146918311D-03  -0.5278485316864D-03
  -0.7745602459240D-03  -0.1019082910845D-02   0.2896226936180D-03
  -0.4939201177221D-03   0.4177499176412D-03   0.6890732257534D-03
   0.7876365355753D-03  -0.1997050159167D-02  -0.1322855167697D-02
  -0.3256433918806D-03   0.2615862631183D-02  -0.3369935300185D-02
  -0.1248003861473D-02   0.3187955094817D-03   0.6139117579582D-03
   0.5218469956799D-04  -0.1721820000150D-03   0.6461980011880D-03
   0.7129006120571D-03   0.1547974807894D-03  -0.9301552071636D-03
  -0.1205023519937D-02   0.1034686675245D-02   0.3222750738169D-04
  -0.1184709614461D-02   0.4296080435623D-03   0.1189134625774D-02
  -0.2333662994701D-02  -0.5327442135245D-03   0.6850681595083D-03
   0.4610651426258D-03  -0.9351858977788D-03  -0.1710410920661D-02
   0.1266896213959D-02   0.5824906954352D-03  -0.7430789742345D-03
  -0.1531289783113D-03  -0.1960547470356D-03  -0.9177176989945D-03
  -0.1946306182560D-03   0.5684930417068D-04  -0.1434095552978D-02
   0.1272337037880D-02   0.7003247264605D-05   0.1752686005162D-04
   0.1390037435840D-02   0.9137627465340D-04  -0.1334825376462D-02
   0.2935646621195D-02   0.3085571833214D-03  -0.4760328992573D-05
  -0.3566917837839D-03  -0.1225477389003D-03  -0.2221625263824D-03
   0.1343450029193D-03   0.2756241052356D-03   0.7483870996589D-04
   0.5954490744915D-03   0.1825593071151D-03   0.8031345739842D-04
   0.4063455858731D-03  -0.5386308462609D-03  -0.7500979890528D-03
   0.1322036477247D-03  -0.3145021005806D-03  -0.2077802587305D-03
   0.4046516969806D-04  -0.2536613506669D-03  -0.8333576581506D-03
   0.3313933580140D-04   0.1031052040194D-03  -0.9687794159508D-04
  -0.5808082619684D-04   0.5472593322797D-04  -0.1570079764854D-03
   0.1058761619318D-03  -0.2414878391569D-04  -0.1333014373084D-03
  -0.8132944332958D-04  -0.9378849935021D-04  -0.3670830239601D-04
  -0.3076135911242D-02  -0.1623360869125D-02   0.1182735759609D-02
   0.9606617973361D-04   0.5658940006108D-04  -0.2503383675941D-03
   0.2741965126328D-02   0.2334666195683D-02   0.3806950474099D-02
  -0.5318211119661D-03  -0.1198934263129D-02  -0.2392637951848D-02
  -0.4155728227873D-03   0.3385258968918D-03   0.1795836051265D-03
  -0.1742731959593D-03   0.3868577828887D-03  -0.7097225763921D-05
  -0.1033991430121D-02   0.6051658242346D-03   0.7570503983180D-04
   0.1018829385836D-02   0.5594010111021D-03  -0.1806587095520D-03
   0.3368170712566D-03  -0.3633269423792D-03  -0.6023327051870D-03
   0.5064971897963D-04  -0.3661257616219D-03  -0.4661827329064D-03
  -0.5214451331266D-04  -0.2261544255718D-03   0.6476879542788D-04
  -0.4030274018620D-04  -0.4627082555034D-03  -0.4993890780668D-03
   0.4195729491814D-03  -0.1548427804611D-03  -0.9354922002260D-05
   0.2528797976737D-03   0.5107270239962D-03   0.5895740583223D-03
   0.3677420965072D-03   0.2935923638135D-03  -0.3498063756632D-03
   0.1094538767378D-02   0.4991025136019D-03   0.6919593481635D-03
  -0.2221763004211D-02  -0.1568787853571D-02  -0.9214699172733D-03
   0.5048439153617D-02   0.5734222086274D-02  -0.6002266304059D-02
  -0.1817909399217D-01  -0.8619017699056D-01  -0.1936026388939D-01
   0.1361683160637D-02   0.8054173564893D-02   0.2196727852209D-01
  -0.2960465470407D-02  -0.1099821490381D-02  -0.6676305758008D-03
   0.5382243955745D-02   0.5741512460162D-02   0.2426249967587D-02
  -0.1512552194859D-02  -0.3175633446768D-02  -0.2241080012970D-02
  -0.3894449100193D-02  -0.1025582795999D-03  -0.6798615104480D-03
   0.1793168957498D-04  -0.1655726324177D-02  -0.2508484404605D-03
  -0.1037988054748D-02   0.1682100712132D-02  -0.5283679242326D-03
   0.1749096761817D-02  -0.1362754742591D-03  -0.3206666831764D-03
   0.4265834137717D-03  -0.7473113802919D-03  -0.4384228499382D-03
   0.4301858123754D-03   0.3543488956152D-03   0.6167377437267D-03
  -0.5552569217987D-03  -0.7767870379142D-03  -0.3040224734194D-03
   0.1774372028292D-01   0.1065773661357D+00  -0.6353621640242D-01
   0.9452951563199D-02   0.1242154721501D-01  -0.3552166375640D-02
  -0.7313684294338D-01  -0.1291028849882D-01   0.4592426708063D-01
   0.6021671091091D-02  -0.9844301759753D-02   0.1258366265011D-02
  -0.4393509460514D-02  -0.1259951198722D-02  -0.7950051251865D-02
  -0.1565062677407D-02  -0.2775614639315D-02  -0.1425424517091D-02
  -0.4986675451894D-03   0.1457989729730D-03  -0.2951222108027D-03
  -0.3952655318645D-02   0.6583970552977D-02  -0.1190701481935D-01
  -0.1075691348300D-02   0.1019799380373D-02  -0.1237792173416D-02
   0.4113195002750D-03   0.8162265902392D-03   0.1394194908440D-02
  -0.4975051114806D-03  -0.5952187098210D-03  -0.7301271839932D-04
  -0.8644753800894D-03   0.7529972622254D-03   0.3595433760801D-03
  -0.6555109765875D-04   0.1763314808556D-03  -0.3529059382593D-03
   0.2394464817110D-03  -0.3789099741595D-04   0.4659100426588D-03
  -0.3861692934013D-03  -0.2100145194496D-03  -0.8365271276411D-04
  -0.6257578297237D-04  -0.1459389994492D-02  -0.8886049795565D-03
  -0.1763389426719D-01  -0.6084245924112D-02   0.1264410105886D+00
  -0.4543712453704D-02   0.4096825637993D-02   0.3798446184033D-02
   0.1376785495159D-03   0.9711374238669D-02  -0.1507321964687D-03
   0.1756031964034D-02  -0.4103916378035D-02  -0.3504196837700D-02
  -0.6501577008035D-02  -0.4418113214067D-02  -0.1796708488445D-02
  -0.8088053834431D-03  -0.1680557741411D-02  -0.1074052477342D-02
  -0.1218170474554D-04   0.8321955263030D-03  -0.2567749353816D-02
   0.4816555619692D-03   0.1650146855544D-03  -0.5001034018410D-03
   0.1035659222924D-02   0.7096356086162D-03  -0.2362264936501D-02
  -0.5458455812400D-02  -0.4238615358452D-02   0.8567174992858D-02
   0.2496874042103D-03   0.1217338523505D-02   0.1508180520024D-02
  -0.2346168948519D-03   0.1527545402592D-03  -0.6581370792127D-03
   0.4433822441381D-03  -0.8525099165489D-03   0.1650424256354D-02
   0.4774189662412D-03   0.2056882106782D-03  -0.1151365159923D-02
  -0.7448612405845D-03   0.2140441642816D-03   0.5955595597323D-03
  -0.1536276866084D-02  -0.6421625118288D-03   0.3445573663444D-03
  -0.7427422816274D-03   0.1139923634518D-03  -0.4188931587895D-03
   0.3735573555544D-03  -0.3641253762866D-03  -0.4667804749636D-03
  -0.1542626010256D-03   0.1901701017789D-03   0.2525219284335D-03
   0.2569954313014D-03  -0.2208081524734D-03  -0.3120371476778D-04
  -0.1529488874256D-02  -0.5943987645900D-03   0.2752935915208D-02
  -0.9199742678166D-03   0.6007306608855D-03   0.1036131428297D-02
  -0.1869627784301D-03  -0.3875727097884D-02  -0.6788285364307D-05
   0.9945352350795D-03  -0.8676469386243D-03  -0.8652889945474D-03
  -0.2023036638750D-03  -0.9904569497024D-03   0.4433859051510D-03
   0.2631541345318D-03  -0.1088028124400D-02  -0.1286288134437D-02
   0.1530930053468D-03  -0.3338572249930D-03   0.2159045655119D-03
  -0.6130737329486D-03  -0.4191940934361D-03   0.3411185399921D-03
  -0.1697057173662D-02   0.7537630872380D-04   0.7078943531194D-03
  -0.5785742927638D-03  -0.5499360458693D-03   0.1643046429953D-03
  -0.2053727581155D-04   0.9484547322058D-03   0.1793256429813D-03
   0.3925711511045D-03   0.1010757320173D-02  -0.9048160970466D-03
  -0.5132073547359D-03  -0.8880846723114D-04  -0.6825560131677D-03
   0.5511812582787D-03   0.4510590920182D-03  -0.2642825215417D-03
   0.1732823925935D-03  -0.2856601522242D-03  -0.6764572216073D-04
   0.7201704701636D-03  -0.1799719821448D-04   0.3018391367078D-03
   0.2302907321631D-03   0.1624806002579D-02  -0.1071905810482D-02
  -0.2341256551268D-03   0.1237222602278D-03   0.7389722729874D-04
   0.4939028461175D-03  -0.9575684228883D-04  -0.2827025639173D-04
  -0.3191658376225D-03  -0.3429986967722D-03  -0.1560081329494D-05
  -0.3353185159877D-04   0.1913264363184D-03  -0.4485926684031D-04
   0.3824150842923D-03  -0.8989565621915D-03   0.6349461909450D-03
   0.5084666515916D-03  -0.3014456374188D-04   0.2102217022591D-03
   0.6565724407465D-03   0.1043602938297D-03  -0.3869110155354D-03
   0.3447235133673D-03  -0.3565353647954D-04  -0.9140240129107D-03
  -0.3305492751953D-03   0.2675786647512D-03   0.6507074207856D-04
  -0.2064289471858D-03  -0.1320475383163D-03  -0.2452402907393D-03
  -0.1517781095685D-03  -0.1278337658801D-03   0.2634398140001D-04
  -0.3925389272823D-03  -0.8182969534114D-03  -0.7788474113994D-03
  -0.1711661853724D-03   0.3818496097328D-03   0.3645153385242D-03
   0.1333836220614D-03  -0.1204131935494D-03  -0.9483389083086D-04
  -0.2113150445688D-03  -0.2581869741767D-04  -0.2166657060495D-04
  -0.2445981790457D-04  -0.1203013104405D-04   0.2967369041814D-04
   0.1601247126140D-03   0.4503464488406D-04  -0.3816562920551D-04
  -0.1064651029469D-03  -0.7027196844803D-04   0.3078432163852D-05
  -0.6902359667215D-04  -0.3771956029599D-04   0.2901286919913D-04
   0.4220161310974D-03   0.5825984224148D-03   0.2372662401463D-03
  -0.1653391670886D-04   0.2267460234065D-03   0.7503861331456D-03
   0.5288526941235D-03   0.2061458194562D-03   0.5134591145702D-03
   0.4475666342169D-03   0.2065238654073D-03   0.1729336629332D-03
   0.6923279394681D-03  -0.3156715450773D-03   0.2859322606767D-03
   0.3866086207319D-03  -0.1009957475835D-03   0.5426028142294D-04
   0.5254531604259D-04  -0.2096282633313D-03   0.9442365696754D-05
  -0.4395046064275D-03   0.2578517650328D-03  -0.3252239083642D-03
  -0.9591430462701D-04   0.3602695462961D-04   0.7374146457820D-04
   0.8431250935080D-04  -0.9761918458281D-05   0.1662066218444D-04
  -0.1149355882464D-03   0.8520113883441D-04   0.2897395371491D-03
   0.3468467356756D-04   0.9632021450124D-05  -0.1019896923955D-05
   0.2031800241726D-04   0.4775148705759D-04  -0.6758382867866D-05
  -0.3774266848113D-04  -0.1745005299952D-04   0.7253901364316D-05
  -0.5944854795494D-04  -0.6852355925065D-04  -0.7081503263493D-05
  -0.1925405852855D-04  -0.1108226376183D-03   0.1070344090212D-03
   0.8201039173516D-04   0.7197091538001D-04  -0.3318520648522D-04
   0.1645109243428D-03   0.1084326192930D-03  -0.6219370792622D-04
   0.1589675367215D-03   0.8979763757330D-04  -0.5938118605126D-04
   0.7467585280118D-03  -0.1541073407985D-03  -0.2936958038065D-03
   0.8317686740319D-03  -0.3670247766820D-03   0.1334287181623D-03
   0.2265478161576D-03  -0.1538275115840D-03  -0.1323225513960D-03
   0.4202501811151D-03  -0.5287657757757D-03  -0.3906148382108D-03
   0.1298147816888D-04  -0.1224005804052D-03   0.7392854702245D-03
  -0.2260945230805D-03   0.1821368907899D-03   0.7049455442413D-03
  -0.4903596962978D-03   0.7076788602614D-04  -0.1876878352560D-03
  -0.5120171287608D-03   0.3067772346944D-03   0.6361806774026D-03
   0.1552235709889D-03  -0.2783911881390D-03   0.2357900570056D-04
   0.2327659939372D-04   0.5067208957481D-04   0.4919391655255D-04
   0.4507799961135D-04  -0.1799818585212D-03   0.2969172924003D-04
   0.8658984204935D-04  -0.2488020275594D-04   0.6285008777791D-04
   0.1135457372546D-04  -0.2834874255724D-04  -0.4926423738783D-04
   0.1719731050284D-05  -0.1595696313790D-04  -0.5981732358678D-04
   0.3591867111122D-04   0.1490568518241D-03   0.2614279208256D-04
   0.1041215539973D-03  -0.5622385254135D-04  -0.1889379158529D-04
  -0.1981616809221D-03   0.4974605979584D-04  -0.7823247833158D-04
  -0.6676035532727D-04   0.1068535362073D-03  -0.1580734129131D-04
  -0.2240872477997D-03   0.1491595741014D-03  -0.8133160765353D-04
  -0.3787969126882D-03   0.5517935045430D-04   0.4476122478633D-05
  -0.2869936729069D-03   0.2252316453115D-03   0.4646368705098D-03
   0.7479626224396D-05  -0.1074922121710D-03  -0.3801404669572D-04
  -0.5067053767006D-03  -0.2656106005594D-03  -0.1525103942517D-03
  -0.3506597523674D-03   0.9832492752454D-04   0.7708545812988D-04
  -0.1195670006176D-03   0.1630957885371D-03  -0.4030687421633D-03
  -0.1144248716281D-04   0.4960967163404D-03  -0.1018076420010D-03
  -0.1865047298188D-03   0.6071676172918D-03  -0.4329148602260D-03
  -0.5141755810682D-03   0.1832383492373D-03  -0.1863718650546D-04
  -0.3118746449536D-04   0.6203111417790D-04   0.1674428195178D-03
  -0.2908377547414D-04   0.3050721975523D-04   0.7525935423674D-04
  -0.5766863660008D-04   0.3624468748918D-04  -0.1197475068920D-03
   0.2008977512397D-03   0.8667401558819D-04   0.7858783277331D-04
  -0.4180948674929D-04   0.4674360447986D-04   0.1618194961673D-04
  -0.9380410165278D-04  -0.5143717733065D-04  -0.1283533793711D-03
   0.2694374728361D-03  -0.2628159328749D-04   0.7141205695846D-04
   0.1443347812127D-03   0.1565096467759D-03   0.1509955341660D-03
   0.5415779408759D-03  -0.5762691484338D-04  -0.3256426937201D-03
  -0.2870693191649D-04   0.2498786454669D-03  -0.9571526683857D-04
  -0.7753058232356D-04   0.2543236469996D-03   0.2885959884092D-03
  -0.5329958641359D-03   0.6758606339797D-03   0.3477851543424D-03
  -0.1274463245098D-03  -0.9209759671553D-04   0.7570937122291D-04
  -0.2879665842170D-04  -0.1467622589701D-03   0.2051325536698D-03
   0.5640670169143D-03   0.9202775975426D-04   0.3792790943156D-03
   0.1946375507892D-04  -0.1697892461330D-03  -0.2463920197715D-03
   0.2014354419306D-03   0.1477086886683D-03   0.5014191534021D-04
   0.6260964469827D-04  -0.1302951987940D-03  -0.8201361832175D-04
  -0.7074112645319D-05   0.4926729621896D-04   0.1266510113723D-04
   0.1723784264791D-03  -0.4778854985372D-04   0.1459992429152D-03
  -0.2037896914791D-03   0.4768359926080D-04   0.1154203814593D-03
  -0.1384121486371D-03  -0.1660967983404D-03  -0.1845793185454D-03
   0.1264546331763D-02   0.1684996596114D-02  -0.6411450808150D-03
   0.8729001218043D-02  -0.1843032984121D-02  -0.1105405108837D-01
  -0.8439521607310D-01   0.1832887962567D-01  -0.2533746190795D-01
   0.1743990862386D-03  -0.8697426980600D-03   0.1765772064574D-01
  -0.9259891992227D-03  -0.7590704158643D-03   0.4413939677909D-04
   0.1992515073935D-02  -0.5603300547614D-03  -0.3968252310403D-03
   0.8918121749960D-03   0.2680990158668D-03   0.5949314325127D-03
   0.9190930738828D-01  -0.7171812181245D-02  -0.8831533620332D-01
   0.4189037473146D-02  -0.2394195657018D-02  -0.1426991858038D-01
  -0.5913316618604D-01  -0.6521607649480D-01  -0.2343598169148D-01
  -0.3900057313292D-02   0.9398819230757D-02   0.1775329809591D-01
  -0.1001995871436D-03   0.1116739771596D-01  -0.1726704115968D-02
   0.1320344775311D-02   0.4417377319979D-03  -0.1068088326265D-02
  -0.1331945746656D-03  -0.4297714168461D-04  -0.2146344800897D-03
   0.2441050279070D-03   0.1527984093094D-03   0.1502695871787D-02
  -0.5056940112264D-03   0.7094786319717D-03   0.3598545282482D-03
   0.5283637663395D-03   0.2331991728996D-03   0.1139335158817D-04
   0.1228478745404D-02  -0.9671510277303D-03  -0.1206886903995D-02
  -0.2954964910394D-02   0.1128163862382D-02   0.8736653171638D-03
   0.7024010315009D-02   0.4963347865657D-02  -0.3622068849750D-02
   0.6101399382648D-03  -0.8536528320549D-03  -0.6575402251442D-03
   0.2828860149187D-03   0.9169470894112D-03  -0.5995331809302D-03
  -0.1950341517193D-02   0.1583939833362D-02  -0.1011936504720D-02
  -0.1114467424146D-02   0.2512465114557D-04  -0.2277285809136D-03
  -0.4871820453306D-03   0.9170613358314D-04  -0.7312582425152D-03
  -0.7232464217032D-04  -0.2435224251310D-03   0.4920314798625D-05
  -0.1360897615174D-03  -0.8572655819518D-04  -0.9616966250318D-04
   0.2288818698976D-02  -0.2069844957962D-03   0.3938027349283D-03
  -0.1241109820337D+00   0.1788499157680D-01  -0.9346345500576D-02
  -0.7995055008330D-02  -0.3018715072772D-02  -0.1017287074028D-01
   0.2647121671447D-02  -0.3896066836894D-02  -0.1138704399770D-02
  -0.1886274813296D-03   0.3424441474834D-02   0.4045241170376D-03
  -0.2400313669180D-02  -0.2805342608663D-02   0.4436837767066D-02
   0.6715759664345D-03  -0.1458439216144D-02  -0.8574128690368D-03
  -0.1118191400923D-02   0.4942097719956D-03   0.8493213671829D-03
   0.1250070661568D-02   0.1382057215428D-02  -0.8898703535888D-04
  -0.1092528734552D-02   0.2184809476939D-03   0.6907394496022D-03
  -0.6878448460386D-02  -0.1416754858850D-02   0.7251984918605D-02
  -0.3804365326368D-03  -0.8328080978560D-03  -0.5898320436261D-03
   0.1154243309585D-02  -0.1386969755687D-02   0.3558800927614D-03
   0.1995153593829D-03  -0.1173627372990D-02  -0.2421035841966D-03
  -0.2980695413458D-05  -0.1132803083231D-03   0.1268185251651D-03
  -0.1193233687335D-03  -0.4145664336695D-03   0.2440297985306D-03
  -0.1160415811462D-03  -0.6465419436090D-03   0.9564015119650D-05
   0.2085827301044D-03  -0.3151873629526D-03   0.4807358204864D-03
  -0.7690393048114D-04  -0.3925022816758D-03   0.2276029238740D-03
   0.1405917535337D-03  -0.1712516142691D-03  -0.2747905933092D-03
   0.1293383050736D-02   0.7633704698850D-04  -0.1981993777033D-03
   0.3356819701127D-03  -0.3522679459079D-03  -0.1420963246329D-04
   0.5495310430312D-03  -0.1563391260413D-03   0.7280120880577D-03
   0.2011496429252D-03   0.3454559364946D-02   0.9162979182701D-03
   0.1161615343490D-02   0.2160874199409D-02  -0.5045654868298D-02
   0.6299280681773D-01   0.4207807911917D-01   0.5094975470397D-01
  -0.1519656149210D-01  -0.1749707494103D-01   0.3690602459401D-02
  -0.2804567614181D-03   0.6733192151742D-03   0.5900565505467D-03
  -0.1383526674911D-02   0.1530882931709D-02  -0.3915597252707D-02
   0.6604866577180D-03  -0.2200308258476D-03   0.1349631957488D-02
   0.7956052897813D-03  -0.2315762159758D-02   0.2654959544315D-02
   0.1465302013556D-03  -0.7731379808824D-03   0.1876915163197D-03
  -0.3215742804612D-03  -0.5070907406606D-03   0.9895073229506D-03
  -0.1036613384750D-02   0.1454880077800D-02  -0.5979825968474D-03
   0.3416390875284D-03  -0.9835395333747D-03  -0.2050760125091D-02
  -0.6323911063047D-03   0.3882868034779D-03  -0.2129720850892D-02
  -0.1418540070533D-03   0.4092235267518D-03   0.4440052177666D-03
  -0.1039141773710D+00   0.5752065307303D-01  -0.3565823697767D-01
  -0.4782979900708D-02   0.2889705558698D-02  -0.1215147995485D-01
   0.6146155820802D-02  -0.6444314781447D-02  -0.7079259061093D-03
  -0.2941513905665D-02   0.2196453122358D-02  -0.5140490078859D-03
  -0.5737512002484D-02  -0.6450347674823D-03   0.6362710463730D-02
   0.4469087289397D-02   0.2949629556119D-02  -0.3712532926141D-02
  -0.3760882486160D-01  -0.8504178357622D-02   0.6093106952330D-02
   0.2069722036773D-01  -0.5677786149908D-02  -0.1741673339710D-02
   0.1062760586815D-01   0.7846710979431D-02   0.8213231700885D-04
  -0.1122714807501D-01  -0.1296198059989D-02   0.2751206422620D-03
   0.4252093336964D-04  -0.1047235484472D-02  -0.1305554614303D-03
  -0.3537578745281D-03  -0.1613162602619D-02   0.5468099644501D-03
  -0.5349361226590D-03  -0.7961696135936D-03   0.5398149815337D-03
  -0.6190871124244D-03  -0.2912730221181D-03   0.1460079666516D-03
   0.5748049222390D-03  -0.3591059916660D-03   0.6515210427816D-03
  -0.1050042710831D-02   0.2538004588741D-02   0.2412520554811D-02
   0.2805788123660D-03   0.4998137010255D-04   0.6412570602711D-03
  -0.4994226548256D-03   0.1868557089592D-03  -0.2503730222363D-02
  -0.2192567524858D-03  -0.7203965276857D-04   0.1796966245018D-02
   0.1982144418481D-03   0.5661661509498D-03  -0.1908255610248D-03
   0.5926612755202D-03   0.1601572026362D-04   0.1379415942579D-03
   0.2014129114256D-03   0.4427004705349D-03   0.1039089599650D-02
  -0.1394797575937D-03  -0.8326859293775D-03   0.2488448730578D-03
  -0.1137239597260D-02  -0.2399479923262D-03  -0.1841196607562D-02
   0.4387171944073D-03  -0.1208219434258D-04   0.1964431663277D-03
  -0.1444255325009D-03  -0.2154800032417D-03   0.2841379006028D-03
  -0.3426235170384D-03   0.1778436161284D-03   0.6511304180632D-04
  -0.8203605083059D-03  -0.2602272133340D-03  -0.1144006111342D-02
  -0.4078104704227D-03  -0.1871921671621D-03   0.1387836306016D-03
  -0.1353702269831D-03   0.2118058818964D-03   0.3188334555833D-04
  -0.3693682433535D-03   0.2066245622156D-03  -0.3148907795037D-03
  -0.2152837737301D-04  -0.8790878975765D-03   0.2274503296619D-03
  -0.2180909618454D-03   0.5269781614766D-03  -0.3604553977309D-03
   0.1154957761287D-02   0.2231148005968D-03  -0.1933753255865D-03
  -0.2654936950630D-03   0.2304621722312D-03   0.2205570623621D-03
   0.3873426808872D-03   0.1564988797688D-03  -0.1566491098840D-03
   0.3792691237704D-03   0.1845080727597D-03   0.2812956979066D-03
   0.3724385369328D-04   0.1040682400633D-03   0.9377456880398D-03
  -0.1349985306997D-03   0.1276541331387D-03  -0.1459398320915D-03
   0.2513829502142D-03   0.7888788024728D-04  -0.4998148988294D-04
   0.4061896117775D-05   0.2343279480396D-03  -0.3569755329343D-03
   0.2129412128432D-03  -0.4072879194108D-03   0.5503817513279D-04
  -0.2259462528818D-03   0.2335088119412D-03  -0.8623657669861D-03
  -0.9654062650067D-04  -0.2103586621412D-03  -0.3710498140841D-03
   0.1271057559788D-04   0.7676819312620D-05   0.1656265031828D-03
  -0.1031962779042D-03  -0.1028230795927D-03   0.4500458294302D-04
  -0.1974738307714D-03  -0.7060121889161D-04   0.4962265549951D-04
  -0.1119477911225D-03  -0.2193922071234D-04   0.3105911846821D-04
  -0.1208998820341D-03   0.2665974772327D-04  -0.7600599999590D-04
  -0.6970717858444D-04   0.5725504942634D-04  -0.6959295405577D-04
   0.4799063209899D-04   0.1070094979960D-04  -0.3248963871950D-03
   0.3722894542974D-03   0.1658002302365D-03  -0.9223590484180D-04
   0.9864485319224D-04   0.1561710142351D-03  -0.6844372342872D-03
   0.3097233219964D-03   0.4951491848618D-03   0.6779668312520D-04
  -0.4436037267948D-03  -0.2156130055463D-04   0.2482794785515D-03
  -0.4573924243172D-03  -0.5188129754040D-03   0.4330239692599D-03
  -0.3115040299223D-03  -0.1897363000194D-04  -0.1536508001982D-04
  -0.7105767314607D-03  -0.2976739105239D-03   0.3940603035695D-03
   0.1503108900112D-04  -0.1339940664370D-03  -0.3141114383039D-04
  -0.1544149639853D-03  -0.7417397675574D-04   0.2605291562757D-03
   0.7976686241412D-04  -0.4109370493070D-04  -0.1273061211375D-03
  -0.1456726296419D-03   0.5447691728301D-04  -0.3472302663849D-04
  -0.1177761523221D-03   0.1498008773143D-03   0.4530748477840D-04
  -0.2312988665552D-03   0.1146143786178D-03   0.5951769434654D-04
  -0.9432678009045D-04   0.2908878739340D-04  -0.1737414918795D-03
   0.1135234972764D-03  -0.4447400608632D-04  -0.5047379147734D-04
   0.1734388192262D-03  -0.3546219861572D-04   0.2087619448341D-03
   0.2377494366278D-03  -0.1886974151329D-03   0.5419939445633D-04
  -0.1441426198895D-03   0.1143735531975D-03   0.4481507709560D-03
   0.1500770307217D-03   0.4111340117840D-03   0.2164434113494D-03
   0.5042649238647D-03   0.8771586548589D-04  -0.7711143313097D-04
   0.5277900749322D-04  -0.1103645589289D-03   0.4942899826835D-04
  -0.2654736985897D-03  -0.3701351407795D-04   0.1178869808639D-03
   0.3159220295611D-05  -0.4057233954467D-04  -0.2896548014074D-04
  -0.4492527162825D-03   0.4524482461167D-03   0.4037462348758D-03
   0.3866111123744D-03   0.3349249896896D-03  -0.1115509568024D-02
   0.7270822520805D-03  -0.5652750624470D-03  -0.3137752866529D-03
  -0.2386142710961D-03  -0.1416607837824D-03  -0.2480533224785D-04
   0.2111108092342D-03   0.5662045637465D-03  -0.1153443064830D-02
  -0.1169901891607D-03  -0.5532656174892D-04  -0.4235794693301D-03
   0.1823678038295D-03   0.6625861239758D-04  -0.1371711799276D-02
  -0.3650260349627D-03   0.7411338822865D-03   0.9446462262681D-03
   0.5738152849567D-04   0.1237692702857D-03   0.2412191852836D-03
   0.1468625525437D-03  -0.3345977879662D-04  -0.6097352039437D-04
   0.1178349883819D-04  -0.1795973251492D-03  -0.9557191298155D-05
  -0.1658350665585D-03   0.3178199523387D-04  -0.5061247754621D-04
   0.1128842842709D-02  -0.1045022956180D-02  -0.7176137880166D-04
   0.4846336790396D-03   0.7615353598475D-04  -0.2671484523151D-03
  -0.2021072019826D-03   0.2931917232340D-03   0.3698079436522D-03
  -0.3124576216336D-03   0.7903276076172D-03   0.4714762333621D-05
   0.4211041699992D-04   0.1517376026245D-03  -0.1985681608837D-03
  -0.1421631453067D-03  -0.1889394254689D-03   0.9525150374406D-03
  -0.6149553637701D-03   0.4088044850725D-03  -0.1070845049542D-03
   0.1684263093543D-03  -0.8861591607357D-04  -0.3432253396372D-04
   0.1072142710049D-03   0.3428654645306D-04  -0.6586403065523D-04
   0.1582528952547D-04   0.6236582464002D-04  -0.3555495750288D-04
  -0.2112740733077D-03  -0.2829940739959D-03   0.8439762424800D-04
  -0.2588935668106D-04   0.1014892751985D-03   0.1361627496506D-03
   0.5638064064083D-04   0.1117646745053D-03   0.1108975523350D-03
   0.2249152935195D-04   0.1236599875462D-03   0.1789577180841D-03
  -0.3923438375403D-02  -0.2656930655866D-02  -0.1572914740830D-02
  -0.3976052691503D-02   0.6516388696576D-02  -0.5339869300592D-02
  -0.2427793120422D-01   0.1289501528944D-02   0.9315018063449D-01
   0.3324330893035D-02  -0.1948669422091D-01  -0.1797591587579D-01
   0.3359061411342D-02   0.1921324874294D-02   0.1667972391826D-02
  -0.1932319084787D-03   0.2076989938891D-02   0.7389645195687D-03
   0.1026964182402D-02   0.2118299478940D-02  -0.2123300123677D-02
   0.2022683787093D-02   0.1292192309458D-02   0.1311024598207D-03
  -0.4972529214177D-03   0.4069803543574D-03   0.3119315198858D-02
  -0.4042686385247D-03  -0.1387375359351D-02  -0.1457651521593D-02
  -0.2750196784471D-03  -0.5799589987235D-03   0.3352808487781D-03
   0.1930711434028D-03  -0.1029982303793D-02   0.1174172677223D-02
  -0.9500598142887D-03  -0.6263834104575D-03   0.1606324855511D-03
  -0.6489809011297D-03  -0.6323106527611D-03  -0.8689055417595D-03
  -0.1869098384958D-03   0.2508632058675D-03   0.3874177509616D-03
   0.1689368037048D-02  -0.2951060926980D-03   0.5855325065742D-03
  -0.1058820440946D-03  -0.5531508604590D-03  -0.3628946309978D-03
   0.4335293389756D-03  -0.6778290998216D-03   0.5763840109343D-03
  -0.1614846719296D-02  -0.1742566015745D-02  -0.2177878717827D-03
   0.7695275391448D-01  -0.2911469355269D-01   0.9049598551823D-01
   0.2037178754285D-02   0.5302477964568D-02   0.1625332285577D-01
  -0.1876837763019D-01   0.8496495996027D-01  -0.9358822842639D-02
   0.6608054098249D-03  -0.1108838643861D-01  -0.1121318499028D-01
  -0.3341618765055D-02  -0.6171911318884D-02   0.2104618777757D-02
  -0.5289532036955D-03  -0.3613073818085D-03   0.2158261703005D-03
   0.3198844758928D-04  -0.6694417890866D-03  -0.1290312744751D-02
   0.4724302476025D-03  -0.9550977946643D-03  -0.9305559510237D-03
   0.1210284937407D-02  -0.1188980422078D-01   0.9795448653993D-02
   0.1049741739156D-02  -0.1233551562290D-02  -0.3284256955192D-04
  -0.1549696670494D-02  -0.5514068338622D-03  -0.1068830875159D-02
   0.3616830014343D-03   0.1239589817956D-03   0.5498540267913D-04
  -0.3723163183538D-03  -0.1226933781195D-03  -0.7254774128525D-03
  -0.2419268967033D-03   0.3925636269948D-03  -0.6830306665699D-04
  -0.2425871829661D-03   0.2753519478466D-03   0.1381830160605D-02
  -0.4471768531184D-04   0.7530821715541D-03   0.5017546457674D-03
  -0.7209741038967D-03  -0.2387434403203D-03   0.1409635442799D-03
   0.2368437732539D-04   0.1131168196891D-03   0.1411132558013D-03
  -0.2892523777817D-03  -0.1563645865133D-03  -0.4224383412249D-04
   0.8045686846382D-01  -0.4653402765688D-01   0.7448867085386D-01
   0.5984059935586D-02   0.6006345570768D-04   0.5963589325742D-02
  -0.3590772655004D-02   0.7934877049830D-01   0.5641716413425D-01
  -0.1229924890754D-01  -0.8421142334590D-02  -0.1697662362987D-01
  -0.7059029406189D-02  -0.7242338505192D-02   0.6288228103828D-02
  -0.1146928797101D-02   0.7291911231537D-03   0.1379606592124D-02
  -0.3348888999778D-03  -0.7707488377406D-03  -0.4796346216765D-03
   0.7259956306364D-03  -0.1569074099253D-02   0.1083035289132D-03
   0.3729081286585D-02  -0.7581611132098D-02   0.9383418722704D-02
   0.7079063625677D-03  -0.1359646742134D-02   0.1695097774905D-02
  -0.2478723021594D-03   0.4874555870252D-04   0.2670386584526D-03
  -0.5521363964044D-03   0.1012799901600D-02  -0.1807134075274D-03
  -0.5151592560838D-03  -0.5186268722851D-05   0.3964228889719D-03
  -0.3496734306624D-03   0.1440035350724D-03   0.5260008988221D-03
  -0.2606809256079D-03  -0.1311657028861D-03   0.4575323122633D-03
  -0.2235025767648D-03   0.3918288953598D-04   0.1750358085029D-04
  -0.1368737042543D-03  -0.3197552799701D-03   0.4331296282967D-03
  -0.5594569712534D-03  -0.1296613569340D-04  -0.2785741013543D-03
   0.1756912552604D-02  -0.1006653771863D-02  -0.2903543097168D-03
  -0.2198401384281D-02  -0.1177931380429D+00  -0.5456691053104D-01
   0.8576758001623D-02  -0.1045234623858D-01   0.2346559949130D-02
   0.4428777843452D-02   0.1179935245460D-01  -0.1178231953051D-02
  -0.5644446139397D-02  -0.5029450812070D-02  -0.1009134734285D-02
  -0.8529007263557D-02   0.2529918310150D-02   0.3113751325964D-02
  -0.3429623042478D-02  -0.5959771277180D-02   0.1667221151945D-02
   0.2858879906265D-04   0.2408627156757D-02   0.3635481783314D-03
   0.1202958376895D-02   0.2745203726597D-02  -0.8466975397629D-03
   0.1331880987119D-02  -0.4715936169475D-02   0.2016481855731D-02
  -0.3988706787187D-02  -0.8574308322384D-02  -0.3208231222782D-02
  -0.1019901710989D-02   0.3206404010146D-02   0.1029367713240D-03
   0.1294276921426D-03  -0.5133713824450D-03   0.3106502704713D-04
  -0.1295499878106D-02   0.2437302373615D-03   0.1646538815560D-02
   0.2383325078715D-03   0.8382492076661D-03   0.4556013993360D-03
  -0.1294725482547D-03  -0.2411651012925D-04   0.1760038303372D-02
   0.3935163907023D-01   0.1174259761953D+00  -0.3133211897392D-01
  -0.3784342708912D-02   0.1350086907990D-01   0.2349169949722D-02
  -0.6308231125721D-01  -0.1874842760399D-01   0.7882341786043D-01
   0.1498636666188D-01  -0.1142000457577D-01  -0.2303704021860D-01
   0.1168288975561D-01  -0.9703724372463D-03   0.1373881142963D-02
   0.4013598481281D-02   0.5215156483630D-03   0.5950649060838D-03
  -0.2937031668413D-02  -0.7611441350517D-02  -0.5533842218038D-02
  -0.2053387147696D-02   0.4155822006103D-02   0.3023153905114D-02
   0.3457333936460D-02   0.4340490119047D-02   0.4929318099702D-04
   0.5287459525977D-02   0.5408388311007D-02   0.1053234367213D-02
   0.3274955191810D-02   0.5018501993120D-03  -0.7597322841619D-03
  -0.2054933518803D-03  -0.4640477703451D-03  -0.1418410107288D-03
  -0.1060026387475D-02  -0.3497803369517D-03   0.9155986425147D-03
  -0.1001041435583D-02   0.1624220242211D-03   0.3062099902692D-03
  -0.3091846620123D-03  -0.3263750138786D-03   0.5352745210980D-03
  -0.9212039371383D-01   0.1931510487060D-01   0.7000499147999D-01
   0.2694717951814D-02  -0.6121712222736D-02   0.1193029544409D-02
  -0.1338658176346D-01  -0.1728323826147D-01   0.1039863125595D-01
   0.9454033959555D-02   0.3951511792220D-02  -0.1787178379527D-02
   0.1228751215077D-02   0.7251645547543D-02   0.5913636540869D-02
  -0.6088009610297D-02   0.5758237599714D-02   0.1390153772484D-01
   0.1942868178807D-03   0.2229709798779D-02   0.2625672213517D-02
   0.1373758263796D-02   0.9698707410053D-03   0.1802151473085D-02
   0.1069390474104D-02  -0.1845338599220D-03  -0.1360303936547D-03
  -0.1533587195414D-02   0.7133160167854D-03  -0.1354164120024D-02
   0.2117749402155D-02   0.9209404648955D-02  -0.3099920426626D-02
  -0.3542567755540D-02  -0.2471309518218D-02   0.7460076607984D-02
   0.9460870919344D-01  -0.2132858433506D-01  -0.1338289467817D-02
  -0.1563566410590D-01   0.4194489492967D-02  -0.1847280035199D-01
  -0.1834431367149D-02   0.1567686398503D-02   0.1672700204954D-03
  -0.2108065608998D-02  -0.4290159676527D-03  -0.1655460549537D-03
  -0.2230436324482D-02   0.3635518969725D-03   0.2022271812168D-02
  -0.8370856894349D-03   0.8495348023419D-03   0.1093417243986D-02
   0.3132480058031D-03  -0.6784292413159D-04  -0.9947139213566D-03
  -0.3628827896778D-04  -0.6929751247058D-04   0.2635244684308D-03
   0.1980079216572D-02   0.1610239203180D-03  -0.9388618111922D-03
   0.1613549371368D-02   0.5113277786814D-03   0.1106632394970D-02
   0.7459451144109D-03   0.7236841054620D-03  -0.1117039095168D-02
   0.2068146676356D-02   0.1083157510112D-02  -0.2975310834512D-03
  -0.6198513649260D-02  -0.3351343200646D-02   0.1257214956613D+00
   0.7975527504752D-04  -0.6117268175387D-02   0.1044932381995D-01
   0.2103280554851D-01  -0.8895013727930D-01  -0.2731937095136D-01
  -0.6243209119169D-02   0.1608653838077D-01  -0.1441257782604D-01
   0.8409969080515D-02   0.7094785433219D-02   0.2247322702619D-02
  -0.1341340220590D-02  -0.1999454259057D-06   0.5998700283465D-03
  -0.1023656666207D-02   0.1888889482063D-02   0.8043280603649D-03
  -0.2358821289384D-03   0.1026415183899D-02   0.3480547093208D-02
   0.1340271086423D-01  -0.1922265428165D-02   0.1751612756284D-02
  -0.1657465173089D-01   0.1367867926312D-01  -0.9352327821431D-02
  -0.8456879773962D-02   0.4366753056053D-02   0.1003074314456D-03
   0.5165536864115D-02   0.7825115450442D-02   0.1287153675954D-01
  -0.7488366016867D-03   0.2065094319958D-03   0.1525369358209D-02
  -0.1908908995337D-03  -0.1675606222303D-03   0.1378864674488D-03
   0.1164193736552D-02   0.6680362313991D-03  -0.1956757072282D-02
   0.9733216396075D-03   0.3811532392232D-03   0.5594532232984D-03
   0.1936099004146D-03  -0.4561109236196D-03  -0.1677289424821D-02
  -0.5501586813357D-03   0.1111984563582D-02  -0.1219095544116D-02
   0.2876865713887D-02   0.2010391739893D-02  -0.6309915159321D-03
  -0.2135952285885D-02  -0.1928363953771D-02  -0.2003168636406D-02
   0.1324070396319D-01  -0.1735527555047D-01   0.1056575968444D-01
  -0.9044004025379D-03  -0.2250031689080D-02  -0.3640192486554D-02
   0.8226629101878D-03  -0.1570930210614D-03  -0.1525017338145D-04
   0.8476735925325D-03  -0.5129632528817D-03  -0.1455557616630D-02
  -0.8208406264666D-01  -0.3300664071352D-01  -0.9005959429191D-01
   0.1533703408500D-02   0.3783050183802D-02   0.5809281912273D-02
   0.6482847197485D-01   0.4252264334101D-01  -0.1386097325749D-01
  -0.5035701778037D-02   0.6860061283626D-02   0.1172473295068D-03
   0.1023283003914D-02  -0.1707717021407D-02  -0.4020762847139D-02
   0.5653325041559D-03  -0.3715859106694D-02  -0.7633441706385D-02
   0.1539998445100D-03   0.4496605893969D-02   0.4043565376805D-02
  -0.4391948934683D-02   0.2533091317769D-02   0.5483069077890D-02
  -0.6455887890545D-04  -0.3172972079111D-02  -0.1091495592553D-01
   0.2693888385750D-02  -0.1859379229166D-04  -0.5357708897931D-02
  -0.1278842535155D-03  -0.1858027221185D-02  -0.1028760653619D-02
  -0.1316836736706D-02   0.9143029457065D-03  -0.2166129804328D-02
   0.1152908361599D-02  -0.1442390933210D-02  -0.1305283524874D-02
   0.1777493524448D-02  -0.6590763099916D-03  -0.1420605758287D-04
   0.8246812821411D-01   0.2682086202436D-01   0.1079302775241D+00
  -0.6411962625406D-01  -0.4128121425259D-01   0.1394613812196D-01
  -0.4976582569062D-01  -0.7108961668809D-01   0.1104345548554D+00
   0.2612989714411D-02   0.7198190211437D-01  -0.2045988060520D-01
  -0.3069557224505D-01   0.3919706078363D-01  -0.1306477178941D+00
  -0.1954140113066D-01  -0.7027234723064D-01   0.2626260392522D-01
   0.3089385277046D-02   0.5808477723383D-01   0.1180141901268D+00
   0.1454119079056D-01   0.7381515787013D-01   0.8695111911372D-02
  -0.1355030928093D-01  -0.1092171988456D+00   0.8560586230813D-01
   0.6565001088159D-01   0.1100332972274D-01  -0.4062027157460D-01
   0.3409637884638D-01   0.8918826654143D-02  -0.1344364161819D+00
   0.7298217575083D-01  -0.1617652893813D-01   0.1861107749036D-01
  -0.9436025291602D-01  -0.6397393955308D-02   0.1026888336962D+00
   0.5418543448519D-01   0.5338631247866D-01   0.1426371890733D-01
   0.1395589713065D+00  -0.8328332076776D-02   0.5762939887504D-02
  -0.4942633794319D-01  -0.3166414257840D-01  -0.4737086866048D-01
   0.1259847599878D+00  -0.4732333546682D-01   0.3784548125539D-01
   0.2219381506051D-01   0.1041508260710D-01  -0.7024000859088D-01
  -0.7038618921927D-01   0.4543057915039D-01  -0.1126166516470D+00
   0.1546756823705D-01  -0.7378117851078D-01   0.1588943604002D-01
  -0.7521536127844D-01   0.5412762159982D-01  -0.1029727438930D+00
   0.9700326341655D-02  -0.6465733817284D-01  -0.3848641757953D-01
   0.9893086722874D-02   0.1301517855512D+00   0.4724888827482D-01
  -0.5470803480682D-01  -0.1263068356230D+00   0.2148622555467D-01
   0.4825437799616D-01   0.2170777414617D-01  -0.5075680259630D-01
   0.9424262581087D-01  -0.2594928171254D-01  -0.9847193421982D-01
  -0.7245958076127D-01   0.1575447270374D-01   0.1071035976058D-01
  -0.9651254810538D-02  -0.2741443961978D-02  -0.1385712928407D+00
  -0.1407461209347D-01   0.6869306009646D-01   0.3063320334803D-01
$end                                                                            
