   -0.38784831
    0.02497939
    0.19370902
   -0.36569207
   -0.01586005
   -0.11350420
   -0.13414465
    0.16559368
    0.07313996
    0.04214948
    0.02084081
    0.04084575
    0.04934385
    0.02800039
    0.05917576
    0.06223154
   -0.39338975
    0.03734753
    0.27106783
   -0.52661925
   -0.02188574
   -0.11425523
   -0.12322577
    0.16330765
    0.02489276
    0.05057277
    0.05000389
    0.02371599
    0.03666422
    0.06519072
    0.04172585
    0.04780318
   -0.18905781
    0.02936380
    0.20889158
   -0.38710245
   -0.02315114
   -0.06319916
   -0.11860971
   -0.11250627
    0.24301229
    0.07234577
    0.06985705
    0.03885203
    0.04850376
    0.06711203
    0.03836102
    0.04998629
    0.02801234
    0.04677236
    0.04974891
   -0.39930287
    0.02923456
    0.26656997
   -0.50413613
   -0.07265463
   -0.00912738
   -0.20124901
   -0.05959682
    0.17883528
    0.03355955
    0.06693158
    0.06003122
    0.03278941
    0.04476070
    0.06454595
    0.06276294
    0.04199911
   -0.16489940
    0.02905261
    0.20192414
   -0.39981015
   -0.07658403
   -0.01311088
   -0.12533924
   -0.11053631
    0.22765516
    0.07427842
    0.07918790
    0.05985308
    0.05043853
    0.05131892
    0.05862752
    0.04551391
    0.04338432
    0.02852532
    0.02659933
   -0.40600388
    0.04529374
    0.19462292
   -0.40636243
   -0.05460113
   -0.00497052
   -0.09886433
   -0.10552294
    0.18452440
    0.04099012
    0.04493022
    0.01397819
    0.05041575
    0.05113907
    0.02918471
    0.02600510
    0.04706891
    0.02308646
    0.03052347
   -0.38562166
    0.04921269
    0.18535172
   -0.39392727
   -0.04935838
   -0.00245479
   -0.10805858
   -0.08540731
    0.17380854
   -0.00059888
    0.05923213
   -0.00331752
    0.03874236
    0.06147700
    0.05804016
    0.02995123
    0.04753323
   -0.00612926
    0.00708858
   -0.31118728
    0.04239931
    0.25961213
   -0.48192255
   -0.06552055
   -0.07590541
    0.01096562
    0.02197088
    0.07171282
    0.06346806
    0.07997099
    0.05442361
    0.04631615
    0.02955341
   -0.18468485
    0.01025813
    0.29432776
   -0.51136539
    0.07044410
   -0.45564160
    0.22230274
    0.11942672
    0.05104616
    0.12474759
    0.26014965
   -0.18369165
    0.09219128
    0.28381380
   -0.54769710
   -0.05794578
    0.36861022
   -0.62463536
   -0.65371371
    0.18932002
    0.00014317
    0.01898077
   -0.00890494
   -0.19301118
    0.04345754
    0.28414405
   -0.45622354
   -0.07034558
    0.00118549
   -0.11897980
   -0.11501961
    0.21610176
    0.05511058
    0.05690842
    0.06269391
    0.03176280
    0.06708252
    0.01802139
    0.06397307
    0.05899597
    0.05544400
    0.03247029
   -0.20496384
    0.04299178
    0.27757938
   -0.44792626
   -0.04771417
    0.00049484
   -0.03859317
   -0.03008551
   -0.06214743
   -0.08791513
    0.14462323
   -0.39413885
    0.18367414
    0.10064793
   -0.00045287
    0.05063824
    0.04888623
   -0.01891185
    0.08314190
    0.06432926
    0.36171793
   -0.17594445
    0.05129230
    0.26147678
   -0.52782592
    0.11310402
   -0.46398627
    0.16141987
    0.06505811
    0.01083837
    0.01383712
    0.27359638
   -0.07701502
    0.01131543
    0.26978463
   -0.44556172
   -0.09203942
   -0.07968034
   -0.00909095
    0.10475300
    0.09262177
    0.12829388
    0.10403549
    0.08863539
    0.05472496
    0.05145891
   -0.17391977
   -0.03025805
    0.27892685
   -0.46410021
    0.17428120
    0.10030900
    0.05635653
   -0.18353147
    0.03415002
    0.28091692
   -0.47438635
    0.10819301
   -0.44377870
    0.18808883
    0.06182123
    0.05567903
   -0.01481913
    0.31081952
   -0.18482281
    0.03740879
    0.27710327
   -0.48460430
   -0.07137636
   -0.03566533
    0.00097876
   -0.03149104
   -0.10994485
    0.04691726
   -0.04962695
   -0.05438691
   -0.05686233
   -0.04794184
    0.21463692
    0.07482261
    0.06872463
    0.09522746
   -0.00512933
    0.14494165
    0.06482095
    0.02737022
    0.09525386
    0.06494791
   -0.18578101
    0.03101462
    0.25814663
   -0.49982513
   -0.10892619
    0.36557660
   -0.60314051
   -0.62175363
    0.19019943
    0.09428851
    0.02890783
    0.02788549
   -0.08871928
    0.02256138
    0.28379348
   -0.50879735
   -0.06962401
   -0.06437475
   -0.00420564
    0.06833643
    0.05666964
    0.06278315
    0.04910454
    0.06753596
    0.05065236
    0.06640893
   -0.17828392
    0.02769537
    0.28618156
   -0.48961485
   -0.01640484
   -0.05538476
   -0.11459039
   -0.08843512
    0.21057881
    0.06211329
    0.05166353
    0.03804301
    0.02946078
    0.06432498
    0.04928057
    0.04789031
    0.00513446
    0.02900171
    0.05012659
   -0.17668674
    0.01948434
    0.20131419
   -0.36925374
    0.12033341
   -0.43033016
   -0.13407195
    0.21851312
    0.08717191
    0.02418742
    0.31402297
    0.08084324
    0.04667307
    0.08316044
   -0.38597880
    0.04191119
    0.19978665
   -0.36425626
   -0.06323836
   -0.03844113
   -0.01140974
   -0.01381201
   -0.11998945
    0.04587735
   -0.03927304
   -0.05459966
   -0.04689466
   -0.04001554
    0.16089374
    0.06166365
    0.05372821
    0.05139827
    0.03337555
    0.19571509
    0.03697590
    0.02042556
    0.01878486
    0.00959315
   -0.39369063
    0.03161272
    0.26588417
   -0.49521321
   -0.01680666
   -0.10686035
   -0.11433470
    0.15267810
    0.03368376
    0.03922782
    0.03833261
    0.03217218
    0.04132944
    0.04422241
    0.04572045
    0.04532414
   -0.18285091
    0.02816901
    0.20478420
   -0.34958799
   -0.07753856
   -0.02071579
   -0.12247878
   -0.12352546
    0.23902426
    0.07581092
    0.05753607
    0.06880165
    0.06660815
    0.06531494
    0.03946233
    0.02449702
    0.05265936
    0.02939428
    0.04614114
   -0.39027056
    0.03808952
    0.27302379
   -0.50624372
   -0.12337449
    0.15473686
    0.03308139
    0.03486785
    0.04768571
    0.06330817
   -0.17800848
    0.03028095
    0.27398685
   -0.49174439
   -0.07761247
   -0.01248588
   -0.10603982
   -0.10786065
    0.23570772
    0.05148810
    0.05974632
    0.05549158
    0.05067368
    0.02916056
    0.04083709
    0.02359768
    0.03272836
    0.03005495
    0.04133847
   -0.18078780
    0.01488010
    0.20300684
   -0.36077919
   -0.08342379
   -0.09200697
   -0.10280458
   -0.05941290
   -0.14501979
    0.23216575
    0.09835602
    0.07261838
    0.08221857
    0.07753201
    0.07175393
    0.07970945
    0.08363881
    0.13019612
    0.12003330
    0.29722893
    0.28214551
    0.29993922
   -0.40248797
    0.03969234
    0.27049884
   -0.52858476
   -0.11580882
    0.18338884
    0.01629202
    0.03118093
    0.04806922
    0.06532764
   -0.17485427
    0.02162170
    0.20312353
   -0.36559084
   -0.08460404
   -0.08007877
   -0.03134601
   -0.14193844
    0.22058166
   -0.23659738
   -0.24776379
    0.24606994
    0.07140476
    0.08002230
    0.09572413
    0.07330507
    0.06256726
    0.08853868
    0.08303675
    0.21737474
    0.23596434
    0.26461254
    0.22758383
    0.26888910
   -0.62573616
    0.33777015
    0.31432544
   -1.11272403
   -0.39326912
    0.03110939
    0.26952222
   -0.46967409
   -0.02999242
   -0.00103739
   -0.26990852
   -0.07486795
    0.13064015
    0.06874147
    0.00947375
    0.00851447
    0.05849082
    0.05296855
    0.09308316
    0.08726222
    0.07312930
   -0.16663060
    0.01317219
    0.14451753
   -0.47658379
    0.08653281
   -0.45657481
    0.19149860
    0.08692872
   -0.00133959
    0.06303723
    0.27702760
   -0.38541854
    0.02017530
    0.28783526
   -0.52268218
    0.09904316
   -0.50520156
    0.14607085
    0.06703228
    0.01334768
    0.05033069
    0.27996779
   -0.17049468
    0.08158910
    0.17449579
   -0.44985151
   -0.06675360
    0.37729858
   -0.63127737
   -0.65552000
    0.19221006
    0.02496056
    0.04126975
    0.01466815
   -0.40012412
    0.02306610
    0.26993501
   -0.53740658
   -0.08762886
   -0.06067076
   -0.09732135
   -0.05323340
   -0.14353454
    0.19190967
    0.02201789
    0.07909010
    0.07383516
    0.01241765
    0.03593213
    0.09590214
    0.04783741
    0.10658305
    0.13328732
    0.30745462
    0.31621318
    0.28896824
   -0.16805395
    0.03531145
    0.20602721
   -0.39359836
   -0.08393922
    0.01083359
   -0.04648098
   -0.04528982
   -0.03165578
   -0.03085237
   -0.03156446
    0.24150444
    0.05956529
    0.07788005
    0.08627063
    0.04440722
    0.03325692
    0.04095832
    0.03417833
    0.04343071
   -0.38228177
    0.01558032
    0.27111818
   -0.53635003
    0.18073396
   -0.00827194
    0.02898483
   -0.17128078
    0.02876869
    0.19912784
   -0.33602693
   -0.07538164
   -0.00908676
   -0.11851920
   -0.12558968
    0.23094946
    0.09815487
    0.05874546
    0.09008065
    0.02656710
    0.05161938
    0.03395564
    0.06310533
    0.05500870
    0.06464863
    0.03295097
   -0.35512974
   -0.02601118
    0.35097073
   -0.64740180
   -0.65691062
    0.11680466
   -0.00002171
    0.04257960
    0.18847298
    0.07626311
    0.18027961
    0.06951090
    0.18437138
    0.06926600
    0.17960099
    0.06676837
    0.18197498
    0.01799378
    0.15026298
    0.05427563
    0.18242958
    0.07793553
    0.18335926
    0.07904772
    0.18677290
    0.06889219
    0.17367957
    0.08590755
    0.19821145
    0.05971264
    0.22169570
    0.05953598
    0.17985315
    0.06833356
    0.17125337
    0.04534704
    0.17481805
