           2           1   1.01955775783483     
           3           2  0.946316213747500     
           4           3   1.60465771834593     
           5           2  0.965489881928110     
           6           5  0.993362584972527     
           7           6   1.00825383019406     
           8           6   1.00999407819495     
           9           1  0.956642250689470     
          10           2  0.962613478167745     
          11           5  0.969876025556963     
          12           5  0.973337964643861     
          13           6  0.962405371647025     
          14           7  0.984392616190841     
          15           7  0.985283895569225     
          16           7  0.986060673881161     
          17           8  0.982171522848829     
          18           8  0.985767036996239     
          19           8  0.981271504012828     
          20           3   1.31423619035787     
          21          20  0.980907935839496     
          22          21  0.938659324797040     
          23          22   1.58394075528803     
          24          21  0.966070760018420     
          25          24   1.00822753036224     
          26          24   1.00483769081296     
          27          20  0.889894361058738     
          28          21  0.944375435357928     
          29          24  0.953670898149004     
          30          25  0.977446806433988     
          31          25  0.977248805022389     
          32          25  0.983391453845096     
          33          26  0.978545034463855     
          34          26  0.980380647696826     
          35          26  0.982738545963540     
          36          22   1.32154542617920     
          37          36  0.990041193051585     
          38          37  0.933715339091849     
          39          38   1.65208850032113     
          40          37  0.964664821318256     
          41          40  0.963255073927848     
          42          41   1.65959430881074     
          43          41   1.29474566684584     
          44          36  0.874618864131256     
          45          37  0.944241401949918     
          46          40  0.969209616366288     
          47          40  0.953692120882111     
          48          43  0.932375107208150     
          49          43  0.931215308735150     
          50          38   1.27754039445715     
          51          50  0.985570770075021     
          52          51  0.938344129487939     
          53          52   1.63604392642083     
          54          51  0.969193053394316     
          55          54  0.958722861118098     
          56          55   1.65449410531709     
          57          55   1.28832570044542     
          58          50  0.916975341222564     
          59          51  0.937752211165624     
          60          54  0.956444677590578     
          61          54  0.971686337755837     
          62          57  0.921509369865977     
          63          57  0.926873060507291     
          64          52   1.29471271833932     
          65          64  0.985583416324423     
          66          65  0.953938724792011     
          67          66   1.63001859490014     
          68          65  0.966535639968326     
          69          68   1.00735332750350     
          70          69   1.00414142697142     
          71          70   1.00721793006135     
          72          71  0.956686859707396     
          73          64  0.882179012917761     
          74          65  0.932431841886563     
          75          68  0.966784618375293     
          76          68  0.975651921286509     
          77          69  0.965672762023704     
          78          69  0.974167126596033     
          79          70  0.968941820857873     
          80          70  0.974622042335268     
          81          71  0.970507891021509     
          82          71  0.964797856107285     
          83          72  0.905759964561145     
          84          72  0.806181058954012     
          85          72  0.903945296278202     
          86          66   1.27910952532622     
          87          86  0.977973203810930     
          88          87  0.934094459875852     
          89          88   1.61255578760761     
          90          87  0.973635222898753     
          91          90  0.997342614224019     
          92          86  0.897722026794627     
          93          87  0.944043425672833     
          94          90  0.966534274781073     
          95          90  0.954646665044439     
          96          91  0.869820803802501     
          97          88   1.32825539777424     
          98          97  0.967512098550718     
          99          98  0.929967414105447     
         100          99   1.64210463775478     
         101          98  0.981213866243936     
         102         101  0.992269471413897     
         103         102   1.00652435991421     
         104         102   1.01046965290527     
         105          97  0.924164823871555     
         106          98  0.950751077112791     
         107         101  0.967250936619861     
         108         101  0.967640291492880     
         109         102  0.964086202015368     
         110         103  0.985678405020925     
         111         103  0.983720301220577     
         112         103  0.985680482393506     
         113         104  0.983817276968367     
         114         104  0.984458155678696     
         115         104  0.981111897540725     
         116          99   1.29730296806124     
         117         116  0.987925650176615     
         118         117  0.997788032348967     
         119         118   1.88781514399709     
         120         117  0.933106798429661     
         121         120   1.00803068573197     
         122         120   1.00966101691018     
         123         116  0.916735029058247     
         124         117  0.924400108461036     
         125         120  0.964147055023624     
         126         121  0.978711379602318     
         127         121  0.985948665363003     
         128         121  0.977836532035057     
         129         122  0.981181139587208     
         130         122  0.979499859558349     
         131         122  0.983957789069798     
         133         132   1.01263997728874     
         134         133  0.936117574510093     
         135         134   1.60900154108088     
         136         133  0.964121023839414     
         137         136  0.992924727462103     
         138         136   1.00875976503907     
         139         137   1.02084306590398     
         140         132  0.943654964798866     
         141         133  0.956941887792895     
         142         136  0.965726456278050     
         143         137  0.971769741899138     
         144         137  0.972872533134202     
         145         138  0.980233332907247     
         146         138  0.980425561452230     
         147         138  0.977115575832888     
         148         139  0.985626871714333     
         149         139  0.982717642641309     
         150         139  0.986463002523101     
         151         134   1.31174290023627     
         152         151  0.968116638377927     
         153         152  0.975977076371817     
         154         153   1.87972523971783     
         155         152  0.954875792069830     
         156         155   1.00822155925822     
         157         156   1.40239457141302     
         158         156   1.41006139607666     
         159         157   1.46003493018005     
         160         158   1.45627370164253     
         161         159   1.36255400152893     
         161         160   1.36205228921983     
         162         161   1.08198944424681     
         163         151  0.913031256709147     
         164         152  0.948914803396441     
         165         155  0.954823015369455     
         166         155  0.970123121079377     
         167         157  0.964875886874094     
         168         158  0.966438817050606     
         169         159  0.965725973766785     
         170         160  0.967105179216223     
         171         162  0.859159596795282     
         173         172   1.01966251072904     
         174         173  0.942642317101600     
         175         174   1.63050783293549     
         176         173  0.977004736413134     
         177         176  0.905974507823346     
         178         177   1.49770778524922     
         179         177   1.50505228159388     
         180         172  0.961547276143713     
         181         173  0.956126658331557     
         182         176  0.967549319884468     
         183         176  0.965814293844056     
         184         174   1.27920634277783     
         185         184  0.990239302047865     
         186         185  0.945350903129478     
         187         186   1.61581753043288     
         188         185  0.953020019443985     
         189         188   1.01350928599312     
         190         189   1.39662432256150     
         191         189   1.41244657283656     
         192         190   1.46073326688006     
         193         191   1.44559287354254     
         194         192   1.36133750362650     
         194         193   1.37412939549428     
         195         194   1.06558324719245     
         196         184  0.890661970924118     
         197         185  0.939528770515714     
         198         188  0.970449936800109     
         199         188  0.961532726444590     
         200         190  0.948866122410315     
         201         191  0.969239051450500     
         202         192  0.967926409771909     
         203         193  0.963165127006388     
         204         195  0.863496170459621     
         205         186   1.31374462786062     
         206         205  0.979489034613117     
         207         206  0.931647023542468     
         208         207   1.65223711723892     
         209         206  0.976303066904659     
         210         209   1.00310412828075     
         211         210   1.00469060498402     
         212         211   1.01018640347115     
         213         212  0.954262278647978     
         214         205  0.894007231560583     
         215         206  0.949963001580214     
         216         209  0.976329124816549     
         217         209  0.955996109608592     
         218         210  0.969399506773030     
         219         210  0.975704747870472     
         220         211  0.970059505704721     
         221         211  0.970180229053846     
         222         212  0.948481074323388     
         223         212  0.966200202345016     
         224         213  0.902565093228136     
         225         213  0.896748476076999     
         226         213  0.892082116792585     
         227         207   1.26945024403808     
         228         227  0.992009841703226     
         229         228  0.975061210091078     
         230         229   1.90647906824944     
         231         228  0.968281071591414     
         232         231  0.918569773440548     
         233         232   1.49008722132159     
         234         232   1.51244575602741     
         235         227  0.925392783690866     
         236         228  0.926512755842335     
         237         231  0.966971262081447     
         238         231  0.977029067210996     
         240         239   1.01340949169919     
         241         240  0.944158603322489     
         242         241   1.64230633298757     
         243         240  0.958715930375391     
         244         243   1.01170904121043     
         245         243   1.00682359397544     
         246         239  0.951431947898552     
         247         240  0.961412389531152     
         248         243  0.962898389470882     
         249         244  0.983360266768199     
         250         244  0.981356471586517     
         251         244  0.982136922342086     
         252         245  0.980844551937167     
         253         245  0.984124197387935     
         254         245  0.985610418502460     
         255         241   1.28370189535946     
         256         255  0.986978280039236     
         257         256  0.928453470170061     
         258         257   1.60324183310881     
         259         256  0.963671168276018     
         260         259   1.00634016878504     
         261         260   1.39834649494906     
         262         260   1.41289043247065     
         263         261   1.46586777810941     
         264         262   1.44835559032758     
         265         263   1.35944139693361     
         265         264   1.37249377811364     
         266         265   1.07613179820479     
         267         255  0.928404409568942     
         268         256  0.952520215448545     
         269         259  0.962685165218672     
         270         259  0.969060605615774     
         271         261  0.967032355468796     
         272         262  0.966667949871287     
         273         263  0.969599262642943     
         274         264  0.964697912237797     
         275         266  0.852527661728924     
         276         257   1.32169347482840     
         277         276  0.982348190834502     
         278         277  0.979743024559925     
         279         278   1.90477122901246     
         280         277  0.943341145772577     
         281         280   1.01018467773120     
         282         281  0.985337347280976     
         283         282   1.00941269591959     
         284         276  0.913680142260439     
         285         277  0.946609943546362     
         286         280  0.971515128664755     
         287         280  0.967093907884196     
         288         281  0.970992666662789     
         289         281  0.977174508769445     
         290         283  0.977852080596816     
         291         283  0.978208632116773     
         292         283  0.984337816649800     
         294         293   1.02584271066241     
         295         294  0.887416203208271     
         296         295   1.50599277910574     
         297         294  0.953719372992453     
         298         297   1.01547675072521     
         299         298   1.40590227998417     
         300         298   1.40648450180297     
         301         299   1.44926510527265     
         302         300   1.44190651495557     
         303         301   1.43294579964773     
         303         302   1.44096310315311     
         304         295   1.50204682979016     
         305         293  0.962221591160673     
         306         294  0.960725301388817     
         307         297  0.974082824774416     
         308         297  0.969302713406107     
         309         299  0.970180159363240     
         310         300  0.969014113846208     
         311         301  0.965123176371596     
         312         302  0.969647703219650     
         313         303  0.967822536689424     
         315         314   1.02316744795994     
         316         315  0.944704912509308     
         317         316   1.60721702544502     
         318         315  0.938086298811990     
         319         318  0.998180178328698     
         320         318  0.999817628694208     
         321         314  0.957881520015180     
         322         315  0.948980834422534     
         323         318  0.962940646545607     
         324         319  0.854153836256145     
         325         320  0.983254611137570     
         326         320  0.977426559330277     
         327         320  0.979860491909470     
         328         316   1.31708381530942     
         329         328  0.991111552234239     
         330         329  0.879378627849635     
         331         330   1.55148437240759     
         332         329  0.960833146188929     
         333         332   1.01180430798168     
         334         333   1.41031809084074     
         335         333   1.41091299359735     
         336         334   1.44778129368273     
         337         335   1.44326790517226     
         338         336   1.43517831413009     
         338         337   1.44027795795414     
         339         330   1.45128007098015     
         340         328  0.898837119585175     
         341         329  0.955260538163909     
         342         332  0.973444796027475     
         343         332  0.968436035238364     
         344         334  0.970472202595002     
         345         335  0.968439886487118     
         346         336  0.970687095474349     
         347         337  0.966999063625009     
         348         338  0.968665110013883     
         349         314  0.948969626347548     
         350           1  0.947047468870504     
         351         118  0.952650872400001     
         352         132  0.962359381051394     
         353         153  0.950533048758514     
         354         172  0.951611243009120     
         355         229  0.955569788659088     
         356         239  0.952760957638775     
         357         278  0.952146233152669     
         358         293  0.953899029126289     
