           2           1   1.00001067071514     
           3           2  0.983728876999628     
           4           3   1.88395661601789     
           5           2  0.959038729335765     
           6           5   1.01587267657127     
           7           6  0.893496617002836     
           8           7   1.50539532329591     
           9           7   1.50460275676882     
          10           1  0.955373670601686     
          11           2  0.962290221033424     
          12           5  0.966603445727397     
          13           5  0.975568198064366     
          14           6  0.969579143404020     
          15           6  0.974935309319669     
          17          16   1.01217423861093     
          18          17  0.949843480459347     
          19          18   1.61171131798047     
          20          17  0.965541797116147     
          21          20   1.00369018550098     
          22          21   1.00309976798267     
          23          22   1.01368643226920     
          24          23  0.963227718139045     
          25          16  0.955377259928790     
          26          17  0.960857833186862     
          27          20  0.973832378741363     
          28          20  0.974174578955153     
          29          21  0.973829444525364     
          30          21  0.968936514243671     
          31          22  0.967228595455073     
          32          22  0.971900627038638     
          33          23  0.964233908368300     
          34          23  0.961130009532678     
          35          24  0.897545933274165     
          36          24  0.863550560362127     
          37          24  0.898632312109218     
          38          18   1.30392687061907     
          39          38  0.979985497189162     
          40          39  0.936314848076195     
          41          40   1.64490599606193     
          42          39  0.979319669959631     
          43          42  0.999310865260500     
          44          43   1.00601881669181     
          45          43   1.00695802666479     
          46          38  0.890550596349987     
          47          39  0.953761233414271     
          48          42  0.971683273188983     
          49          42  0.968898621911336     
          50          43  0.967867743116599     
          51          44  0.986175307996382     
          52          44  0.983359424292222     
          53          44  0.987372919095205     
          54          45  0.986063418367395     
          55          45  0.986495541462716     
          56          45  0.985253652288487     
          57          40   1.28516885243587     
          58          57  0.972272149356468     
          59          58  0.991670342153849     
          60          59   1.87453658675111     
          61          58  0.938186759674628     
          62          61   1.00244736361866     
          63          61   1.01409279396783     
          64          57  0.927795938283796     
          65          58  0.924134353686503     
          66          61  0.960430912571485     
          67          62  0.979832845141033     
          68          62  0.980056900169890     
          69          62  0.982870327299207     
          70          63  0.981236282746327     
          71          63  0.980207808247448     
          72          63  0.984861971499988     
          74          73   1.00964584878993     
          75          74  0.937271474721884     
          76          75   1.62004892769488     
          77          74  0.971420280725088     
          78          77  0.987798104656012     
          79          77   1.00569377935191     
          80          78   1.02177660046435     
          81          73  0.915234852166343     
          82          74  0.964445033938731     
          83          77  0.963483590478254     
          84          78  0.975096259847547     
          85          78  0.975948373410797     
          86          79  0.983244970951941     
          87          79  0.982328543717302     
          88          79  0.986458594029566     
          89          80  0.986293438511480     
          90          80  0.986984256858830     
          91          80  0.984361379861025     
          92          75   1.30281077743591     
          93          92  0.973094735462673     
          94          93  0.931909814201757     
          95          94   1.61101947476241     
          96          93  0.971267032478169     
          97          96   1.00308587689363     
          98          92  0.928511151626716     
          99          93  0.946768519214659     
         100          96  0.969183038743990     
         101          96  0.970360142177695     
         102          97  0.865051802748268     
         103          94   1.33795461289033     
         104         103  0.988040163373468     
         105         104  0.935287167873386     
         106         105   1.62182288532585     
         107         104  0.958588043348592     
         108         107   1.01028074164616     
         109         108   1.56438394522935     
         110         108   1.21518954416190     
         111         109   1.21107465277147     
         112         110   1.24093087447679     
         112         111   1.20314390884851     
         113         110   1.32619105790163     
         114         112   1.31716992126214     
         115         113   1.51392158865501     
         116         114   1.50975735274687     
         116         115   1.34900029955757     
         117         103  0.872967342531007     
         118         104  0.942939169470032     
         119         107  0.964094901124830     
         120         107  0.962379527113827     
         121         109  0.964291541614526     
         122         111  0.912000620340623     
         123         113  0.963811642074750     
         124         114  0.967050177543633     
         125         115  0.967407799593943     
         126         116  0.969668582621242     
         127         105   1.32557269075150     
         128         127  0.981767571402689     
         129         128  0.933515943085256     
         130         129   1.62306374273085     
         131         128  0.969373574591366     
         132         131   1.00030132266023     
         133         132   1.00567584124664     
         134         133   1.00872246501879     
         135         134  0.952975091340440     
         136         127  0.882089831707068     
         137         128  0.948665928037063     
         138         131  0.970312563803857     
         139         131  0.975260225620546     
         140         132  0.974488918267262     
         141         132  0.970902151905597     
         142         133  0.967381301927148     
         143         133  0.974345870224278     
         144         134  0.966462160937329     
         145         134  0.962215612421176     
         146         135  0.894943644796100     
         147         135  0.894501128391709     
         148         135  0.900570985318666     
         149         129   1.30584128284377     
         150         149  0.976739642813457     
         151         150  0.961921500869511     
         152         151   1.90970637864060     
         153         150  0.970577784413558     
         154         153  0.987693282482031     
         155         149  0.913074288560002     
         156         150  0.946819977756958     
         157         153  0.960797316936715     
         158         153  0.968196241132521     
         159         154  0.859492004276802     
         161         160  0.842886192434257     
         162         160  0.888716967863786     
         164         163  0.884202887196581     
         165         163  0.856014598675725     
         167         166  0.889069590639749     
         168         166  0.868400109679106     
         170         169  0.889945598697118     
         171         169  0.846434648373001     
         173         172  0.904661929358430     
         174         172  0.862521975625139     
         176         175  0.899802674424512     
         177         175  0.894122467644826     
         179         178  0.903169918996840     
         180         178  0.856369083297762     
         182         181  0.902042876154039     
         183         181  0.883865414111111     
         185         184  0.902011810663831     
         186         184  0.835244646555224     
         188         187  0.867078359834179     
         189         187  0.894318456689222     
         191         190  0.896654849566422     
         192         190  0.892705893867206     
         194         193   1.01132366723637     
         195         194  0.935048222975125     
         196         195   1.63948996738790     
         197         194  0.960411788533039     
         198         197   1.00618751948963     
         199         197   1.01229210286480     
         200         193  0.949008396769262     
         201         194  0.963585985380125     
         202         197  0.964459337292940     
         203         198  0.981289791226086     
         204         198  0.981586106438833     
         205         198  0.981588582212185     
         206         199  0.979954124035609     
         207         199  0.983058088391307     
         208         199  0.980726184951674     
         209         195   1.27639027595224     
         210         209  0.978095359315161     
         211         210  0.972960717896804     
         212         211   1.87627150557231     
         213         210  0.968978787309750     
         214         213  0.999711189295473     
         215         214  0.972633392567605     
         216         215   1.62594232717876     
         217         215   1.32613418998095     
         218         209  0.917879312087940     
         219         210  0.939690113707066     
         220         213  0.970496077902980     
         221         213  0.966462816327454     
         222         214  0.959389806820599     
         223         214  0.956633322157189     
         224         217  0.899326340016019     
         225         217  0.901033372016561     
         227         226   1.02914359744063     
         228         227   1.00008469165785     
         229         228   1.85803336730829     
         230         226  0.939944615173839     
         231         227  0.924088937864580     
         232         227  0.953697117810787     
         234         233   1.00965086549995     
         235         234  0.979865347661431     
         236         235   1.87381762549261     
         237         234  0.938240851786613     
         238         237  0.989988126627683     
         239         237   1.00845513143864     
         240         238   1.01255163359531     
         241         233  0.915199857781032     
         242         234  0.965789573016511     
         243         237  0.967340858042361     
         244         238  0.979996039206407     
         245         238  0.972260556210396     
         246         239  0.981122942441200     
         247         239  0.982852938612769     
         248         239  0.986290858422836     
         249         240  0.978752064240816     
         250         240  0.989341916007626     
         251         240  0.983940466759150     
         253         252   1.01891284950555     
         254         253  0.949529941705725     
         255         254   1.55834501360273     
         256         253  0.964178908101398     
         257         256   1.00393820936024     
         258         252  0.955078708239842     
         259         253  0.947833417641060     
         260         256  0.967425685220850     
         261         256  0.968525275514953     
         262         257  0.875705675083559     
         263         254   1.35582421880789     
         264         263  0.995871730423575     
         265         264  0.955765486732774     
         266         265   1.59982900457936     
         267         263  0.901849668042194     
         268         264  0.939322353226966     
         269         264  0.946567940663725     
         270         265   1.32218890009654     
         271         270  0.963023713261218     
         272         271   1.00362582250807     
         273         272   1.87053592559753     
         274         271  0.943355432054054     
         275         274  0.997999604480514     
         276         270  0.969160330182438     
         276         275   1.00661220043688     
         277         271  0.952817423908784     
         278         274  0.971046868761926     
         279         274  0.974372558758265     
         280         275  0.970263022899569     
         281         275  0.971373742268150     
         282         276  0.963807232982065     
         283         276  0.960140257138759     
         284           1  0.953189377179890     
         285           3  0.955737129391942     
         286          16  0.955047891635136     
         287          59  0.952436468935308     
         288          73  0.958087835275233     
         289         151  0.957556016065699     
         290         193  0.959802118226238     
         291         211  0.953574342741480     
         292         226  0.955079791653104     
         293         228  0.953641588647329     
         294         233  0.958060212497771     
         295         235  0.960484163826091     
         296         252  0.955044893932597     
         297         272  0.955012769207223     
