$grad                                                                           
  cycle =      1    SCF energy =  -414.08981890848   |dE/dxyz| =  0.331648
  -24.39237660023411    155.20051875641823     10.10973931060454      n 
  -22.67646743059216    153.19132044770785      9.40708984055740      c 
  -22.54185817319512    152.77435905862623      6.54977915944461      c 
  -20.49964427005046    152.69462552378008      5.47533181244409      o 
  -23.32703520612356    150.66317602536435     10.60070901894008      c 
  -21.09886415829736    148.79865361032330     10.23534212732422      c 
  -19.83064343411129    148.21448296247652     12.80755259626992      c 
  -21.93578545003994    146.44262151363043      8.74593581950215      c 
  -25.90805527130928    154.79375519102996     11.19681101281639      h 
  -20.76417384016086    153.75848243195483      9.98462991418037      h 
  -23.67736295112152    150.91670246053280     12.61914107231290      h 
  -25.03062054839620    149.87435443427788      9.75405666052241      h 
  -19.64790713040088    149.70549050066893      9.06974314523644      h 
  -18.25202253513312    146.92570505259431     12.53926519839496      h 
  -19.12212607132816    149.94215041175428     13.65418474652520      h 
  -21.15988543971070    147.34763935736771     14.11166525428549      h 
  -20.35627596525973    145.14828158110953      8.48859525123963      h 
  -23.43578443695786    145.43843976194293      9.72606938835580      h 
  -22.59570597629233    146.98018610002254      6.87237404400182      h 
  -14.26374445625271    150.38733885881643     21.17678866775190      n 
  -16.89796900210716    150.32770635287693     20.64330696542025      c 
  -17.86223062003836    147.97003324386992     19.40642474980879      c 
  -20.13260917825531    147.85938051381876     18.99156078305406      o 
  -17.75039370096894    152.51730361448261     19.04533119223604      c 
  -17.79974408443024    155.01912644621200     20.61030552862381      c 
  -20.38455978191504    156.44535484480193     20.65601208411714      c 
  -20.70223474266449    158.24624308478411     18.55950488953362      n 
  -22.00801133064562    157.88282637541909     16.39301619007589      c 
  -24.20594232752934    156.69188568798290     16.34978427682248      n 
  -21.12946487042924    158.87802525622513     14.27187482375943      n 
  -13.04991028696131    150.66673339855913     19.72565667145259      h 
  -17.87368223910453    150.37576574530055     22.48141694505165      h 
  -16.46571303952101    152.65775482510341     17.43768450953467      h 
  -19.63854484261096    152.08900147863500     18.34213110329042      h 
  -17.31861712481750    154.58959628764094     22.56487649110244      h 
  -16.34011054065324    156.28352739666099     19.89127158714265      h 
  -21.91816147050612    155.07043497636312     20.64219448828924      h 
  -20.51757686507542    157.49623672491145     22.42573496053100      h 
  -19.14477299837109    159.33894318814833     18.33196389429130      h 
  -24.89057542136259    155.54863716158175     17.74775766649535      h 
  -25.02854821955123    156.31907573447128     14.68070441197719      h 
  -19.80690740811501    160.25368048695063     14.29398166145688      h 
  -22.23724961235107    158.96472159499069     12.71998173806637      h 
  -16.23255396291972    146.11010193880969     18.97472407790161      n 
  -17.04619580856517    143.49540714164476     18.77171174437844      c 
  -18.10313917892088    142.62798411556841     21.39498644291707      c 
  -20.02077885508535    141.32937106065367     21.60164303621059      o 
  -14.93407949332517    141.73380895259939     17.83854643659480      c 
  -14.08731251112340    141.93940312079928     15.03114926480401      c 
  -15.80646614879105    140.84154667984032     12.94113977025392      c 
  -16.36044716339474    138.10572119312158     13.09371969876408      n 
  -16.56375092799717    136.32674582275135     11.28463445840435      c 
  -15.52362373035455    136.56009819242800      8.99927712048700      n 
  -17.77639434487416    134.16805126301159     11.84162552430919      n 
  -14.42392629116376    146.36978998851919     19.52143749279778      h 
  -18.66809474201518    143.41892271958173     17.48163053340576      h 
  -13.27916414227626    142.10468644816675     19.00806134243184      h 
  -15.51033854308101    139.79351493146171     18.24143915972504      h 
  -13.84283512881865    143.93535038051331     14.59363639983321      h 
  -12.24554072712800    141.01651048667512     14.90791260248031      h 
  -17.62365358670175    141.82669411021178     12.99395574046398      h 
  -14.94340241245438    141.23467083581787     11.11557550772307      h 
  -17.11987651718065    137.61776193803189     14.78069063852064      h 
  -15.30896788818930    138.34653011809314      8.29848007452172      h 
  -15.93829530996854    135.28235394053027      7.64678700309231      h 
  -18.29772705765928    133.77102753772905     13.63188723812509      h 
  -17.70280543423200    132.70988468646595     10.61863890447598      h 
  -16.88093953243569    143.50771400210962     23.42010258018268      n 
  -17.88560277835824    142.97655698791743     25.91060705461909      c 
  -20.26740204369326    144.59573014777695     26.34854153955898      c 
  -22.31112590363388    143.51397093537241     26.32097026315908      o 
  -15.72556924649408    143.03027225092779     27.82945875697682      c 
  -14.10957768102129    140.67290057796512     27.28796060888936      c 
  -11.61586372305567    140.16683260482509     28.89639914477807      c 
  -11.85202548688506    139.51602322310677     31.15472726114498      o 
   -9.60482295176478    140.38003969463844     27.69297033606471      o 
  -15.19112576247135    144.39345684771112     23.30449925663851      h 
  -18.64681663985334    141.04087867853582     25.86659389898954      h 
  -14.59005015181492    144.74539813048659     27.63965418563149      h 
  -16.45253684918358    142.95806599304740     29.75816226494691      h 
  -15.29278405179391    139.00535405508546     27.57965723338150      h 
  -13.47736114983475    140.72572462221828     25.32750269257602      h 
  -20.03861056538975    147.10137667140120     26.54885010667314      n 
  -22.18849577852231    148.75790846379149     27.08837305990813      c 
  -24.57599726696495    147.66402960456011     25.89583935031525      c 
  -26.48371575150452    147.44639929406642     27.18927479083285      o 
  -21.70404137641894    151.55785935680609     26.38232541511704      c 
  -19.35147885965470    152.47876556449157     27.84276538697071      c 
  -18.47300904180954    155.31991574297808     27.68605366867050      c 
  -20.14886698022512    156.87394909467577     27.14752604618725      o 
  -16.18582137410818    155.74828906272353     28.16168759330286      o 
  -18.28521236532348    147.86384576219319     26.67193320665367      h 
  -22.53225335249667    148.70291311043866     29.14196126927299      h 
  -21.45934110793045    151.73282418579365     24.34420234176352      h 
  -23.35995148563262    152.66376597588490     26.89865588366363      h 
  -19.68349243049484    152.11311462419982     29.85472401365093      h 
  -17.68447113146926    151.38985141217142     27.31003142179617      h 
  -24.46587877944718    146.87057819340160     23.49916906860284      n 
  -26.75572571202323    145.97486222669508     22.29251115457985      c 
  -27.34925471684101    143.18893215857386     22.68864611321356      c 
  -29.54048130790806    142.59186295911508     23.19556881979396      o 
  -26.82493034621329    146.45987899555624     19.43070569906953      c 
  -28.35991279991888    148.79840086269016     18.64861789828233      c 
  -27.15115483798378    151.45109167181525     19.23761503149247      c 
  -27.23441637193556    152.94844486552580     17.40347717001294      o 
  -26.24049207840110    151.93684748358234     21.36273319945759      o 
  -22.99904043571336    147.33913573856140     22.37100782278513      h 
  -28.32066064951469    146.98918793865028     23.20809814352189      h 
  -24.88084716489896    146.69728004582058     18.77267464119679      h 
  -27.62123178800238    144.80145272568970     18.50014306302580      h 
  -28.65347998494871    148.74579280069594     16.60697327810345      h 
  -30.21896676304647    148.78275579547770     19.55098122073500      h 
  -25.57080163233016    141.42734968146593     22.22536701728264      n 
  -26.42932595516293    138.90282209878029     22.77048351416310      c 
  -26.93342346003304    138.35461269632034     25.57224334469701      c 
  -27.92279210202646    136.35762776371004     26.13927913871431      o 
  -25.06695133611751    136.77642174098713     21.42086764933928      c 
  -26.83232199962637    135.64319286773585     19.74405641920441      o 
  -23.69595902798242    141.81147505847096     22.31421016655175      h 
  -28.36825223423244    138.82446743062997     22.00184471059849      h 
  -23.45564616174172    137.55596340213108     20.37423086660980      h 
  -24.38835815885210    135.39825051099135     22.80598303279321      h 
  -26.35028927263428    133.90522623477813     19.45945480952829      h 
  -26.49423889662228    140.21682367398026     27.23932724433397      n 
  -27.93921217684222    140.44083117177033     29.58308431318459      c 
  -30.75729639837510    140.56830784055234     28.98073429648130      c 
  -32.13181223660291    138.69925325872848     29.02296222290429      o 
  -27.24675951797324    142.76501063859018     31.16725055570227      c 
  -25.40509175488758    141.71091564478792     26.75674007061453      h 
  -27.66582631347386    138.69740090059804     30.68274628713259      h 
  -28.64930994068037    143.01319132628640     32.64798445004988      h 
  -25.40655453996644    142.51039434895600     32.04408896104115      h 
  -27.15104125808430    144.45029993352321     29.99565390035846      h 
  -31.64908468081187    142.87761393809703     28.53027991036501      n 
  -34.31749438817533    143.29806322743346     28.91628179770990      c 
  -35.76167991496838    141.23550135638862     27.52950254495063      c 
  -37.57307880860187    140.16073150138766     28.49845025634700      o 
  -35.08398263768931    145.90220313340751     28.01484101622205      c 
  -30.49127596998405    144.39234708857293     28.54033849753861      h 
  -34.74809071009590    143.11582087219699     30.94720437098903      h 
  -37.09829016575656    146.17998728838046     28.29337141433477      h 
  -34.06531050370533    147.32217122103850     29.09473612433762      h 
  -34.63842862106358    146.12240796987385     26.02068091002248      h 
  -34.98507748651180    140.86136608666820     25.14795430098414      n 
  -36.17918781544014    139.02692418264536     23.47310691071646      c 
  -37.12395156284683    136.71174500865740     24.93613930878285      c 
  -39.33139905066972    135.99375531178345     24.97306977533388      o 
  -34.30659868150797    138.12167245678700     21.47354753660428      c 
  -33.35713160161115    141.67237070485606     24.54636909624575      h 
  -37.83413056751532    139.91527222749519     22.58605300669950      h 
  -35.19751317790943    136.69601392886764     20.29379824994748      h 
  -33.73750468151258    139.70291664724974     20.29029654807918      h 
  -32.63424886303693    137.31240407061333     22.34295709210937      h 
  -35.22058996563835    135.42823037161500     25.97855192738252      n 
  -35.57051982978255    133.14866384526803     27.43620113230111      c 
  -37.56619981081576    133.51210269504023     29.49184700453682      c 
  -39.47187313755698    132.19426427772049     29.44385944324214      o 
  -33.03435846071692    132.49246858736902     28.62527207782890      c 
  -33.54351478292926    136.29931507601066     26.27308164961586      h 
  -36.28278643643909    131.64831151096706     26.19111635144715      h 
  -33.21708798749214    130.91220037497456     29.92261928564353      h 
  -31.67770287124583    132.00954516923122     27.16129444772438      h 
  -32.30810562116748    134.11761440429242     29.64643685614911      h 
  -36.91328830966773    135.27005545344107     31.20374570044828      n 
  -38.32836160231074    136.27124045277381     33.32965145233187      c 
  -40.95796368044991    137.23904095576594     32.62131594033349      c 
  -42.34074897171507    138.15067411967024     34.22810133772567      o 
  -36.78095120262726    138.39379909730059     34.50951023330065      c 
  -37.72190806366093    139.35374927543182     37.06049430109677      c 
  -36.16698665301680    141.74353862390083     38.09502208598306      c 
  -34.81561066021620    142.93788486054751     36.55971098890380      o 
  -36.42348309789427    142.28254612679314     40.38643521019781      o 
  -35.37085683103616    136.31710852012048     30.77016126807868      h 
  -38.58458404618521    134.75469376083925     34.73098659983991      h 
  -34.83374467130353    137.73327745016860     34.73773856382265      h 
  -36.73606723954843    139.97303899075331     33.17794500220965      h 
  -39.68195994249640    139.95949437547637     36.93636606418046      h 
  -37.57893755922165    137.87492368833082     38.48972748677825      h 
  -41.70889826350437    136.76231613221628     30.24973968439234      n 
  -44.24025323329275    137.28352303026023     29.43769594388845      c 
  -45.38041592055562    135.22414918887483     27.79529980558878      c 
  -47.67503329035719    134.88486410735035     27.83184859719785      o 
  -44.36166249906506    139.89133199790180     28.26730399753005      c 
  -46.82591054385066    140.14965150713394     26.81019718421007      c 
  -44.03630680709901    141.83379842871557     30.37560442336468      c 
  -40.39637323550146    136.63109252445958     28.87777026284160      h 
  -45.42356699208882    137.31696338406530     31.14516400931514      h 
  -42.77455349441887    140.06770295458273     26.94841811815572      h 
  -47.07530325169302    142.08465795280017     26.16055214560808      h 
  -46.81474916306873    138.91956354057996     25.16556257632839      h 
  -48.42461775303799    139.63451957686163     27.99016710978850      h 
  -44.32415203007779    143.72939643324810     29.62424813851601      h 
  -45.37983318368594    141.52682557069821     31.89445713351326      h 
  -42.13871964018258    141.75787352918380     31.15273950774075      h 
  -43.85729093423252    133.72069558355551     26.46572352372058      n 
  -44.88121958698679    131.21683412340886     26.00825058128915      c 
  -45.09118114013441    129.79822722465437     28.53003777732248      c 
  -46.23896113789924    127.80148783093969     28.66083014092480      o 
  -43.61527715023129    129.61799598607092     23.91885747376976      c 
  -45.58769397158147    128.59787020307715     22.02567938293494      c 
  -44.61790974918310    127.24099191941848     19.53806194997873      c 
  -42.98939971532413    125.55197968295163     19.77801014295285      o 
  -45.65277094881213    127.91978932900481     17.52515584456521      o 
  -41.97547069067178    134.00791403300286     26.35329649331493      h 
  -46.85848036421671    131.51173051993959     25.44325339528006      h 
  -42.25164582450123    130.79698660067140     22.91713989089403      h 
  -42.59240529799033    128.04016215643887     24.75847882541287      h 
  -46.78668194434508    127.21820057932952     22.98686088986515      h 
  -46.78875762008368    130.13987028354168     21.36199519892446      h 
  -44.18823233107182    131.00360925921117     30.57012895414289      n 
  -44.60147089483777    129.92383816700664     33.06497280193030      c 
  -47.33721352576639    130.42600637601095     33.69471286691345      c 
  -48.86500607962633    128.76564231218097     34.16686906746522      o 
  -43.00743998731163    131.15413932866278     35.17349888466485      c 
  -40.73534280951529    129.54716945924699     35.93495967551591      c 
  -41.47849526810732    127.02226052343974     37.34315291779545      c 
  -40.31029540479499    126.60167079118251     39.35035310134075      o 
  -43.11424327114889    125.63685607238678     36.35672961381599      o 
  -42.65500964723995    132.12700020556440     30.35049187960193      h 
  -44.27086961144173    127.87899752419446     33.06125222708928      h 
  -42.37283898121397    133.01758410310376     34.54893980705067      h 
  -44.18730730738505    131.41289798450524     36.84905561947239      h 
  -39.65670742030752    129.03063599237049     34.24749849152627      h 
  -39.49573415210623    130.59746303856670     37.20704104651058      h 
  -47.88734731042676    132.90590789256515     33.69423231773036      n 
  -50.26752796539292    133.75969074597046     34.69353969386364      c 
  -52.32394663973278    132.54679645965894     33.12079251591424      c 
  -54.04090858458279    131.28997310768796     34.04345541624370      o 
  -50.54161267889705    136.60967284119505     34.66146030651431      c 
  -52.21103549517604    137.36217850196360     36.86270332931540      c 
  -51.97382736268751    140.16557597335154     37.45039511089347      c 
  -52.43745804024157    140.63346212628261     40.12458843469578      n 
  -54.28772376934716    141.98270230338318     41.16419649173890      c 
  -56.17025303959585    142.88593267008488     39.77187187011778      n 
  -54.28345724889993    142.36414985953857     43.66426184318654      n 
  -46.45191755613233    134.15680991790919     33.60089262093386      h 
  -50.45758322419222    133.01521902339493     36.62458727100254      h 
  -48.67071695616702    137.45604441298178     34.88479878557140      h 
  -51.34686738390837    137.24547656998715     32.87470498543343      h 
  -54.16947050956045    136.84350343871543     36.49532295699932      h 
  -51.60501482168754    136.32063322033150     38.53907394735745      h 
  -50.04104340651373    140.78522121113065     37.05531290724776      h 
  -53.22538987880924    141.29587352430829     36.27420136137370      h 
  -51.12520196011447    139.88228830203323     41.29164582147767      h 
  -56.38080176328817    142.31080816908121     37.96821688256219      h 
  -57.59829346578498    143.89205583985225     40.52489695588960      h 
  -52.76466323911954    141.90396959952511     44.71618860549677      h 
  -55.53731673182631    143.56841135369271     44.44269289840610      h 
  -23.54806061526529    156.38672930106634     10.98871430095088      h 
  -24.13143607153490    152.56506763744912      5.54952750615172      h 
  -13.93426024447838    151.64796819009192     22.26986497605736      h 
  -52.32247241519789    132.75291176041844     31.24234143243419      h 
   0.7022339297495D-01   0.7398131651148D-01   0.6665704992905D-01
   0.4646751493505D-03  -0.1130944449998D-02   0.3144707793084D-02
  -0.8018174321285D-01  -0.1491640439001D-01  -0.3336619653547D-01
   0.1360631165579D-01   0.1542458645978D-02  -0.6755468995592D-02
  -0.9243996295235D-02   0.1451561403977D-01  -0.1087194586665D-02
  -0.3127515155772D-02   0.4555014272038D-02  -0.2855035388626D-02
   0.5228238731350D-02   0.5478543293407D-02   0.1263261235103D-01
  -0.4229424516839D-02  -0.2851100418126D-04  -0.6522867316930D-02
   0.5402686381595D-02   0.1741960237427D-01   0.6302825400264D-02
  -0.2691878816910D-04   0.2789158037395D-02   0.1802117382816D-03
   0.1576128701638D-02  -0.1082324647572D-02   0.3130520470986D-03
   0.1641755811723D-02  -0.2412425109737D-02  -0.1890944529670D-03
   0.5437921479193D-03  -0.1130536199182D-02  -0.5843944560251D-03
  -0.2582116141020D-04  -0.7291148291440D-03   0.4812990557758D-04
   0.8504998753877D-03  -0.3781858889902D-03  -0.1539176077487D-03
   0.7218165446029D-03  -0.7722705176779D-03  -0.6588946955335D-03
   0.8851745797345D-04  -0.1590310367600D-02  -0.1405995473323D-02
   0.8008134873338D-03  -0.6056568712707D-03  -0.6048255828884D-03
   0.8171660054730D-03  -0.1383815468672D-02  -0.2212676534324D-02
  -0.1625016445625D-02   0.1043597606185D+00   0.7061598473626D-01
  -0.8717757141401D-03  -0.3110177162842D-02   0.5041282332264D-03
   0.1173090642789D-01   0.1152028117156D-02  -0.8345634040874D-02
   0.8893617359948D-02   0.1289910610963D-01   0.2990665666815D-02
   0.1256421058678D-01  -0.2887896969909D-01   0.1004964978589D-02
   0.7621275847411D-02  -0.2067147262312D-02   0.1242405779532D-01
  -0.3764549121581D-02   0.1531778041755D-02   0.6669341226895D-02
  -0.6271844898911D-02   0.1245415071926D-01   0.7551651213131D-02
   0.4990396383583D-02   0.7502606552196D-02  -0.2466988911718D-01
  -0.1000044332330D-01   0.4178026467506D-03  -0.4006405008775D-02
  -0.6925654777991D-02  -0.1467983565371D-01   0.1404663669262D-01
   0.7416168058224D-02   0.2716529148434D-02   0.1167288618819D-01
   0.8960247821757D-03  -0.2110600515709D-03   0.1741915768733D-02
   0.8015292621870D-03  -0.2589425154465D-02   0.4028485464002D-03
   0.1960446709618D-02  -0.2391597002369D-02   0.5067379801402D-03
   0.1848630959651D-02  -0.1903967596912D-02  -0.1564338988581D-02
   0.5662388124559D-03  -0.2035768773251D-02  -0.1283213433359D-02
   0.1583295453214D-02  -0.6324909993218D-03  -0.4399752962060D-04
  -0.5224470759787D-03   0.4796177303242D-04  -0.5592689843286D-03
  -0.2849922216854D-03  -0.6196063784913D-03  -0.2592666107088D-02
   0.1520691971960D-02  -0.1461227009876D-02   0.1122951998980D-02
   0.3786751882812D-02  -0.2122300603773D-03   0.1925197442598D-02
  -0.3577382044725D-02   0.1708356465252D-02  -0.3088815247669D-02
   0.2627868338891D-02  -0.1677319059301D-02  -0.1549771417888D-02
  -0.8567501371000D-02   0.1660333861250D-01   0.5253621623859D-02
   0.6526520251892D-02   0.5784676146264D-02   0.4653101087671D-03
   0.9171135070562D-02   0.3073610684032D-02   0.1183850971659D-01
  -0.9659451687309D-02  -0.5952862700185D-02   0.8825403411254D-02
  -0.9866690580642D-03   0.4652507699794D-02   0.4453653255764D-02
   0.3185331990931D-02   0.4545416573608D-02  -0.2679524900277D-02
   0.7462486528635D-02   0.7220253856434D-02   0.4923519147670D-03
  -0.1246924298567D-02   0.2318545692502D-03   0.2081803437034D-02
   0.1476189838417D-02  -0.3106868381433D-02  -0.1129814940459D-01
   0.6135505164470D-02  -0.1916057672346D-01   0.4434357721487D-02
  -0.8327760974550D-02  -0.7484559130950D-02  -0.2098900414094D-02
  -0.2737990059044D-02  -0.3827168106384D-02  -0.1929070002136D-02
  -0.1994541254996D-03  -0.1545890928752D-02  -0.9871589984522D-03
  -0.1646789459162D-02   0.3423093384939D-03  -0.1473493540634D-03
   0.9522139587448D-03  -0.1114628990107D-02  -0.6351334079900D-03
  -0.3094536754078D-03   0.8884913036543D-04   0.8723224767305D-03
   0.1448098649622D-02  -0.6762555191613D-03  -0.6362154296961D-03
   0.1323179758286D-02  -0.6601453367121D-03  -0.1344472691482D-02
  -0.3154392387904D-02  -0.9431943160566D-04  -0.1398617989119D-02
   0.1458025320762D-03  -0.8105391547802D-03  -0.6949532652323D-04
  -0.4806918795351D-02   0.7568768037043D-02  -0.4220857652776D-02
  -0.2368896944626D-03   0.3147900878020D-02  -0.1445634302357D-02
   0.5253657675667D-03  -0.9938146863910D-04   0.1157237181658D-02
   0.4593158798088D-03   0.6459534236433D-03  -0.1493188956814D-03
  -0.1221781845091D-02  -0.3033831185800D-02   0.2180962479384D-03
  -0.2326484731943D-02  -0.4076669482786D-03  -0.1787269315552D-02
  -0.1221048831578D-02   0.5336668003886D-02   0.1313910530319D-03
   0.8344178367171D-03   0.1057656653488D-02  -0.7468729683026D-02
  -0.4240395859176D-02   0.4055002660796D-02  -0.2808200083603D-02
  -0.4526695602533D-02   0.1203711009137D-02  -0.5789246775571D-02
   0.5332814202913D-02  -0.3438584178334D-02  -0.3113442206017D-02
   0.3260537996985D-02  -0.4320706329656D-02   0.8725423476582D-02
   0.1320296633647D-02  -0.9497088723240D-03  -0.7118108930271D-03
   0.2276219643377D-02  -0.6546976963021D-03  -0.2498171408323D-03
   0.5664220776412D-03  -0.7959829358828D-03   0.3636375121881D-04
   0.5499582689358D-03   0.4189503462670D-03   0.7615670814781D-04
   0.1323351023281D-03   0.5725183820978D-03   0.8150024223254D-03
  -0.7016477983545D-03   0.3988964324928D-03   0.3274609264253D-03
  -0.2061991740516D-03   0.1383507311092D-02   0.1688262308936D-04
  -0.4976891732018D-02  -0.4193676977569D-02   0.4445295441685D-02
  -0.4207732900339D-02  -0.8782424357498D-03  -0.2028672334249D-02
   0.4050798308389D-03   0.3697638980388D-03  -0.1047925202613D-02
   0.4178044010369D-02   0.3078683434181D-03  -0.1057854220727D-02
  -0.1252264484284D-01   0.5999646294738D-02  -0.2900208950662D-02
  -0.1813753962922D-02   0.5827772716029D-02  -0.1389135378938D-02
   0.2809842101180D-02  -0.1815949719681D-02   0.2949597915260D-03
  -0.4771385686985D-02  -0.4277848811081D-02   0.6727171578862D-03
   0.1704655363082D-01   0.6632312146542D-02   0.4617016093624D-02
   0.2968093296341D-02  -0.1633005239239D-03  -0.1104893584035D-02
   0.8735414576230D-03   0.6984831460688D-05   0.3971955572190D-03
  -0.1997897255253D-03  -0.6953985017724D-03  -0.1428402228707D-03
  -0.8223102376784D-03   0.1254425886745D-03  -0.4351595667339D-03
  -0.9785027075763D-03  -0.2114745966649D-02   0.2901119009572D-03
  -0.1824548158578D-02   0.1669294303545D-02   0.8165822123828D-03
   0.3226575719587D-02  -0.2852640454161D-02   0.7613278840582D-02
   0.1428697890955D-02  -0.5303865109350D-02   0.3185324293872D-02
   0.2712457636582D-02  -0.2422932335509D-02  -0.3568870400689D-02
   0.5923009950720D-04  -0.3081052010455D-02   0.1391238759291D-02
  -0.4217725907000D-02  -0.8662251120606D-02   0.8933768793386D-03
  -0.3561187203387D-02  -0.9057524578164D-03  -0.4555082412275D-02
  -0.3236410806060D-03   0.3582183366247D-02  -0.1353226251443D-02
  -0.1813076494546D-02   0.2220749137267D-02  -0.4973633681608D-02
   0.3360191817127D-02   0.6266154031297D-02   0.9411978104946D-02
  -0.2519537811918D-03  -0.2008845766813D-03  -0.4279176343114D-04
   0.2597618077130D-03   0.9741306316453D-04   0.4991641822909D-03
  -0.2192841337458D-03   0.9062408109227D-03   0.5985702082859D-04
   0.1189676139253D-02  -0.3551304364494D-03   0.7222876073425D-04
  -0.2102658702678D-03  -0.7276446507349D-03  -0.2871673838209D-03
  -0.8540319526218D-03   0.9610828556638D-03  -0.1063928310837D-02
   0.4601774951619D-02  -0.1958872752118D-02  -0.6024662865620D-02
   0.3656426390268D-02   0.3819136852911D-03  -0.1585456628599D-02
   0.2666555142424D-02  -0.5596238947700D-02  -0.5099572500399D-03
   0.2907266688327D-02   0.8472862772670D-02  -0.3312473341021D-02
  -0.3348104351870D-02   0.5823971578445D-02   0.5314763114460D-02
  -0.7596737119288D-02   0.6565011319432D-03  -0.1675009704960D-02
   0.8325694468307D-06  -0.6696800388246D-03   0.1159760879265D-02
  -0.1684534071043D-03  -0.5928280601452D-03  -0.2586099537011D-03
   0.1316133682814D-03   0.2530473470925D-03   0.2828375085757D-03
   0.9547369488698D-04  -0.3633390283156D-03  -0.9587443635966D-04
   0.8639121870394D-03  -0.8134905077355D-03   0.9691857804844D-03
   0.1506144909973D-02  -0.5966764572344D-02  -0.3287704820026D-02
  -0.5215151104396D-02   0.2998940120680D-02  -0.1346837217512D-02
  -0.2366522760483D-02   0.2033806839515D-02  -0.3798791190997D-02
  -0.2016147078327D-02  -0.8049118648821D-04  -0.4095273226358D-02
  -0.7677415335294D-02   0.7240155856922D-02   0.3539619802271D-02
   0.1078277406508D-02  -0.9231781833095D-03   0.3542599063953D-03
  -0.1461274619369D-03  -0.4584012661502D-03   0.3031416067109D-03
  -0.6443829258676D-03  -0.3639041474003D-03  -0.2056073784210D-04
  -0.3579684734183D-03   0.1112031695787D-02   0.1955308971343D-03
  -0.1357015383271D-02  -0.3813635061356D-03  -0.3977521528487D-03
   0.2156192992160D-02  -0.1218598409642D-02  -0.1283723236721D-02
   0.2324803707140D-02  -0.1572759045967D-02  -0.1034842090041D-02
   0.3808995440695D-02   0.1395219171991D-02   0.8012662589150D-03
  -0.3955927249542D-03   0.9841821234534D-03   0.5337422167939D-02
   0.6674470947197D-03  -0.4593663425313D-02   0.3736017900059D-02
   0.1142439180293D-03  -0.2407289042924D-04   0.7754884753870D-03
   0.2912102257620D-03   0.5846891696565D-03   0.4581052750769D-03
  -0.8012655911181D-04   0.5462020872747D-03  -0.2402630554906D-03
   0.1420995017651D-03  -0.3575384348778D-03   0.1355667309998D-03
  -0.1312745636328D-03  -0.1859356512138D-03   0.2624870970570D-04
   0.5427542751057D-02   0.3450394943933D-02   0.1790822102406D-02
   0.1472463544525D-02  -0.1772064669234D-03   0.8702237077401D-03
  -0.1544047280720D-02  -0.2711653550325D-02  -0.1497012628980D-02
  -0.5888163019306D-02  -0.4414142020010D-02   0.1380839196196D-02
   0.1857448795993D-02  -0.3844411947010D-02   0.3543744765341D-02
   0.2795384807617D-03   0.3856106561993D-03   0.4206031568443D-03
  -0.3064689526193D-03   0.5854657212355D-03   0.2429057352573D-03
  -0.1094449042234D-03  -0.7362232730174D-04  -0.2496098798390D-03
  -0.1244892248982D-03  -0.1343342829029D-03  -0.6345766656729D-03
  -0.2079723756185D-03  -0.2596119927035D-04  -0.6484122452495D-03
  -0.6143010656824D-03   0.1146003360085D-02  -0.2231820851733D-02
  -0.6061199990858D-02   0.6785265331840D-03  -0.3024075433492D-02
  -0.5291563542736D-02  -0.1239386442311D-02  -0.6887960372343D-03
  -0.4844416846679D-02  -0.2611660666141D-02  -0.9340933199577D-02
  -0.2156567743371D-02   0.5418521164893D-02   0.1564245095089D-02
  -0.2477453155939D-04  -0.1701665577612D-02   0.9329542623205D-03
  -0.9018695343858D-03   0.1437290263699D-03  -0.7723009707272D-03
   0.7259115791467D-03   0.3584988334903D-03   0.3234136871544D-03
   0.1012458195766D-03   0.1159046750706D-03   0.1972675233738D-03
  -0.1031423215955D-02   0.2297924978988D-03  -0.2687497260233D-03
   0.3159832615203D-02   0.1233918826071D-02   0.5172911981272D-02
   0.6462659489402D-03   0.2329668977188D-02   0.2959273564869D-02
  -0.6348459981123D-03   0.7210623308914D-02   0.5308405831535D-03
   0.6145139010684D-02   0.5989943288774D-02  -0.3131766153580D-02
  -0.5902933454066D-02  -0.7945900513246D-02  -0.4411675182369D-02
  -0.1024593252875D-01  -0.1026147350687D-01  -0.5235636297601D-02
  -0.2087706097446D-02  -0.3456941673933D-03   0.2363915375454D-02
   0.6779184295550D-02   0.8499540534902D-02  -0.1990580229923D-02
   0.2757932832451D-02   0.8038504547763D-02   0.1177040704887D-01
   0.1120650857797D-03  -0.2482600894051D-03   0.1069639242069D-02
   0.1362962535213D-02  -0.4332305484004D-03   0.7440277175937D-03
  -0.7635827398896D-04  -0.3391630072787D-03  -0.3019273137075D-03
   0.9785034750472D-04  -0.3206861238403D-03  -0.4798110200205D-03
   0.3997562821007D-03   0.1528965970490D-03   0.4210541206184D-04
   0.5537680022387D-03  -0.1163546825719D-03  -0.5352500514217D-03
  -0.3616472670864D-02   0.2554671176087D-02  -0.3948231623460D-02
   0.2222803388709D-02  -0.4039854279730D-03  -0.3437614771192D-02
   0.8204648986635D-02   0.3429240762437D-02  -0.6174767929316D-02
   0.3861266899553D-03  -0.3410531822610D-02  -0.4624222385628D-02
   0.2208457863331D-02  -0.8328538562902D-02   0.6415070298375D-02
   0.3938366122381D-02  -0.1066271569942D-01   0.2134333197222D-02
   0.3691447835147D-02  -0.1101223823216D-01   0.6864122249074D-02
  -0.2158017200057D-03  -0.2932113300521D-03   0.7181396959571D-03
  -0.6809077053377D-03   0.9979856658515D-03   0.3298334613312D-03
  -0.4196924168167D-03  -0.1291184617788D-03  -0.2836492832568D-05
  -0.6300826351748D-03  -0.3142752614348D-03  -0.4363300785673D-03
   0.6405747859485D-04   0.1289954942840D-03  -0.7344282809493D-03
  -0.5936779582013D-03   0.4225096617002D-03   0.8021176394558D-04
  -0.2943484889653D-03   0.3295939106708D-03   0.6142288464938D-04
  -0.3330839233124D-04   0.1118935535268D-02   0.4076723796452D-03
  -0.9474236452107D-04   0.7877924669448D-03   0.1558141938917D-03
  -0.1547152350719D-02   0.9836242548722D-02   0.7647827747600D-02
  -0.6168670501627D-03   0.3447288140046D-02   0.5067637551746D-02
   0.1384347787841D-02   0.2297613888026D-02   0.1869442669129D-02
   0.3926693484270D-02   0.5542767834173D-02   0.1973724129628D-02
   0.3012779704236D-02  -0.2204107277240D-02   0.5440264849062D-02
  -0.2045777491128D-02  -0.2374411498597D-02   0.2095067699849D-02
  -0.1779402482877D-02   0.2079782972599D-03  -0.5722169572678D-02
   0.1782020117529D-02  -0.4290642380007D-02   0.3263585365422D-03
  -0.3395202661406D-02   0.9391800205393D-03  -0.7222318674426D-02
  -0.3924944406968D-03   0.7681388333347D-03  -0.1359849640467D-03
  -0.2118543966362D-03  -0.1565327361560D-03  -0.3545009863588D-03
  -0.1063697385119D-03  -0.8363825652327D-03   0.8528904191856D-04
  -0.1317727871546D-03   0.5454128155869D-03   0.4076559249551D-04
  -0.4910618166684D-03   0.6435470898527D-04  -0.1061454512385D-02
  -0.2251390978129D-03  -0.1229294607267D-02  -0.1247642503902D-02
  -0.9496032257963D-03   0.3970403334347D-03  -0.7241438519862D-02
  -0.7412230477039D-02  -0.1881981250819D-02  -0.2018022359743D-02
   0.2574621966724D-02   0.7602556312655D-02   0.1443913480190D-02
   0.4144210585614D-02  -0.6090240699886D-02  -0.5665257121038D-03
  -0.2178929160355D-02   0.3938302378710D-02   0.3208478913761D-02
   0.1104186601177D-02   0.3671810014507D-02   0.1570302775677D-02
   0.2790121294746D-03  -0.5531462466462D-03   0.2124901268642D-02
   0.1900562045832D-02  -0.8908973143057D-03   0.2683913966279D-02
  -0.6088327342327D-02  -0.3491275335755D-02  -0.2856428843885D-02
  -0.1606697244261D-02  -0.6253931848100D-04   0.5309877417828D-03
   0.1797916061056D-02  -0.2826219986254D-05   0.3223663369140D-03
  -0.1532334337114D-04   0.1711935856093D-03   0.5002274241733D-03
   0.3068203812932D-03   0.9479497659065D-03   0.5303104372809D-04
   0.3467435648113D-03   0.4008095062343D-03  -0.3932297730638D-03
   0.1915782895772D-03  -0.3966310837034D-03  -0.3989368059802D-03
  -0.2362487233982D-02  -0.2245422815853D-03  -0.1375639257440D-02
   0.6001951024529D-02   0.8278225966063D-02   0.4021698448419D-02
   0.3072145678448D-01   0.3437830674104D-01  -0.8252294235379D-01
  -0.1652055653529D-01  -0.1651995996433D-01   0.4039111853416D-02
  -0.8410839642215D-03  -0.3016282309135D-02  -0.1241769089737D-04
   0.5278961848328D-02  -0.2758668880903D-02  -0.7302912423515D-02
  -0.5452952500055D-03  -0.8759639176989D-02  -0.6444147677377D-02
   0.1230571559522D-02  -0.3175595456766D-02   0.1171692334275D-02
   0.1499590298478D-02   0.1943917228148D-02  -0.2581111960366D-02
   0.1005117820635D-02   0.3590853113424D-03   0.2019230665480D-02
  -0.1048204959104D-02  -0.2162386458916D-02   0.4625990997820D-02
   0.1148388330077D-03   0.5301572939329D-03   0.2642924975671D-02
   0.5910345498968D-03   0.5533290223388D-03   0.3187854467575D-04
  -0.4276926445613D-03   0.7002862411487D-03   0.7949745301962D-03
  -0.2509592715832D-02   0.6764491575265D-03   0.1025784623295D-02
  -0.3371155945813D-03   0.1018615858624D-02   0.8625071338919D-03
  -0.4854394137823D-03   0.5982767549380D-03   0.1054199129913D-02
  -0.4404460200114D-03   0.4771896716603D-03   0.1844039754331D-03
  -0.1836363846159D-04  -0.6917785611458D-05  -0.2116056717347D-03
  -0.5633355855348D-03  -0.3758585979755D-03   0.6010429433179D-03
  -0.2607711633339D-03  -0.1139662896321D-02  -0.4000014812569D-03
  -0.6657792923303D-03   0.1232932419861D-03  -0.2417762718206D-02
   0.2103811822723D-03   0.6140086105455D-03   0.6838592341145D-03
   0.8468308422057D-03   0.1066390469130D-02   0.3968800227711D-04
  -0.7085107118301D-01  -0.9669061252229D-01  -0.6172493793417D-01
   0.6764178921537D-01   0.7952629588582D-02   0.3369804587414D-01
  -0.2666688077662D-01  -0.9956111650627D-01  -0.9506777206713D-01
  -0.1143610672419D-01  -0.1475434822133D-01   0.7576934402095D-01
$end                                                                            
