$grad                                                                           
  cycle =      1    SCF energy =  -212.58421615502   |dE/dxyz| =  0.461279
   40.65630545481112     24.10584403626868     17.52320910123765      n 
   39.58343246212054     23.62864169484532     20.02106918898972      c 
   41.26150586629517     24.44623232222791     22.21048071245541      c 
   40.28200187116884     25.46705351737904     24.06735089731558      o 
   38.94125511421258     20.78529608679708     20.21315173860646      c 
   37.77103926026602     20.17705265301839     22.70166874404240      c 
   36.66539289840232     17.48125480675417     22.69152605291467      c 
   35.89485457670649     16.53710803937418     20.71858160099321      o 
   36.54220968943375     16.31489105181882     24.91395858166695      n 
   40.44404017927755     22.73833054920009     16.18173164942878      h 
   37.83589958268426     24.73511839265353     20.24096857638970      h 
   37.64182631959658     20.31926656542271     18.68451792788677      h 
   40.68070505259429     19.71200973205084     19.95824088227072      h 
   39.14040933410480     20.31969514430760     24.23288768871134      h 
   36.22033502271054     21.47884496000452     23.11276355828291      h 
   37.37958644368052     17.05503042704443     26.47476262453152      h 
   36.07889998353293     14.46866750982459     24.93097611356165      h 
   39.26726157828475     28.84450660634964     28.19963023581172      n 
   39.52551902419238     27.96882542326177     30.84421702247750      c 
   41.07250274511040     29.76781545110234     32.41114655663775      c 
   40.57553343694323     30.18849315218118     34.65951168820067      o 
   40.59901635134511     25.22083354148665     30.94669759259875      c 
   38.64118895245045     23.51967832688049     29.72163155631442      c 
   39.64485097829034     20.82621991579910     29.50130256598706      c 
   41.97114927311881     20.58398974419271     29.22470889697717      o 
   38.07455113358424     19.06484213342803     29.42549283693710      o 
   40.00124767530639     27.81345599714546     26.76542604759698      h 
   37.62714291861295     27.94799160379643     31.68384500157849      h 
   42.38164798181237     25.13828248345365     29.92515093203363      h 
   40.92544738638241     24.68053168460036     32.90459857364241      h 
   36.88356923424865     23.52356045420395     30.80046029415550      h 
   38.24075859797907     24.15285813339749     27.80005128772919      h 
   23.30298873009018     23.49457725356528     39.37324094689935      n 
   25.55420400831283     24.19317501832939     37.96170923142087      c 
   25.73827176851855     22.77793138314371     35.46731623180482      c 
   26.28387419557674     23.93914279914447     33.52231112557634      o 
   27.91202834226097     23.66615554171772     39.53202888858074      c 
   30.35950268781391     24.20950384262544     38.18426816224114      c 
   31.14799804511630     26.69451885706502     37.80090676723335      c 
   31.98838507610853     22.28362683026100     37.51138426620977      c 
   33.60106542654535     27.15675160210021     37.04086071990320      c 
   34.32049454468244     22.75690874037180     36.44986380045885      c 
   35.17983830389839     25.23486853422235     36.29747987961539      c 
   23.58176968602166     22.72804069453023     41.11139055578466      h 
   25.43559324242316     26.20751509257975     37.47482842800162      h 
   27.84879901982183     24.82816657390002     41.23965453409695      h 
   27.88474136265795     21.68533722972148     40.09948803374507      h 
   29.92936811551577     28.24704647229172     38.32064132649994      h 
   31.40765715764128     20.34945071298037     37.80198504278132      h 
   34.26610704700350     29.08636536687159     36.96555749863477      h 
   35.53831360478340     21.22465936177983     35.88085354499172      h 
   37.07427416930199     25.62402782065881     35.65104573163254      h 
   25.38762992177706     20.24221210147995     35.52384494261904      n 
   25.64429843149345     18.81957055751035     33.18446848226245      c 
   23.86521180426385     19.78130566419275     31.18846693714692      c 
   24.48801709771127     19.88639292701277     28.91823544458430      o 
   25.11510124622513     16.01169963822709     33.64033548248086      c 
   27.41469806109960     14.72288579293827     34.80367067246994      c 
   29.36322632552276     13.96711643863911     32.79203569367286      c 
   32.06609537170966     14.08798844417464     33.81802868040853      c 
   33.88864104194500     13.78119325630130     31.69989982279284      n 
   25.08431418405999     19.34080252976101     37.19124882293695      h 
   27.57198924761053     19.07709723070867     32.45691438989650      h 
   23.49772557535825     15.87199561315239     34.90578161087270      h 
   24.62246961934835     15.09872472543510     31.86135047488624      h 
   28.27136188032721     16.01214827182861     36.15920063798660      h 
   26.80633924556773     13.05077927611629     35.83898533867460      h 
   28.95020351762659     12.06460341455338     32.12157495184128      h 
   29.22566398223537     15.25510049071270     31.19104891582076      h 
   32.39834960822012     15.95275898079974     34.62676431806613      h 
   32.38187026933092     12.63472333202678     35.24002549296998      h 
   35.71148970970522     13.62174420684668     32.31907222203766      h 
   33.44235752836394     12.25598077343686     30.59665360280221      h 
   33.70679946375625     15.53726943293066     30.70165966390922      h 
   21.50751547978460     20.23854250086256     31.97267972078014      n 
   19.63459508728701     21.10309403544665     30.17352947309187      c 
   20.11848478957694     23.75943304517659     29.20253125653964      c 
   19.53266441003153     24.43365469672677     27.03527682538740      o 
   20.96903496079934     19.92656602080747     33.79505503165424      h 
   19.57531256237277     19.84004961097535     28.53272658277115      h 
   17.78911554532786     21.07420103369521     31.09394815510402      h 
   25.76514800182457     26.22746707653311     28.52704503855665      n 
   27.84648403221257     26.01726118692251     26.76889581064009      c 
   26.84996892742519     24.99089663206616     24.25523564712513      c 
   27.53753766308855     25.79615804314797     22.19999678652103      o 
   29.94295216899532     24.35492742110649     27.85757423930121      c 
   31.87057982555789     23.54589912083524     25.81859463575589      c 
   31.22646301297981     25.75927075626795     30.01964058829739      c 
   25.83286068452753     25.29273185794114     30.20080183264111      h 
   28.60220665680154     27.90640117169812     26.35633428031280      h 
   29.06050180803310     22.65085577921470     28.62600816992779      h 
   33.41652282847528     22.52448100944474     26.70017616535526      h 
   30.99672076763087     22.34624964043240     24.40251506196620      h 
   32.64710617875001     25.19851125140940     24.87334474727807      h 
   32.64883991897158     24.56611880223273     30.89795376260121      h 
   32.15667530517090     27.46522769345758     29.34489275672957      h 
   29.87028821382083     26.26947394243660     31.47304232045043      h 
   25.15339709136406     23.08667172924249     24.40898692037523      n 
   24.23667438600820     21.99239765159221     22.03288814715886      c 
   22.76833548006201     23.89590842131047     20.49075809436710      c 
   22.88359923875036     23.94770563081264     18.15861921542131      o 
   22.39915287932063     19.74090059236483     22.43925021041154      c 
   23.63167199134747     17.75876136948893     23.64043529893934      o 
   24.74327302991062     22.20429800309257     26.06349164172323      h 
   25.84561284738502     21.34819644593194     20.89852541849588      h 
   20.72395402232515     20.38159896912426     23.47219479442484      h 
   21.80290656612871     19.06961415972410     20.58189569370385      h 
   23.85548517693296     18.18483886363522     25.41561778637276      h 
   19.03174975489310     18.53449099324487     36.36151656252198      o 
   19.34876862187918     18.43717089846227     38.16975710275230      h 
   18.10619726422107     17.03269673058136     35.93315727852706      h 
   29.13703336798713     17.45765246450689     27.30442176351267      o 
   28.82651994380862     16.86372262991800     25.62115583670395      h 
   27.61858574289455     18.34985217032947     27.82266300709898      h 
   25.32079329448133     17.64946375001072     40.36571165170628      o 
   26.70271534343710     17.58818490348584     41.56799949037871      h 
   23.78338266840869     17.47032717845812     41.31211740844646      h 
   33.18518419990308     18.54072697757270     30.62208530729382      o 
   34.89591815793445     19.07134880342364     30.15224641682449      h 
   32.07706005110651     18.84247147657101     29.20114429558065      h 
   40.82733737405874     13.73903052296692     28.64356017565834      o 
   41.70725529815850     14.83973648810986     27.42038068718221      h 
   40.80333529108942     14.74914136219686     30.15446886814449      h 
   36.02849099864950     18.25885268463728     41.18735934628030      o 
   37.28957799981806     18.21851885283204     42.51374384265870      h 
   35.07497231211334     16.72232341710980     41.36620991329068      h 
   39.57320455039962      9.33852620462187     30.89660122564602      o 
   39.33077788924641     10.91308774870636     30.01600277816171      h 
   41.33267978503083      8.94750004884942     30.61753128016121      h 
   39.94474179635006     25.49929120801601     16.85646768816181      h 
   43.12686967595698     24.15427867988885     22.13145481648248      h 
   37.61850016835569     28.97470298988283     27.80314986135270      h 
   42.54846350634946     30.66237611684221     31.64149390073942      h 
   22.33990965881641     24.87361994353272     39.62479995398895      h 
   20.93835218353865     25.04061427960831     30.32389483006129      h 
   25.55944646109699     27.85626803351301     28.97118048024210      h 
   21.66358848469793     25.16197447297717     21.35544011244928      h 
  -0.6231082567826D-01   0.9946699178834D-01  -0.4552040078974D-01
   0.3431603758524D-02   0.7007371968271D-02   0.1220220476585D-01
   0.9179879296430D-01  -0.2403438348624D-01  -0.1935001766945D-01
  -0.1642231177847D-01   0.1659132257765D-01   0.2658758570964D-01
  -0.9519810347005D-02  -0.1146307231804D-01   0.5011659911718D-02
   0.1139475307425D-01   0.1649973484945D-01  -0.1920678888524D-01
  -0.9364890081602D-04  -0.8297677627418D-02   0.1149269357298D-01
  -0.4929615264514D-03   0.1772536842455D-02  -0.3539359695592D-02
  -0.3886319237964D-02   0.1449417539312D-02  -0.4327201696126D-02
   0.2519163809380D-03   0.5371017969666D-02  -0.1424468020431D-01
   0.2615136416916D-02   0.2492285878028D-02  -0.2707268417737D-02
   0.9065996732346D-03   0.1011002839111D-02  -0.1547115746678D-03
  -0.7189464297988D-03   0.8816869675218D-03   0.1309256329851D-02
  -0.3675704323411D-03  -0.1176206257410D-02  -0.1786825576111D-02
   0.1556063202295D-03   0.3808476191928D-03   0.1416166752290D-03
   0.1614535330419D-02  -0.1850195420395D-02  -0.1725264398657D-02
   0.1715107154054D-02   0.2315913554532D-03   0.2254974190860D-03
  -0.1224499093939D+00  -0.1607500673000D-02  -0.3861760073770D-01
  -0.1360419393538D-02   0.4400045101403D-02   0.1872704106143D-01
   0.6334116828955D-01   0.2927659049599D-01  -0.6248896408623D-01
  -0.5223016585252D-02   0.8522923089936D-02   0.2968300599117D-01
   0.9940289486842D-02  -0.1762496551094D-01  -0.1407647767847D-02
   0.1911140861058D-02   0.3404752287913D-03  -0.6625755642887D-02
  -0.1522347967827D-01  -0.2331097066820D-02   0.1028751158288D-01
   0.2146730082295D-02   0.8137603585386D-02  -0.1274828745808D-02
   0.5055537282510D-02   0.7692369356052D-02  -0.6334736242538D-03
  -0.1227393603840D-01   0.5943816589225D-02  -0.1222647483627D-01
  -0.1583274608256D-02   0.1697828772370D-02  -0.1954335139086D-02
  -0.9534360913951D-04   0.4697025884965D-03   0.7015241288454D-03
  -0.5649245339811D-03   0.1610617203346D-02  -0.1341855095373D-02
   0.7480750336140D-03  -0.2809416279360D-03  -0.4071144295428D-03
   0.4200314645849D-04  -0.2062082182654D-04   0.3914183514432D-03
  -0.6018451587294D-01   0.1063047627359D+00   0.1550405822777D-01
   0.3252162064744D-02   0.1836475579440D-02  -0.7484363712438D-02
  -0.3756800073499D-02   0.1287017068107D-01   0.4202146553381D-02
   0.4647156664840D-02   0.6345470658303D-02  -0.3556901024417D-02
  -0.1033491234369D-01   0.8561140308559D-03  -0.7313165585650D-03
   0.4599078267404D-03  -0.8217699420840D-02  -0.3696300131619D-02
  -0.1019792775910D-02   0.7106972921365D-02  -0.9149366806304D-02
   0.3602965955916D-02   0.9193256296196D-02   0.4064222723694D-02
   0.4212184304194D-02  -0.1317679329747D-01   0.5647049747391D-02
  -0.5438466657947D-02  -0.5686957783534D-02  -0.1912904467611D-02
  -0.1166577029947D-02   0.1321346374913D-01   0.8367411830497D-03
  -0.1036087960787D-01   0.2748045158164D-02   0.5184272529779D-02
  -0.3851579248002D-02   0.5977323714317D-03   0.1823457080927D-02
   0.9140961715110D-03  -0.7342641955297D-03   0.1627740417729D-03
   0.3921710447413D-03   0.1109730190747D-03   0.1414074671523D-02
  -0.2002107017529D-04  -0.5504100364739D-03   0.3019318942225D-03
  -0.7118020457704D-04   0.2872100257713D-03   0.6774548046131D-03
  -0.8770922534026D-03  -0.1496018767240D-02   0.1522513812282D-02
   0.5175324324389D-03   0.3662846255075D-03   0.8790064315986D-04
  -0.3708970454312D-03  -0.1618011852599D-02  -0.9633096142254D-04
  -0.1781808558393D-02  -0.2169575375618D-01   0.6318949769519D-02
  -0.6307340704000D-02   0.8187604590157D-03  -0.6113264520651D-02
   0.6644021917344D-02  -0.5883531849267D-03   0.1492168375578D-01
   0.2499884587027D-02   0.2456084963812D-03  -0.1226100679923D-01
   0.1190379804162D-02   0.3516752520390D-03  -0.2178245717815D-02
  -0.2746191176807D-02   0.3897921963596D-02  -0.1454922853070D-02
  -0.2757331366090D-02  -0.8955752278743D-03  -0.1735851565160D-02
   0.2028098730612D-02   0.3098131010312D-02   0.1276467647033D-02
   0.4505195121930D-02  -0.1477070346928D-02  -0.1740441309439D-02
  -0.5387757052201D-04  -0.1321794490540D-03   0.2479252994780D-03
  -0.4581690761397D-04  -0.5388459030735D-04   0.1203344748031D-06
  -0.3958711753742D-05   0.1371295513427D-03   0.7077297262582D-04
  -0.2186512160145D-03  -0.1029532339256D-04  -0.3328764552680D-04
   0.3445207099490D-05  -0.1336998150308D-03   0.5407757431132D-04
  -0.1428116833156D-03   0.7021559344597D-05   0.5895551832889D-04
  -0.5191197218817D-04  -0.1268331265016D-03   0.4144070230893D-03
  -0.5335289417661D-03  -0.3228738830083D-03  -0.2808645914041D-03
  -0.2561116120583D-03   0.5650636556973D-03  -0.8286477721377D-03
   0.3077717147435D-03   0.6855977936734D-03  -0.8729691478157D-04
  -0.2958503504883D-03   0.1068208226770D-02  -0.7148399874190D-03
  -0.1375886040476D-03  -0.4018431298780D-03  -0.1630491583536D-03
  -0.7360620713510D-03  -0.1360648698571D-03  -0.8776011315493D-03
  -0.3803169470325D-02  -0.4299286811111D-02   0.1083659939248D-01
  -0.1459830785153D-02  -0.2768006521652D-02   0.3566988744544D-03
   0.4163081976967D-01   0.3605770006478D-01   0.8402086948224D-01
  -0.7157790588852D-02   0.1675308074465D-01  -0.3596245823039D-01
  -0.1035878388182D-02  -0.1166320272886D-02  -0.4122487946651D-03
   0.5160277329427D-03   0.3894919062585D-03  -0.4265116645752D-03
   0.5326208689762D-03  -0.1452355911728D-02   0.4431716177244D-04
   0.1837968939331D-02   0.1124967709738D+00   0.2741311608130D-01
   0.2318254207970D-02   0.6215838028017D-02  -0.1822000165560D-02
   0.5930736101981D-02   0.1274521071439D-01  -0.3905501493987D-02
  -0.1415747236284D-02  -0.7007809778223D-02   0.3510864626828D-02
  -0.1077797830851D-01   0.6944659832031D-02   0.7731960506096D-02
   0.3742197696023D-02  -0.4027388129582D-02  -0.8412425235644D-02
  -0.4109669432563D-02   0.1522964131610D-02  -0.8541997013084D-03
  -0.1152639720420D-01   0.1081923946622D-01   0.6420197652210D-02
  -0.2069598720163D-02   0.1091827755609D-02   0.2388108441103D-02
   0.9576653280500D-03  -0.6746756731998D-03   0.3012823614574D-03
  -0.9794834631263D-03   0.6555799655450D-03  -0.3359515215952D-03
   0.6367696341058D-03  -0.1243310092985D-03   0.8375997934018D-04
   0.6872525003800D-03  -0.4775829734973D-03   0.3123259643267D-03
  -0.2745673262481D-03   0.7011297589316D-03  -0.5796881769094D-03
   0.5420205824958D-03  -0.6394413099800D-03   0.5997213637579D-03
   0.4496204106457D-03   0.2380478088624D-03   0.9794964035231D-04
  -0.2116409349775D-03   0.1891956956071D-02   0.1125383645346D-01
   0.7202815165381D-02  -0.7151960847735D-02  -0.5807404896246D-02
  -0.5327737380298D-01   0.4211037035412D-01   0.7310638954318D-01
   0.1971598254878D-02   0.4166471002690D-02  -0.3143961282358D-01
  -0.5409675452596D-02  -0.4035236265673D-02  -0.2005368223462D-02
   0.1196478567517D-02   0.6174571532799D-02  -0.6003686861037D-02
  -0.4068760196862D-03  -0.4858971215520D-02  -0.9919367210186D-03
  -0.2216102131107D-03   0.4776580408331D-03   0.1891743952762D-03
  -0.9720404636159D-03  -0.1185868155871D-02  -0.1957395201530D-02
  -0.9804447189757D-03   0.1006812336830D-02   0.4425617320577D-03
  -0.6634582960004D-03  -0.5223200561817D-03   0.2951961266004D-03
  -0.2242903132185D-02   0.2549031720455D-02  -0.1083977094677D-01
   0.1462028862939D-02  -0.2949077182453D-02   0.1083477396098D-01
   0.9261082107758D-03   0.1714917499790D-03   0.9530824081533D-03
   0.1772179099937D-02  -0.1791324909541D-02  -0.8597563594007D-03
   0.3098464452255D-03  -0.6302545102206D-03  -0.3679474614936D-04
  -0.1054262408725D-03   0.1641601573936D-03   0.2465933216817D-03
  -0.5723812342351D-02  -0.3511852264032D-03  -0.5636275957106D-02
   0.6588420945881D-02   0.1029085158402D-02   0.5264268347568D-02
  -0.7473103935822D-03   0.8558517039474D-03  -0.6745796088436D-03
  -0.1306684232764D-02  -0.2262254293084D-02   0.2485682368480D-02
   0.1600503334887D-03   0.1522786709413D-03   0.4652450582297D-03
   0.8678430469041D-04   0.1523704356942D-02   0.5195958958363D-03
  -0.1094184186119D-01  -0.1965790979796D-01   0.1387505607498D-01
   0.1058808222459D-01   0.1522282695504D-01  -0.1227736415733D-01
   0.9691897772480D-03  -0.1599102505307D-02  -0.6775005274233D-03
  -0.5252459244946D-02   0.1488775476226D-02  -0.6712747476628D-02
   0.4761969988336D-02  -0.1512640606303D-02   0.6179041363478D-02
   0.3042306527091D-03   0.5870111585879D-03  -0.8917624417634D-04
  -0.3508909917016D-02   0.3785203229761D-02  -0.2026919731197D-02
  -0.2174630354580D-02  -0.8278754508814D-03   0.3218252418471D-02
   0.6005703530345D-02   0.8729521719221D-03  -0.1874878463460D-02
   0.5235455492489D-01  -0.1173786461528D+00   0.5182227542993D-01
  -0.7280842613332D-01   0.1285214410405D-01   0.6142054892333D-02
   0.1343099917856D+00  -0.1568265919714D-01   0.2823048602205D-01
  -0.5814844563207D-01  -0.3225270600120D-01   0.3755677201960D-01
   0.8213900222477D-01  -0.1095168845218D+00  -0.1636662548147D-01
  -0.3362674656129D-01  -0.4470591994939D-01  -0.5061777149893D-01
   0.2143143033161D-01  -0.1333902342981D+00  -0.3133820892482D-01
   0.4268952129911D-01  -0.4680867337183D-01  -0.4304420611992D-01
$end                                                                            
