$grad                                                                           
  cycle =      1    SCF energy =  -471.16621274820   |dE/dxyz| =  0.707931
   64.83573445181678     45.27983486157360    157.66408372820104      n 
   65.07792205980280     46.85161371862426    155.44988653367304      c 
   62.75639545754480     48.48683686199971    154.98221647298300      c 
   60.71456408595488     47.90498758525641    155.85620446785637      o 
   65.33363922440658     45.03510328032615    153.21623791619467      c 
   66.94438444482667     46.17185866395695    151.11164582790275      c 
   62.66420581810337     44.13236479813966    152.53382231522951      c 
   69.57700853245282     46.77656510240066    152.13488113170246      c 
   64.16527254478018     43.50920890138023    157.42581387813226      h 
   66.72682143465499     48.05526537912835    155.74703065849809      h 
   66.38471752433202     43.39937008687789    153.92427688805071      h 
   67.10601036333270     44.79453895864687    149.58291297154381      h 
   66.05546294506307     47.84417559080298    150.30025659624906      h 
   62.62875082198355     42.10410595024435    152.32291760949818      h 
   61.34521257470512     44.57171136170894    154.03524837159480      h 
   61.97808216891256     45.08669543604349    150.85925225263838      h 
   70.89938128180339     47.04505415217577    150.58071346584319      h 
   69.59616329960966     48.48606058393364    153.26788283268257      h 
   70.24403387571870     45.21081435302039    153.28380868236857      h 
   63.07345390937624     50.53607307256551    153.48585727984607      n 
   60.87911212322314     51.82193632564635    152.46531584785032      c 
   59.36696063281329     50.20238302927076    150.54524987222621      c 
   59.15331181048861     47.91706071553415    150.69495992307003      o 
   64.73616924544339     50.77701693493027    152.59194655662264      h 
   59.59691749150370     52.18777406156871    154.04773324103158      h 
   61.48280206409475     53.59503067195291    151.61756405197761      h 
   58.24106125327457     51.58478216410887    148.74922153117464      n 
   56.74808678702483     50.68895063423550    146.62520478979010      c 
   56.01496349465206     53.16229842605104    145.28315529696042      c 
   56.51971465232652     55.19273977740465    146.30180933455080      o 
   54.49057840731857     48.97062493331629    147.37849372760274      c 
   53.98830456735802     47.07263035093383    145.58140088086930      o 
   58.35579295754319     53.50981257338987    148.76560904147695      h 
   57.95329035605196     49.59149937886598    145.33717643989465      h 
   54.93022549646219     48.14127522429819    149.21985383177653      h 
   52.76775633291575     50.09061932668838    147.56821312805468      h 
   55.08619158446076     45.64750431585061    145.85302092251661      h 
   54.94102033730626     53.05691729119275    143.02117979653929      n 
   54.97084465515393     55.26530139881672    141.37726366983344      c 
   54.74569943330521     57.71312917357787    142.86031737720552      c 
   56.58615526903027     59.05034652906288    143.21396105758589      o 
   52.77072225495858     54.82965698601637    139.50878041849344      c 
   51.27822590165723     52.62796958792220    140.64895370296148      c 
   53.38315005675036     51.09385235676983    141.91124570129867      c 
   56.80239261603948     55.34557349951130    140.41302484898918      h 
   51.66152037220949     56.52574429029698    139.16542703894723      h 
   53.54551124608039     54.24058134527550    137.69476294672981      h 
   49.90519488724818     53.24332916006255    142.05441884142945      h 
   50.29492795287538     51.53745236652838    139.21404037146269      h 
   52.69776030228510     49.74876344724262    143.28494890766848      h 
   54.47057562526403     50.06779601149150    140.48245736844399      h 
   52.32771286487255     58.14587002094535    143.58310743228083      n 
   51.10658922305166     60.41545747411747    144.60906413760108      c 
   50.51375319585729     62.26384643323487    142.39164814584058      c 
   51.87090169199637     63.99954548462646    141.72286357089496      o 
   52.54435407541889     61.53015826417031    146.91067037461136      c 
   54.90318191639603     62.63924909849678    146.45697685970106      o 
   51.07850219716546     56.81391846864319    143.03494441201045      h 
   49.28487313967346     59.79694684310509    145.36836860280050      h 
   51.36355651847172     62.99483991564566    147.75953172666567      h 
   52.77758679690810     59.98108818186935    148.27187723259311      h 
   55.92085318764453     61.46841555379761    145.43729060088486      h 
   48.37463241882314     61.66913899852764    141.13413156585756      n 
   47.54196479569058     63.38202554319889    139.14030784712858      c 
   46.96073106939630     65.95296786808262    140.37205312904038      c 
   45.38537232457797     66.11217361588820    142.03725145218829      o 
   45.20869581886418     62.43322777399769    137.64863342823915      c 
   45.89036203086278     60.39879441040230    135.68312985198949      c 
   43.12365703582955     61.53105914301759    139.42856041924404      c 
   47.01864053039619     60.58472679041424    141.92216663901999      h 
   49.13400148260340     63.59734767419901    137.83297604757243      h 
   44.50155857925566     64.08948925583084    136.62546090793850      h 
   44.19611859228419     59.84038373776681    134.66955500053047      h 
   47.24703810193961     61.12949022790587    134.32635487114470      h 
   46.68685768923631     58.74135009694105    136.59652444249022      h 
   41.34765338726007     61.40196031741803    138.40262877187885      h 
   43.53895674428640     59.65928123725498    140.17059599764360      h 
   42.86735592152996     62.86557004584816    140.96755927040405      h 
   48.36658827025182     67.89235523121309    139.58833946946248      n 
   48.45313736138246     70.40940823836610    140.71415596543207      c 
   45.78376184569987     71.35025632034906    141.49667841150244      c 
   43.93010162738286     70.89737782761111    140.18933349327975      o 
   49.74934250897327     72.25491804655401    138.83933479038765      c 
   52.36328805814521     73.26234972549652    139.65023888139109      c 
   54.18079377919603     71.32649420101689    140.83391712655984      c 
   54.01997418861121     71.37239753159461    143.59614205228701      n 
   54.60198880976102     69.49685957385999    145.18387578672599      c 
   55.56469744523792     67.34132924400419    144.36103414855734      n 
   54.17663041189639     69.79661685519140    147.66526822618945      n 
   49.67491040185665     67.56929678780982    138.23661387584946      h 
   49.58128975515690     70.25105154065011    142.43739492131618      h 
   49.92961384413987     71.29836791626308    137.02471478970961      h 
   48.51677850612856     73.87784428699753    138.53967031784399      h 
   53.24927700086735     74.03995540983753    137.96369744969766      h 
   52.10921694348696     74.82969123711023    140.96597015771241      h 
   53.72125040029120     69.42964089821244    140.16839650611595      h 
   56.11544308593306     71.78386279674982    140.26963901396670      h 
   53.62668429497518     73.08986634365203    144.34010454852123      h 
   55.59588368801032     66.97674776671244    142.49160500585381      h 
   55.53067439538124     65.76822211502437    145.47972430580256      h 
   53.77531042565964     71.50922834552642    148.39117343761146      h 
   54.80998498215891     68.46037422658713    148.86491816447290      h 
   45.69200235361588     72.75781825980202    143.63900970820251      n 
   43.32669307842140     73.49395976690306    144.83841953223765      c 
   41.47675648118364     74.65976964505241    143.05264616227086      c 
   42.11857742583270     76.11669023287206    141.36015812962182      o 
   44.04526668266131     75.52209558286764    146.78587726596567      c 
   46.65055340529939     74.63778355592983    147.63316628420503      c 
   47.81762252935813     73.65519323732846    145.17863490279231      c 
   42.45441811294008     71.85273352770299    145.76110362470979      h 
   44.19448897671832     77.35460038248810    145.85389824460711      h 
   42.66992292563743     75.62527674979836    148.31093026351888      h 
   47.76455039470139     76.15966303578503    148.44514705677264      h 
   46.44364192633675     73.12298405566408    149.01205449701300      h 
   48.76807423244151     75.20547200251954    144.19468069206150      h 
   49.13708979482603     72.12466688440090    145.57471946753722      h 
   38.79371022953632     60.83997510701802    153.18909241111382      n 
   40.60184619649001     59.64971593771811    154.92413354836904      c 
   42.45947219897545     61.71264355992924    155.72278945338655      c 
   43.49033103576673     63.12469241440950    154.21527049083704      o 
   41.96267968317459     57.40965425857491    153.69065180295163      c 
   44.34436089373909     56.66158690662558    155.07451293353009      c 
   45.37344723448623     54.09403188753803    154.24872885769884      c 
   46.51938720949574     54.00122220935949    151.76894314052726      n 
   48.63906223804855     55.15102142937889    150.99516476426066      c 
   49.80299168637746     56.88446321710801    152.39861080954236      n 
   49.60730391664978     54.61827622770488    148.70617414682559      n 
   38.94859758901961     60.39388235182290    151.34002788441816      h 
   39.56588637406679     59.02759668395426    156.60094338709868      h 
   40.69602873562632     55.80159246771110    153.61935445884430      h 
   42.46063732198168     57.96837299698026    151.76359827026582      h 
   45.72510067193742     58.17674893191745    154.89634819134142      h 
   43.88692530684331     56.50327268465769    157.08475920223782      h 
   46.77380006748589     53.44275637921403    155.61427632056601      h 
   43.83036779263720     52.72426227026460    154.23327179610857      h 
   45.80808778309937     52.63711412032331    150.63961708105145      h 
   49.27533058506710     57.27568948597678    154.18090915924847      h 
   51.44481631051191     57.67521738292383    151.84153294512316      h 
   48.69029612383571     53.48811595702355    147.47770997170213      h 
   51.10635459826827     55.60613990593625    148.05808994305613      h 
   48.00335117801548     65.60616042873801    157.12208175139651      n 
   50.11681617535871     65.72210334227135    155.35434290071348      c 
   52.24909973569159     63.85425390784933    156.04265390410012      c 
   53.28771432071741     62.69061743715140    154.34262409594092      o 
   50.93528345322322     68.51622563996798    155.35511628031787      c 
   49.47710895324565     69.72701896279520    157.54247056307750      c 
   47.08139356063789     68.14140123783854    157.72421421094325      c 
   49.46280286137013     65.12659339405477    153.48188957363740      h 
   52.96926654463572     68.70731353289823    155.57954143040843      h 
   50.39723055144131     69.38885123124906    153.57281085339912      h 
   50.52589693177670     69.57163728955398    159.30782806577898      h 
   49.05563603262166     71.70526633929811    157.19421842257549      h 
   46.26906260767895     68.25340155678647    159.60454093170972      h 
   45.67048330818297     68.71201791645393    156.32116451886085      h 
   53.57968518639672     52.02566494901917    160.48592262203405      n 
   55.18508349999772     50.11528823876522    159.40677353501547      c 
   54.28637946328231     47.38474369420183    159.68580146490046      c 
   55.48635025889057     45.67550887749788    158.69785417196499      o 
   57.95797254609921     50.25364080176083    160.46055712446903      c 
   58.38665148763196     48.63639183021584    162.56708438000530      o 
   58.73303062833804     52.99569138949774    160.92682014812959      c 
   53.16968613390531     51.88939941051134    162.34461240038925      h 
   55.29065966458953     50.52370108137300    157.38234083565874      h 
   59.14775509968059     49.43259620642051    158.98162718613420      h 
   57.87841576053363     49.50496151648694    164.09055277545374      h 
   60.74449492500868     53.07906822375550    161.33768630477434      h 
   58.34927651785340     54.13573225973467    159.26843014758418      h 
   57.70845782526634     53.81552228396965    162.50813247870855      h 
   43.93435499911693     44.81296577294346    153.76111745070074      n 
   43.59548231399815     45.45550907554116    151.09667447879374      c 
   42.37319431658874     48.06303771008604    150.77036731226886      c 
   41.69953338697888     49.40103009622901    152.52189541289059      o 
   41.83600725851296     43.41399547988891    149.98941602781647      c 
   40.38920982224369     42.49418138545862    152.34076444535808      c 
   42.23627771760260     42.80564091983091    154.56136195062501      c 
   45.46408096863421     45.49258031042378    150.21265797173521      h 
   40.58169325038646     44.17837209331331    148.55694994622408      h 
   42.95519951518703     41.88558598152914    149.18863306201027      h 
   38.74890264653474     43.69857258416585    152.66322345994234      h 
   39.76815280384497     40.54849039620486    152.15170081363664      h 
   41.19067894017215     43.30174837425932    156.26109318586367      h 
   43.34915135204412     41.09586299721194    154.88784415358288      h 
   42.04667433328484     48.74049942773430    148.33039024654991      n 
   40.76339602801526     51.11053179911774    147.71790837327364      c 
   38.28079495725119     50.30823730558642    146.47738612917721      c 
   37.86227594662704     48.10897921237206    145.89868210833549      o 
   42.62198864138644     52.57682787238439    146.02349857777335      c 
   44.76724173332769     50.64997021357267    145.59734477139099      c 
   43.53109453701771     48.07277821953272    146.13878197959605      c 
   40.31711652594445     52.05516231914426    149.49856797172276      h 
   41.72514881383981     53.05887256795577    144.23478505916901      h 
   43.26797124218830     54.29945122226152    146.93567046172771      h 
   45.53772139093807     50.73863177831942    143.69374405430801      h 
   46.28503582580250     50.87471960189673    146.96826984874596      h 
   42.27240669355293     47.48693920143130    144.61300691605683      h 
   44.88551578784773     46.57862261636110    146.50413459111982      h 
   36.52787996275577     52.15507233606373    146.32819932814195      n 
   34.07444728709620     51.44487817654901    145.37716405784329      c 
   33.78844138332777     52.00010404150776    142.57323911008575      c 
   34.32838180499290     54.02916941480063    141.58684887083015      o 
   31.80536629899781     52.78499464319385    146.52567030677017      c 
   31.33037817970485     52.44143156812899    149.33799518237046      c 
   28.71360540757175     53.52812867450125    149.85272059422962      c 
   31.50249816649340     49.67462922443040    150.11575672053633      c 
   37.01344195232426     53.99356867999204    146.39226428607307      h 
   33.93524511880953     49.40841632877422    145.68656255202654      h 
   31.92060920645003     54.79426877432338    146.06501655040884      h 
   30.16492596790724     52.02983034078222    145.51984062126934      h 
   32.73204963437016     53.50611343068672    150.42510286912179      h 
   28.33722575399404     53.59982954426273    151.86991556496588      h 
   28.57436545043527     55.42798690310314    149.08661670098977      h 
   27.29377749527635     52.34073854458523    148.96320383683911      h 
   30.79492552854596     49.43698241965274    152.02778491974505      h 
   30.38824909199613     48.48712619869569    148.85847117164482      h 
   33.45281378625378     49.02780451280163    150.08066956391892      h 
   35.74450832694512     61.32156230390550    161.19478839642505      n 
   35.94275364194599     59.12908038640965    162.81776261266404      c 
   38.66073922564247     58.32807420504049    163.28338184240948      c 
   40.37137896571746     58.65222490777476    161.75936914617233      o 
   34.30425670672243     57.00815019432241    161.79841690136118      c 
   35.31238599670742     56.03606934149060    159.36405703582199      c 
   34.97242940862576     57.45065845384210    157.18137729104234      c 
   36.49927335369627     53.69443332258835    159.27089513918267      c 
   35.71367708242037     56.50475367119895    154.87002909592147      c 
   37.31327709735675     52.76594503323896    156.98123047464284      c 
   36.90309732186905     54.16419513699437    154.77221159616724      c 
   37.64037638181958     53.15498539317431    152.50702984383722      o 
   36.93117966765995     61.57735596272599    159.72307854063874      h 
   35.16860524713402     59.69557372608944    164.65418749796618      h 
   34.20909005330275     55.51574397565761    163.20833533852155      h 
   32.41561092213222     57.78305904225741    161.52246671597339      h 
   34.00805466281752     59.24537399282804    157.26377369900590      h 
   36.70483210181784     52.61609400789445    160.98623416433279      h 
   35.31795799445351     57.55086031134444    153.16363818845883      h 
   38.23171194639014     50.95676176882582    156.79914447060708      h 
   36.86920385940243     54.12243421079734    151.16015767608761      h 
   60.36818877194384     38.52040725124886    148.75644161221140      n 
   57.97013530154339     37.70862788529500    147.63361416305003      c 
   58.38266247608599     36.09767376455293    145.23430909162650      c 
   60.02192565436391     36.56487705386282    143.66494090430115      o 
   56.57995514452001     40.19072455891246    146.88193841398248      c 
   58.37337755481028     42.32928410396925    147.62914078658633      c 
   60.91404668579297     40.99843484676572    147.68602859219612      c 
   56.91994188280124     36.58112316069667    149.00455958897402      h 
   56.20514818701771     40.19259274444257    144.86028859686829      h 
   54.74988027622351     40.30798039866642    147.80503275461987      h 
   58.39041597894816     43.84858640694425    146.24636111423231      h 
   57.92056802780982     43.11889664986738    149.47327718163854      h 
   61.54210030283615     40.68822854613972    145.73471378097389      h 
   62.36824949601955     42.02329983246068    148.67635477760328      h 
   58.76923194923380     39.99464635763071    138.61695223959549      n 
   60.65551546659431     41.96461839781249    138.26691380445939      c 
   62.30610218322685     41.23353540210704    135.99339640029129      c 
   63.13263322161652     39.06730607490579    135.77667468590772      o 
   62.21288703240953     42.06018201424604    140.69094799368364      c 
   64.32966614835264     44.01822039631863    140.85687850910298      c 
   63.28331255617447     46.65046642215881    141.36774280776919      c 
   66.13139010243941     43.24939507415720    142.99459494404579      c 
   59.09745161574025     38.58907504698899    139.87509998199849      h 
   59.67941687082322     43.74152203800293    137.87468250657636      h 
   60.87182276936844     42.38709722466155    142.22491295960074      h 
   63.00069631091102     40.16782393710569    140.94722518537552      h 
   65.37823672865308     44.03468004728700    139.07324948770474      h 
   64.82229959163401     48.00204789355461    141.51779199884743      h 
   62.02896722357269     47.23177240458141    139.85298110145550      h 
   62.23255157884147     46.65668361278412    143.13548915121561      h 
   67.67185916341153     44.59871443020813    143.12511215580201      h 
   65.13044051930727     43.23233013905397    144.78625697993903      h 
   66.92743654479786     41.39062255169468    142.64896609956369      h 
   69.27482279642932     50.02459665443674    133.24662154152279      n 
   68.35414195462594     51.27660253635993    135.51164779926486      c 
   70.21690599611178     50.55707687212410    137.66894262841151      c 
   71.22924491558841     52.13678083899524    139.03024996198818      o 
   65.65059449493353     50.42788165765097    136.10494417409396      c 
   63.52948788294493     51.42133981135169    134.40457702944377      c 
   61.09315124179751     49.87326910665058    134.72771928087010      c 
   60.98754861971960     47.78093991378239    135.72735288303960      o 
   58.99756997589050     50.92636138729771    133.78290729235042      n 
   68.12955645032820     48.72764645083200    132.42666273584774      h 
   68.47074083474412     53.33068771813815    135.26890133997824      h 
   65.61000561532066     48.36238529202861    136.05728945778964      h 
   65.23147685597829     50.98804256176843    138.04650607359812      h 
   63.12873275866012     53.39848386701273    134.81228210732260      h 
   64.07885275021077     51.26076214178213    132.42203349346494      h 
   58.99987574541657     52.63886179878553    132.95360892737531      h 
   57.36106654223956     49.95521452414641    133.89169090183506      h 
   74.58402706590226     54.65022781553387    142.34219495089417      n 
   74.39434687896454     54.57420097171221    145.05189833667458      c 
   76.99099655623903     53.99397764276568    146.17941764334319      c 
   77.62193090251081     54.89740885898990    148.21151803953180      o 
   72.42669730970678     52.71056649391926    146.08792651256405      c 
   69.85908202158953     52.93430056215946    144.80137310227579      c 
   72.15385961785282     53.35929068380603    148.85738279362195      c 
   67.92664397956179     51.11746956945959    145.90626093003317      c 
   73.57119461728193     53.45180366480601    141.25631714389993      h 
   73.92061863826122     56.48459386255563    145.71539740086337      h 
   73.15842237079501     50.78970274705304    145.84145472010647      h 
   69.17197708287767     54.87104898970905    144.99679213936747      h 
   70.05268025878512     52.55826813476452    142.78929591834691      h 
   71.22745923246967     51.84061918250229    149.88289470072846      h 
   73.98382339123945     53.68983980963203    149.72140443922328      h 
   71.03826852026862     55.07199047536548    149.06783079189759      h 
   66.18900406189034     51.16492362408015    144.80864962961562      h 
   68.64676407807093     49.19206356221732    145.89207483518851      h 
   67.46268764383413     51.62411049692498    147.83843091991520      h 
   66.36064188699265     45.08506718826127    158.39160337728799      h 
   39.63546568913412     74.26407476712058    143.20801007719041      h 
   37.21046531704707     60.40596680741724    153.63354073850414      h 
   42.87784149851791     61.95154438835864    157.55007095505201      h 
   46.58643220628944     65.17600184029072    156.28550169635028      h 
   52.75219302696416     63.61855376438512    157.84886727634517      h 
   54.30803454536199     53.55117841080322    160.29916646720611      h 
   52.72179750524428     47.00125349377258    160.67377045548028      h 
   45.58664356816844     44.56625158307067    154.07992235229457      h 
   33.12387205470621     50.66800383051230    141.40922845758718      h 
   34.20818287486504     61.35124453722747    160.46582677721264      h 
   39.13239224735395     57.48545422341088    164.90775838666991      h 
   60.48471286370091     37.91870807657154    150.34292899377422      h 
   57.28526200974699     34.59489731682726    144.90500781968598      h 
   57.30957246556665     40.69291186605411    139.14076656166216      h 
   62.71867044910434     42.52050516947762    134.67257831770775      h 
   69.57664033068995     51.18431451249436    132.03975674446028      h 
   70.63280309040492     48.74222049866618    137.99203721905965      h 
   74.11409918804902     56.18616285136667    141.78305871760250      h 
   78.19222237837658     52.86609569409691    145.25421334261418      h 
   0.1133129536690D+00  -0.1767832566177D-01   0.2627636694425D-01
   0.4671166643707D-03   0.2600817863606D-02   0.1145307683964D-02
  -0.1953456424189D-03   0.4527710028336D-02  -0.5608622546317D-02
   0.7372302216423D-02  -0.9611317672943D-02  -0.5722277033583D-02
  -0.1049830727651D-02  -0.9230079764428D-03   0.8262362944923D-02
   0.2010283518344D-02   0.3447687757875D-02   0.4034296297335D-02
  -0.7995567992330D-02   0.2418940912725D-02   0.1210873175409D-02
  -0.1877702012874D-02  -0.5606003320137D-03   0.8828172928582D-02
   0.1112167937613D-01  -0.4233992220672D-02   0.9596547723976D-02
   0.8842036099169D-03  -0.6587654392126D-03   0.1953003640618D-02
  -0.2272494313175D-02   0.1089070815611D-02   0.7135415055979D-03
  -0.9426310451799D-03   0.1110560422315D-02  -0.1160948226700D-03
   0.2064912663503D-04  -0.2115682764995D-03  -0.7229326620875D-03
  -0.1079280879768D-02   0.3882323556207D-02   0.3253962675011D-02
   0.5525246590354D-03   0.3020652834699D-02  -0.1183521662514D-02
  -0.6128978210577D-03   0.1174841023773D-02  -0.4369189698124D-04
  -0.1175674348222D-03   0.3641067360846D-03  -0.6110975724921D-03
  -0.6557346946163D-03  -0.1636202332999D-03  -0.4470183325445D-03
  -0.1800600859007D-02  -0.5766141188771D-03   0.1419574596679D-03
   0.2627925735603D-02   0.5656334890669D-03   0.1914797563462D-02
   0.1253112007652D-02   0.2374161459250D-02   0.1524391046523D-02
  -0.4175733708127D-03   0.6245686667467D-03  -0.2539654246387D-02
  -0.1799676334299D-02  -0.2695654660333D-02   0.3796197959010D-02
  -0.6968611628462D-04   0.1035237802961D-03  -0.9040873969800D-04
   0.3167218957029D-04   0.5858127420926D-04   0.5305967209137D-04
  -0.6798397397284D-05  -0.4467552656125D-04  -0.2653913351406D-04
   0.1910918927502D-02   0.1338170600353D-02  -0.1361770219654D-02
  -0.2001462701763D-02  -0.2706521869915D-02  -0.7215040384669D-03
  -0.1319001644165D-02  -0.3501559034428D-03  -0.3106468874101D-02
   0.1186758504742D-02   0.3947018188471D-02   0.3125290548655D-03
  -0.9428398050666D-03   0.1970690904721D-03  -0.5773704976209D-02
   0.5685353877538D-03  -0.1268271104864D-02  -0.4429430470959D-02
   0.1080855960967D-04   0.2379600482533D-04  -0.1418832022361D-04
  -0.4511588793346D-04   0.4385187091400D-04  -0.3375871720659D-04
  -0.1123755421359D-03   0.5970935988443D-04   0.1602111318982D-03
   0.5656770380676D-04   0.5436078970474D-04  -0.2400019840580D-04
  -0.2387580486406D-04  -0.8896476267693D-04  -0.7546985597948D-04
   0.3665338241223D-02   0.2413911131178D-02   0.1090175730730D-03
   0.4578307088352D-02   0.1428665526688D-02   0.7174309901595D-02
   0.1920088213940D-02  -0.5496471502770D-02  -0.2457195004682D-02
   0.7498928762691D-02  -0.9996797968737D-02   0.2445659969620D-02
  -0.3325132193206D-02   0.2760512265341D-02   0.4298877594195D-02
  -0.3085368273419D-02   0.2055988333940D-02   0.1405554294261D-02
   0.6401807679895D-03  -0.4824025154763D-04   0.6608850642630D-02
  -0.6981491851492D-04   0.8267384473455D-04  -0.5146940226572D-04
   0.4530401133943D-04   0.1502022455496D-03   0.3806841980504D-04
  -0.9809592666878D-04   0.1631198334232D-04  -0.1774522758770D-04
  -0.1803896241604D-05  -0.5011200281512D-04   0.4651080744664D-04
  -0.4955112038697D-04   0.1561673100501D-04  -0.1827997273138D-04
   0.1030024493410D-03   0.2173531412430D-04  -0.1241538013617D-04
   0.5291098876363D-04   0.1079158798496D-04  -0.5934195557586D-04
  -0.1928601211789D-02  -0.3640217319787D-02  -0.5026892402003D-02
  -0.3465580016348D-02  -0.2077152374840D-02   0.1528068208380D-03
  -0.2719321723234D-02  -0.1044660590158D-02  -0.2625565884454D-02
  -0.2239068770054D-02   0.3978361144410D-02  -0.4548294574964D-02
  -0.1115626606668D-02  -0.1290751475220D-02   0.4419805242025D-02
   0.2770741407050D-02   0.9891601619396D-03   0.1938715288227D-02
   0.1180129486618D-03  -0.8364632662298D-04  -0.4961161721884D-04
  -0.1572949951869D-03   0.2038020630937D-03   0.1237309221677D-03
   0.5494971835224D-04   0.3177436039377D-04   0.1987424583125D-04
  -0.1515456906766D-04   0.4427880093031D-04  -0.1699817269031D-04
   0.4895630004222D-05   0.4876295390593D-04   0.4988747587115D-04
  -0.2326042397385D-03  -0.2471891135426D-02   0.1801188331628D-02
  -0.7708080892306D-03   0.2288918605417D-02   0.7244426265303D-02
   0.1224626443849D-02   0.6856356853870D-03  -0.8446449947753D-03
   0.4035667826988D-02  -0.1186221951604D-02  -0.1204806740547D-01
  -0.2628620766226D-02   0.3768764113886D-03  -0.2843586260903D-03
  -0.8553219465687D-03  -0.3965082084760D-02  -0.7298182003812D-02
   0.1346570350793D-02   0.3229831468179D-02   0.1618899436050D-02
   0.9305816800789D-04  -0.5235776594801D-04   0.9032274438314D-04
   0.1842786928527D-05   0.3756342028240D-05   0.7395991546591D-04
  -0.1380924274404D-04  -0.9885563115236D-04  -0.1183433709728D-03
  -0.9593104538622D-05   0.4066241096229D-05   0.5028704820894D-04
   0.1535529657461D-04   0.8699559785762D-04   0.5626003865791D-04
   0.7678407517742D-04  -0.3080117044566D-04  -0.4526761853882D-04
  -0.1474382684415D-04  -0.5653308940947D-04   0.4647339831533D-04
   0.1888076777101D-03  -0.1006626763130D-03  -0.1297935757263D-04
  -0.2442681806405D-04  -0.1132635654806D-03   0.4893161516060D-04
  -0.3467727224489D-02  -0.3448941686494D-02   0.3997416405440D-02
  -0.1116388664452D-02  -0.3397945794615D-02  -0.1662464537755D-02
  -0.4557994096968D-02  -0.3918536467623D-02  -0.1896835495309D-03
   0.1574403115907D-02  -0.1963693435365D-02  -0.5281485464250D-02
   0.1521434652468D-03   0.8716020121303D-03  -0.5775992266199D-02
   0.1284698628632D-02   0.2012313189939D-02  -0.3673167721483D-02
   0.1428986591198D-02   0.4094083430674D-03  -0.3495619822871D-02
   0.2705047333719D-02  -0.1910315756580D-02   0.1589555066267D-02
  -0.5584769094744D-03   0.1271895699608D-02   0.1266362311315D-02
   0.2777539793407D-02  -0.2676212342317D-02   0.1170304354102D-02
  -0.1008283189670D-02  -0.9627058349286D-03   0.4601447757313D-02
   0.6698172580101D-03  -0.3871944675913D-03   0.4331910000460D-03
  -0.6775710619790D-03   0.6859619315738D-03  -0.1986042754973D-03
   0.6760804141132D-03  -0.5834501201473D-03   0.2806219549259D-03
   0.8844356638338D-03   0.1268418336632D-03   0.1279985753228D-02
   0.3792721498959D-03  -0.2060191206949D-03   0.1987785626982D-03
  -0.2645434254936D-03   0.3681345293387D-03   0.6686101571336D-03
   0.1207605382714D-04  -0.2298944219077D-03   0.2669335873811D-03
  -0.7122349900627D-04   0.6028962615914D-04   0.2793051224200D-03
  -0.8738825191685D-03   0.4544507829232D-03  -0.3165441943833D-05
  -0.3969425940178D-03   0.5521146436614D-03  -0.3719253977215D-03
  -0.2716335319008D-03   0.1779383456017D-02   0.8666542162197D-04
  -0.3290755700202D-03  -0.1589407689041D-03  -0.6323060251475D-04
  -0.1700503117180D-03   0.3768050794135D-03   0.1743132778124D-03
  -0.5936692325102D-02   0.4158700023193D-02  -0.1647886697794D-02
   0.7126703503367D-02   0.2354806914884D-02   0.1163319232317D-02
  -0.7489110282512D-01  -0.3204679911485D-01   0.4228896348445D-01
   0.2249251307937D-02   0.1179551125934D-01  -0.1700266280678D-01
  -0.3379710185390D-02   0.6887307210747D-03  -0.2436753590248D-02
   0.8112190927211D-03   0.2012668568402D-02   0.3190473788594D-03
  -0.1385790411923D-02   0.2010651750122D-02   0.1667160480795D-02
  -0.1021603805638D-02   0.3464153247725D-03   0.1016579151118D-02
   0.1671835288451D-02   0.6594039290661D-04   0.1209853339790D-03
  -0.9282131472803D-03  -0.7952870166955D-03   0.1035351376412D-02
   0.5044200050691D-03  -0.3901263299505D-05  -0.6700354406463D-03
  -0.6496421021288D-03   0.1974470902674D-03   0.5772614815481D-03
   0.2307108050812D-03   0.1492035174807D-02   0.1508021633226D-02
  -0.3297861804104D-03   0.1338597960242D-03   0.7759606773982D-03
  -0.1135121168195D+00  -0.3308177866552D-01   0.3083189002274D-01
   0.4815827976227D-03  -0.9488999765768D-02   0.5883963230605D-02
   0.3003276556224D-02  -0.1993805955793D-02   0.8729728329290D-01
   0.7522963983563D-02   0.9000813777173D-02  -0.4860205253356D-02
  -0.2956333990673D-02  -0.2915756996032D-02   0.9173753715707D-02
  -0.2720332076290D-02   0.8607782861018D-03  -0.1096414845056D-01
  -0.3699626500054D-02   0.1509307860965D-02  -0.6469348990024D-02
  -0.1008972089564D-01  -0.6263224131013D-02   0.1493537056250D-01
   0.3283495688059D-02   0.4917636828846D-03  -0.4205436517158D-02
   0.5896380473447D-03   0.3641233854734D-02   0.2027605637772D-02
   0.3651213804308D-02  -0.4368590213098D-02  -0.3605154626339D-02
  -0.1377169581836D-01   0.2946364692211D-03   0.1373492743752D-02
  -0.4033239021433D-02  -0.1364610406743D-04  -0.1619554137206D-02
  -0.6927042285370D-03  -0.3458214370310D-03   0.1750247748874D-03
   0.9413186948114D-03  -0.4877989695734D-03   0.2525512456002D-03
  -0.8056372839177D-03   0.3569157346144D-03   0.6383805953225D-03
  -0.7076568717525D-03   0.1038542772524D-02   0.2716790441875D-03
  -0.5246744005362D-03  -0.2961362219997D-04  -0.4230228533313D-02
  -0.5862152915377D-04  -0.2069142456769D-03  -0.5946417931003D-03
   0.7186032687319D-03  -0.7403230922905D-03   0.3145906053781D-03
   0.1700420496228D-02   0.2500206954296D-02  -0.1949541947750D-02
  -0.6017348695590D-03   0.3108431659986D-03   0.1014853488827D-02
  -0.4230309224145D-03   0.5072049575440D-03  -0.7450991252237D-03
  -0.6334233897849D-03   0.1665345093803D-02  -0.1344315338389D-02
  -0.8711058410470D-01  -0.3019512498385D-01  -0.6642905575503D-01
   0.6771526106914D-03   0.4163247714110D-02  -0.5263836920958D-02
   0.2253932208482D-01  -0.1348185540932D-01   0.9040058960877D-01
   0.5202751751793D-02  -0.4331544242892D-02  -0.1325624794397D-01
  -0.7247265488639D-02  -0.2984027795218D-02   0.1406746540554D-02
  -0.1583600399843D-02  -0.5859142456098D-02   0.9633450893184D-03
  -0.2219135777548D-01  -0.1323221287515D-01  -0.2349829253260D-02
  -0.3407917055971D-02  -0.1487059445491D-02   0.3081499669279D-02
  -0.1039340289477D-02  -0.1033669345725D-02  -0.1124257317541D-02
   0.7168816322752D-03  -0.6501903022650D-05   0.1089885825444D-03
  -0.7689778299663D-03   0.3003119356590D-03   0.7211428742701D-03
  -0.1673747834141D-02  -0.2059221009992D-02   0.3151994465060D-04
   0.2916168678035D-02   0.3841531062900D-02  -0.2103685527360D-02
   0.1415476112437D-02  -0.5965285956500D-02  -0.1372630371326D-02
   0.7301792229097D-01   0.1108889707202D+00  -0.1471118266916D-01
  -0.5721187071303D-04   0.6067474273782D-02  -0.1339863105474D-01
  -0.7981429917964D-01  -0.1113682275904D-01   0.5423704064864D-01
   0.1325499089817D-01  -0.9550093711306D-02  -0.7698513877874D-02
  -0.8091270457322D-02   0.7920633729203D-02   0.6758500328691D-02
   0.3764993777347D-02  -0.8947774032737D-02   0.8925306311060D-03
  -0.1859284584555D-02   0.1544755631713D-02  -0.2253181854812D-02
  -0.3677654215961D-03   0.1339024483436D-01  -0.3354921502288D-02
  -0.1588614905202D-02   0.2259830991835D-02   0.4550315818640D-03
  -0.1069339101817D-02   0.6824683552694D-03  -0.1365541089536D-02
   0.8344897729266D-03  -0.2149373571218D-03  -0.9834455387139D-03
   0.4485589653093D-03   0.5058164034576D-03  -0.1997937480816D-03
  -0.1935302616366D-02   0.4592638021944D-03   0.2795023104114D-02
  -0.9491085309282D-03   0.8785601052109D-03  -0.3423341323605D-02
   0.1239706706927D+00  -0.3294665729788D-01   0.2788457058848D-01
   0.2881988085541D-02   0.2650695105015D-02  -0.6306821856213D-02
  -0.2227086390485D-03   0.5767319786476D-02   0.2726466618597D-02
   0.3250749542515D-04   0.1465731019410D-02  -0.2644192560547D-03
  -0.1624992016331D-02   0.5700488489746D-03  -0.8127463822856D-02
  -0.1353287954354D-02  -0.5838193523141D-03   0.3350270804734D-02
  -0.3273298629174D-02  -0.1918974360114D-02   0.1494282426153D-01
   0.9355705666368D-03   0.6024999475061D-03   0.3326631386692D-02
   0.1236281784019D-02   0.1486206517089D-02   0.9075698950269D-03
   0.2837309427310D-03   0.1556520582204D-02   0.6798652742044D-03
   0.1330189313989D-03   0.4152273173127D-03   0.1107278924364D-02
   0.1953944775473D-02   0.1177815244988D-02   0.5642928389592D-03
  -0.2624519422202D-02  -0.1483221922620D-02  -0.3925411100465D-02
   0.3552210103492D-02   0.5344051949616D-02  -0.2468464217078D-02
  -0.5145628041923D-03  -0.6935006112459D-02  -0.7298568065916D-02
  -0.1411652022126D-02   0.7086162186495D-02  -0.4401969902670D-02
  -0.1624805864268D-02   0.1734733370169D-02  -0.3588168905956D-02
   0.3827338999590D-04  -0.7240336804659D-02  -0.8010215194856D-03
  -0.1179679158519D-02   0.6081693610130D-02   0.2821293968260D-02
  -0.6082304405107D-03   0.2034062785641D-02   0.9512415720059D-02
  -0.2220437319801D-02  -0.7065596612267D-02  -0.6253733457449D-03
  -0.1934221184386D-03  -0.4297826544065D-04   0.3961695312264D-04
  -0.9778773185320D-04  -0.4320942828044D-04   0.9687988122022D-04
   0.1495790507611D-03   0.3399778936946D-04  -0.1075190790448D-03
  -0.2185809529500D-05  -0.3921455691782D-04   0.1947539155125D-04
  -0.3009488807769D-04   0.6287331902735D-04  -0.2337502361665D-04
   0.6480104850662D-04  -0.6203656984612D-04  -0.1710232809857D-04
   0.7276796982927D-04  -0.5535208759515D-04  -0.1922759365597D-03
   0.3284718271395D-02   0.3772899512592D-02   0.2462239115025D-03
   0.5119618432838D-03   0.2038644922129D-02   0.9866458365153D-02
  -0.3572510607600D-01  -0.7389980863692D-01  -0.2124604923866D-01
   0.1971872381824D-03   0.1489815253668D-01  -0.1747525026021D-01
   0.3151724940863D-02  -0.4811288830797D-02   0.5139280841777D-02
  -0.2700237387059D-02   0.3320896425207D-03  -0.3027628069911D-02
  -0.4531157920725D-03   0.7611829570680D-03  -0.4039797814251D-02
  -0.2819962285431D-03   0.5616505848837D-03  -0.1000183379845D-02
   0.4673556923339D-03  -0.1263625267276D-02   0.1641321625634D-03
   0.8023499174759D-03   0.7064032633815D-03   0.1409337875949D-02
  -0.5335092629762D-03  -0.8906958537147D-03  -0.9165467008224D-03
   0.1308824129193D-02  -0.1023760352314D-02   0.1033874939173D-03
   0.1111422807489D-02   0.1535554618916D-03   0.2055993880962D-03
   0.7122292159018D-03   0.6074571445073D-04  -0.3936040350413D-03
   0.1620916900413D-02  -0.3904693823198D-03  -0.5941507686926D-03
   0.1591991701125D-02  -0.1116192855230D-02  -0.3614992901089D-03
   0.3187689297715D-03   0.3901478034183D-03  -0.6459711779280D-03
   0.3170199266869D-03  -0.4782312360713D-03  -0.9439991401289D-03
   0.2154345207285D-03   0.6697930612905D-03   0.1264510261049D-04
  -0.1134912528395D+00  -0.1371989309608D-01  -0.5094480450662D-01
  -0.1726513349189D-01  -0.1607975756865D-01  -0.5240160895208D-02
   0.1092135261923D-02  -0.3426511770380D-01   0.8249436008276D-01
   0.1550321648421D-01  -0.1863614483438D-02  -0.4040554092230D-02
   0.3795023364674D-02   0.1217400231972D-01  -0.5738288008862D-02
   0.3006108245998D-02   0.2682631141940D-02   0.1696846234974D-02
   0.4407937463212D-02   0.4715011392503D-02  -0.6230723152570D-03
   0.8477704114255D-03  -0.4768982883883D-02   0.5668440524669D-02
   0.1086919980016D-02   0.8353821241208D-02  -0.1930346743590D-03
  -0.1796619091349D-02  -0.1561728484531D-02   0.9629342891232D-02
   0.3323362314495D-02   0.5942332187982D-02  -0.2217684698742D-02
   0.3877227696511D-02  -0.1013081612965D-02  -0.1848214956680D-02
  -0.1700683384021D-01   0.1023379592544D-01  -0.6956266644689D-02
  -0.8549667048313D-04  -0.7933058204805D-03  -0.3006277585030D-02
   0.1687084779186D-02   0.3728573459589D-02  -0.3633921716801D-03
   0.2492697560974D-02   0.9905430555194D-03  -0.1479183699577D-02
   0.1290429906560D-02   0.1432259999501D-02   0.1937782951679D-02
  -0.1667052779985D-02   0.1350072190503D-02   0.5022622567321D-03
   0.2978128573342D-02   0.4613869091695D-02   0.1302955935389D-02
  -0.4098415126271D-03   0.2377646389089D-03  -0.4106678401024D-03
   0.1945576580794D-03  -0.2858563859379D-03   0.4366748949219D-03
   0.1919711081018D-01  -0.2813497644857D-01   0.1398760915889D+00
  -0.8144827056861D-02   0.1243099283358D-02   0.5097306000753D-02
  -0.6411668528212D-01  -0.7008159332056D-01  -0.2640389574043D-02
   0.1275916188985D-01   0.1993923021335D-03  -0.1394934455995D-01
   0.9420655374964D-02   0.8697565877628D-03   0.1824329098723D-02
   0.4437078985682D-02  -0.2415864013320D-02   0.2901603204888D-02
  -0.1380310705278D-02   0.1285718078292D-01  -0.2392671893896D-02
   0.2430548010861D-02   0.6363396086978D-03   0.1696590068823D-02
  -0.2509516129018D-02  -0.2059031763058D-03   0.3128508553634D-02
   0.2579284992055D-03  -0.5938437974788D-04  -0.3664033069460D-02
  -0.3505520217885D-03  -0.1094992686624D-02   0.8611239682277D-03
   0.3477967489566D-03   0.1073794752428D-02  -0.1501221859548D-02
  -0.7398168289461D-03   0.2832535739996D-02  -0.2687647962990D-02
  -0.1844651628968D-02   0.3339705826080D-02  -0.5188769290743D-03
  -0.8633420063189D-01   0.5571662269761D-01   0.4466899789479D-01
  -0.5982543443005D-02   0.1014538358905D-01   0.4843695783492D-02
   0.7933514709877D-02   0.8258116372998D-01  -0.6109399701635D-01
   0.8755882357358D-02  -0.2722535933786D-01  -0.5293125052648D-03
  -0.6406106183778D-02  -0.4642333905369D-02  -0.3781944023914D-02
  -0.2122779633244D-02   0.1719843078280D-02  -0.3591123857098D-02
   0.1967066950034D-02  -0.1058907177574D-02  -0.4886745190967D-03
   0.5027559584305D-03  -0.4509299814414D-02   0.3617821667339D-02
  -0.1852896802023D-01  -0.2812508948261D-03   0.3474217052644D-02
  -0.3831281898863D-02   0.8034389270757D-04   0.1464631906218D-02
  -0.9201628818015D-03  -0.4990653464871D-03  -0.1132145510101D-02
  -0.7739298960934D-03   0.8442254960128D-05   0.5634734652035D-03
  -0.2190296466829D-04   0.5317194736479D-03   0.1833268310839D-03
   0.3422130975207D-04  -0.9641319552965D-04  -0.1659230880040D-03
  -0.7505095299844D-03   0.1665227566766D-03   0.1220576488465D-02
  -0.7675381382090D-03   0.3088771604228D-03  -0.7032399469584D-03
  -0.1726617813926D-02  -0.5515750908276D-03  -0.6495509634815D-03
  -0.2609396240133D-03   0.9672206073939D-03  -0.2963368315446D-03
   0.1393076761426D-03   0.9534389721823D-03  -0.3776814879716D-03
   0.1678693965687D-01   0.8372714473187D-01  -0.7929187350862D-01
  -0.2759505460271D-02   0.1011072875465D-01  -0.1982793407629D-02
   0.1735430399529D-01  -0.8829278195897D-01   0.3217682201781D-02
   0.1597838511127D-01   0.1132762263062D-01   0.2026883704202D-01
   0.4339537085960D-02   0.2153181882858D-02  -0.1594728054699D-01
   0.5197479252296D-03   0.3284791124860D-02   0.2059913143724D-03
  -0.3808257883599D-02   0.1089277263561D-01  -0.3308224350424D-02
  -0.5850790927360D-02  -0.8512409243710D-02   0.2704604143030D-02
   0.1538745955883D-02  -0.8667825374083D-02   0.1041488368601D-02
   0.4203203940977D-02   0.4120116392531D-02  -0.1230775929694D-01
   0.1114903211545D-02   0.3792988070319D-03  -0.2552543441897D-02
  -0.1539767514327D-03  -0.1477441422241D-03   0.9625472475398D-04
   0.1595319419911D-02   0.1906005793084D-03  -0.1165471665371D-02
  -0.5281687268854D-03  -0.5231099368780D-03   0.2841873902796D-03
   0.3568313583782D-03  -0.5917040213408D-04   0.1020479787572D-02
  -0.3930708043510D-03   0.1035891650418D-02   0.7374306304712D-03
  -0.1248238711668D-02   0.2396826811813D-03   0.1150972459919D-02
  -0.4275289357165D-01   0.1059224689422D+00  -0.2448218941571D-01
  -0.5206165331135D-02   0.3715170235123D-03   0.6897255081616D-02
   0.5035026842223D-01  -0.5243646552255D-01  -0.5154561365159D-01
  -0.3638780419048D-03   0.4765089015801D-02   0.9859703521939D-02
  -0.1903167564969D-02   0.6706937324974D-03  -0.7616893369107D-02
   0.1612279624792D-02  -0.2895865511921D-02   0.4883087499962D-02
   0.4612698265915D-02   0.4671819013795D-02  -0.1340293725373D-01
   0.2657006029928D-02   0.1780128998427D-02  -0.7615575366711D-04
  -0.2645710604847D-02   0.1190998680169D-01  -0.1199386674491D-01
   0.1377512979810D-02   0.1748758268014D-02  -0.3324613276275D-02
   0.5063248574001D-03   0.1464742813133D-03  -0.3072893310539D-03
  -0.1798661489012D-03  -0.4497432702371D-03  -0.4793146131377D-03
   0.3619277983710D-05   0.7055236881743D-03   0.8241706693505D-03
  -0.4279373713068D-03  -0.1228355644191D-03  -0.1426218921184D-02
   0.6547019767040D-03   0.9729559291098D-03  -0.2328395986688D-02
   0.4275213100185D-04  -0.4664805931298D-03  -0.4477523680949D-03
  -0.5736264746262D-03  -0.2385511346832D-03   0.5763312907107D-03
  -0.4498432190097D-04  -0.1031342781321D-03   0.1530837701999D-03
  -0.4537034600204D-03  -0.1347003293117D-03  -0.4793190679141D-03
  -0.1227738468384D+00   0.1123863610652D-01  -0.6283855828715D-01
   0.7369983021173D-01   0.1982660051073D-01  -0.1407982128547D-01
   0.1257306909000D+00   0.2507688656294D-01  -0.4022007411325D-01
  -0.1003812102198D-01  -0.1775871277310D-02  -0.7803988998914D-01
   0.1088584570565D+00   0.6819351734251D-01   0.6793882218349D-01
  -0.1602566128679D-01   0.5414285120116D-02  -0.7241894782894D-01
  -0.5588001081955D-01  -0.1244133655463D+00   0.2210460048206D-01
   0.6305627652370D-01   0.9760535247849D-02  -0.4255508507692D-01
  -0.1271142149610D+00   0.2314593495255D-01  -0.3272382250389D-01
   0.3106162381993D-01   0.6123460891405D-01   0.3849732037057D-01
   0.1303702354245D+00  -0.7066518754106D-02   0.4970779322208D-01
  -0.6982183577777D-02   0.3489302042523D-01  -0.6940474412377D-01
  -0.1885004124834D-01   0.2655765350654D-01  -0.1235912443690D+00
   0.5050374643382D-01   0.5957173060054D-01   0.5036433719894D-02
   0.1209393216048D+00  -0.5884935824911D-01  -0.3699598972802D-01
  -0.1346381764622D-01  -0.5594289871677D-01   0.4977149264851D-01
  -0.3285182919963D-01  -0.9333491446328D-01   0.9715608891656D-01
  -0.1101046762220D-01   0.7552948134976D-01  -0.2719004042059D-02
   0.3130237471953D-01  -0.1268854708603D+00   0.4552740426529D-01
  -0.4301246041596D-01   0.4567945613864D-01   0.4301867264130D-01
$end                                                                            
