$grad                                                                           
  cycle =      1    SCF energy =  -657.48332737086   |dE/dxyz| =  2.268754
   26.21079535881795     63.92492525264598    -28.29418567702626      n 
   26.54275806749519     65.96150023453389    -26.39099791854246      c 
   27.43656619900863     64.92292396502451    -23.84516973272812      c 
   28.59920096188563     66.38303092200145    -22.38138084826245      o 
   24.11056861797123     67.46934336690884    -26.02442867953170      c 
   21.76483261412254     65.82039726159057    -24.14555290376612      s 
   24.33308088389891     63.33557315369146    -28.39587727654813      h 
   27.97489612346532     67.22770889096785    -27.11964092618039      h 
   24.51177799609152     69.22522945846161    -25.03399455297833      h 
   23.27914399250641     67.90295062471127    -27.86620553215004      h 
   20.09268444188248     66.98098754262419    -23.14591142578576      h 
   26.86746603586103     62.58804179642942    -23.26480016828388      n 
   27.54030255381722     61.31774835713841    -20.90462001711865      c 
   28.68277318284614     58.72188669841936    -21.37879328185796      c 
   28.64742760903974     57.93445533487210    -23.70001434169715      o 
   25.21438147984666     60.91863583045879    -19.22256143943147      c 
   24.78524802218448     63.22521553250418    -17.62882814786864      c 
   22.88822249164675     60.27987713512104    -20.77922122711773      c 
   25.91195552677377     61.48651124369933    -24.50484844208914      h 
   28.94009738211351     62.50162940958575    -19.99736218842813      h 
   25.61954925859815     59.34223315737339    -17.96650804174768      h 
   23.16174774913797     62.95575048519659    -16.39709779101241      h 
   26.44213421359036     63.55163017152324    -16.45945532674628      h 
   24.46544586137356     64.88901833990373    -18.78902470298894      h 
   21.29664964760580     60.03408003548754    -19.53066497660916      h 
   22.47444850464663     61.82862873359299    -22.05154344614128      h 
   23.23590579043401     58.56661938912492    -21.85299444386556      h 
   29.46143243891471     57.44826990071343    -19.59574610103239      n 
   30.36622953393727     54.83873668210914    -19.83376781647798      c 
   30.46391453914706     53.31266727712374    -17.42022408256923      c 
   31.44094024694108     54.16717817749765    -15.47362146514006      o 
   32.93369823809134     54.68561149698686    -21.09761796415818      c 
   33.77673813591310     52.00066120906254    -21.43447019170854      c 
   32.23380281552537     50.36390476283883    -22.25376932542415      o 
   36.12560000631925     51.46467866457451    -20.87621117827323      n 
   29.67314673366728     58.20678004512136    -17.73596922551056      h 
   28.90681716746483     53.94961496266866    -21.06838598790130      h 
   32.80428541695084     55.57661343157490    -22.94262345154439      h 
   34.36901273270889     55.71766232509690    -19.93920328908314      h 
   36.82446552616415     49.72309832436866    -20.99431115936463      h 
   37.31723892689569     52.84167033027837    -20.10631480498614      h 
   32.48775274451514     49.21989346310913    -11.89561917003009      n 
   34.93302632656589     48.65185906665755    -10.69027670274418      c 
   34.71780997807804     46.17051074794863     -9.30920768817617      c 
   36.72462563565184     44.73501420488100     -9.25543852791407      o 
   35.76321791907687     50.61895814325053     -8.77179333688677      c 
   37.27314141843510     49.31476382998771     -6.69890724423797      c 
   37.37595655962239     52.64349096803593    -10.05990783749854      c 
   31.08953552331406     49.72534748413037    -10.57738369539916      h 
   36.28374542568213     48.54319070154300    -12.18699781506106      h 
   34.11984988640668     51.53713235164338     -7.95470707584827      h 
   37.92043696889017     50.70169004314358     -5.35637419907273      h 
   36.09245037683593     47.94225134825333     -5.72661996246778      h 
   38.91495395512649     48.36745411962713     -7.48395424266719      h 
   37.98233942195476     54.04471385580703     -8.68000130258810      h 
   39.03883202029505     51.79830485818684    -10.90850472845337      h 
   36.29107039255617     53.56212373581586    -11.52746168797956      h 
   26.30234296160043     49.27887861942519     -2.92921991791560      n 
   28.14473094440982     51.27589814195720     -3.31001056772545      c 
   28.41787609410881     51.92174013864467     -6.12314198573083      c 
   28.52717198864516     50.16908615933345     -7.70507728053167      o 
   30.68230379003815     50.51791578799135     -2.20971881388100      c 
   32.25018574815554     52.80552209499705     -1.62546928736129      c 
   35.01960756231287     52.25797996516328     -1.42242522836299      c 
   36.51185274628014     54.60479401779283     -2.09637759056389      c 
   38.18918293144343     55.41859401157941      0.01252055766720      n 
   26.87830355616566     47.53761381564279     -3.58863195028449      h 
   27.39623798082329     52.94344335563475     -2.33341726040911      h 
   30.37447346811539     49.44484606972718     -0.47586913239620      h 
   31.68548965652833     49.32565873919072     -3.57869537288885      h 
   31.95072304713169     54.22352713398909     -3.11039706298037      h 
   31.60096427575138     53.62521642728942      0.16688948047390      h 
   35.46737008672671     51.64570214865243      0.48867784001149      h 
   35.49895260030637     50.69989342928304     -2.72229119728236      h 
   37.65389728594914     54.27313002981270     -3.79281099172704      h 
   35.18184407092625     56.13884502538904     -2.45605189950906      h 
   39.22178994142719     57.04567540071545     -0.53428493620455      h 
   37.23661983887970     55.70713826024951      1.64587685759588      h 
   39.49757925576773     54.00343930481821      0.39532143293535      h 
   28.62449041139826     54.26431466083785     -6.69116049922478      n 
   28.53380469750345     55.32081954523141     -9.26771675827491      c 
   30.40013791106595     57.48844554355946     -9.41197550306678      c 
   30.82456161287052     58.85895547779207     -7.64585249543792      o 
   25.89050683640488     56.34672753266079     -9.75691783713457      c 
   25.05657833218306     57.07366110214185    -12.43067512273676      c 
   24.18874352102734     54.74609402905938    -13.88963801864804      c 
   22.92357840678944     58.95736094952380    -12.30727641943647      c 
   28.80231783164681     55.63071051031180     -5.33443806202103      h 
   29.06359102751317     53.81245419842871    -10.60185262231412      h 
   24.56430775275567     54.90382949467632     -9.08784867248453      h 
   25.65854464230001     58.03345216137973     -8.54904154441557      h 
   26.67621296878857     57.92379220735979    -13.43549583215273      h 
   23.59082050899164     55.29359377328497    -15.78671231431978      h 
   25.70673415577230     53.40368697929310    -14.03664598191540      h 
   22.59932112181087     53.85480298492041    -12.91696601456382      h 
   22.31733694811452     59.46394524133559    -14.21372958051901      h 
   21.31681964697425     58.14866410132590    -11.29832972150013      h 
   23.53266063681573     60.65145026640034    -11.32770351299676      h 
   31.42004301602076     57.79164682756777    -11.62716105487980      n 
   33.31914588827948     60.20576400108349    -12.48334622636657      c 
   31.90385915997222     61.83226708041083    -13.86855403782846      c 
   31.01039779260356     61.04054040152822    -16.59255152479530      o 
   35.83792103424852     59.27864108559768    -12.50631242015199      c 
   37.71541595740528     61.20232552169760    -13.65869544110796      c 
   39.45458589849459     60.52413199671505    -14.96348859397322      c 
   39.92861770288467     58.36497687428972    -17.30569299708759      o 
   41.43593419906215     62.60103490331388    -14.84936421417655      o 
   30.99916425093550     56.48510178271833    -13.22649857251992      h 
   33.21052948722702     61.08672940915866    -10.34744217693708      h 
   36.54375230995376     57.88215541990599    -11.47662152319244      h 
   35.59532849748684     57.99791707716239    -14.68248269927548      h 
   36.60610524949617     62.92455960163520    -13.97956224649563      h 
   38.57286936687341     61.77044912171775    -11.60707442474002      h 
   32.52257923705943     64.40903234844218    -13.73482455784287      n 
   31.51017830603681     66.34907401576552    -15.40512501803271      c 
   33.69895917182836     66.95887096395640    -17.43843674575132      c 
   35.85242595042727     68.19459378299817    -16.50392472458095      o 
   30.53150624556316     68.43724943169326    -13.99244750558631      c 
   29.12622520325231     67.96193771119341    -11.42951804675054      c 
   29.25648645446330     70.34045702852009    -15.61525871652157      c 
   26.50805933214137     66.96039281960076    -12.37267560042168      c 
   33.53807307725204     64.93012626185033    -12.14975220344880      h 
   30.04507737898640     65.44312072140062    -16.40335897407988      h 
   32.37154022000114     69.63693959449429    -13.13630263231644      h 
   30.05948294263439     66.19847709461287    -10.67601329826607      h 
   28.87111036479535     69.46051219925815    -10.28512616830890      h 
   28.71315134856702     72.04614842179727    -14.42005619610336      h 
   30.50918076732927     71.01233307795577    -17.12816638587229      h 
   27.57648422042928     69.44932709636842    -16.24609362465802      h 
   25.46927241280171     66.35427553047160    -10.71084524890582      h 
   25.47519908603027     68.39868815167908    -13.31665429670958      h 
   26.65158232082762     65.22818278472511    -13.60134615157122      h 
   32.89532417077030     66.99680001498930    -19.73789675127007      n 
   34.62483086877165     67.45961350890249    -21.83460764942923      c 
   33.87739008494054     69.92381741876059    -23.18612238420827      c 
   35.38195973746113     70.71737898790285    -24.90721759925965      o 
   34.45626128057733     65.24860303577671    -23.65472315703816      c 
   34.65416601518365     62.61006935161954    -22.52244461241589      c 
   34.57152833230212     60.63577986268722    -24.61018918934650      c 
   37.10322326889104     62.44599671875545    -21.01526561024183      c 
   31.14924181265839     66.52540109924603    -20.26048462456607      h 
   36.53248827188833     67.62742188808340    -21.07032008574972      h 
   32.65604879960262     65.35145573526724    -24.67285255662724      h 
   35.98139881596575     65.47392700472429    -24.99693033370330      h 
   33.09071943454260     62.24816587300067    -21.21997080260025      h 
   34.73955366071475     58.77449838679765    -23.78229949412415      h 
   32.78063696935881     60.76859353121108    -25.62281962494004      h 
   36.12707422877544     60.91099202146366    -25.93341635882086      h 
   37.31485376072283     60.59259573455594    -20.18289520093891      h 
   38.71661725108899     62.79710360966758    -22.22963457500045      h 
   37.11806077815967     63.81572608089774    -19.48153659701855      h 
   31.86744979971362     71.02512983929053    -22.63085106208079      n 
   31.00363822795409     73.39104350836996    -23.83407267406011      c 
   30.13196553816390     75.28471435526160    -21.85989659325119      c 
   28.44208296649029     74.54739047838149    -20.24398068919288      o 
   28.93006645618144     72.86831880814380    -25.75744172661539      c 
   29.83360278482110     71.70757538088466    -28.22344358901590      c 
   27.70522788318606     71.14096690398223    -30.10337880977728      c 
   25.40914409492956     71.86727285711409    -29.55859153849506      o 
   28.19851821693926     69.99025976494153    -32.10214977075924      n 
   30.54889872667620     70.31376119147676    -21.36056920321935      h 
   32.66295474620357     74.19188378767447    -24.76554518990480      h 
   27.54092761261132     71.58407799382762    -24.89606247309267      h 
   27.97277239142892     74.64613131354133    -26.18759088419635      h 
   31.15459929022649     73.00617265620976    -29.17041852988921      h 
   30.84066819405657     69.92259146396428    -27.85811434754396      h 
   30.01233417286299     69.35761163395419    -32.51515705172214      h 
   26.86671615877825     69.47811446017162    -33.44176273995598      h 
   31.04289926177100     77.43840153165313    -21.81493710878657      n 
   30.14340813378867     79.46311940974184    -20.10811162652756      c 
   27.30241435204529     79.95436478071640    -20.61753115468341      c 
   26.55828453172762     79.76489089553849    -22.92440251929949      o 
   31.73761269786990     81.89857027473177    -20.29195814612291      c 
   34.59046343204544     81.39221942511287    -20.07004652675363      c 
   35.59494166869529     81.15940010101720    -17.84206851065369      o 
   35.81150632738829     81.16592565636702    -22.03459138550285      n 
   32.52578555926610     78.02413363208389    -23.00477465093644      h 
   30.24396428863931     78.76169651451009    -18.15221588282157      h 
   31.39167402544849     82.77022625613203    -22.15804213242270      h 
   31.11663781338601     83.16772886272551    -18.83080044274767      h 
   37.72755826941619     80.88146602331325    -22.07467612232620      h 
   34.98754698170515     81.39460340623859    -23.83320436180497      h 
   16.05431117882881     77.68366917183857    -13.64879694263506      n 
   14.93750856187585     75.10279038823400    -13.48319318993413      c 
   13.28821111190606     75.08002341370451    -11.33478815000478      c 
   13.47262963453872     75.71846544634212     -9.28911333926178      o 
   17.25721368696002     73.39026294724003    -12.29103597800102      c 
   19.07468149519502     72.81450849191819    -15.11273417890255      c 
   20.97463758457799     74.66937270395935    -14.98961888309411      c 
   18.83803643168643     70.74518490760545    -16.44923970712574      c 
   22.83474883331155     74.16923708456407    -16.96036349162094      c 
   20.40127738255419     70.24812125751588    -18.26794014523602      c 
   22.65526724920115     71.90980988846725    -18.68857260551975      c 
   24.64688199772606     71.53140591944560    -20.47198188996255      o 
   16.69319109762955     78.25371305618840    -12.04970095030161      h 
   14.22286764438820     74.61176546550773    -15.04372126893737      h 
   18.21881416956579     74.09597378749798    -11.14852099502537      h 
   16.42683409714166     71.61812958950655    -11.95072056818919      h 
   21.30306173795148     76.10264865614218    -13.84368150948134      h 
   17.24555431709216     69.57766703164835    -16.08534400004264      h 
   24.43589078279743     75.32305247054646    -17.26657330683484      h 
   20.39504690129731     68.76274266263823    -19.46455988414922      h 
   25.78237919539475     72.61662240172603    -20.24299972697240      h 
   28.14763782990222     67.50393029908352      5.95810190256475      n 
   29.22375124301449     68.70529535112678      3.70594914263701      c 
   32.05408988549508     68.57748070863818      3.91900586034253      c 
   33.22335792622684     70.03912949093845      5.41893309814560      o 
   28.36035354183587     71.44270500814794      3.38805867149318      c 
   29.54558275557797     72.78212070337264      1.13403717877068      c 
   28.83576729600966     75.54356409268229      1.10805202230345      c 
   30.92693057577720     77.14011453761260     -0.04150165938725      c 
   30.13322058396841     79.79782851326605     -0.21790313363050      n 
   28.32912933409119     68.57811356897687      7.58047160208661      h 
   28.59740848558005     67.57032835500151      2.09162402462268      h 
   26.31924346087736     71.43980274813774      3.16831833590128      h 
   28.88154926479645     72.43233959864413      5.11123523901991      h 
   31.59306604463692     72.58114251375807      1.26564364594956      h 
   28.91104439124992     71.84779107325966     -0.61024341465467      h 
   27.09761768258901     75.79850186892007     -0.00838853865338      h 
   28.49045969700210     76.19589452010844      3.04758798838030      h 
   32.62467881121725     77.03329867443662      1.15005182705697      h 
   31.38870491978435     76.44298494855958     -1.92966131197701      h 
   31.53222784610964     80.88800736883516     -1.00986833296654      h 
   28.53928238129507     79.96651514239294     -1.35218324441984      h 
   29.69877616793285     80.52315726246438      1.56507893026242      h 
   33.18393605046445     66.83985588571966      2.64319383622040      n 
   35.82383085149956     66.27249087517480      3.04290520571500      c 
   36.12577704869631     65.48456196738312      5.77858178372971      c 
   34.87035627192295     63.53255987851784      6.56209614411625      o 
   37.43121699938504     68.60329802153630      2.55357810840171      c 
   37.57244112549357     69.30979796902082     -0.19257322092790      c 
   38.03782188902071     67.58244072317092     -1.83719698310543      o 
   37.33669449136949     71.62518863546782     -0.76978445200007      n 
   32.28464315832468     65.80975173101731      1.19324715294833      h 
   36.29296125952200     64.72858108207447      1.74357294245788      h 
   36.59210985426699     70.18827908818305      3.58753271635293      h 
   39.33858303850774     68.22401429664609      3.20884360166950      h 
   37.42694194134495     72.28383415115003     -2.55372867666309      h 
   37.03261534216342     72.98960820066230      0.63122943056926      h 
   25.11206664398240     79.52687486514444    -10.24160612608335      n 
   27.17974602990310     77.85636577694213     -9.92536894858256      c 
   29.34608580912944     78.60363978565519    -11.73188746375836      c 
   28.57546604383567     79.29430104007116    -14.15794126319789      o 
   26.61671914019888     75.18708507466856     -9.41983260127240      c 
   24.13413500081239     74.68859092905845     -8.12521240689746      c 
   22.43800508982567     72.64596804783335     -8.86095907787118      c 
   25.37807433146315     74.25705803155640     -5.32276067210447      c 
   23.82779777158225     78.92818799526647    -11.75347888361643      h 
   28.09702130643331     78.62227941276238     -7.98763180734561      h 
   25.90766499206712     74.59467347349734    -11.62015418595274      h 
   28.13759380987006     74.13949965007944     -8.94244135452835      h 
   23.13417512347375     76.43120890701161     -7.91883458937748      h 
   20.95150897583921     72.41383813903872     -7.58969614964181      h 
   21.78619887181093     73.10786531737966    -10.75886181692690      h 
   23.66256909376643     70.85247210093647     -8.99325194737204      h 
   23.42030637484309     73.99968607664661     -4.07577643850380      h 
   26.47717874214776     72.59117981789316     -5.33919907253762      h 
   26.21242376269154     75.92155197466347     -4.58884480372418      h 
   31.53995945819743     77.76991245901232    -11.27651931131735      n 
   33.70242847245552     78.10466636963956    -12.98299330776232      c 
   35.12582506058556     75.70209259842345    -13.57194274107697      c 
   34.81408761650113     73.73934302467948    -12.26426923560548      o 
   35.51436210713212     80.00729046917095    -11.88499961392899      c 
   34.19859897003133     82.51441601194277    -11.44750124939231      c 
   33.03174689101342     83.93559403384039    -13.25161818725922      n 
   33.89096260239906     83.84737872239634     -9.35372932786265      c 
   32.12836088459282     85.85139694249145    -12.40752451324156      c 
   32.56673412742641     85.97733565043970     -9.92211331718978      n 
   32.00426183978503     76.94622883095921     -9.56266816019267      h 
   32.88217255272836     78.77220285656266    -14.78820248152765      h 
   36.22584511227863     79.32578742726020    -10.07623160961225      h 
   37.07041346580161     80.29323926485428    -13.20616265313441      h 
   33.03572519197065     83.25618703173301    -15.22420562705208      h 
   34.49534398964914     83.41012535251421     -7.45667121296936      h 
   31.12321931029312     87.35143410640889    -13.38475587235173      h 
   36.60993880122513     75.78285394085151    -15.52786680157042      n 
   38.07319887819821     73.57662866541168    -16.54090566193264      c 
   39.35717665381162     72.24954904959446    -14.16790898932430      c 
   41.09982003667353     74.01895247180501    -12.73927771934115      o 
   39.29365638047259     73.90800396846230    -18.84633369695440      c 
   40.93025431837340     72.25146221551546    -19.60699036387165      c 
   37.85747439468582     74.69381191625658    -20.79161647686826      c 
   36.91475729021311     77.56222804377498    -16.60857368682094      h 
   36.42827066983189     72.12272287853035    -16.75926554723837      h 
   40.89762856911123     75.64184206347038    -18.32228221220239      h 
   42.03989982940688     72.36297049990395    -21.15452005307258      h 
   42.18360940717672     71.27086127170318    -18.03104685998790      h 
   39.56677792617166     70.38047301408984    -20.09587518235383      h 
   39.00329833655362     75.61973458723455    -22.48472215737313      h 
   36.33983171480196     73.59448103438912    -21.25426436464787      h 
   36.78026311637050     76.80475744838319    -20.21785754266916      h 
   39.62863960254075     69.80923785009206    -14.32969034213602      n 
   41.12178915643504     68.31418097123071    -12.11239998086842      c 
   39.29411646751412     68.63612048862417     -9.90980466129629      c 
   40.43762577590730     66.36422328219471     -7.78020148673811      o 
   38.42694110892067     69.04999387747689    -15.75920162404560      h 
   41.51448538113675     66.75329212615827    -12.91534805558349      h 
   42.76539206427729     69.34003132107378    -11.91672999213912      h 
   37.37273206675586     69.60447440995480     -9.59719366682537      n 
   35.71578342009632     69.37848751286100     -7.61123005153321      c 
   34.83686789318951     66.67179792041706     -7.08229381889917      c 
   34.23978788771083     65.85799368759724     -8.90860274154638      o 
   33.25339770817061     70.92643825397940     -8.30949703262004      c 
   34.39213490844259     73.83014927852342     -6.03773930950850      c 
   36.73872933296492     74.68583568311307     -6.64455621241170      o 
   32.36662707293960     75.17018027191871     -5.74722928759259      o 
   36.78550625153469     70.74264372150081    -11.00461224070740      h 
   36.84449610193001     69.74975947190173     -5.74682999813711      h 
   33.01162493906106     71.48578040107016     -9.68022334066283      h 
   31.83595724483702     70.54415971238069     -6.86758508424946      h 
   34.99461800115900     65.46542849252442     -5.20023314569489      n 
   33.50666128227052     63.08686087436940     -3.96016469509669      c 
   31.29103374717954     63.69259462585372     -3.05967764620120      c 
   30.62283155289023     66.25045909833692     -1.17095866609990      o 
   35.21054727105999     60.52563177884855     -3.68795587455893      c 
   35.44458934762238     62.23153475264603      0.06827620087076      o 
   37.64250537088461     61.10330307712013     -4.89690114027198      c 
   36.17424327549525     66.20933437030155     -3.21401426622149      h 
   32.81939175012926     62.55130231899987     -6.50038436950220      h 
   34.30466358909678     59.30229668769214     -3.37812926674136      h 
   36.19523516089864     60.15074375796118      0.28611191078014      h 
   38.97197337240078     59.74391208571586     -3.41975420750317      h 
   37.60859254250646     60.77505840764964     -6.47711813145561      h 
   38.68740745964784     62.98364578780275     -4.39496457897681      h 
   29.59144025595507     61.79534028937676     -2.76237736122675      n 
   27.24223827040489     61.72048475344538     -1.29547233038699      c 
   26.78575289837663     59.07211191274546     -0.17930044367364      c 
   27.11190881955132     57.18686502420758     -1.52908215972848      o 
   24.99416972188110     62.48173810208701     -2.94942363982156      c 
   25.00046497708538     65.35248011942161     -3.34841943208217      c 
   22.54028448236797     61.61317218166178     -1.74589809150151      c 
   24.81968650712618     66.79309335986963     -0.95741057882948      c 
   29.87563857335820     60.13263236405889     -3.78520062464513      h 
   27.49348860191007     63.00657794856870      0.26302581010378      h 
   25.18691326758826     61.55592598517934     -4.76355040010601      h 
   26.74253736432287     65.87554891304286     -4.33612116911449      h 
   23.38317412411108     65.83282721483536     -4.52986353419646      h 
   20.95179719438435     62.16496268263683     -2.93018826281386      h 
   22.54396499974319     59.55968627185530     -1.55791710229574      h 
   22.34744409708762     62.43402951725476      0.11087500320781      h 
   24.84851040008786     68.80813100113184     -1.32733059353306      h 
   23.11954690399962     66.31934920446129      0.08111374230253      h 
   26.43152799819856     66.33827386346874      0.24939163939131      h 
   11.67312592476102     60.62939269763785    -12.01362381331352      n 
   12.50623939018090     62.87290986124385    -12.37513672545188      c 
   11.76243140417636     64.01750558933693    -15.15434275425970      c 
   11.77449884486722     61.97766708134814    -17.02846342112282      o 
   15.37407324173378     63.40123640913822    -12.03910188317616      c 
   16.07703226306436     66.16852070344066    -11.64125761942227      c 
   16.80401785443313     62.27484119952547    -14.27772298454397      c 
   18.86803711897975     66.27580799163592    -11.22701648706522      c 
   11.58524185695357     59.46434820196166    -13.19354217129436      h 
   11.55357865075306     64.25950881014803    -11.38098681073333      h 
   15.96030467711330     62.15473435158571    -10.50509365273935      h 
   15.61947562108017     67.20014245604582    -13.24684957154055      h 
   14.93116671604521     66.76663243144651    -10.04153658586917      h 
   18.85756828931009     62.56901404833609    -14.12830773586152      h 
   16.36897796704265     60.32934142993975    -14.72841438481314      h 
   16.33417800587274     63.51838610752095    -16.07634010690482      h 
   19.24619366712772     68.34377244838525    -10.58601082442583      h 
   19.33320041076595     65.19247841129832     -9.34852646540405      h 
   19.98013178362956     65.80450005542566    -12.67275192985428      h 
   44.18791328863981     56.75347808312852      8.88070231532625      n 
   41.63093771168474     56.91545060798720      8.70340263884355      c 
   40.61459111886251     54.12724873098288      9.10641030738925      c 
   41.27332040042688     52.77884898285312      7.71866320030456      o 
   40.66245800225808     58.02340586403883      6.35348845734603      c 
   37.72990643399907     59.01906757142210      6.70060400554627      c 
   36.01588344801513     56.53218552645290      6.35691339212120      c 
   33.13508532018175     56.41075450464368      7.40545021341242      o 
   37.38754759189766     54.93129976503526      5.04421075520139      o 
   45.18463187250337     56.34571824401525      6.79829570794482      h 
   40.66003926378092     57.83231154547344     10.92428279646786      h 
   41.62021709077219     60.00573364547071      6.33759429987600      h 
   40.80876315017769     57.07227952501209      4.92882289499742      h 
   37.25564466073240     59.52626540792777      8.52923579671583      h 
   37.18986464894580     60.29955124791266      5.25680398492558      h 
   48.39773775369713     79.49260908528080    -12.00105818265887      n 
   47.75826956812165     77.17594492798122    -13.40735596518263      c 
   50.10401738464726     75.48041175314299    -13.59706676171232      c 
   52.12341214662172     76.25753070058227    -14.40799953970055      o 
   46.72661491104135     77.82086013843453    -16.01966402543450      c 
   47.73817627140667     81.11417102900454    -12.94177799571357      h 
   46.31172414230347     76.15153855080621    -12.32548848603207      h 
   46.31452072883858     76.10911691500124    -17.02664903986993      h 
   44.98975281099570     78.91778541145175    -15.82040164443196      h 
   48.11135520279160     78.91923920237994    -17.07960166485612      h 
   49.78231676603035     72.99603914121329    -12.96478234023133      n 
   51.90048084435828     71.27192549921740    -13.18672620588421      c 
   52.69640645877338     70.93682308684240    -15.96600410569419      c 
   51.10758423481765     71.18149892287511    -17.66816568931930      o 
   50.78798715141313     68.77271387700975    -12.14531913502859      c 
   48.15865050191311     68.96714751102495    -12.49919252029084      c 
   47.49887003458917     71.74154793707501    -12.08117981562549      c 
   53.50217452238972     71.93663831586414    -12.10014859349776      h 
   51.66407929906134     67.13483500500381    -13.16524225285115      h 
   51.33215678542197     68.61627821856897    -10.12659372721345      h 
   47.55697835334043     68.38773856533443    -14.43538580002474      h 
   47.06607847963838     67.75309112394588    -11.13106527952467      h 
   45.83616229673210     72.33596321901663    -13.15970326068055      h 
   47.19369941557958     72.13657407217384    -10.09781082713192      h 
   47.99830269785214     72.04473804996836    -27.98428240113719      n 
   46.48724056094172     72.74050417793842    -25.70741865211669      c 
   46.18271640281746     75.64196947125053    -25.53654864288765      c 
   43.89264386190745     76.49805507024244    -25.53353255088852      o 
   47.54172029066405     71.66981433007912    -23.21814319836798      c 
   46.10485209927577     69.36808938256343    -22.28048037362755      c 
   44.23065381362004     68.50353812350137    -23.56100755387713      o 
   46.84575715026001     68.32946489329493    -20.18286821848694      n 
   49.58658472191341     70.93523048987403    -27.55648269447557      h 
   44.62388998726060     71.92859865180149    -26.01789609440134      h 
   49.49232667310761     71.11848892354143    -23.50372178010824      h 
   47.43665569000452     73.12149192465300    -21.75203492077494      h 
   45.96722303562326     66.78418310132979    -19.45696402165883      h 
   48.35181302461864     69.06925103584383    -19.19077281249765      h 
   47.02621810638651     71.15729318111667    -29.06134095293513      h 
   47.71151950406939     76.74818302982256    -25.43596631986794      h 
   26.68029855723581     64.49690435582966    -29.82551471561722      h 
   29.72921819524142     51.57226594279581    -17.37238433582728      h 
   32.67708341662301     50.51585088539141    -12.98061236285928      h 
   33.08788372028685     45.68640893053492     -8.48455625417464      h 
   25.98589948120598     49.10780916133849     -1.26694414759999      h 
   26.14815835472598     80.39361407990208    -19.18721045307200      h 
   17.34130437048637     77.67508668645361    -14.76061385120744      h 
   11.54055874887746     74.37869840797769    -11.49264447115509      h 
   26.48701537061513     67.22798326405787      5.71572151078450      h 
   37.26834630460122     66.46239039428868      6.92289434016874      h 
   24.21758750272073     79.60294125412722     -8.79707058028155      h 
   26.23182696796155     58.88682194166847      1.61789121380613      h 
   12.62332027589394     59.85393730656529    -10.83533624082789      h 
   11.38858263996454     65.85970312688796    -15.34827443662262      h 
   44.80842200399919     58.21486403138336      9.49052361452569      h 
   39.46253602223951     53.74149317602952     10.55383072621072      h 
   47.68439778081167     79.43531445682304    -10.45819545987294      h 
   54.49047016249338     70.52315443581232    -16.39177145669487      h 
   0.5316550765857D-01   0.4044475040392D-01  -0.1294211487211D+00
   0.1538383603749D-01   0.2807443288999D-01   0.9009132842685D-02
  -0.1423604808289D-01  -0.2497824240078D-01  -0.1493352352214D-01
   0.8916350580582D-02   0.1085392477360D-01   0.1215464075153D-01
   0.5823054333128D-02  -0.2500866934790D-01  -0.1740828010937D-02
  -0.5990296540493D-01   0.8314256043321D-01   0.3336396818591D-01
  -0.1960344271628D-01  -0.5402058637046D-02  -0.5052922132748D-02
  -0.3491610194257D-02  -0.3711466794033D-02  -0.3034708834358D-02
  -0.6220194398392D-05  -0.2624211571227D-02   0.2154743515433D-03
  -0.5882760402352D-03  -0.1572479512133D-02  -0.1823836257037D-02
   0.5375202306999D-01  -0.6525799799570D-01  -0.2711716649628D-01
   0.1637711946922D-02   0.1970067585496D-01  -0.7610158232652D-02
   0.3158953572771D-02  -0.3565101848080D-02   0.8149936683816D-02
   0.3755209786828D-01  -0.4178352118802D-01   0.1664970191130D+00
  -0.1401407646800D-02  -0.1456006202193D-01  -0.5715277866989D-01
   0.2295568231796D-02   0.9784075615471D-03   0.2242865717643D-03
   0.4836219382350D-02  -0.9578779296706D-02  -0.6906547288818D-02
  -0.3760604316264D-02   0.9190116945724D-03   0.1590135912003D-02
  -0.4814163567206D-02  -0.1175815162434D-02   0.2911156237391D-02
  -0.3264621762569D-02  -0.1726570989377D-02  -0.6549695011577D-02
  -0.1026264798946D-02   0.2669934107497D-02  -0.2792811068484D-02
  -0.1149555245609D-03  -0.1950975619795D-02   0.9089537708343D-03
   0.7265448629278D-03   0.1643740534064D-02   0.2470458016069D-02
  -0.2590516224377D-05  -0.4650765830230D-03   0.6331334409462D-03
   0.4453809216391D-02   0.3446080469894D-02  -0.1378736227049D-02
   0.3029530724779D-02   0.2302979042370D-02   0.5759244821669D-04
   0.2923919964557D-02   0.9370726629812D-03   0.9861648684328D-03
  -0.4612522225329D-01   0.6702470392186D-01  -0.1255447587731D+00
   0.3330164055586D-01   0.6101259445999D-02   0.1330481860829D-01
  -0.4251736644870D-01  -0.9372705802961D-01  -0.3272755495251D-01
   0.1418313811965D-01   0.1420460524906D-01   0.2696998315952D-01
  -0.2167431065953D-01  -0.1199888880543D-01  -0.1174625332852D-01
   0.5458023329765D-01   0.3886263517005D-01   0.2584790499432D-01
  -0.3326343852585D-01  -0.2998914556625D-01  -0.1762678347490D-01
  -0.3560365094423D-01  -0.2638745472414D-01  -0.1974038840342D-01
  -0.2688195671342D-02  -0.1597060347282D-02   0.2382517551657D-01
  -0.1121155196089D-01   0.1430743448398D-02   0.7520303688988D-04
   0.2476616781843D-02  -0.9587781846594D-03   0.2866473364073D-02
   0.1020573677658D-01   0.3509512018252D-02   0.6868953060198D-02
  -0.1424076663575D-02   0.1179989117521D-01   0.3138563398618D-02
   0.1524820580538D-01   0.1753614438133D-01   0.1117829583601D-01
   0.2426883412895D-01   0.9636063650477D-01  -0.9977157025240D-01
   0.4195490455465D-01   0.6956175178128D-02  -0.1120458273253D-02
  -0.1529868552741D+00   0.3612294132919D-01   0.4475918621968D-01
   0.8877106164758D-01  -0.4728354063468D-01  -0.3862596773914D-03
  -0.1697917584432D-01  -0.9524313368134D-02  -0.6407652231358D-02
  -0.2425138920018D-02  -0.6075234074836D-02  -0.4153730113921D-02
   0.1385982999470D-02   0.4083030980961D-03  -0.5481661096855D-02
  -0.1691122032367D-01   0.1084869604874D-01   0.1104606300835D-01
  -0.1226971719352D-01   0.6130763160362D-02   0.8515262563829D-02
   0.6445555936915D-02   0.6319931632574D-03  -0.2163246000116D-02
  -0.6317710437840D-02  -0.2814680640459D-02  -0.1297485263922D-02
  -0.2777433317133D-02   0.1225676610014D-02  -0.1250160835702D-02
   0.9346466667173D-03   0.2457790450905D-02   0.3993535593794D-03
   0.1531946726731D-03  -0.3711818905082D-03   0.2291343630497D-02
  -0.1701616367009D-02  -0.1302188692980D-03   0.3720140032170D-03
   0.1036198423411D-02  -0.2901751790379D-02   0.3605407603262D-02
  -0.1681106539994D-01   0.8740588516125D-03   0.1361650548221D+00
   0.9971253182618D-02   0.2966575622059D-03  -0.2007601801680D-03
   0.2112103784056D-02   0.8489641770350D-01   0.2317192625846D-02
   0.1935729136621D-02  -0.2065381594673D-01  -0.1352180378827D-01
  -0.7873948960464D-02   0.6064928145232D-02   0.1449287720151D-02
   0.1016435388762D-01  -0.1755472151063D-01  -0.6999674277491D-02
  -0.1362190095062D-01   0.1371770532984D-01   0.2455209282184D-02
  -0.6894333997676D-02  -0.5634357627288D-02  -0.7491210363230D-03
  -0.2934814695952D-01  -0.3757205610527D-02   0.3051375849954D-01
  -0.3543660132042D-03  -0.1538291968671D-01   0.2810623196407D-02
  -0.1338873835311D-02   0.1318221418815D-02  -0.1468296888559D-03
  -0.7122662449728D-03   0.2740442924070D-02   0.1185699240286D-02
   0.3504364821097D-02   0.1387423854351D-02  -0.1954545430395D-02
   0.1047358022917D-02   0.4298637082826D-02  -0.1319346419063D-02
   0.1533031359024D-02  -0.1850221068923D-02   0.4096681118721D-02
  -0.9065291974423D-03   0.1174372210768D-02  -0.1115959918848D-02
   0.2801131789865D-02  -0.6903409891740D-02  -0.9915349483006D-02
  -0.1801017655103D-03  -0.3870030700342D-02  -0.3367032417240D-02
  -0.4839470064775D-02   0.4932435478200D-02  -0.1977196067725D-03
   0.8763015100324D-02   0.1372047473890D-01  -0.7969281832232D-02
   0.8798505446285D-02  -0.1917677282824D-03  -0.2173868390334D-01
   0.3830687657531D-02  -0.3128122450541D-02  -0.5982915358842D-03
  -0.5561563042331D-02  -0.6891473355095D-01   0.1895156777336D-01
  -0.6621130095227D-02   0.1568674836397D-01  -0.3120601979019D-02
   0.5013692898532D-02   0.1008910324143D-01   0.1462682175086D-01
  -0.4783972451381D-02  -0.2099039902336D-01  -0.4056536814258D-01
   0.1618162370343D-01  -0.6303357887394D-02  -0.1128214882676D-01
  -0.1557211565871D-01   0.6787704768237D-02   0.5757394215785D-02
   0.5032695827083D-02  -0.3281158137586D-02   0.1323327777185D-02
   0.8290785754788D-02  -0.5602211292534D-02  -0.2492248357860D-03
   0.7288747141396D-02   0.5382602524037D-02   0.2246977025877D-02
   0.3442671106947D-02  -0.2872382825727D-02  -0.3472665334368D-02
  -0.6427666841356D-03  -0.1780789429816D-02  -0.1831115901036D-02
  -0.1056674485432D-02   0.5669512005533D-02   0.1323692109114D-02
   0.3292352631946D-02  -0.1152819566648D-04  -0.1633383267949D-02
  -0.5160466721453D-03   0.2433000795577D-02  -0.2168447946472D-02
  -0.4537360051415D-02   0.6820015401637D-02   0.1410100177281D-02
  -0.2857515216799D-02  -0.1334321964541D-02   0.2860699814207D-02
  -0.5348697258610D-03   0.1312333956844D-02  -0.4213889761265D-02
  -0.1848074088762D-02  -0.1228693943016D-02   0.1471640018590D-02
   0.9409758366607D-03  -0.3153190239953D-02   0.8022534446061D-04
  -0.2773375064628D-01  -0.3961745258432D-02   0.9267829771713D-01
   0.6823340317160D-01   0.6506890570751D-01  -0.1804505809907D+00
   0.2086236542624D-01  -0.7246703513649D-01   0.2122240993935D+00
  -0.3192525052292D-01  -0.3967533989776D-01  -0.1476635218086D+00
   0.4280752221685D-02   0.1505990263901D-01   0.1877145626907D+00
   0.2329294965183D+00  -0.6930911714034D-01  -0.2659154996256D+00
  -0.3640086402236D+00   0.4121336852104D-01   0.2859834126968D+00
   0.2970696123369D-01  -0.9794086026940D-01  -0.1188866301772D+00
   0.7559415869935D-01   0.1089588049799D+00   0.2241330783448D-01
  -0.1382032477308D-01  -0.3352577545010D-01  -0.4042268201583D-01
   0.2217271928809D-02   0.1294993547471D-02   0.2756012216792D-01
  -0.2058749215623D-01   0.4165024832563D-01  -0.5609449490047D-01
  -0.8835351401303D-02  -0.1287673518817D-01  -0.4484926644497D-01
  -0.6234240887220D-02  -0.2675868479431D-02   0.1462689331626D-01
   0.1480930411086D-02  -0.6954345255791D-02   0.3144751627175D-01
   0.1850849941500D-01   0.5874174664619D-01  -0.4528016809882D-02
  -0.5249445976881D-01   0.5174794213233D-01   0.1292337335102D-01
  -0.5010054183957D-01  -0.7605840665825D-01  -0.8778297588212D-01
   0.1103391692545D+00   0.7451919964338D-01   0.5625364631010D-01
  -0.6434930804920D-01  -0.9764026493028D-01  -0.8297459530106D-01
   0.1411090805486D-01   0.1045882957314D+00   0.8628016176347D-01
   0.5989029713592D-02  -0.3402784550669D-01  -0.1069379714572D-01
  -0.5995372508949D-02   0.2463499886937D-01  -0.2005971021389D-01
   0.7481660443992D-02  -0.3355917635778D-02   0.5266136416590D-02
   0.1861147366921D-01   0.1352626491049D-01   0.2037437223683D-01
   0.2818458947376D-01   0.2850265117466D-01   0.2401050465464D-01
   0.6455192999947D-02  -0.2917314190251D-01  -0.9382873790069D-02
  -0.1929488227365D-02  -0.4372755294118D-01  -0.3217648821156D-01
  -0.6372167274207D-02   0.1928108366921D-01   0.1703021373995D-01
   0.8909303569789D-02   0.3189097075078D-02  -0.3906581321110D-02
   0.1427021248695D-01  -0.2022914884013D-02   0.1970559569378D-01
   0.6036216423311D-02  -0.5325617523843D-03  -0.1375254813536D-02
   0.8935668151249D-02  -0.8188244206021D-02   0.5608690002804D-02
  -0.3884597906470D-02  -0.2389518512482D-01  -0.1534137066139D-01
  -0.4288026455781D-01  -0.5928789925001D-02   0.7324000800798D-02
   0.1760550611648D-01  -0.2199330648558D-02  -0.9291136418498D-02
  -0.1212775499189D+00   0.2911902983975D-01   0.6879748160632D-01
   0.3342137171904D-01   0.1672171361798D-01  -0.3903731660460D-01
   0.8345723852271D-02   0.1461512591019D-02   0.1458459300722D-01
  -0.6351511677183D-02  -0.2459337572799D-02  -0.8096572390269D-02
   0.7564445438162D-03  -0.4281109703402D-02   0.3598774406605D-02
   0.3194322150241D-02   0.1386301752096D-02   0.1892096724700D-02
   0.2356728292264D-01   0.1169798095733D-01   0.6645649546712D-02
  -0.1087385225135D-02  -0.3209342861610D-02   0.1244857161758D-02
  -0.1309645632870D-02  -0.2342029738758D-02   0.1357135936979D-03
  -0.3494002559127D-02  -0.1697556428512D-02   0.6061315283060D-02
   0.1484133203446D-02  -0.9260277484246D-03  -0.1873742153217D-03
  -0.9034095417347D-03   0.1061325857100D-02   0.9414162989832D-03
  -0.2075215232712D-02   0.2329561745675D-02  -0.6329518039675D-03
   0.1795541776133D-02  -0.2652018764720D-04  -0.1399764204607D-02
  -0.3498780239350D-02   0.2987024199263D-02  -0.3096304039256D-02
  -0.2284334123582D-02  -0.7149643614084D-03  -0.4092215011097D-03
  -0.2410795124176D-02   0.2023171441831D-02  -0.7937956407889D-03
   0.1002214530886D+00  -0.4988610074528D-01  -0.3406427032532D-01
  -0.1873787947995D-01   0.5989371160569D-02   0.4157635131306D-02
   0.9167028014315D-01   0.1215126882282D+00  -0.5025986802856D-01
  -0.4693490999305D-01  -0.2507836389538D-01   0.4082602640164D-01
   0.1375478873644D-01   0.1109354527342D-02  -0.1948779838928D-03
  -0.1075874551053D-01   0.4485863295743D-02   0.1063117494357D-01
   0.9737199047672D-01  -0.7294776986313D-01  -0.1036735987826D+00
  -0.6849476748941D-01   0.2213206102208D-01   0.1751706240907D-01
  -0.3766243307927D-01   0.6201653431684D-01   0.9663506333844D-01
  -0.1148224469875D-01  -0.3838938665799D-02   0.1150067122168D-01
  -0.3577732393035D-02   0.2685836408064D-02   0.4439857383293D-02
  -0.2770760417572D-02  -0.6055715722945D-02   0.5461118919015D-03
   0.2238675348351D-02   0.9787292751944D-03  -0.7354415503132D-03
   0.1606374502698D-02   0.3804939567792D-02  -0.2787252710288D-02
  -0.8550506720001D-03  -0.5991850326679D-02   0.2469997311549D-03
   0.1622971019755D-01  -0.7707022632160D-02  -0.5002063966914D-02
  -0.7554229228801D-02  -0.8887546007213D-02  -0.1450538048142D-01
  -0.6030232177762D-01  -0.1226778563047D+00   0.1008720075400D-01
   0.7410193545347D-02   0.7369130226476D-02  -0.1177888768728D-01
  -0.3771322035870D-01   0.2689635178574D-01   0.1517205675290D+00
  -0.2159479593258D-01  -0.7909938047260D-02  -0.9283235042689D-01
   0.1522126554432D-03   0.6689105894974D-02   0.2344132021195D-01
   0.3962186825942D-01  -0.3295697953890D-02  -0.1640481273928D+00
   0.2927014305119D-01  -0.3577341939256D-02   0.5683635123006D-01
  -0.5771660538135D-01   0.7703874055980D-02   0.1309347617069D+00
   0.2071741894733D-01   0.1215065246088D-01  -0.1020432636701D-01
   0.1183311433490D-02   0.1573251711973D-02  -0.2439355976170D-04
   0.9043380313592D-03   0.1219241462944D-02  -0.6585769716772D-02
   0.2528460468479D-02  -0.4404320580447D-02  -0.5991359145090D-02
   0.6934164802127D-02  -0.1142199836842D-02  -0.3487527269030D-02
  -0.1140021928550D-01   0.8560698524911D-03  -0.2262142421559D-01
   0.1235905598861D+00   0.1610587865658D-01  -0.3119725817306D-01
  -0.1274662323573D+00  -0.6036578818479D-01  -0.1366083571806D+00
   0.2035787613104D-01   0.2308941860284D-01   0.8127212367814D-01
  -0.6040205065256D-01  -0.6804596720955D-01  -0.1574742850105D+00
   0.1504731108941D+00   0.1213026467489D+00   0.2937530312144D+00
   0.1915211265425D-01  -0.1060515445180D+00  -0.1560977621359D+00
  -0.2682729765999D-01   0.1053106757145D+00   0.1248313570406D+00
   0.5588785407199D-01   0.2242045007075D-01  -0.2013846963208D-01
   0.3467839093679D-01   0.5254446141825D-01   0.1660508473745D-01
  -0.1285089607620D+00  -0.5278244758815D-01   0.6161044197446D-01
   0.1692871035368D-01  -0.3634693618736D-01  -0.4510212518447D-01
   0.1810574454289D+00   0.1320468453496D+00  -0.2871271441051D-02
  -0.1081040610584D-01  -0.1369864628057D-01  -0.4986792741628D-01
   0.4990768238132D-01   0.4282306880528D-01   0.1190512058168D+00
  -0.1451999221003D+00  -0.1172125369640D+00  -0.1819870094781D+00
   0.5057972292256D-02   0.2356652482102D-01  -0.1384335423183D-01
  -0.4328711217627D-02  -0.5572980992302D-01  -0.4622893010711D-01
   0.9414227494489D-02   0.1094273078032D-01   0.2280086758082D-03
  -0.1280219652687D-01  -0.1054211674194D-01  -0.1273857110386D-02
   0.6644330490651D-02   0.4782710482627D-01   0.3087543490686D-01
  -0.1300260307217D+00  -0.1253456471716D+00  -0.2682510415967D-01
  -0.1284626802921D+00  -0.2811533971888D-01  -0.2894071310289D-01
   0.8771011905090D-02  -0.1436254546278D-02  -0.1758379708803D-02
  -0.6884902793281D-02  -0.4166050213483D-01  -0.4677600322701D-01
   0.2000497755266D-01   0.1884008704006D-01   0.1578492325354D-01
   0.2105353110734D-02   0.3684296059812D-03   0.1178808413412D-02
   0.3099135685931D-03   0.1252436496727D-01   0.3038253754818D-02
   0.9918680333438D-02  -0.1446114705686D-01   0.1038939230157D-02
  -0.7579651593239D-02   0.5790556216251D-02  -0.1282549734534D-02
   0.9463034233453D-02  -0.1502950359741D-01  -0.2615878594589D-02
  -0.6232823451959D-02   0.5565203749500D-02   0.1488002473869D-01
  -0.8557724182174D-02  -0.4092204785728D-02  -0.4555698348820D-02
   0.4101732186215D-02  -0.1670343554149D-02  -0.1987477502583D-02
  -0.1911482536406D-03  -0.2135674838871D-02  -0.3183968013411D-02
  -0.1102173695497D-03   0.1440509615437D-02   0.1161926262421D-02
  -0.5601350683424D-02  -0.1751643649032D-02  -0.3923648674253D-02
  -0.3974700939293D-02   0.1546185027551D-02  -0.5330962041714D-02
   0.2201889674080D-03   0.2500712921719D-02   0.3396565570583D-02
   0.3975556325269D-02   0.5119706166163D-03   0.3417359317489D-02
  -0.7961480530929D-03   0.6391390664120D-03   0.4212432957798D-03
  -0.1574185469990D-02  -0.9116468619427D-03   0.2576195081378D-03
  -0.3999534675473D-02   0.9103187475150D-03  -0.3735884652229D-02
  -0.1533695356275D-02   0.3273220268761D-02   0.6563793420159D-02
  -0.1652729045264D-01   0.3593548627539D-01   0.1556274592764D-01
  -0.2718008288304D-02  -0.1546014357422D-01  -0.1667105347870D-01
   0.9559870521253D-01   0.1163001509476D+00   0.2798964362115D-01
  -0.4895583474192D-01  -0.8026727904754D-01   0.2167226826563D-01
  -0.5341927475855D-02  -0.1020329193437D-01   0.2439428433199D-02
  -0.1664532445548D-01   0.9347124968898D-01   0.1571690027862D-01
   0.8082233670085D-02  -0.3160671411123D-01  -0.2894851471135D-01
   0.1262019963492D-01  -0.7913555689017D-01  -0.7797926807672D-02
   0.3052159689562D-02  -0.1226589591490D-01  -0.1725346502773D-02
  -0.1589390892091D-02   0.5242297948600D-02   0.1757535584777D-04
  -0.4118235122393D-02   0.3516585032255D-02  -0.3026864995322D-02
  -0.3677740506680D-02  -0.1178422138450D-02  -0.7384487005262D-03
  -0.1731714311908D-02   0.1193619435954D-04   0.6085665637065D-02
  -0.4411385466309D-02   0.1749542323488D-01   0.1684639316037D-01
  -0.2329494750086D-01   0.8042131070951D-02   0.1516815519014D+00
  -0.5453926643888D-01  -0.7002850550205D-01  -0.6230358154421D-01
   0.1157368909122D+00   0.1135665337776D-02   0.1347624867650D+00
  -0.4500753256984D-01   0.1997011661174D-01  -0.1114733966395D+00
   0.7973579165576D-01   0.1180820218519D-01   0.1341783409630D+00
  -0.6213412775430D-01  -0.2352266154792D-01  -0.9484426782256D-01
  -0.4177112702810D-01   0.3916156403202D-01   0.3916665079106D-01
   0.1128540238342D+00   0.2230329075385D-02  -0.4098705247636D-02
  -0.3412872434310D-01  -0.1307361734332D-01  -0.3070181709932D-01
   0.1234901683640D-01   0.9887442909719D-02   0.2496319911586D-01
  -0.2939506649743D-01   0.2622495859082D-03  -0.3517836838921D-01
  -0.4274449416692D-01   0.3251319950250D-01  -0.1565236038561D-01
   0.1266362223850D-01  -0.1014293533805D-01   0.1359057731608D-02
   0.2104689634145D-01   0.5058264035068D-02  -0.1779535548010D-01
   0.9761951873864D-03   0.1003965984817D-01  -0.1452610917850D-02
   0.2444363297551D-01  -0.1974966050459D-01  -0.1426837885505D-02
  -0.5169806009097D-01   0.2298742728626D-02   0.1782203723470D-01
  -0.8613080553073D-02   0.9446864441921D-02  -0.5894368813262D-02
  -0.1315653834525D-01  -0.7244501951628D-02   0.1941959625311D-02
  -0.7421486712307D-01   0.2116627364560D-01  -0.1718207107361D-01
   0.1900047220516D-01  -0.1406513074746D-02   0.7983951496830D-02
   0.1834122790343D-01   0.3802897698558D-01  -0.4055491928829D-01
  -0.8695563508852D-02  -0.2367349290518D-01   0.2533444300273D-01
   0.1763784229831D-02  -0.2655203876609D-01  -0.6977713559267D-03
  -0.1789361263540D-01   0.3986244537729D-01   0.2489410043522D-01
  -0.6746415626014D-01   0.1706923140370D+00   0.1467823740782D+00
   0.1045751441432D-01  -0.2555496669768D-01  -0.3692317003950D-01
   0.6134497966466D-01  -0.1423222271123D+00  -0.8653203016064D-01
   0.7962781959614D-02  -0.1937674572364D-01  -0.1176161517081D-01
   0.5184747266328D-02  -0.6052425229226D-02   0.9810664332791D-02
  -0.2466839537685D-02  -0.1327429866080D-02  -0.6048151638259D-02
  -0.2359689634494D-02   0.9397612421796D-03   0.8159039006630D-03
  -0.1701241251591D-02   0.1483439856439D-02  -0.1654488789411D-02
  -0.2216530739491D-02  -0.1472237651683D-01  -0.4357330393063D-01
   0.1550657207445D-02  -0.4069959950403D-02   0.4491147764798D-02
  -0.3572797413213D-02   0.7357545808291D-02  -0.3079393043022D-02
  -0.4152814857369D-01  -0.3662838896780D-01   0.6339336115798D-01
   0.1031724969260D+00   0.4743167818456D-01  -0.1248745723588D+00
  -0.1134951477985D+00  -0.1187287212858D+00  -0.2067633717155D-01
   0.9760608573546D-01   0.1028299141205D+00   0.6646390668917D-01
  -0.6944013962615D-01  -0.1766554742711D+00  -0.1020330584435D+00
  -0.7893154264438D-01   0.2587575457777D+00  -0.1139538943490D-01
   0.6595762362908D-01  -0.1789154880398D+00   0.1028634537798D+00
   0.9933661254862D-02   0.3831385119520D-01  -0.2976392861993D-01
  -0.1570813833872D-01  -0.1227483918204D-01   0.6125682437418D-02
   0.3600853686208D-01   0.1249330609553D-01   0.4461263158784D-02
  -0.2945871661868D-01  -0.1674366038803D-01   0.4787617200485D-01
   0.1662146677375D-01  -0.2324540686764D-01   0.2461798093655D-01
  -0.3269401026112D-01  -0.2470533828022D-01  -0.1261678727016D-02
   0.2078243799566D-01   0.3666806314932D-01  -0.2563660656707D-01
   0.2909104146032D-01   0.3238778932979D-01   0.2111522799736D-01
  -0.1733307766609D-01   0.5193346948877D-01   0.9279510487335D-02
  -0.2160886569673D-01   0.5529378096688D-02  -0.2820827849765D-01
   0.1138095696926D+00  -0.1435611729625D+00  -0.7085003685553D-02
  -0.2837786276940D+00   0.2390206691106D+00  -0.4278002590632D-01
   0.5164298614901D-01  -0.9835320781712D-01   0.8190767905966D-01
  -0.1717197313949D-01   0.5128174821954D-02  -0.2553830598612D-01
  -0.1588094968007D-01   0.1250094350600D+00   0.4208650768119D-01
  -0.3414350425407D-01  -0.2769910252215D-01  -0.1357003100187D-01
   0.1627235208290D+00  -0.8792591865272D-01  -0.4687374022219D-02
   0.1841120875303D-01  -0.3768553591513D-01  -0.7912004187097D-01
  -0.7193388285237D-01  -0.1579182329402D+00  -0.4319316145249D-01
   0.1184960421413D+00   0.1507861122198D+00   0.2886934807024D+00
  -0.1381806299461D+00   0.1615052171046D+00  -0.5563657833447D+00
  -0.6932614036945D-02  -0.8127924143148D-01   0.1152603223973D+00
   0.1067678205376D+00   0.5348568476077D-01  -0.5205970379237D-01
  -0.7219902467956D-01   0.4309523002449D-01  -0.1557386507566D-01
   0.1368885596745D-01  -0.2016333687571D-01   0.1318715298661D-01
   0.1728448537343D-01  -0.1331494082770D-01   0.2574797697063D-01
   0.7780948332686D-01  -0.1851345600683D+00   0.4547763156483D+00
   0.6019340944661D-02   0.7513799520051D-02   0.1161820937418D-01
  -0.3590558202408D-01   0.9347449948039D-01  -0.3020687957589D+00
  -0.1216391042219D+00   0.6856620896015D-02   0.1785093713508D+00
   0.1508230688025D+00  -0.7442495431000D-01  -0.1534242786191D+00
  -0.3018763060676D-01   0.1164190945907D+00   0.9883621691445D-01
  -0.1889156717242D+00  -0.4451320916388D+00   0.3491537774050D-01
  -0.3690203775860D-01   0.1242373565537D+00   0.3768468729755D-01
  -0.6446605358543D-01  -0.3138675567176D-01  -0.3785480191190D+00
   0.2334219757505D-01   0.6462155897847D-02   0.5124809020269D-01
  -0.1992578094444D-02   0.6316487692091D-03  -0.3109500186192D-01
   0.2256528269894D+00   0.3187560905824D+00  -0.7912041534936D-01
   0.2951504873799D-01  -0.8650768058418D-01  -0.5819025853665D-02
   0.1796493363819D-01  -0.2184486156610D-01   0.5294090005318D-01
  -0.5954483195015D-02   0.6743887847316D-01   0.3097720970060D+00
   0.3210900389347D-01   0.2305690065382D-01   0.1474983951322D-01
  -0.2892307790605D-02  -0.4817167329525D-02   0.3665951919542D-02
  -0.1732901636548D-01   0.6700323335875D-02  -0.5164455888975D-02
  -0.3507530003611D-01   0.2154926705453D-01   0.1094177030707D+00
   0.7687555497130D-03  -0.3026027308775D-01  -0.2407122858037D-01
   0.4953526219456D-02  -0.7421567866325D-02  -0.1604339025326D-02
  -0.8875977784901D-03   0.1080484385216D-01   0.2057030787568D-01
   0.3851313719572D-02   0.6507685176145D-02   0.1224568016404D-02
   0.5516196524804D-03  -0.9183144694096D-02  -0.2148006057651D-01
   0.3343379021986D-03  -0.1650269637868D-01  -0.3567762844317D-02
   0.8334932277945D-04  -0.6286149190350D-02  -0.6029490720688D-02
  -0.2673439580925D-02   0.3577667366384D-02   0.6217781402518D-02
   0.2393067607313D-02  -0.4256098503338D-03   0.2632804119622D-03
  -0.7443555401113D-03   0.3449372690252D-03   0.4351542673064D-02
  -0.4806400156835D-03   0.9415279558524D-04  -0.2216450843831D-02
   0.2799314608590D-02  -0.1717979976615D-02   0.3798902690055D-03
   0.3343688252042D-02  -0.1299859173798D-03  -0.3586363221293D-02
   0.4631092740988D-03  -0.1504985391241D-02  -0.2618722416435D-03
   0.3275213806660D-02  -0.2745306632926D-02  -0.5314536296137D-03
   0.6814037188375D-02  -0.4765193041759D-02   0.5173568549669D-02
   0.9488374847082D-01  -0.3746926048432D-01  -0.6541493142323D-01
  -0.3265816909604D-01  -0.1433792626373D+00   0.1023623759358D+00
  -0.3711068018513D-01   0.2228228443890D+00   0.5098983354559D-01
   0.1115896261870D-01  -0.1371133681213D+00  -0.1008065175923D+00
  -0.9649421779029D-02   0.2513266995648D-01   0.1772925842901D-01
   0.7283433228983D-02   0.4136926990225D-01  -0.1949499032764D-01
  -0.7213636547114D-02  -0.4108153431580D-01   0.4654824236639D-01
   0.1920156626148D-01  -0.5481029477027D-01  -0.1236851049973D+00
   0.1899295365910D-01   0.1120154546901D+00   0.1488051570084D+00
   0.2451124454638D-01  -0.3197036743558D-01  -0.4051797390753D-01
  -0.1637149546288D-03  -0.8830994802973D-02  -0.1330015659042D-01
   0.1210099981467D-01  -0.1881525715665D-01   0.2870502037843D-01
  -0.6282401593883D-02  -0.8755114173272D-02  -0.3124436895574D-02
   0.9525552648356D-02   0.1114012936344D-01  -0.5953854818258D-02
   0.1407232124350D-02  -0.1195273860598D-02  -0.2292598884109D-02
  -0.4617866507676D-02   0.2752063425255D-01  -0.2892400720410D-01
  -0.3335517034046D-02   0.2990869150550D-01   0.1582095227779D-01
   0.3453750169146D-02  -0.1162683868366D-01   0.3850502431661D-01
  -0.3822354603216D-01   0.1612446666895D-01   0.4938624720334D-01
  -0.4462744650972D-01   0.1233285537868D+00   0.9698552737229D-01
   0.8634439525686D-01   0.2160375105823D-01  -0.8897637988188D-01
   0.2901766885751D-01  -0.2164467975537D+00  -0.9663993090896D-01
  -0.8984827165924D-01   0.2215878214019D+00   0.1951980771597D+00
   0.6228473373098D-01  -0.1988276133461D+00  -0.1651453167158D+00
  -0.3734870949030D-02   0.8053664886368D-01   0.1739662383360D-01
   0.4100532380405D-01   0.1584388596056D-01   0.3338476738842D-02
  -0.1568084808398D+00   0.6344263953501D-03   0.5827827853642D-01
   0.9085237588148D-01  -0.2564644511512D-01  -0.4011214920670D-01
   0.3661686175515D-01  -0.1539501509734D-01  -0.7046302885908D-01
  -0.2778801034534D-01   0.2851951599875D-02   0.5776084938800D-01
   0.5935870332306D-02   0.2774288463217D-01   0.1327215894374D-01
  -0.2165840680499D-01   0.1059233033343D+00   0.1571033583637D+00
  -0.8901610977833D-03  -0.2391757088746D-01  -0.3057829711117D-01
   0.3320145718439D-02  -0.1200417611161D-01   0.6677240988316D-02
  -0.4875898442908D-01  -0.2312101145699D-01   0.1333854266758D+00
   0.3391021611963D-02  -0.5772670235330D-02  -0.1067066646962D-01
   0.7509779371298D-02   0.1230891054709D-01   0.5321525958757D-02
  -0.2318894893731D-02   0.2840353748339D-02  -0.1848815560208D-02
  -0.3337233017308D-02  -0.5232788917369D-02  -0.1625016314262D-02
  -0.9564704595085D-02   0.2364963330814D-01  -0.1028263984486D-01
   0.1451350823010D-02   0.6095914865509D-04   0.3885176908762D-02
   0.2914565813222D-02   0.7433951902034D-02   0.5774579068955D-02
  -0.1980496371426D-02   0.2201467241153D-02   0.9095049323003D-04
   0.2059630860715D-03   0.1646215466457D-02  -0.1685817482863D-02
  -0.2396945823757D-02  -0.2387004485850D-01   0.3868050892983D-02
  -0.2635328949880D-03   0.5219051874060D-02   0.1184597447324D-01
   0.1079480650517D+00  -0.2754578146070D-01   0.1379367885306D-02
  -0.2646632729774D-01   0.6768974819485D-02  -0.2467298011146D-01
  -0.9308754531534D-01   0.1894653461567D-01  -0.9308204604306D-02
   0.9249320078773D-01   0.1571595186175D-01   0.6112111115481D-02
  -0.4663172271850D-02  -0.1706471312351D-02   0.1168297166945D-01
  -0.5377753968302D-02  -0.2616939789902D-02  -0.1936032668641D-02
   0.6391628629585D-02  -0.1047222453623D-01  -0.9672995803680D-02
   0.2890059988281D-02  -0.7037972403601D-03   0.9379040016236D-02
  -0.2896412360002D-02  -0.4182314828602D-02  -0.1120920804219D-01
  -0.7407162723412D-02  -0.8884513380071D-02   0.1396235210099D-01
  -0.1176467473349D-02   0.9835738658716D-03  -0.2152489151805D-02
   0.1754252469440D-02  -0.2138799150064D-02  -0.7507257590909D-02
  -0.9233311490906D-01  -0.6378646684375D-01  -0.1001958757743D+00
  -0.1167435402076D-01  -0.9743259883905D-03   0.1416625383370D-01
   0.1501345631436D+00   0.3683353260487D-01   0.6560338653042D-02
  -0.9519561630592D-01   0.2471749498497D-01  -0.2503700871839D-02
   0.2384378426122D-02  -0.6069271041603D-02  -0.1224875319238D-02
   0.6570643921306D-01   0.1231817228714D-01   0.6477025499633D-01
  -0.4834856874858D-01  -0.1966444541266D-01  -0.3483036938525D-01
  -0.2348362024689D-01   0.8872270506811D-02  -0.3545381082143D-01
   0.1998049196741D-01  -0.1703706175328D-01   0.8627576312102D-03
   0.8003401971432D-02  -0.2020034327540D-02  -0.4760183079709D-02
  -0.5711280479529D-02  -0.1287963296902D-02  -0.2977776118714D-02
  -0.2996655552138D-02   0.1998717156940D-02  -0.1503482867388D-02
  -0.8602920758134D-03  -0.5122624295742D-02   0.4434404937954D-02
   0.1010448834478D-01   0.3228517944150D-02   0.6968817241422D-02
   0.7774638012502D-01   0.6901565096372D-01   0.8706398607991D-01
  -0.5415987094240D-01  -0.4144827812772D-01  -0.2562871653682D-02
  -0.3780418156562D-01  -0.4307894526176D-01   0.1229880365392D+00
   0.2705179009715D-01   0.6852049137194D-01   0.6520923414153D-02
  -0.1437489772734D-01  -0.1053064734438D+00   0.8927979225634D-01
   0.5904734439721D-01   0.1869044230005D-01  -0.3016962182230D-01
   0.2776762206466D-01   0.1184682586447D-01  -0.1346297760245D+00
   0.3985328814603D-01  -0.1644702001230D-01  -0.5220509754299D-01
  -0.1014257161359D+00  -0.3386961440485D-03   0.9642838017737D-01
   0.8524026118488D-01   0.4989457987155D-01   0.4881949597849D-01
   0.1345247643559D+00   0.2449462783293D-01   0.2026487073169D-01
  -0.4182258609769D-01  -0.3470283748619D-01  -0.4366725124647D-01
   0.7412060197927D-01  -0.1152925711777D-01  -0.1131496626443D+00
   0.2330640174244D-01   0.1599683959954D-02  -0.6802223734880D-01
  -0.7524806527357D-01   0.6469209350537D-01  -0.1152307536581D+00
   0.1236967751840D-01  -0.5405229725579D-01   0.1918775500906D-01
  -0.6068533476175D-01  -0.1162503416251D+00  -0.4380603079628D-01
   0.5137001264364D-01   0.1084665209689D-01  -0.6936954851179D-01
   0.5464290992439D-01   0.2992643635615D-02  -0.1247675750327D+00
  -0.7007466774081D-01   0.1689020152249D-01   0.1124677892499D-01
$end                                                                            
