$grad                                                                           
  cycle =      1    SCF energy =  -824.40415078037   |dE/dxyz| =  0.670439
   52.21441500509678     58.22868186418290    143.58669175277865      n 
   51.07051845198338     60.51412119145105    144.63684516715628      c 
   50.48937726519087     62.28850776637682    142.38268029903628      c 
   51.87074658461326     63.97847964668777    141.65103726736103      o 
   52.56528352295411     61.69405273820723    146.86442312052489      c 
   54.83917652357171     62.91324474184700    146.27317529763090      o 
   50.95500809842056     56.83409161440535    143.28288144014351      h 
   49.25772015713601     59.92856041036231    145.43962514167748      h 
   51.35832970865000     63.11301933779241    147.75178414696052      h 
   52.93653256736694     60.17573929442849    148.22810568333946      h 
   55.91448547014284     61.71924872149646    145.35383731228359      h 
   48.34860704728695     61.66310709364193    141.14446962025542      n 
   47.51297249186407     63.34955071236432    139.12942097663080      c 
   46.95039105535261     65.91508668154033    140.37748471202261      c 
   45.37153824108013     66.07884446640810    142.04232890449600      o 
   45.17770706549258     62.37289227337547    137.67569179597780      c 
   45.89607448192313     60.42698191755255    135.64308175808611      c 
   43.16278674559825     61.33404612907970    139.46929360910178      c 
   46.97578010098167     60.64020511595680    141.98330339761768      h 
   49.09403923403662     63.55237179296027    137.80944290425481      h 
   44.38273964606870     64.03314685725536    136.72612992232507      h 
   44.20206606119091     59.78497725185697    134.67840186103234      h 
   47.15320868171849     61.26246414386742    134.25146042122068      h 
   46.82679436074029     58.80448971862472    136.48989878703406      h 
   41.37493275107854     61.18497190903479    138.46597726364885      h 
   43.64923073697460     59.45150566900777    140.13417800965220      h 
   42.88657337713265     62.60908024600301    141.05586558424676      h 
   48.40396732240536     67.83073248801357    139.63029356798137      n 
   48.48371239969760     70.35200946370976    140.73818623725441      c 
   45.81448501830937     71.28986624538629    141.53241479877653      c 
   43.97708640427974     70.92814448640519    140.17367634599415      o 
   49.67579941057937     72.18777575438521    138.79361037944074      c 
   51.95217905055105     73.72333554506858    139.73066860828450      c 
   54.13940633144365     72.15790913048683    140.83328603028028      c 
   53.95652798648226     71.91785224879089    143.57688010289786      n 
   54.40526282402989     69.89146559831389    145.01454159197996      c 
   55.01873390704657     67.67376398902704    144.04097971367855      n 
   54.17964500194132     70.10413439874571    147.53192149243148      n 
   49.74931085700849     67.47815336018030    138.32386271360187      h 
   49.66179837470718     70.23910311414365    142.42920194208648      h 
   50.27475302453472     71.09106147437251    137.15444421704743      h 
   48.22797072289161     73.49967632207023    138.13936430318265      h 
   52.66596846338409     74.75815031186336    138.09979673918716      h 
   51.35030635330022     75.13758372553652    141.10402302321157      h 
   54.18183061154216     70.29518919123623    139.96323198733069      h 
   55.92096940503453     73.11405492575399    140.40210659184410      h 
   53.69039469194123     73.59087768094948    144.46571092397281      h 
   54.83003012185369     67.32975133511974    142.17762504685103      h 
   55.04076014849920     66.07961374058289    145.12986408353981      h 
   54.08564282486364     71.81578786907814    148.35916896806941      h 
   54.71244372556750     68.63404520708241    148.61900451674740      h 
   45.71263115047687     72.65574836794764    143.69157679262335      n 
   43.36692488864696     73.58644573918389    144.78172666641044      c 
   41.53597305768582     74.72605796023812    142.95180655457494      c 
   42.17654428763625     76.12121611556023    141.20985833707215      o 
   44.20577808275436     75.70958478733573    146.56586049294711      c 
   46.62126255633132     74.60291406380539    147.67474123680222      c 
   47.81533487058761     73.28853405435449    145.39212717908552      c 
   42.41623061145901     72.07290701493862    145.83793944301388      h 
   44.64573070467919     77.39378214626986    145.46174474749728      h 
   42.77158679361997     76.13413573270326    147.97693303638937      h 
   47.85359762246775     76.04618166850179    148.45903108345962      h 
   46.13556270142826     73.25251561452207    149.15249391177542      h 
   49.07951111051144     74.61151709580264    144.43839311235712      h 
   48.82472882678292     71.58719119619767    145.97343431046150      h 
   39.12666674962564     74.38121320519329    143.58173489352134      n 
   37.12126264363665     75.39380535645088    142.01930539305488      c 
   36.57836418140870     78.17126015241095    142.59250353822839      c 
   35.39626726382762     79.53091485998472    141.16422271376513      o 
   34.81522190711672     73.71817215501665    142.39231212996569      c 
   32.49257137920099     74.45326087387052    140.95395975499778      c 
   30.77689652612813     76.10233033464061    142.06532306830417      c 
   31.86925406469658     73.20236136866501    138.72709453690436      c 
   28.36628679792477     76.35365020258051    141.10341490713341      c 
   29.44431150915291     73.43601302671246    137.77921016503998      c 
   27.68315813249421     74.94940099070017    139.00281824544012      c 
   38.63020109896635     73.18161250901069    145.02479309352788      h 
   37.72591864642861     75.30005237299879    140.04488541778989      h 
   35.35537137612452     71.79309875447029    141.88506225324195      h 
   34.36113059450061     73.69996004023302    144.41081322863346      h 
   31.26892390519578     77.05222653917518    143.80290195652020      h 
   33.21338370189982     71.93843613480293    137.86475412794573      h 
   27.00856140398021     77.52897157806819    142.05869514649967      h 
   28.86683181643142     72.41362342573073    136.11220782578602      h 
   25.77173128187708     75.05083756679190    138.29336283535690      h 
   37.66463161058735     79.08573518484147    144.70130660848881      n 
   37.91158391386659     81.80381686223629    144.99416039929608      c 
   39.43744589742953     82.91092515143225    142.73787838748024      c 
   38.80561625645063     84.88751913432563    141.74850509978452      o 
   39.14940110294989     82.41240199418245    147.54946750999846      c 
   37.30923880062420     82.35992395572704    149.79601318072511      c 
   35.54807783142458     84.66421941260288    149.76220993377530      c 
   33.99413910661997     84.90345586354184    152.18539122864047      c 
   32.56818653375242     87.32306615480795    152.17266949698484      n 
   38.39480742861097     77.92310914078206    146.02463968463047      h 
   36.04469011990425     82.69029097395455    144.86722341753688      h 
   40.66329032373765     81.05273100378501    147.88260927973360      h 
   39.99891096435248     84.28697757193875    147.44182280602911      h 
   36.20669296125839     80.62122148275986    149.80628201956372      h 
   38.41086775384112     82.40119806735460    151.53538266988269      h 
   36.71314851548988     86.35493680057228    149.57076179123800      h 
   34.25098551627105     84.56420278339247    148.16780904228577      h 
   32.64491355051803     83.35428344407694    152.34700147281464      h 
   35.20970393758039     84.88964157719099    153.84911988470554      h 
   31.23154077350187     87.50133843468633    153.71670849575057      h 
   33.76340943070759     88.84256421846246    152.25529915684587      h 
   31.43147843257664     87.45836351584724    150.60375997109173      h 
   41.51105730412527     81.61375441832101    142.04187136461610      n 
   43.30566112572562     82.47946026497814    140.15625563653282      c 
   42.54102421804747     81.84466110731969    137.42975787092593      c 
   43.12324418286607     83.22638943215360    135.67469242196842      o 
   45.93887123626590     81.34600976580136    140.60135361957919      c 
   47.24617766341661     82.40339587608131    142.95965961084570      c 
   49.91751115514677     81.36676873775717    143.15676309598035      c 
   50.37381805351954     79.14405620434258    143.57607030581775      o 
   51.74883344533740     83.07530532169882    142.80031361608397      n 
   41.82203472688906     79.86867099561309    142.75578071268598      h 
   43.37925490146724     84.54659698169948    140.26865806875375      h 
   45.75850870179116     79.29561656277521    140.74824623454154      h 
   47.08309176021661     81.78109484560996    138.94065880552012      h 
   47.28811294083197     84.45931860885329    142.87159279898006      h 
   46.19981981141821     81.84330991452656    144.64568487617930      h 
   51.37627617879876     84.90855497721124    142.47422578192422      h 
   53.57068601795172     82.52279677701948    142.87853162586768      h 
   41.23686564725023     79.69513522897792    137.13987622635184      n 
   40.33087281169263     78.79814578880431    134.71158161558191      c 
   38.49463479477558     80.64246910420906    133.39210681161924      c 
   37.71700555821315     80.12892167399635    131.26689151136239      o 
   38.88806087680337     76.28200627668696    135.08293268705464      c 
   40.52320137358132     73.92888440009686    135.57699701948644      c 
   39.08045662128415     71.48459653613990    134.97901721400501      c 
   39.89006533821956     70.24546724041015    132.60475682137212      n 
   39.89449273179275     70.88200786500161    130.14140736036163      c 
   40.49864173075011     69.10417309957727    128.44819323339783      n 
   39.30685522938004     73.16771685616271    129.23208919464906      n 
   41.13815278872717     78.46174150113707    138.60730328151288      h 
   41.93646029404212     78.55661353040756    133.41730238105848      h 
   37.55144626301591     76.57413274542448    136.63011226105976      h 
   37.74804183365703     75.97668153427455    133.39257631875566      h 
   42.21688903582138     74.00963429607690    134.40502607122610      h 
   41.17187776795247     73.88618028030909    137.52609161398962      h 
   39.43798341561389     70.11757697184494    136.46953086003734      h 
   37.04890020557573     71.84617959679522    134.90050164230414      h 
   40.40878418226059     68.43265325176671    132.90420604619328      h 
   40.77035582802633     67.29303926778714    128.96584841022838      h 
   40.55006570369256     69.48888726416551    126.58457668078934      h 
   39.29153797179418     74.69206241194114    130.37894579597017      h 
   39.56601591988288     73.50814898603164    127.37307585514920      h 
   37.73179765472160     82.65396314611101    134.69546142496750      n 
   35.57216495357341     84.15455023615338    133.94662060743127      c 
   35.76180744199024     86.84859249998762    134.97691527409930      c 
   34.96136217928186     87.36136220025782    137.09735145875317      o 
   33.16830343541217     83.05641230293986    135.18145534333809      c 
   32.52688127037054     80.33108706220672    134.48825332876172      c 
   31.24934311330763     80.03747283509500    131.91913892501731      c 
   31.49400496442345     77.33993077007882    130.91909355798850      c 
   33.71199112410839     77.12802068044270    129.15661887493050      n 
   38.27262479173803     82.86795010465870    136.51358636499234      h 
   35.47260462137017     84.15561205086554    131.88428328345023      h 
   33.47515218511091     83.13350314259536    137.21666059119775      h 
   31.60178252557564     84.30359138089192    134.70320347325583      h 
   34.24963640576695     79.21168980031381    134.57876526685973      h 
   31.27272359794901     79.58459876129221    135.94622744730188      h 
   29.25526265641120     80.52167934427115    132.09368779981213      h 
   32.07294109784688     81.35575052525877    130.56767774563860      h 
   31.74776391997646     76.05109279846984    132.50481509069380      h 
   29.77556018317945     76.79369699389578    129.92562480235830      h 
   33.25335503872559     77.95130941454288    127.45555666885612      h 
   35.26327012351211     78.13138137001579    129.88716376134531      h 
   34.14298381396812     75.25895379329036    128.84364711798085      h 
   36.61064250436612     88.68239209088465    133.47682354472300      n 
   36.35571010553250     91.25291232847006    134.39907809322722      c 
   33.65198032753713     91.46023336622591    135.46669962537695      c 
   31.89374263739149     90.49667467683703    134.29943774927142      o 
   36.72663193709420     93.08608981572640    132.15519861983489      c 
   38.71639248122642     92.16678754506572    130.64901008123442      o 
   37.47860202288361     88.42767999724705    131.79792078574957      h 
   37.75054489019426     91.62976134386426    135.88159297434663      h 
   34.98470835783836     93.17687883016742    131.02818049286546      h 
   37.12425448629445     94.97223343440723    132.90015695742483      h 
   39.56512361113174     93.54087696304259    129.81199034081700      h 
   28.05883840454520     91.09504000719910    130.75239704914759      n 
   27.55075878978624     88.73670886160151    129.42172636159765      c 
   25.63465901539307     87.12703172373658    130.90593764686713      c 
   23.83143066162745     86.01904313159639    129.98089393882876      o 
   30.00090989435185     87.17601568612378    128.96899456053723      c 
   32.39281358688769     88.70748262387542    128.31134469856093      c 
   29.48849205708500     85.16962870097632    126.95282091259931      c 
   32.30303023414120     90.28388179888910    125.89810350146188      c 
   29.79465912254053     91.26129077353022    131.55309363936010      h 
   26.66291294830016     89.21205977388372    127.60902940557197      h 
   30.42240085921304     86.23139915819512    130.76331989076780      h 
   32.85200821384502     89.92277117671308    129.90397074091962      h 
   33.93180868807552     87.34905609832896    128.12758597147581      h 
   31.19594107842049     84.09323015013911    126.59243557045518      h 
   27.98099759067501     83.90883059581964    127.54860974430382      h 
   28.90011233381420     86.05817001112256    125.19718691048818      h 
   34.06517983954942     91.32070508717628    125.69575682484921      h 
   32.06935937836785     89.10138365223783    124.23785569848562      h 
   30.75708148721282     91.63855758503304    125.94466548033452      h 
   26.22501697691999     86.87942737127442    133.36186128954219      n 
   24.75140141528379     85.26842932687623    135.00152072596620      c 
   22.36989590557992     86.56791535222055    136.00358669474952      c 
   20.48810328036394     85.35301110501234    136.62333295860068      o 
   26.41556406977881     84.21898203713440    137.13406918468115      c 
   27.12182997338170     86.14841154909038    139.16762051906767      c 
   29.85059705003197     85.79137142533298    140.05427741358352      c 
   30.13728833661522     86.95346003813543    142.51761637754427      n 
   32.24341996555181     87.64590931647366    143.65979275810153      c 
   34.48101186320818     87.60682511678601    142.53953831614007      n 
   32.08288464663051     88.34326735600847    146.12542724341557      n 
   27.56150209818162     87.99524723303493    134.15232979039956      h 
   24.08907139622742     83.68023661523173    133.84039118744445      h 
   25.40503679693266     82.64132402722672    137.98358376643017      h 
   28.11716329099252     83.47309634809326    136.25066757233674      h 
   26.87751161926346     88.06798298777994    138.46937985562721      h 
   25.85514767112253     85.94628212066408    140.78459250081912      h 
   30.26385083743016     83.76865769458801    140.20863866089030      h 
   31.15238251186380     86.66589450990392    138.71439346618939      h 
   28.54032870913614     86.97075230311295    143.60806564495988      h 
   34.70398623799519     87.12527317878325    140.69634348573484      h 
   36.06141732054019     88.06092857353698    143.49707825578145      h 
   30.29711745020941     88.50088634099660    146.80396164075535      h 
   33.36228265836669     89.59460772086088    146.78453577918296      h 
   17.40046152644579     84.67700299744550    132.26145271794181      n 
   16.73258954249092     82.00739968796090    132.40495883761142      c 
   14.79867275797150     81.54082378974486    134.49496883804116      c 
   13.01128244172851     80.09956126232636    134.22620050264445      o 
   19.13255848541186     80.43754491396702    132.71940181103022      c 
   18.74880646023981     77.70577192735001    131.91139079710265      c 
   21.30364749290247     76.33198527805220    131.31533101327901      c 
   21.07633324209737     74.24243264818297    130.21248608434158      o 
   23.30517832247743     77.34607025403926    131.97783427315076      o 
   19.23908757795073     85.06958874517775    131.92312449348259      h 
   15.79354283950146     81.48493071565473    130.62203335683776      h 
   20.59497587613648     81.26709690095149    131.51400986240415      h 
   19.79087306680563     80.55264634047201    134.66847390796801      h 
   17.76226791170127     76.63967978215845    133.37553966113359      h 
   17.59998922081422     77.61009953318856    130.19774785636105      h 
   22.41190604014239     70.38333684822361    150.35893370890506      n 
   24.83293044394992     69.55883516990129    149.39198917750170      c 
   26.24934617409675     68.08079748797219    151.47060830372794      c 
   26.70034554678332     69.10350466287989    153.50245933810535      o 
   26.42882142686933     71.85239665325000    148.67564216931771      c 
   28.94985242619836     70.98678665311506    147.63235046381246      c 
   25.06163183542694     73.50604792390361    146.77479904937715      c 
   22.44823639152597     71.48010861275483    151.92701401322500      h 
   24.49459273760176     68.34299922713988    147.76037558208756      h 
   26.75319691231630     72.96594166121197    150.39625281800659      h 
   30.04413042200642     72.58754034593248    146.94815276472767      h 
   30.06553705690226     70.05971500910678    149.09151770788489      h 
   28.66525679353644     69.67790353784288    146.08840669287264      h 
   26.08142307948002     75.27131369836263    146.52177812969515      h 
   24.94668380893767     72.56659341276305    144.95108057175398      h 
   23.15818484906173     73.94283728631878    147.40767209157855      h 
   26.85952015473983     65.68265749117791    150.95962525827358      n 
   28.41530825493144     64.06621872564970    152.53614558267302      c 
   31.02259968521701     63.82366147781936    151.25083204576859      c 
   31.17069878890866     62.96040128840760    149.10652092419846      o 
   27.25463919991573     61.40876648025277    152.70370331011580      c 
   29.12189802543670     59.68245517749573    154.04378511162781      c 
   24.65350710818526     61.38573393554365    153.95160500301921      c 
   26.55647842199417     65.05055455236305    149.17115174733701      h 
   28.61979061439639     64.95563769595844    154.38764565298973      h 
   27.04437275932832     60.74823260489313    150.75155517207980      h 
   28.33615595046545     57.79708229639346    154.24070075138906      h 
   30.88143671290788     59.55911039299006    152.99738041313415      h 
   29.54370539769604     60.40729555706910    155.92352410929374      h 
   23.96328338277423     59.45592134968159    154.03715790111616      h 
   24.75290515696007     62.14377827478830    155.85807285369748      h 
   23.33201933563812     62.50929295903607    152.85662648466794      h 
   33.04999767336941     64.52260812681180    152.62087756737697      n 
   35.62891783917548     64.18483723355762    151.72474220320805      c 
   37.23004737750825     62.91776868605427    153.78225375349652      c 
   37.18453276261342     63.64321592806161    155.97997525063718      o 
   37.00488003244886     66.66992003397880    150.99158503674175      c 
   35.38034607250508     69.05753766516725    151.01584445427608      c 
   36.75674936617647     71.32927369309105    149.65745452327261      c 
   37.74416733836976     70.89964501932680    147.54663278784884      o 
   36.71741033108642     73.40927079103891    150.75535749703226      o 
   32.79659547407612     65.35722793058039    154.32374465335116      h 
   35.45828146508034     62.96159997086799    150.06620896861671      h 
   38.59137728234958     66.97575239155213    152.28087166217233      h 
   37.77085866822774     66.48136265587074    149.08596087141009      h 
   33.64144106097832     68.73509761398289    149.94744119975979      h 
   34.86749084588404     69.65851195646616    152.91945813242239      h 
   38.69049229175116     60.96808024970689    153.09713490447416      n 
   40.47334295732965     59.80412125967016    154.86451939960537      c 
   42.23830485743095     61.89711872350676    155.75759932276759      c 
   42.95934683682364     63.57958572142726    154.34900956118184      o 
   41.96224619175813     57.68315713245124    153.57609861107790      c 
   44.01693730357952     56.59769726820839    155.24143176503844      c 
   45.03833724714475     54.04195818146079    154.34890896899086      c 
   46.32777220547988     54.06552804687791    151.94270995734021      n 
   48.49579584504444     55.24473542854053    151.38950431467899      c 
   49.61589949745762     56.77482884563105    153.03321361579293      n 
   49.53944659507856     54.95153376110682    149.09880658685145      n 
   38.97559241906956     60.63355892995099    151.23961253493775      h 
   39.42105076794117     59.07432442486286    156.48594709568584      h 
   40.65970323951562     56.18484854753585    153.05187097495460      h 
   42.81257293520134     58.47758685019836    151.86889595955051      h 
   45.49517073182624     58.01376941386332    155.46505962690082      h 
   43.21598974358800     56.27419802090513    157.12071124919464      h 
   46.33035764084043     53.29351012173124    155.77275036251558      h 
   43.46419271833413     52.72069037112442    154.17704888755046      h 
   45.68292438926798     52.77346990968584    150.69658169891881      h 
   49.02888730177106     56.95999544538252    154.82872260478464      h 
   51.27647087934203     57.61951490659293    152.63237367456040      h 
   48.68329746671277     53.92414909268777    147.74654976217232      h 
   51.19506880983511     55.80294326800816    148.67262381323795      h 
   47.95071129643780     65.63171375920425    157.06284670433496      n 
   50.07300710635223     65.82502893453888    155.31757632763737      c 
   52.17770943483097     63.92857512017807    155.95009715024415      c 
   53.25575859741215     62.81319501219686    154.24997103862702      o 
   50.95133218781926     68.59048262939341    155.51038887385297      c 
   49.39725801766312     69.73773623643616    157.66651414612943      c 
   47.00192135315868     68.14905399922135    157.68460400811631      c 
   49.43627466021499     65.35917397584318    153.40141234338000      h 
   52.96911920383729     68.70589699848402    155.87925819469265      h 
   50.55676078427860     69.56893872064722    153.74465373266420      h 
   50.35873569151479     69.53119519780574    159.47694500666941      h 
   48.99579562999362     71.72664025831345    157.35873080619527      h 
   46.07767248596435     68.22223959831533    159.51159650548854      h 
   45.67306957596780     68.75034181476356    156.21587643939952      h 
   26.91673724282861     60.36997014478665    141.14067781918672      n 
   27.65288589460553     62.43494461742367    142.76624303451740      c 
   25.40823580155353     64.08371250646712    143.46919673437972      c 
   25.24354692735663     65.10668464665319    145.53976491922577      o 
   29.75063950215850     64.03460258571958    141.48263983830296      c 
   31.87616226215012     62.49658726718530    141.09088163557897      o 
   30.37075887917028     66.44142851508775    142.92825059262751      c 
   26.71538821396067     60.88452714559202    139.30735424231949      h 
   28.45050923503402     61.65118092017030    144.51236810799466      h 
   29.14472521041437     64.56620275595365    139.57137494022325      h 
   32.54207579838182     61.94631349937448    142.69505004750206      h 
   32.03322374604684     67.35573948963719    142.13695529377057      h 
   28.80942323806583     67.76791632505146    142.79557424463025      h 
   30.76225608050505     66.03983732577625    144.90951760360980      h 
   28.37357158714643     70.19074101464602    169.30482030614846      n 
   27.41729349594501     72.22694881427823    167.73976100654818      c 
   29.58028782359242     74.10597216668003    167.47888587861846      c 
   30.90393936636658     74.73452951398555    169.28399073157453      o 
   24.91604437839979     73.25057519894185    168.71981252444598      c 
   24.17642022486000     75.55396961520985    167.17002136467468      c 
   22.86072633582176     71.21643986875023    168.55156163985581      c 
   28.01546588963403     70.22768926786462    171.19634990494490      h 
   27.09209912912736     71.43068861934847    165.85256111742217      h 
   25.15362150482430     73.79743903602359    170.70047221530268      h 
   22.30668169981454     76.18616401128047    167.72203311155133      h 
   25.48224334564188     77.11171248174951    167.45178418305429      h 
   24.15831326425478     75.09001671462603    165.16655994288192      h 
   21.10916416533092     71.96064948255713    169.30848711639652      h 
   22.55669708048302     70.70906511307761    166.58435237844500      h 
   23.40245660329395     69.53401247684000    169.59299469066377      h 
   30.15292533394198     74.73402197687028    165.10376884335506      n 
   32.16297289097420     76.52682989628089    164.64984757092549      c 
   34.75921833375833     75.65422015488724    165.63811059851665      c 
   36.40950494546951     77.20585049894245    166.05275491014106      o 
   31.60509995365258     79.11723817497374    165.89117258817961      c 
   29.18531867110087     80.37350881309601    164.91532023692781      c 
   27.41568039072579     80.73043581691323    166.35703964849131      o 
   29.15982621267588     81.02917634310289    162.44331055268702      n 
   28.94038168665827     74.35926984428620    163.65254782773545      h 
   32.35074166830223     76.73919650062061    162.59978833368615      h 
   31.39177118136180     78.84886417190339    167.91876251995410      h 
   33.22053737966746     80.34365663482970    165.53498022231719      h 
   27.66936020965829     82.02156132786206    161.79320284170944      h 
   30.73540324502984     80.97302813219905    161.38326533608040      h 
   20.93956206753858     85.87196588114917    157.29699750949240      n 
   22.80708332289260     87.66253499536244    156.41557379449753      c 
   21.62001319463350     90.06153997584855    155.26918544043258      c 
   19.37831344963690     90.37459795759176    154.83178159979892      o 
   24.42552101350689     86.45442038325683    154.35507545297770      c 
   26.90400620200498     87.85827256466010    153.70146641807702      c 
   28.66977064792996     87.69795132939009    155.30572519839572      o 
   27.12450587030138     88.89448854567183    151.60170309604763      o 
   20.51759583830190     84.48732425973861    156.03873836698878      h 
   23.97725461105415     88.25585423436374    158.03142874317768      h 
   24.97726674366166     84.57225696981008    154.99879470652235      h 
   23.29264325984076     86.26739833831861    152.64219844367463      h 
   23.44642259363148     91.73287250041697    154.64329405160004      n 
   22.94450397792982     94.11968503484070    153.39341499141517      c 
   21.22334756448151     93.46747386877509    151.17226305831812      c 
   19.19337999463545     94.52503413544264    150.87864821326602      o 
   25.40464078993115     95.45903693046070    152.59489569468650      c 
   27.67467640351742     94.97206388630532    154.34749049968624      c 
   27.34882423178955     95.02877709408753    157.32808483777251      c 
   25.53532336404630     96.17466297588072    158.29851614655553      o 
   29.05948024429470     93.89058189631959    158.49066036341017      o 
   25.13330938615919     91.59176481336330    155.51017913487061      h 
   21.86362533303113     95.35337500084566    154.67290250907610      h 
   25.91534406977352     94.80557788518729    150.70554108560901      h 
   25.00386817339808     97.47659011708100    152.51687405312921      h 
   28.47843837847454     93.11496338410309    153.94081579129082      h 
   29.13172997078522     96.37449108470761    153.93822505713871      h 
   22.18370985064627     91.74458154702263    149.55605944027150      n 
   20.56409783406037     90.52399170232675    147.69247273815205      c 
   18.94146286161276     88.47863980304066    148.95385416731625      c 
   19.28534959722192     87.67696354204639    151.07527873514445      o 
   22.08932987237585     89.34679620435693    145.55328363108424      c 
   23.88871384231439     87.20260709369863    146.52669192871215      c 
   22.97340025816680     85.45140190850228    147.79745906730761      o 
   26.12597090150851     87.41645779601339    145.83120178765807      o 
   23.67306532540722     90.70820067967396    150.18876651332297      h 
   19.31738303531788     92.01713883661593    146.96702621178395      h 
   20.80542498198052     88.51090672811603    144.17330038955191      h 
   23.21514808100409     90.79850257189813    144.61863367579326      h 
   18.11808775853294     82.54402917578130    148.78718872141255      n 
   18.88448909331440     80.09825854969657    149.77175022316720      c 
   19.53041284616047     80.22891905615900    152.59260727908074      c 
   20.47710777915892     82.11418571406489    153.53213671993390      o 
   21.32088973872385     79.30420009166683    148.44237901624874      c 
   21.04194968997723     78.67757815519133    145.67896136580021      c 
   19.19627252520261     77.02438342456364    144.83412540365018      c 
   22.78128035169161     79.62497371617972    143.95857426507709      c 
   19.12921125144342     76.28020762135546    142.32777360501092      c 
   22.71040805060293     78.88062663520348    141.46131110924912      c 
   20.90962458553113     77.17105959674080    140.64235412912490      c 
   19.53872171963701     83.77307795161116    148.38331368736445      h 
   17.33789552502691     78.75698433848045    149.48127239216592      h 
   22.65161961910457     80.86365980994724    148.65058385199697      h 
   22.11065958729973     77.66527153302091    149.42729244336766      h 
   17.85926783531855     76.26717145630937    146.17383294134748      h 
   24.17596429540453     80.97222084070658    144.60060035761930      h 
   17.70832959545541     74.97748553216366    141.67861462622184      h 
   24.02836950155417     79.65957625938047    140.11484452317546      h 
   20.87172596532209     76.59627347252224    138.68395701281645      h 
   19.13552208573740     78.09650485018953    153.91907709223941      n 
   20.34373010680769     77.61393250552756    156.36304740759272      c 
   22.45708606923132     75.66313597545745    155.97411219919010      c 
   22.03320143915481     73.58439361434390    155.04092218342868      o 
   18.47414438519146     76.67419579121749    158.36258004151577      c 
   16.54039009386004     74.85755443837476    157.28650292021243      c 
   19.98042992588155     75.39091857556389    160.42896579380604      c 
   18.37625486325697     76.58111204324995    153.02752061624872      h 
   21.17642516649336     79.40654657892897    156.97682232622773      h 
   17.51357299461432     78.33075272886821    159.15090336950610      h 
   15.32005933078077     74.17541720613619    158.79111251454759      h 
   15.38347699426842     75.73787655992626    155.83673534894530      h 
   17.50549712548117     73.24713456885884    156.45313537509151      h 
   18.74053363630932     74.85881170252857    161.98155077978976      h 
   20.90104461310375     73.68513637528567    159.74771809034274      h 
   21.41898402607096     76.65141003205618    161.19264442164430      h 
   24.79757506265481     76.41149872672155    156.56293385414938      n 
   26.94598577913193     74.76527143003084    156.18797117623686      c 
   27.41856527149334     73.15841538466714    158.61626514657868      c 
   27.21338445004232     74.04359566490065    160.76841443148936      o 
   29.28928220781823     76.32744132750528    155.53368003020387      c 
   29.24887267396940     77.71844981736366    153.03677522877683      c 
   27.46961152563510     79.57223651012517    152.41509469964754      c 
   31.16645408270189     77.24457346825523    151.29982701221894      c 
   27.62664964741683     80.97046009497838    150.20798801898633      c 
   31.31294168914212     78.58452107522534    149.06148129570045      c 
   29.58408570825587     80.49389736323893    148.51321658436345      c 
   29.79902011378947     81.93753942903744    146.40309242993550      o 
   25.07875063301095     78.00312174204161    157.57178769851149      h 
   26.46360267068166     73.45540807894882    154.66243346057615      h 
   29.55417569001359     77.69386526510984    157.06638497032165      h 
   30.91457518752790     75.05704550267333    155.52590929228518      h 
   25.92106076005609     79.99202307389400    153.67870874893606      h 
   32.57140896284923     75.81297522270704    151.68357037866667      h 
   26.28606215089439     82.45643190487816    149.81246825685594      h 
   32.82084335974680     78.16293085704402    147.74898394519070      h 
   31.10359033247196     81.25962374762665    145.30610774714697      h 
   28.05445553745072     70.75695206479583    158.22566683685540      n 
   28.64793492713576     69.00953221591571    160.22363005885779      c 
   31.06449324787690     67.68870617966463    159.51225741654130      c 
   31.39851336336713     66.95803325808068    157.33536219885943      o 
   26.67943024970499     66.92031696600115    160.45691716590392      c 
   24.09000084451853     67.97584141106140    160.97655459023315      c 
   22.22178132597761     65.28131553328653    161.78790812042831      s 
   19.19154158570608     66.82532773384858    162.17391154884473      c 
   28.04718836444333     70.02220934512567    156.44817196094178      h 
   28.86340508584968     70.04882752369217    161.99419317356910      h 
   26.65046870929412     65.83450191113656    158.70057580762258      h 
   27.26094508463951     65.66688568628214    161.99281972849704      h 
   24.12848789666434     69.30097244976098    162.56070517372572      h 
   23.30884385791634     68.91236306374920    159.31407405790642      h 
   17.91146231793861     65.46148898064895    163.00520868829474      h 
   19.41090936012633     68.42022550836747    163.44525276747530      h 
   18.50297088503009     67.43894910053392    160.34171908199534      h 
   32.69056634878831     67.30994203435726    161.38715241184025      n 
   34.93083782114901     65.84285905879629    160.92973260056564      c 
   34.60162952467005     63.34810989742832    162.23582743162470      c 
   33.24170563073704     63.16234275448647    164.10737465872967      o 
   37.31696467588196     67.24439749999840    161.79290885194123      c 
   37.58628831594162     69.52823779219085    160.46786563863310      o 
   39.63166430110773     65.61347436509271    161.40970047314579      c 
   32.26769192255162     67.79857324632583    163.18209316099487      h 
   35.07208104917434     65.54622871852052    158.88411163189440      h 
   37.15574659311702     67.77972454353008    163.78479582682749      h 
   37.68040063871982     69.17451729482859    158.68031785303850      h 
   41.25494436835778     66.72702578565072    161.98971088043353      h 
   39.56608343601160     63.94168082883985    162.59364486448266      h 
   39.75584931521812     65.08914784754735    159.42922828864567      h 
   35.81782110629622     61.38106226805741    161.23806663215274      n 
   35.91932451046744     59.13503340449664    162.77859728534065      c 
   38.63156676176902     58.29162855675243    163.20520101355075      c 
   40.27776093609918     58.54593406337982    161.60329987460156      o 
   34.22868577062439     57.08613892384567    161.68748126138300      c 
   35.24529310802207     56.04534608044194    159.28110825831786      c 
   34.98457555621344     57.47789123780565    157.10054820552949      c 
   36.38658658121477     53.67681716047284    159.18951507515649      c 
   35.77429050220336     56.54294615154098    154.80375591366118      c 
   37.23302090286344     52.74350805720564    156.91279087540534      c 
   36.89553378975506     54.17037177958101    154.70953440875371      c 
   37.57210394755058     53.16854064023840    152.42463720153057      o 
   36.94698243930588     61.59635925190739    159.71544741983058      h 
   35.13756914516697     59.66275837211902    164.62381973443078      h 
   34.01913219608114     55.60407745317703    163.09695084403288      h 
   32.38835915738330     57.95277596508966    161.36010300045774      h 
   34.07579467662688     59.30079544839096    157.19220536592977      h 
   36.53774849149791     52.58587519766061    160.90675182603275      h 
   35.45277863300475     57.61971176558116    153.10208820821211      h 
   38.11030776095708     50.91192598865643    156.74607999822217      h 
   36.79910913499949     54.17486942825170    151.10557469967625      h 
   52.94679586477318     58.59394081748714    142.09579734132944      h 
   33.34575187093262     92.37211315561822    137.09327994781938      h 
   27.91608029623193     92.39950110516843    129.67047129443924      h 
   22.31831233167502     88.44980615058932    136.16756937949299      h 
   16.52480075013050     85.41447725229162    131.00371192556537      h 
   14.96865239239494     82.42804487554888    136.15479106698575      h 
   21.60767426514133     71.29732183786582    149.17132911852639      h 
   42.84372639028366     61.92288460071017    157.54753369315227      h 
   46.53905531862802     65.24009655063411    156.19888759959187      h 
   52.65685988982218     63.61470268601489    157.75092004558172      h 
   28.09926757245767     59.14918063410359    141.20278226505806      h 
   24.01178025185738     64.35869802247360    142.22607203132651      h 
   27.72171701482411     68.71235465654742    168.77376346765166      h 
   35.08743187131662     73.81754729369891    165.93806532540722      h 
   21.50722110904766     85.10681921592777    158.70585370013822      h 
   17.48824183828307     87.71488026658592    148.01796731987312      h 
   17.25590048880785     82.32750444397402    147.33725350745422      h 
   39.12624136891294     57.49440803597646    164.84556702077487      h 
   0.4756868061777D-01   0.2663317022980D-01  -0.1163514767422D+00
   0.1394006104179D-01   0.3571405147756D-03   0.4504335885062D-02
   0.3387207988654D-02   0.1597023382241D-02  -0.1221578992933D-01
  -0.4996410695292D-02  -0.2998210808420D-03  -0.2190258329238D-04
   0.1983361463161D-02   0.3313959515402D-02   0.3994546922292D-02
  -0.6363097568081D-02   0.8767085760062D-02   0.8725183162078D-02
   0.4687243199950D-02   0.1344257781353D-02  -0.2091815800586D-02
   0.1610643288704D-02  -0.4617141296089D-02  -0.3865997015712D-02
  -0.6388157302266D-03  -0.4511460047550D-04  -0.1520634592125D-03
   0.7852384195378D-03  -0.8992270185770D-03   0.3236734026787D-03
   0.5187251107384D-02  -0.7325050762709D-02  -0.6059870199276D-02
   0.9886478678903D-03  -0.3965270072746D-02   0.5280606598801D-02
   0.1958351534856D-03   0.2835478929730D-02   0.5151827188362D-02
  -0.5219286919830D-03   0.1378585902854D-02  -0.2378062255087D-02
   0.5583583934033D-02  -0.1314582680936D-02  -0.1068173642950D-01
  -0.1109435402365D-02   0.5018926084854D-04  -0.2322854990980D-03
   0.2836531982963D-03  -0.3777850152761D-02  -0.5107656351217D-02
   0.1618698111932D-02   0.7433410648164D-03   0.3695021563145D-02
  -0.1414899400380D-02   0.3824693833123D-04  -0.1552958221612D-03
  -0.4981676907404D-03   0.1919105450476D-03  -0.2288378756073D-03
  -0.5356205190902D-03   0.5931833880747D-03  -0.5879936898368D-03
  -0.8006043785303D-05   0.6590691576658D-03  -0.4174093909012D-03
  -0.6606718254228D-03   0.3261706014320D-03  -0.2264661176564D-03
   0.1243954858467D-03   0.1285423258867D-03   0.2885915196503D-03
   0.2274171961528D-03   0.5986340643194D-03  -0.5546283247527D-03
  -0.8620509177164D-04  -0.1076410958624D-03  -0.3788866148807D-03
  -0.2886655364933D-03   0.1370559837192D-03  -0.2238167888030D-03
   0.9873524798145D-04  -0.3537506404182D-02   0.4728166980867D-02
  -0.5371598567683D-04  -0.4026942853349D-02  -0.2067957430615D-02
  -0.1374499631754D-02  -0.8902713973442D-03   0.1139020015810D-02
  -0.1787413288576D-02  -0.2187280057240D-02  -0.5051772283327D-02
   0.6455642284355D-03   0.9876595069423D-04  -0.2934617461302D-02
   0.8084543666690D-03   0.4823804746875D-03  -0.2197431243516D-02
   0.7125620518491D-03  -0.2553631733596D-03  -0.2196811288127D-02
   0.1135092950933D-02  -0.3931814559538D-03   0.6597951821858D-03
   0.4002747658580D-03  -0.7145532611791D-03   0.2294018376506D-02
   0.9650554060387D-03  -0.9189195387572D-03   0.6023871431665D-03
  -0.1277529234065D-02  -0.9775704222302D-03   0.3160978876080D-02
  -0.9643601338648D-04  -0.1621007262216D-03   0.2370539023473D-03
  -0.3171517040405D-03  -0.1320644728820D-03  -0.3052211763110D-04
   0.9530593647073D-04  -0.2418766771958D-03   0.2323424248974D-03
  -0.5441075864688D-04  -0.2471032833555D-03  -0.2033027533075D-03
  -0.2616468727547D-03   0.1451407587681D-03   0.9265253004414D-04
  -0.2048534914091D-03   0.3266184174381D-04   0.8165243817630D-04
   0.4314301487065D-03   0.3275485278312D-03   0.6057530404758D-06
   0.7183318434363D-04   0.4487514249811D-03   0.2232414130950D-03
   0.1239247614420D-03   0.2614152953932D-03  -0.4710323199696D-05
  -0.1735250923583D-03  -0.5691798230988D-04   0.1121762506567D-03
  -0.9385025958733D-04   0.2279654536713D-03   0.1112145057326D-03
   0.1397599962405D-03   0.1477809022730D-03  -0.1563679657388D-04
  -0.7393948472352D-04   0.3181474091019D-04  -0.5215605889891D-04
  -0.4715762868047D-02   0.2268798891057D-02   0.7924753071814D-04
  -0.7596998270800D-03   0.3089656375932D-02  -0.1416854530047D-02
   0.1459885979011D-02  -0.1141002588390D-02   0.3955986084389D-02
  -0.1769804383433D-02  -0.1829809800370D-02   0.1268007921357D-02
  -0.3219332554585D-02   0.2925442953628D-02  -0.2509861369864D-02
   0.9707543081337D-03   0.6949060730959D-03   0.2490819587014D-03
  -0.7635412685533D-03   0.1763810935813D-02   0.2588155606611D-02
  -0.1277828649016D-03   0.7167160141658D-04   0.2939123257143D-04
  -0.8060294565552D-04  -0.2149360068967D-03  -0.2931789817595D-03
  -0.1318392739473D-03   0.1956647050486D-03  -0.1225060584207D-03
  -0.1066261594575D-03  -0.8969055352092D-04   0.2986855928211D-03
  -0.1078070938552D-03   0.1539124192095D-03   0.4429040397839D-03
   0.1525629626073D-03  -0.2171170427662D-03   0.4149735810204D-03
  -0.1021715023611D-03  -0.9497051450336D-04   0.3709503142219D-03
   0.3012932846471D-02   0.2420264795237D-02   0.1956800931871D-02
   0.1281710814551D-03   0.1582202611496D-02  -0.4933526281252D-02
  -0.2187936388792D-02   0.1688297289807D-04  -0.1873950767949D-02
   0.2652942985138D-03   0.8217223872764D-04   0.6998054849398D-02
   0.1540700256823D-02   0.3515993927889D-02  -0.2513776780754D-02
   0.1529002682811D-02   0.3424009107846D-02  -0.3108609481413D-02
  -0.8860087981278D-03   0.5161293363813D-02   0.2299334003265D-04
   0.4331479150456D-02  -0.2617579825498D-02  -0.5168381971198D-02
  -0.1514266522032D-02   0.2838288609742D-02   0.2244826736934D-02
   0.1707122417692D-02  -0.3372569450068D-02   0.1324602440199D-02
  -0.5664966721382D-03  -0.1107388616204D-02   0.4610019160426D-02
   0.2414614509554D-04   0.4157485144905D-04  -0.5773349332640D-04
   0.2120589517326D-04  -0.5377814508943D-03  -0.5428935528997D-04
  -0.1295083003524D-03   0.5809071895679D-04   0.1112149851698D-03
  -0.1120626753696D-03   0.1931984065992D-03   0.3274368654413D-05
  -0.2250725050651D-04   0.1405542918069D-03   0.1079681767975D-03
   0.3596054152361D-03   0.8476213405588D-04   0.3353931562605D-04
  -0.1238715072412D-03  -0.1648961081607D-03   0.2129283998401D-04
   0.2660462535729D-04   0.9380272393252D-04   0.1239633424986D-03
   0.2157416526980D-03  -0.3634086253377D-03   0.2013417112083D-03
  -0.1642336130797D-02  -0.2445049893748D-02   0.1555496083396D-02
  -0.2257194449621D-02   0.1362742596205D-02  -0.1686774846095D-02
  -0.1784900531539D-02   0.1211652980178D-02  -0.2517198537311D-02
  -0.3013445941481D-02  -0.1312279936546D-02  -0.1845742153748D-03
  -0.1184680671302D-04  -0.1378723749116D-02   0.2073357229528D-02
   0.3573471475651D-03  -0.2687190537212D-02   0.3014587473360D-02
  -0.1358267955259D-02   0.9263209692555D-04  -0.1864639854055D-02
   0.4638442293658D-03  -0.1735602737590D-02   0.9330920166612D-03
  -0.7414519434307D-03   0.2281859833862D-02  -0.2395487120753D-02
   0.1058335983484D-03   0.6010645954575D-04   0.8853966250360D-04
   0.6385759576678D-04   0.1256597599042D-03  -0.9600102734128D-04
   0.7884114106042D-04  -0.5025226674371D-04  -0.8493836495179D-04
   0.1341571487039D-04  -0.2586773500664D-04   0.8689265443240D-06
   0.6125968716098D-04   0.2731564055605D-04   0.1314854204265D-03
  -0.2348291282857D-03   0.9081133031746D-04   0.3053263647675D-03
   0.3461459449865D-04   0.1727214054650D-03   0.1808986150496D-03
   0.7422743220112D-04   0.1878389487926D-03   0.9692864313663D-04
   0.1399940957502D-03   0.1208813990912D-03   0.1733921276302D-03
   0.1754758916552D-03   0.1156125706855D-03   0.1109906245809D-03
   0.2403644595293D-03   0.1238221372519D-03   0.8487315476954D-04
   0.1950370205043D-03   0.9233335999220D-04   0.3357061765197D-04
   0.8447750836082D-04   0.1029990670183D-03   0.1352507035003D-03
  -0.1000493479015D-04   0.1749761080374D-02  -0.3743160085404D-02
   0.2762448127196D-03  -0.1857582324335D-03  -0.6345552033656D-03
  -0.1457686276939D-03   0.1773368102453D-03   0.1750138666822D-02
  -0.1017886559730D-03  -0.1342597914298D-02   0.2977540975979D-03
   0.1129898264605D-02   0.1082355694993D-03   0.7246359938223D-04
   0.1844317066042D-02   0.2236305316730D-04  -0.4266691809168D-03
   0.3217999107515D-03   0.3521720093741D-03  -0.3156868656187D-03
   0.8854865796316D-03   0.1380582181824D-02   0.3950407835008D-03
  -0.1347876276249D-02   0.4005115003057D-03   0.4573398437423D-03
   0.3189908669332D-03   0.2599957582293D-03   0.2498703271036D-03
   0.5316540277430D-04   0.4633441365184D-04   0.1147142997303D-03
  -0.1722791031366D-03   0.1094009615448D-03  -0.1487111033110D-03
  -0.6350348374840D-04   0.8868302328168D-05  -0.2399872891669D-03
   0.3167560314324D-03   0.1089105057780D-05  -0.7988195546168D-04
   0.1567506332332D-03   0.3375877953456D-05  -0.2374875043969D-03
  -0.2068952175783D-04   0.1177293767644D-03   0.1315367774636D-03
   0.5197124805356D-04  -0.4186506870634D-04  -0.2829406948195D-03
   0.1770811442668D-02   0.2066920044962D-02   0.9954244363300D-04
   0.9323227715394D-03   0.1386849565475D-02  -0.1995629971831D-02
  -0.2731502294608D-03   0.1523318472765D-02  -0.2559146569692D-02
  -0.6452890728601D-03   0.3176330446626D-02  -0.5323553878037D-04
   0.4246250890182D-03  -0.3353357730565D-02   0.1801014871995D-02
  -0.1608447030022D-02  -0.6060845850528D-02   0.6231014106685D-02
  -0.1946930490520D-02  -0.1241092366489D-02   0.1311736174302D-01
  -0.3625682136933D-03   0.3159810718787D-03   0.6861926740043D-02
   0.6803056915119D-03   0.1788549551983D-03  -0.6283183441220D-02
   0.4259658778911D-03   0.9765568437342D-04  -0.6941143772118D-02
  -0.2944102244028D-03   0.1474107647009D-02  -0.9016637056538D-02
  -0.3854989929836D-04  -0.1318672658619D-03  -0.2617585981094D-03
  -0.5236852733342D-04   0.3506339682552D-03  -0.3569621527974D-03
   0.9777865300133D-04   0.1032250802569D-03   0.5260162147854D-04
  -0.1218020966109D-03  -0.6039909379875D-05   0.9934150126152D-04
  -0.7080584376712D-04   0.4286050538292D-04  -0.2504332947352D-04
   0.1468038143956D-04   0.1553720894473D-03   0.6365610905698D-04
  -0.2285829289085D-03   0.2255316652895D-03   0.4799016871589D-03
   0.8078439264028D-04  -0.1741143394653D-03   0.2962608889874D-04
   0.7319538036572D-04  -0.4438199094168D-04   0.4983962962157D-04
   0.3093475146662D-05   0.1893866745464D-03   0.3543114759589D-03
   0.2342385585361D-03  -0.5471657413891D-03  -0.2640737195805D-03
  -0.3872519912307D-03   0.1884684201444D-03  -0.3245551906641D-03
  -0.4193590212445D-03   0.8473942164848D-04  -0.5009244872595D-04
  -0.2982775674774D-03   0.1328263394336D-02  -0.1950880262850D-02
   0.9645088746555D-03   0.3411537537364D-03  -0.7481785826552D-03
  -0.1128435851016D-03  -0.8813069546436D-03   0.1144983476210D-03
  -0.7634110056132D-03  -0.2400486516402D-02  -0.7313632756841D-04
   0.9504630281946D-03   0.2398556476989D-02   0.1994178358329D-02
  -0.1373048447618D-02   0.8085407481305D-03  -0.2861632964213D-02
  -0.8036337537637D-04  -0.8797462341173D-03   0.2892090066898D-02
  -0.1438579440578D-02  -0.8472517239711D-04   0.2411218590872D-02
   0.1879406605888D-02  -0.2441757711262D-02  -0.3236085369006D-02
   0.1144019476912D-05   0.6922973726528D-04  -0.4127715623900D-04
  -0.8606449157424D-04  -0.6739567636410D-04  -0.1074130619360D-03
   0.1739869182130D-03   0.6438837758677D-04   0.7293500490836D-04
   0.3423606573256D-03   0.4282515848031D-04  -0.3646949049101D-04
  -0.1557948468275D-04  -0.1522919485644D-03   0.1171120456423D-03
  -0.2594704042406D-04   0.6733620862687D-04   0.1270834118865D-03
   0.1932712107727D-03   0.3512241332283D-03   0.9297544107009D-04
   0.1873164384390D-03   0.2841697869824D-05   0.1861054547592D-03
  -0.3197040944454D-04   0.2213604571956D-03   0.1866498245856D-03
  -0.1584621432817D-03   0.1144872831958D-03   0.2620176869717D-03
   0.1200105079202D-03  -0.1098545812818D-03   0.6816628096741D-04
   0.4587766299514D-04  -0.2210858554328D-03   0.8314548752386D-04
  -0.1741908107322D-03  -0.1731282000317D-03   0.2238494832383D-03
   0.3878631920516D-03   0.3813942214195D-02  -0.1726751902612D-02
   0.4765346140908D-02  -0.2400459712674D-02   0.4406991210395D-03
   0.5227086994811D-03   0.5121222149584D-01   0.7534795245698D-01
  -0.1835979959965D-01  -0.1133185864145D-01  -0.1560276935116D-01
  -0.3230733882693D-03  -0.3825411239163D-03  -0.1209114691558D-02
  -0.1221061407523D-02   0.6935077423211D-05  -0.9187492844208D-03
   0.1221560241372D-03   0.3336153406725D-04   0.1230856908644D-02
   0.7690267473949D-03  -0.8477578968950D-05   0.7935229876600D-04
  -0.3788724436597D-04  -0.4093140088126D-04  -0.6022634001275D-03
   0.3759434439843D-03   0.2374301413618D-03  -0.1510280817505D-03
   0.2739995069490D-03  -0.1278218742876D-03   0.1350684362261D-03
  -0.5985826115419D-02   0.9042417672100D-01  -0.8163338742098D-01
  -0.9115233065506D-02  -0.3527014172784D-02   0.3040097548457D-03
  -0.9169798365159D-02  -0.1994875751671D-02  -0.2026404967371D-02
   0.2474328854613D-02  -0.1481271370322D-02   0.7100673972887D-02
   0.2366842871480D-02   0.6642347876386D-02   0.2303841919071D-02
   0.2910988840013D-02   0.7964600799496D-03   0.1417077247279D-02
  -0.1252229092302D-02  -0.6011446768809D-03  -0.5711868116103D-03
   0.1763500297071D-02   0.5837356903932D-03  -0.1502963259367D-02
   0.5107621127258D-02   0.1183124646031D-01  -0.3014422995773D-02
   0.1857568272211D-03   0.3444555062828D-02  -0.1522256085487D-03
   0.7210695691106D-03   0.2048826057160D-03   0.1198589535722D-03
   0.4064963131444D-03  -0.1096986140243D-03   0.2759791017468D-03
  -0.4360869279101D-04   0.4780016833642D-03   0.1698707517877D-03
   0.1301136552336D-03   0.1212573662803D-02   0.4090933434747D-03
   0.3004012669432D-03   0.1815119640735D-03  -0.3537012792488D-03
   0.4427419626221D-03   0.1468210456222D-03   0.1418439558626D-03
   0.2293586312943D-03  -0.4384685540015D-03   0.2492134460481D-03
   0.7136775196810D-03   0.4039623643326D-03   0.6377126885307D-04
  -0.7381739490956D-04  -0.9941379826858D-04   0.2930323404633D-03
  -0.9977540301710D-03  -0.4961862330668D-03  -0.5011434122298D-02
   0.3857059179985D-02  -0.4600822874451D-02  -0.4419809189253D-03
   0.2075773067875D-01   0.9533958965034D-01  -0.3727047814118D-02
  -0.2477323958002D-01  -0.1227082425255D-01   0.4621937129850D-02
   0.2659725516457D-02   0.1727204372164D-02   0.1587238853305D-02
   0.2070161549044D-03  -0.1895464350911D-02   0.1133099875228D-03
   0.1314843009989D-04  -0.8194604738852D-03  -0.4056818353326D-02
   0.3648661540062D-04  -0.4836178221841D-04  -0.1458043760437D-02
   0.1494815158513D-02   0.4272534226247D-04   0.1249816503511D-02
   0.2254091354987D-02  -0.1420417593738D-02  -0.1703499198222D-03
   0.8825869893721D-03   0.6489801634555D-03   0.2516970726495D-02
   0.3619818397946D-03  -0.1591097700123D-02   0.2859948724227D-02
   0.5033705229152D-03   0.6874399264058D-03  -0.9515011826814D-03
  -0.6278947706279D-04   0.1398824064589D-03  -0.2366538792086D-03
   0.7745738429377D-03   0.2900479450815D-03   0.2549367888057D-03
  -0.5886248120393D-03  -0.8828167396517D-03   0.4865079118210D-03
   0.7371435965762D-04   0.1157628075529D-03   0.1653592360791D-04
   0.4761969275583D-03   0.3778146475358D-03  -0.2898508452691D-03
  -0.4919589240708D-04  -0.2573466437830D-03  -0.7434469606526D-03
  -0.7895828413155D-03   0.1142134930727D-03   0.4197832387488D-03
   0.2226928029580D-03  -0.4132595248599D-03  -0.1192057842958D-02
  -0.1182363518613D-03  -0.9194496176533D-04   0.7868989159638D-03
  -0.1370480311741D-03  -0.6404170098211D-03   0.4084970310015D-03
   0.5570894626299D-03  -0.5937921179167D-03   0.8434027706242D-03
  -0.5954623579491D-01   0.4524045813574D-01  -0.9734552313903D-01
   0.1013830698728D-02  -0.9832535029358D-02   0.3303974215543D-02
   0.1510946771215D-01   0.4648294520441D-01   0.6906369067796D-01
  -0.1145641427693D-01  -0.6283178221358D-02   0.2976191441777D-02
   0.1596691791434D-02   0.7659722634273D-02  -0.6731322892004D-03
  -0.4019169915569D-02  -0.2310692695665D-02  -0.1384419829577D-02
   0.6555204693796D-02   0.1105357386481D-01   0.1833873300039D-02
  -0.2451476817784D-02  -0.6330528139622D-02  -0.3096555383096D-02
  -0.2155883062748D-02  -0.1875312625236D-02   0.6321862430254D-04
  -0.4315019581165D-02   0.9347963187955D-02  -0.4158035193533D-02
   0.5494785369288D-04   0.6487907352991D-02  -0.4413480077080D-03
   0.1057467771246D-02   0.2040941196805D-03  -0.3891283093456D-03
  -0.1774846091989D-03   0.1741565167919D-03  -0.2727843710945D-03
   0.2276442025113D-03   0.1806927428908D-02  -0.7215707098440D-04
  -0.5045526745640D-03   0.7342698213514D-03  -0.1969196570539D-03
  -0.4379235696662D-01   0.7919622010068D-01  -0.9309795265492D-01
  -0.2898988855406D-02   0.1518196068385D-02  -0.1442804550657D-01
   0.7658230466754D-02  -0.1691852503453D-02   0.2573945458644D-02
  -0.3825599405466D-02  -0.5224357689606D-03  -0.1861617991805D-02
  -0.1022709885357D-01  -0.2580651487963D-02   0.1740133174001D-02
  -0.8316338907918D-02  -0.3423044742429D-02   0.4561289596179D-03
  -0.2295800537126D-02  -0.1921174520408D-02   0.5039684182250D-02
  -0.1047144602573D-01   0.4955254489042D-02  -0.5728174646168D-02
   0.7760793803458D-03  -0.1607041252863D-02  -0.8264635945135D-03
   0.4535303365027D-03   0.4462852381613D-05  -0.6715356884895D-03
   0.4401071863863D-03  -0.6186720657242D-03   0.3059614299104D-03
   0.1511192255816D-02   0.5128331019892D-03  -0.3007524405900D-03
   0.1061733737283D-02  -0.2624820797935D-03   0.4286598692832D-04
   0.1146450461265D-02  -0.1045426334420D-02  -0.9357519664265D-04
   0.1143445679500D-02   0.4203546217588D-03   0.6230877170951D-03
  -0.1069495471758D-02  -0.3408983488360D-02   0.2502644067311D-02
  -0.5143112542561D-03  -0.5030537600486D-02   0.6450590621382D-02
  -0.3148003354729D-02  -0.4684702216107D-02   0.2098472967871D-02
  -0.1622704905497D-02  -0.1047579662829D-02  -0.3199310304198D-03
  -0.3142515784469D-02  -0.1931416817238D-02  -0.2748909128923D-03
  -0.1694728595770D-02   0.7342715707268D-03   0.3519852678489D-02
  -0.2169904236885D-03   0.3258408645939D-02  -0.6192190370841D-02
  -0.5018570607099D-02  -0.9856762037921D-03   0.1115890167883D-02
   0.1171901398164D-02  -0.2085394741088D-03  -0.1135488665051D-02
   0.1156184424932D-02  -0.8195538688719D-04  -0.1495549585545D-03
   0.5913189335989D-03   0.1512452828490D-03   0.3184358956975D-03
   0.2997801686914D-04   0.3900895627232D-03   0.3987149102614D-04
   0.2909992418870D-03   0.5294436929692D-03   0.8273068197488D-03
   0.1042740522476D-02  -0.1319588452566D-03  -0.1697433581797D-04
   0.8926325831943D-03  -0.5366780915861D-04  -0.7089664096310D-03
   0.6028288842902D-03  -0.3012749620569D-04  -0.5032753978045D-03
   0.7821025942976D-03  -0.1441464714400D-02  -0.7689476782438D-03
   0.1492233701858D-02   0.3963160675652D-02   0.1992062331690D-02
   0.2511561117901D-02   0.2313536828701D-02  -0.1443873730109D-03
   0.1910074389565D-02   0.1268893472732D-02  -0.4150048413831D-02
   0.1514620122891D-02  -0.1477325784782D-02  -0.3750669231103D-02
  -0.1282584314657D-02  -0.5300913183954D-02   0.2869681725846D-03
  -0.4731889082592D-02  -0.9356928615238D-03   0.5949824985416D-02
   0.1578476970900D-02   0.1237911639255D-02  -0.4613606363765D-03
   0.1910808965953D-02  -0.9961816493538D-03  -0.4643027161276D-02
   0.3124211092095D-03   0.3693309265227D-02   0.2672597082876D-02
   0.2422272913357D-03  -0.8225249673986D-04  -0.1103279976547D-03
  -0.8049188774019D-04  -0.1104332925132D-03   0.4825297259862D-03
  -0.5970978226407D-04   0.2987383484765D-03   0.4959744691090D-04
  -0.3703276589900D-04  -0.2945495374357D-03   0.1665180418063D-03
   0.2367229540491D-04   0.1215661134119D-03  -0.1338667482696D-04
  -0.2925799794148D-03   0.3492099811165D-03  -0.1400417592859D-03
  -0.1704933047759D-02   0.2580960871565D-02   0.8239294599950D-02
  -0.1202710015341D-02  -0.1079563123609D-01  -0.2259159373533D-02
   0.1322729674710D-01  -0.1540556952310D-01   0.7938989136402D-01
   0.6682458874046D-02   0.1068870959870D-01  -0.5377757521581D-02
   0.1771234982229D-02  -0.3463318515674D-02   0.1283257615162D-01
  -0.1312026490710D-02  -0.2952090433968D-03  -0.1366581597356D-01
  -0.6144587158009D-03   0.1677635393674D-03  -0.4842567072437D-02
  -0.7408118161468D-02  -0.3389464469208D-02   0.1137124551233D-01
   0.1544613566959D-02   0.2851710742560D-02   0.3062241332118D-02
  -0.3241918883748D-02  -0.5043326910893D-03  -0.5242909031458D-03
   0.4170155378930D-02  -0.2267412241941D-02  -0.6152149392199D-02
   0.6646578722628D-03   0.6301914438712D-03   0.5129903462034D-03
  -0.1412984993270D-02  -0.5793676918903D-03  -0.1049330702015D-02
   0.3064714238934D-03  -0.7252771835243D-03   0.7264682259721D-03
   0.6770189149121D-03   0.9041881830470D-03   0.9236155451476D-03
  -0.5594731476234D-03   0.1069531079394D-02   0.1027122040885D-03
  -0.5827770565943D-03   0.1155517360675D-03   0.1928887693985D-03
   0.1816952688764D-03  -0.3066185614583D-03  -0.4086535210639D-02
  -0.1276405195871D-03  -0.1683752911381D-02  -0.3046130371590D-03
  -0.1173901198668D-03  -0.2075471360924D-02   0.2846204222627D-02
   0.1966458729130D-02   0.2426127988011D-02  -0.1472274312993D-02
   0.6754682788989D-04   0.1394855895436D-03   0.1837006290337D-02
  -0.7376293783440D-03   0.1390086717434D-02  -0.9318460677629D-03
   0.2194296855175D-02   0.1494525559664D-02   0.5187648214219D-04
  -0.8477544373283D-01  -0.2702997782029D-01  -0.6706311155553D-01
  -0.2545292629191D-03   0.4312589811641D-02  -0.4468060405587D-02
   0.1917872303701D-01  -0.1387880129517D-01   0.8565360683904D-01
   0.4895453777686D-02  -0.3342432146057D-02  -0.7843819028027D-02
  -0.7649044966392D-02  -0.4321253016992D-02   0.1664010696564D-02
  -0.2348763320268D-02  -0.5865619001844D-02   0.4502456528491D-03
  -0.2100895805294D-01  -0.1495343342156D-01  -0.3810594512886D-02
  -0.3671032539695D-02  -0.1528760967224D-02   0.2572359494771D-02
  -0.1437863097125D-02  -0.1354364776651D-02  -0.7795265457331D-03
   0.5706898662435D-03  -0.1213444416781D-03  -0.2281466323277D-03
  -0.6908975436019D-03   0.4554247629314D-03   0.1205615846296D-02
  -0.1175917088010D-02  -0.2071489087216D-02  -0.1574895470214D-03
   0.3062345337417D-02   0.4012886017952D-02  -0.2523466146131D-02
   0.2473981483105D-02  -0.7236796147546D-02  -0.1330311018338D-02
   0.9503701863834D-01  -0.8668701960028D-01   0.6204704729887D-02
   0.8820047032177D-02  -0.6672302112093D-02   0.1010059887950D-02
  -0.5828016898563D-01   0.6257915341384D-02  -0.6577043132217D-01
  -0.3384809848016D-02   0.8877590796865D-02   0.1178254309177D-01
  -0.5963094038667D-02  -0.6022961321152D-02   0.2747468105428D-02
  -0.8544163472608D-04   0.5665362637039D-03   0.2842544347298D-02
  -0.4661811604162D-02  -0.1714500744115D-02  -0.2125823400986D-02
   0.3658347282739D-02  -0.5662548074576D-02  -0.1055831984314D-02
   0.1680046026030D-02  -0.1978501949429D-02  -0.9507715272678D-03
   0.2198833292838D-02   0.1638982643167D-02  -0.4272649626587D-03
  -0.8818158266008D-03  -0.1537090420805D-02  -0.2966436253250D-02
  -0.1006914714351D-03   0.1345453280979D-02   0.1294213141630D-02
   0.6415341554686D-03   0.1096073783892D-02   0.1302454585420D-03
   0.1552690322016D-02   0.1375620698389D-02   0.1425829025708D-03
  -0.5467620647848D-01  -0.9075655791335D-01  -0.4577741442766D-01
  -0.2312991478765D-02   0.8937389112948D-02  -0.3992320964764D-02
  -0.3934949199499D-02   0.1582009851246D-02  -0.1964757147067D-01
   0.6010339823258D-02   0.2249565874376D-04   0.6639141057634D-02
   0.4907667094606D-02  -0.7194638419130D-02   0.1051604439393D-02
   0.3610025614352D-02  -0.1252838146453D-02  -0.1948190284698D-03
  -0.4070214174365D-02  -0.3241095471546D-02   0.1263168667812D-02
  -0.1662882625345D-02  -0.1679595465682D-01   0.4921139499021D-02
   0.3548716302554D-03  -0.7464315364552D-03   0.3219767662950D-03
  -0.9757189514444D-03  -0.1270032981794D-02  -0.3107279716656D-03
   0.2068041995858D-02  -0.2220398097884D-02   0.1095276580018D-02
  -0.8876164650633D-04  -0.2966383185859D-03  -0.5656402646951D-03
   0.8561499822049D-03  -0.2404309552085D-03   0.7174018595077D-03
   0.1412138176361D-02   0.1030343495102D-02  -0.1185230118045D-02
   0.6065171986630D-03   0.4446552611717D-03   0.8104475852699D-03
   0.1545788745989D-02   0.4741673125029D-03  -0.1083341100628D-02
  -0.6840400161659D-02  -0.1198649010833D-02   0.7520651556455D-02
  -0.3622683248062D-02  -0.3166117870706D-02  -0.2545050488372D-02
   0.6184635359549D-02  -0.9013158599669D-01   0.6964807949514D-02
   0.9714756886101D-02   0.1302869350929D-01   0.3259985795810D-02
   0.3261725547668D-02  -0.3538776933293D-02   0.1292598395578D-01
  -0.6447613255749D-02   0.1969201181433D-02  -0.4973396775038D-02
   0.3263702458575D-03  -0.1670170967726D-02   0.8390337886587D-02
   0.1608621379747D-02   0.3008313572224D-02  -0.8636952169340D-02
  -0.1074738204884D-02  -0.2227391558692D-02  -0.2642851200457D-02
   0.7135786115091D-04  -0.5190886306023D-04   0.5261315190903D-04
  -0.2509486932679D-03   0.3283008982089D-03  -0.1647234036968D-03
   0.2554778407203D-04  -0.1152238670839D-02  -0.6283755932289D-03
  -0.1448426632626D-02  -0.7762969385313D-04  -0.3538324906728D-03
  -0.4293696370398D-03  -0.3854918400192D-03  -0.9197305140926D-03
   0.4928014575538D-01  -0.5778546333277D-01   0.9327740850777D-01
   0.6089996559509D-02   0.2014858055670D-03   0.5457437014966D-02
  -0.3729062575931D-02   0.4273027099177D-02  -0.1828118645122D-02
  -0.4006832109915D-02  -0.4249211652213D-02  -0.6151345159464D-02
  -0.1175356071815D-01  -0.5338964201642D-02   0.6155682670800D-02
   0.4549819081279D-02   0.4832795243098D-02   0.6607858006988D-03
  -0.1835088698667D-03   0.2427631795509D-02   0.4261980430457D-02
  -0.5195058666015D-03  -0.1714500334679D-03  -0.3613047917411D-02
   0.4750264971528D-03  -0.1084676207120D-01   0.8512258591198D-02
  -0.1016007884188D-02  -0.1192562712918D-02   0.1294599345147D-02
  -0.2230648382180D-03   0.1056334305361D-02   0.3846626594831D-03
   0.6023352673430D-03   0.9974821730939D-03  -0.8510082811334D-03
  -0.7377896089335D-03  -0.2153842486880D-02  -0.2212537844418D-02
  -0.2078494131082D-02   0.2442320687374D-02  -0.4289707262391D-02
   0.2107342819800D-02   0.4527125574665D-03   0.9983062568828D-04
   0.7333813771999D-03  -0.1974197868372D-02   0.6199352766838D-02
   0.3421533129860D-03   0.2450408653015D-02  -0.5290352229688D-02
   0.2033779773254D-02   0.3383365607040D-03  -0.2958242492487D-02
   0.1991845822444D-02  -0.3299613892682D-03   0.4831830018211D-02
   0.8627545120188D-04   0.4330591758224D-03   0.5649890715242D-02
   0.9045044280760D-03  -0.1231732015987D-03   0.1428921506374D-02
  -0.2878595904241D-03   0.2194177998218D-03   0.3511816292274D-03
  -0.2638787433393D-03   0.2610044509765D-04  -0.2680115281079D-03
  -0.5612462533641D-03  -0.6341783309304D-04  -0.2054422075772D-03
   0.3693891374247D-03  -0.3576883295916D-04  -0.2597803140163D-03
   0.2875716796053D-03  -0.1864826306941D-03   0.1301464359120D-03
   0.1697449563352D-03  -0.2110114139625D-03  -0.5902502982766D-04
  -0.2910925742988D-03   0.6329312809800D-03   0.1956352454024D-02
   0.3308922211654D-02   0.2762116408496D-02  -0.8860040990155D-02
  -0.5903433262552D-01  -0.2281491407663D-01  -0.5180066456254D-01
  -0.5435384996793D-02  -0.7973527045733D-02   0.8611342811456D-02
  -0.1733338074347D-03  -0.1768602989096D-03  -0.2334687106373D-03
  -0.1067797212774D-02  -0.5186906497892D-03  -0.1368133408634D-03
   0.8641719098568D-04  -0.4800729988595D-02   0.5676987151123D-02
  -0.1234541119472D-02   0.1096125169256D-02  -0.2169346493785D-02
   0.1836885135001D-04   0.5156940244879D-03   0.3376557552176D-04
   0.2069261625928D-02   0.2580941898374D-02  -0.6638077292329D-03
   0.1390055181179D-02   0.6376942545292D-03  -0.5214453410416D-03
  -0.9442672720496D-03   0.3359086283041D-03  -0.8470826053822D-03
  -0.4999266689479D-01  -0.1839847327696D-01  -0.1085689023786D+00
  -0.3895385089772D-02  -0.1170040807863D-01  -0.1895910015026D-03
  -0.2479364582933D-02  -0.1140028840197D-01   0.6153197025156D-02
  -0.2573146296706D-02   0.7347518836802D-02  -0.1771853677258D-04
  -0.5904558053597D-02   0.1055788826550D-01   0.1304888857479D-02
  -0.3288727708069D-02   0.2109683487580D-03  -0.4834950366199D-02
  -0.1213911330056D-02   0.2910842220223D-02   0.6228941198701D-03
   0.1858596838338D-03  -0.2452968203958D-02  -0.1591960284938D-02
   0.5974970332205D-03   0.1935728396602D-02  -0.1861706616246D-03
   0.2233502987016D-02  -0.2010283980878D-02   0.3865069479133D-02
  -0.9882081905856D-05  -0.3173044711834D-02   0.1662442729664D-02
  -0.5804136367855D-02   0.7211187395205D-02  -0.1282753905681D-01
  -0.2397583300285D-04  -0.5094336795182D-03   0.3070325334931D-03
   0.8957922932468D-03  -0.4517130011503D-04  -0.8198079313625D-03
  -0.2643964285390D-02   0.2031751703926D-02  -0.9285050247939D-04
   0.2352082661244D-02   0.8389355959598D-03   0.1006507416051D-02
  -0.2699938087507D-03  -0.2693746271415D-03  -0.6298557073911D-03
   0.2539331030305D-02   0.1503951029258D-02  -0.5523013613150D-03
   0.2050338741613D-03   0.9016844928835D-04  -0.3083951423701D-05
   0.6720485451339D-03   0.4165988419975D-03   0.1534571078392D-03
  -0.3889640919361D-02   0.7245936055989D-02  -0.3089666009692D-02
   0.3533153284337D-04  -0.2878960122000D-02   0.9195667347270D-02
   0.5011308070413D-02   0.3826382584964D-02   0.8901177292978D-02
   0.8465874001278D-03  -0.4842907284937D-02   0.3888442388416D-03
   0.1625370176740D-02  -0.3792094956044D-02  -0.1645686572844D-02
   0.3101317409435D-02   0.5815118554205D-02   0.2785856116905D-02
  -0.1116582597128D-02   0.1964595731089D-02  -0.1441487703965D-01
  -0.3637855250810D-02  -0.1182041098706D-02  -0.3123501060643D-02
   0.1016059097276D-02  -0.3189905689772D-03   0.1735136512958D-02
   0.8369441153717D-03   0.6577511757083D-03   0.8530328476207D-03
   0.4738755471821D-03  -0.7280451758893D-03   0.4813238857039D-03
   0.1249566975592D-02  -0.1473172491407D-02  -0.2027552847836D-02
  -0.5030188867283D-03   0.1408864539028D-02   0.6101294281997D-03
   0.2442716691242D-03  -0.1330341461351D-03  -0.1597659644089D-04
   0.2258329135072D-03  -0.1362139753824D-03   0.6775914949253D-03
  -0.2207634198261D-03   0.4297821178159D-03   0.2555969640784D-03
   0.1908409150149D-03   0.1507046887538D-02  -0.2805671047881D-02
  -0.1013300540593D-02   0.5760535256633D-02  -0.7232367581006D-02
   0.2518292450071D-02  -0.1837739043956D-02  -0.2589071752528D-02
   0.9608983524550D-03  -0.4157356610476D-02   0.1098249924625D-01
  -0.2761703251163D-02  -0.1886020707972D-02  -0.2313857095973D-02
   0.1590068630647D-02  -0.9157307371874D-03   0.2972728972644D-02
  -0.2010359031175D-02   0.8508224706406D-03  -0.2235405811877D-02
   0.2796632729977D-02   0.2470495425582D-05   0.1300138972215D-02
  -0.4665162317012D-02   0.3761863279938D-02  -0.2134412515665D-02
   0.6445654803646D-03  -0.1604705799944D-02  -0.4965883471381D-03
  -0.1507930726680D-02   0.1308164971885D-02  -0.8447198052424D-04
   0.7385854925494D-03   0.7765147408518D-03   0.6088481982841D-03
  -0.2454718923307D-04  -0.1144673484984D-04   0.5089497357314D-04
   0.2018656337663D-03   0.1572784664550D-03  -0.2754627942525D-03
  -0.1615121489400D-03  -0.3813296335630D-03   0.3126921443080D-03
  -0.1226083103467D-03  -0.3183267606490D-04  -0.2527147584921D-03
  -0.1343385773165D-03  -0.1898452345116D-03  -0.2399064865588D-03
  -0.2013892047763D-03  -0.2310600763012D-03   0.6069622654074D-04
  -0.1106629308017D-03  -0.3004567855834D-03  -0.3657705619000D-03
  -0.5050937593493D-04  -0.2250184983014D-03  -0.1733884047429D-04
  -0.3823817586793D-03   0.2314389211704D-03  -0.3738282606438D-03
   0.1591938241047D-02  -0.1023199711891D-01   0.3622230290556D-02
  -0.1118502250276D-02  -0.4267018647087D-02   0.4379502491412D-03
  -0.3511742656414D-02   0.2372949355525D-02   0.6141968730848D-02
  -0.3232633374238D-02  -0.8833209627190D-03  -0.2600516940020D-02
  -0.6697922219320D-02  -0.7107553506705D-03   0.6890696136796D-03
  -0.1589190331294D-02  -0.4242759827430D-02   0.8118984690078D-03
   0.1373428588679D-01   0.8121428570336D-02  -0.4633689192045D-02
   0.1511495936223D-02   0.8523594102598D-03  -0.1290078334759D-02
   0.1639779050303D-02   0.8472748523826D-03   0.7557762970180D-03
   0.2003663396257D-02  -0.1503121401442D-02  -0.3017658451368D-03
   0.8658918492761D-03  -0.4787625964848D-03  -0.3791844747282D-03
   0.1570627305885D-02   0.6628039189236D-03   0.1727948118594D-03
   0.9127951851478D-03  -0.2045961975460D-03   0.1989729356758D-03
   0.6464046415695D-03  -0.5782639960647D-03   0.1497215654736D-03
   0.9272116552957D-03   0.8332814724952D-03   0.7232816205554D-03
  -0.3005962636547D-03  -0.8560002630304D-03   0.1224860665538D-03
   0.2317270040661D-03  -0.5142391494573D-03   0.2271091746844D-03
  -0.3208736430082D-03  -0.4697225454124D-02   0.5876466705147D-02
  -0.1659719964646D-02  -0.2256790840025D-02   0.5529800054372D-02
   0.7929400995081D-02   0.1493296994895D-02  -0.1019938203697D-01
  -0.2256505529918D-02  -0.2080860473353D-02   0.1522586205417D-02
  -0.1512476684444D-02  -0.2044551222014D-02  -0.2043648937655D-02
   0.3831226144859D-02  -0.6153373112390D-02  -0.9588854509647D-03
  -0.6940578421713D-02   0.2500430199469D-02  -0.4006860353103D-02
  -0.1150442638505D-02   0.1174181656976D-02   0.7030342149513D-03
   0.9469520910139D-03  -0.4704272248786D-03   0.3958163216383D-03
   0.2388290123358D-02  -0.1039373309825D-02  -0.3369334479257D-03
  -0.9305271961176D-03   0.6513903022970D-03  -0.3292782840469D-03
  -0.3118157815166D-02   0.6033919375912D-03   0.3693529070690D-02
  -0.5470329108798D-03   0.5718688363690D-03   0.4370435522208D-03
  -0.2592405686749D-02   0.2116207330610D-03  -0.1506212829016D-03
  -0.2868586526265D-02  -0.7227548316071D-03  -0.6136512119651D-02
  -0.1270303143766D-01  -0.1517939579957D-02  -0.1144190641184D-01
  -0.7185800050463D-03  -0.3084034693527D-01   0.8639859193491D-01
   0.1506358691257D-01  -0.2146326637460D-02  -0.7485600465156D-02
   0.4587459923552D-02   0.1064056694392D-01  -0.3865996118795D-02
   0.5045703800951D-03   0.1335088855684D-02   0.2906563120970D-02
   0.2838610087438D-02   0.1515241881043D-02  -0.8894842069201D-03
   0.1155892946131D-02  -0.5685036451271D-02   0.1308762643893D-02
   0.2268110469137D-02   0.5328614293645D-02  -0.9010348866487D-03
  -0.2294726443442D-02  -0.2465710576796D-02   0.1035211704717D-01
   0.4902027394174D-02   0.6310658671246D-02   0.1671570886621D-02
  -0.1158624247050D-02  -0.4807609895418D-03  -0.3825842425376D-02
  -0.4886589757313D-03   0.7760528862018D-03   0.1114954015033D-02
   0.7779844902345D-03  -0.1217664266136D-02  -0.6179463454184D-03
   0.1239156159406D-02   0.2419700837849D-02  -0.6133862864552D-03
   0.1402439190649D-02   0.4861831290324D-03  -0.1144663439182D-02
   0.4981097721106D-03   0.2227652694828D-03   0.3030642278331D-03
  -0.1351470331089D-02   0.7084276495601D-03   0.1702280263035D-02
   0.5407883857891D-03   0.1181443876912D-02   0.3288991611354D-03
   0.8487584761314D-03   0.3359023502033D-04  -0.1277393305886D-02
  -0.1653077836204D-02   0.2590683383283D-02   0.8544226369236D-03
  -0.6724380734228D-01  -0.2690018080744D-01   0.1193899522986D+00
   0.7344838275520D-02  -0.3744639491408D-01  -0.6246127771509D-01
   0.1683119152147D-01  -0.1065526327183D+00   0.8504305447955D-01
  -0.4808157401142D-02  -0.7666277297711D-01  -0.3187327384050D-02
   0.7551833908722D-01  -0.6239076106517D-01   0.9761813316250D-01
  -0.1659095555834D-01  -0.4129077679269D-01  -0.6395870985590D-01
   0.6775954368122D-01  -0.6781546128725D-01   0.9810813626408D-01
  -0.2053316346455D-01   0.7789024777966D-02  -0.7420274932254D-01
   0.1086466570985D+00   0.6691004761161D-01   0.7080118056012D-01
  -0.1392814025492D-01   0.7087731373498D-02  -0.7365730250445D-01
  -0.9438106949031D-01   0.1010626398349D+00  -0.5762942410060D-02
   0.5190040086070D-01  -0.6554853474358D-02   0.5583990921388D-01
   0.4979814160544D-01   0.1219750266101D+00   0.4642242519344D-01
  -0.6141716500157D-02   0.7411921625928D-01  -0.8981428010236D-02
  -0.4441788952628D-01   0.5985259606553D-01  -0.1163996466768D+00
   0.5855932353894D-01   0.2338641588538D-01   0.5102047861030D-01
   0.7298326337217D-01   0.1864142839500D-01   0.1171556658877D+00
  -0.9068402368945D-02   0.3308666414816D-01  -0.6853772816547D-01
$end                                                                            
