$grad                                                                           
  cycle =      1    SCF energy =  -700.23107058643   |dE/dxyz| =  0.556753
  -36.74943267838078    135.35512717477695     31.27448592140940      n 
  -38.23201609608093    136.34050872915441     33.36214465697184      c 
  -40.82303599402590    137.33736261890772     32.56701846182884      c 
  -42.21616833572932    138.30818289206155     34.12644206782431      o 
  -36.74184757315535    138.43820831492269     34.65665139919277      c 
  -37.76246128981430    139.31688348645216     37.21032121127050      c 
  -36.26033785635460    141.72584200481330     38.33217200735346      c 
  -34.81455216915406    142.91326495341090     36.87946243854091      o 
  -36.64592875041532    142.29219305946745     40.59896686150120      o 
  -35.27643782841312    136.47012629378671     30.76587675347199      h 
  -38.58985061338426    134.79617018595999     34.70658713679421      h 
  -34.78630561505987    137.81679518069240     34.90735819392542      h 
  -36.70285358180357    140.07245181964171     33.39005189092970      h 
  -39.72827857323273    139.89208579616593     37.03915387482826      h 
  -37.65225510729618    137.80377324358196     38.60809771134157      h 
  -41.55595831461088    136.80326765250646     30.19614983002104      n 
  -44.10175098775031    137.31821910261226     29.41973789217625      c 
  -45.26756648896818    135.24156395174654     27.82880959264954      c 
  -47.56341934250916    134.90830113164728     27.89977879888490      o 
  -44.28613461073517    139.92669984987640     28.25719089044000      c 
  -46.77605523714304    140.17781088646930     26.84703012238281      c 
  -43.97761683372411    141.85651031319830     30.37773940815220      c 
  -40.24639041991336    136.72694548117963     28.81553596671936      h 
  -45.23779784660437    137.34924002497763     31.15854681737458      h 
  -42.72221559766193    140.14878919022334     26.91679378361799      h 
  -47.02135753509137    142.11129620498056     26.19090486957055      h 
  -46.81570268250000    138.93836848903899     25.21033076610284      h 
  -48.35207908196963    139.69007348822964     28.06806117405725      h 
  -44.23571324946957    143.75830239681878     29.63495556460608      h 
  -45.34546201078255    141.53762671491214     31.87040115385911      h 
  -42.09192215742604    141.75721618876821     31.17533984170068      h 
  -43.75410525936054    133.70366347091334     26.53214487277855      n 
  -44.82154906221783    131.22699909516143     26.02500537456957      c 
  -45.14885516301287    129.82233945710365     28.55739521271190      c 
  -46.48057084917066    127.94482918521481     28.68387171247684      o 
  -43.52538917469734    129.66500955464340     23.91257500936454      c 
  -45.47910940163982    128.64411246847607     21.99170433041662      c 
  -44.50713804708842    127.22909782895812     19.52345863917131      c 
  -42.89827825500287    125.53116015926310     19.80116157788035      o 
  -45.52551088570964    127.87793284295702     17.49004993222876      o 
  -41.87831879964003    133.98914530699977     26.34140155361174      h 
  -46.77120993143205    131.57677635996680     25.39319061763916      h 
  -42.20873247803581    130.91023237109621     22.92390430514720      h 
  -42.44409057600095    128.10747691425743     24.71100050803393      h 
  -46.72302031270203    127.30985849089585     22.95854385957553      h 
  -46.63988848330331    130.20845229630615     21.30412443403180      h 
  -44.12141124299256    130.92527265249458     30.60613957750188      n 
  -44.60469328236062    129.91034404482915     33.13195937501170      c 
  -47.36192599923889    130.43845383057464     33.72506556441976      c 
  -48.89677411931874    128.76696184526145     34.11965628738469      o 
  -43.00249914839500    131.13863950333013     35.24815792764792      c 
  -40.67630427165370    129.60154298296945     36.01455745528446      c 
  -41.32943985329226    127.15286788495031     37.59392587523508      c 
  -39.97830049877805    126.78510233470729     39.49809522502914      o 
  -43.08418585182591    125.77995725005266     36.82359704799107      o 
  -42.53531494947459    131.96939254268031     30.37048160686270      h 
  -44.33083290578284    127.85597395795126     33.17576581446452      h 
  -42.42257599844710    133.02828840944525     34.65295572697134      h 
  -44.18047267280533    131.33479408998036     36.93331749005995      h 
  -39.62849630556687    129.00531789045507     34.33456066120453      h 
  -39.41629586105041    130.73077288411827     37.19256219607774      h 
  -47.90282780972108    132.91730133377237     33.80219809577608      n 
  -50.31122282541015    133.81685056496949     34.69525525813411      c 
  -52.33891073172722    132.58072445403266     33.10582374458041      c 
  -54.03551164103310    131.29381122386098     34.02538332599553      o 
  -50.53719870086633    136.67144863140948     34.60729947957326      c 
  -52.15080263520772    137.47148106874434     36.83234581319689      c 
  -51.82546294884251    140.26635026229209     37.41612103853443      c 
  -52.26543553005283    140.78255088361129     40.08442813018836      n 
  -54.18045503259154    142.02949127689274     41.13155815746883      c 
  -56.14767521510656    142.82082192326254     39.79150519393067      n 
  -54.18003180541054    142.41339456423356     43.63362506733566      n 
  -46.50123636491863    134.18399951615456     33.55783315802346      h 
  -50.58705265131763    133.12724943207121     36.63596338587944      h 
  -48.64962591608717    137.48993849149906     34.80200866397774      h 
  -51.33426573375432    137.30325810031974     32.81628563612125      h 
  -54.12412500189446    136.98289529334653     36.51898506825483      h 
  -51.50904361498830    136.42609456290697     38.49393315105793      h 
  -49.86427438019540    140.79949515801189     37.03686237632358      h 
  -53.02998567568833    141.44986583115838     36.24586974447844      h 
  -50.87605416132205    140.16956253656858     41.24563299450925      h 
  -56.29791394853211    142.47555671704413     37.92624971129712      h 
  -57.49813239726137    143.91424745745877     40.56885211790847      h 
  -52.61380966389221    142.08274076119599     44.66314102688388      h 
  -55.47556048837019    143.58716750243576     44.39215977969273      h 
  -52.19595466932952    132.91387364453266     30.61862536099908      n 
  -54.35536454627699    132.06268695540697     29.18260036570733      c 
  -54.39512705213372    129.22122737643716     28.56209109835899      c 
  -55.97877622708126    128.35300512346279     27.12691074688281      o 
  -54.72350199118534    133.89513472347622     26.98860528398367      c 
  -54.42711979743801    136.29527321771158     28.14077583757095      o 
  -57.29476341802745    133.61095305833817     25.71258398518485      c 
  -50.81571705594455    133.91563859546801     29.75198700923014      h 
  -56.00200920141580    132.29692707260324     30.44389012672238      h 
  -53.19684728478317    133.58390188724286     25.60483101465849      h 
  -54.86166209957700    137.57778368669887     26.91620840207684      h 
  -57.34338304295238    134.72305609957618     23.98660954403067      h 
  -57.62403057682411    131.64225137735511     25.24459091137060      h 
  -58.77964831595371    134.26069617749638     26.97081684764761      h 
  -52.77545660824504    127.78633556305878     29.89304999254881      n 
  -52.76640258634697    125.03526976423741     30.04294578361134      c 
  -54.11682756492598    124.07499184375384     32.42480786098027      c 
  -54.60447763722878    121.80596917089747     32.64612335741714      o 
  -50.00831114832864    124.08323708883486     30.05905761823553      c 
  -49.61046839730037    121.20705396051977     30.12774227864591      c 
  -49.68773088870070    119.91680608516701     27.50720902368329      c 
  -47.98021691767330    117.73897190763640     27.32663738101672      n 
  -45.64505867939224    117.70570230549968     26.36420874169839      c 
  -44.43988364484899    119.84569982315568     25.80584819215399      n 
  -44.43267667359705    115.50534364685286     26.06492015322049      n 
  -51.38387647515315    128.62485088644968     30.89932463405551      h 
  -53.79442507639123    124.30459020518003     28.40164118749169      h 
  -49.06676241189956    124.88433244051343     28.41691022607434      h 
  -49.10484504738545    124.95070116977440     31.69758628724900      h 
  -47.72888313473637    120.89691625845752     30.90607183611783      h 
  -51.03586905397258    120.35142848428521     31.33842743034726      h 
  -51.58617538062766    119.22582217780864     27.11395459736875      h 
  -49.20427059979865    121.28143778438250     26.03689570107378      h 
  -48.73857775351118    116.06186102233494     27.83567844638676      h 
  -45.28232932004675    121.53457529032902     26.06299234400209      h 
  -42.83331015924607    119.85958073708611     24.78994270048566      h 
  -45.37601013580969    113.85605453964519     26.18123502264629      h 
  -42.75684430846481    115.49248976798437     25.16255522034337      h 
  -54.67227553693445    125.75946769916001     34.23358051780230      n 
  -56.37564490564088    125.03245150424642     36.24870154511175      c 
  -59.08365605033747    125.52956687405653     35.33232834853864      c 
  -60.80719391381255    124.08220356313120     35.88696059634157      o 
  -55.65534844694574    126.02096117678981     38.87553187697446      c 
  -52.89879199382075    125.50269189874109     39.62507513947217      c 
  -51.83698252793403    122.85976232123051     38.98338761646712      c 
  -49.29494315761036    123.13404639742079     37.61090703803107      c 
  -48.17846793359942    120.65438114555414     36.81203781129975      n 
  -54.09145767204736    127.58546151359567     34.13935193417041      h 
  -56.31842211832762    122.95780287705486     36.33899991772133      h 
  -55.96053942113839    128.05638153631168     38.95577828646681      h 
  -56.94484330411326    125.15513994157649     40.22971812054055      h 
  -51.71630241726563    126.90449213577320     38.68221245051233      h 
  -52.73587615027147    125.83359988220204     41.64970132824680      h 
  -51.59531430413318    121.76904365845201     40.71055750902826      h 
  -53.12596024307621    121.82424713771717     37.76262207620184      h 
  -49.52995652855530    124.30798327180574     35.93427946280232      h 
  -47.92563937894837    124.07273439036290     38.83167704825412      h 
  -46.38809499372668    121.00204040816115     36.12881654287261      h 
  -48.03357753392503    119.46488655086956     38.34962060161089      h 
  -49.27637329616167    119.79677648525563     35.44887615919097      h 
  -59.46540876000606    127.28784156031195     33.56879877075595      n 
  -61.91888637372665    127.36529128424756     32.35378261208730      c 
  -62.48556559440971    125.09397239802028     30.71771604698207      c 
  -64.47742238999462    124.97804097742221     29.59752806479251      o 
  -62.23639380497945    129.65754780694849     30.70209139277830      c 
  -62.82256890082540    131.93609011316929     32.33923268660487      c 
  -61.03593635901891    132.22464939801080     34.62154592772940      c 
  -62.76066553729086    134.30423512321750     30.69084707400314      c 
  -58.15284649117387    128.59502884591075     33.11960828248743      h 
  -63.39441629426783    127.35976985670170     33.81604874990283      h 
  -60.51556833602412    129.94697018481105     29.59346006667029      h 
  -63.78506178421197    129.32901252918541     29.38797662167116      h 
  -64.73477962658487    131.72794137147920     33.09474488548506      h 
  -61.50229403829636    134.00043838618464     35.54982240034276      h 
  -61.28255977420497    130.73219804928880     36.00232009119213      h 
  -59.06425620670095    132.32628461548026     34.05023650373790      h 
  -63.64782043468762    135.87256622535142     31.67306008727586      h 
  -60.81145408081217    134.81663112772458     30.28134369946282      h 
  -63.75931400944932    134.00005937575625     28.92547540931747      h 
  -60.67273621338151    123.33408786443320     30.55274588991220      n 
  -61.21915429718201    120.73923564175831     30.01263029707664      c 
  -61.74066805591760    119.24106394840173     32.45663927924643      c 
  -63.86070908867097    118.33498194555830     32.70339412430534      o 
  -59.14212808445321    119.49185856795887     28.46231938915894      c 
  -59.94308451803089    116.79309256920830     27.76275486025231      c 
  -62.37517803788469    116.74744471030370     26.19780729391131      c 
  -64.39064359606080    115.96324956423865     27.00085917864271      o 
  -62.11639492237442    117.69607037687146     23.84703147353687      n 
  -59.00377828933919    123.67560096025291     31.40361916005235      h 
  -63.00105941494917    120.70176459453305     28.95768267612255      h 
  -58.83793885587601    120.61648268219237     26.76167106916121      h 
  -57.39263774410865    119.45119494892883     29.55318398772464      h 
  -58.45616595543051    115.88696493666414     26.66216712278982      h 
  -60.27477158655684    115.67847526252358     29.46300293024685      h 
  -60.38699321716886    118.03726575193349     23.13257742348944      h 
  -63.57343580939211    117.56068774648405     22.62946627581843      h 
  -59.91987544665091    118.98228261206840     34.22158014046182      n 
  -60.24614144058270    117.34675873203622     36.45668758725574      c 
  -62.67127615026391    118.00710230821332     38.03738820711986      c 
  -63.42701914250812    116.61104771263226     39.72331740747892      o 
  -57.70570323656765    116.89586946215339     37.90804481658944      c 
  -57.23746932606288    118.26510419816604     40.44527914030169      c 
  -55.19077114197991    117.08536102893009     42.14363985085073      c 
  -54.81755321780079    114.82192885839426     42.38565624531938      o 
  -53.69714421590981    118.76901568729542     43.36625777551364      n 
  -58.19395110288753    119.75981741071037     33.92623532859292      h 
  -60.80931248992068    115.48724668592146     35.70303480141985      h 
  -57.61054778846695    114.87831089453844     38.32595603635727      h 
  -56.17594631390624    117.33982307516389     36.60258301594441      h 
  -56.77359881639661    120.24520864388617     40.15605217767672      h 
  -58.97587712064574    118.15590854905595     41.56084321745043      h 
  -54.30227806916722    120.52011010299272     43.85661614578828      h 
  -52.52749932527335    117.99870619062504     44.66395485153689      h 
  -63.96040505746601    120.02915568121729     37.20708082448592      n 
  -66.27369097190609    120.90047195546536     38.31267650144301      c 
  -68.53045694442729    120.57166099106375     36.59865848619422      c 
  -70.56379164818988    119.99673421586559     37.54166200887015      o 
  -65.92160056178528    123.61190208872543     39.19694620305491      c 
  -64.18660399466145    123.63716654339986     41.49512508322826      c 
  -65.12378655915789    124.43287646033770     43.82257623730847      c 
  -61.65533555977066    122.85987326382846     41.49067133799363      c 
  -63.68840866555755    124.46054328695077     46.01686392211941      c 
  -60.15836337090524    122.96501350171395     43.65490618701189      c 
  -61.14714941473487    123.81383199705142     45.94613407896628      c 
  -59.76674570010812    124.07384125274015     48.09533979124500      o 
  -63.00319036120336    121.33619059670100     36.18867773229712      h 
  -66.67631701143016    119.69285443709354     39.95528464431749      h 
  -65.10100251246624    124.71988742184425     37.66496237631225      h 
  -67.74459639081996    124.41643740794910     39.70667913659027      h 
  -67.08698722409198    124.98192349232845     43.96600495833854      h 
  -60.79444426164495    122.26943561274724     39.74911520687794      h 
  -64.56995287684887    124.85182742546422     47.80609426584204      h 
  -58.18309089056473    122.46361167560376     43.61287069213821      h 
  -57.97875500526988    123.79550935446470     47.70021270868669      h 
  -68.34334555154544    120.87975287808098     34.10589569041572      n 
  -70.40543792490253    119.88981053456455     32.55619300477878      c 
  -70.65783077489007    117.03315613392006     33.09290442714791      c 
  -72.70633337588997    116.20456926267015     33.85817836919146      o 
  -69.99119604024558    120.65687837304272     29.79352415672586      c 
  -72.42896420832597    120.99840114293649     28.24685671735025      c 
  -71.84720683632551    121.42369527632387     25.39412186324862      c 
  -74.08810757930151    122.20299897882990     23.88732830847644      n 
  -74.42550523032679    122.24408076529970     21.37057425955908      c 
  -72.72189409726337    121.25771796392007     19.80233526758123      n 
  -76.48637710301460    123.33490997836908     20.36892913085494      n 
  -66.62817302636927    120.93515167545182     33.26580370328082      h 
  -72.16785498568098    120.70006507800430     33.25837590829206      h 
  -68.96449322765683    122.44929909988953     29.83034300566884      h 
  -68.77701674841433    119.25372940118403     28.88594718318017      h 
  -73.60814501590640    119.32063359959950     28.45740265747625      h 
  -73.47237002172014    122.61485976948444     28.98100442638068      h 
  -70.40497812472138    122.90022371652933     25.24887793987973      h 
  -71.09283031644254    119.66456830949237     24.62918728858455      h 
  -75.48113099795710    122.97405501230345     24.94504643396808      h 
  -71.09044583642918    120.54149235135313     20.47184202132949      h 
  -72.96358530712375    121.33529999286061     17.91824753297222      h 
  -77.92235165736336    123.91792058921807     21.47131175496846      h 
  -76.81017492361634    123.19208770006482     18.49908326843070      h 
  -68.58227850456008    115.61569073999893     32.83283621333237      n 
  -68.37708733081236    112.87322364230089     33.16617648951885      c 
  -68.22943574105963    112.16273526681778     35.99208963155371      c 
  -66.78328069312730    110.59776376350716     36.85762579196997      o 
  -66.16140124388565    111.61104668103086     31.76543335082086      c 
  -66.73824868438224    110.18138549472063     29.29493767683820      c 
  -65.80637694087611    107.33023617587045     29.06804562388036      c 
  -65.73362258839316    106.46853896896478     26.86666453826833      o 
  -65.30392390784139    106.14615404694450     31.03872291280997      o 
  -66.94277614631437    116.48294981987701     32.33392714040660      h 
  -70.17555309179386    112.04443115186015     32.52454733334536      h 
  -64.72134941682869    113.04310112853301     31.40869286767916      h 
  -65.36018927967541    110.22370726474527     33.07690757119835      h 
  -68.77756438929367    110.04553924010266     28.99529277448543      h 
  -65.94401096354746    111.18621320368150     27.68116408989306      h 
  -70.01322746918491    113.40787255087267     37.29909169736432      n 
  -70.99200201459904    112.56253894224405     39.70350360425541      c 
  -73.45851729078457    113.90695219575385     40.39717524350915      c 
  -75.03474136360282    112.65309907666858     41.54004234327832      o 
  -68.94844811150804    112.49960783197676     41.75113562003779      c 
  -69.97404145899996    111.93875481365168     44.39545424419787      c 
  -72.03846878000768    109.11537657362678     44.95506748097981      s 
  -70.95932413384506    108.24345932665362     48.14753616737046      c 
  -71.22134270867951    114.49673461157421     36.27588137593063      h 
  -71.60163411557028    110.57695774077671     39.52138978515442      h 
  -67.54295035089000    111.10807679453195     41.16905391456164      h 
  -68.00491064071801    114.33695555436377     41.82064741349619      h 
  -68.37575081703247    111.70873499458386     45.66825324693658      h 
  -71.11263828494822    113.55032307643002     44.96723275845225      h 
  -72.33814774164711    106.87161812716595     48.79065272022460      h 
  -69.09195071118513    107.40513338857380     48.03458441146923      h 
  -70.95455459442834    109.91220906525727     49.33398906899363      h 
  -74.09000799883201    116.19038489031067     39.52255708002268      n 
  -76.77367449689731    116.68562522433410     39.64633278043732      c 
  -78.13679705870203    114.35033409220948     38.70181636036288      c 
  -79.74887894030066    113.10376171323009     39.78291953815249      o 
  -77.66557562564198    118.70640123708264     37.83631231980755      c 
  -77.24866987273792    121.33701361657151     38.84898091388130      c 
  -78.85826145836275    123.07969438199217     37.23027581910833      c 
  -77.94868441606883    121.60062517992553     41.62197847466084      c 
  -72.89011696477661    117.48288124625765     38.77233041041862      h 
  -77.34380900891320    117.02864386557351     41.59982819915580      h 
  -76.68693664878948    118.52334406017373     36.03543682224743      h 
  -79.69048578977110    118.43003558826395     37.52184721656407      h 
  -75.24611753252587    121.82412337389555     38.65400291463772      h 
  -78.41443648731240    125.04149431515634     37.64577202901727      h 
  -78.54964819690099    122.72993410128774     35.23450189053854      h 
  -80.83107674524791    122.75065277313693     37.67553915374217      h 
  -77.94896213699735    123.59047408707623     42.14754029528783      h 
  -79.82743464467842    120.86096447814104     41.99326060874196      h 
  -76.59643682818117    120.64688374685640     42.83369425889541      h 
  -62.39668483657064    122.94119566551292     57.40426810743909      n 
  -60.45581538934610    122.71131430024035     55.42620141500412      c 
  -60.22833730761598    125.17247692767450     53.84163792998211      c 
  -58.12743726062606    125.74404751141422     53.03382848783034      o 
  -60.56039761534726    120.26006362574991     53.82682842475128      c 
  -58.26881860475260    119.92726713691364     51.96936087862128      c 
  -56.16165389514281    116.99437431060436     52.02845907985540      s 
  -54.66681466792432    117.00019212068941     48.92886084504085      c 
  -63.85424556905564    121.69659472990205     57.57344436040204      h 
  -58.62970413278909    122.66754812423346     56.42590433118763      h 
  -60.65691955206088    118.67483476897704     55.14186189368757      h 
  -62.28811875967612    120.28013455075526     52.70388574577071      h 
  -58.99078445396540    119.90091121527030     50.04625411322475      h 
  -56.96085332710631    121.50084144734413     52.16609194129015      h 
  -52.92738453349262    115.94279966263100     49.12884286335358      h 
  -55.91717372190181    116.11357762236420     47.56541788398088      h 
  -54.25919057406209    118.95407645729146     48.45452668449888      h 
  -62.24696231825987    126.64645391735087     53.46685837104943      n 
  -61.94953137895608    129.20665343461658     52.52080759554936      c 
  -60.12612133862291    130.85536851715813     53.99319719180677      c 
  -58.30945468782994    131.82524308206291     52.93542368638441      o 
  -64.28817780227367    130.89002828050471     52.69139353966193      c 
  -66.24037461946116    130.65046083423917     50.59461814685688      c 
  -67.67834857718566    133.15457223502008     50.37593145895952      c 
  -65.03109616992991    129.97989391777719     48.08435807502386      c 
  -63.89434841209920    126.23514537605035     54.36792182415397      h 
  -61.16873641868134    129.08745539764880     50.61057755618599      h 
  -65.18155405714147    130.57026141693996     54.52173238944546      h 
  -63.59167320171695    132.83671611304689     52.66999692106952      h 
  -67.57114615242537    129.14636561366981     51.10720364457838      h 
  -69.16795007971432    132.97232604439580     48.97575125620477      h 
  -68.51182650252204    133.66046647733882     52.18498412724689      h 
  -66.41785050778637    134.66858791513454     49.79700473939489      h 
  -66.46892771715096    129.76078548367707     46.63408560205328      h 
  -63.75708899962935    131.48378613264674     47.50951361364243      h 
  -63.95034783769810    128.26117045600185     48.20232938788791      h 
  -53.21155381393373    127.75158571364160     53.83702478806440      n 
  -51.98622461006733    128.06926594049034     51.39334061085694      c 
  -51.34684069587571    130.89352344278740     50.96209900894079      c 
  -49.67088615315783    131.56575455377657     49.52148043493026      o 
  -53.55704311500461    127.01884234783634     49.18220470131313      c 
  -53.51931291945539    124.07477414883627     48.69092402742325      c 
  -52.44470136547440    122.63649232055059     50.18980277875131      o 
  -54.65485329528332    123.39554934333349     46.70733462299571      o 
  -55.03416023035457    127.15951903753385     53.79607920680493      h 
  -50.15167277350505    127.09598286668630     51.44096908604879      h 
  -55.53682808554548    127.53444516153246     49.45761941112134      h 
  -52.88000663085939    127.87873908621847     47.43568321284252      h 
  -55.36271912855818    136.64971283403221     50.02144465769372      n 
  -57.75027792482996    137.47126547520202     48.99546617932903      c 
  -59.80796302244734    138.19351222272854     50.94956743530514      c 
  -60.50634978797085    136.88326970285911     52.71366833355614      o 
  -58.68372219433617    135.29070242096194     47.33424881277023      c 
  -56.83110531771528    134.72730750221581     45.15998960669626      c 
  -61.33675035903848    135.92178445876530     46.42452222323386      c 
  -55.82780310476683    132.02940063580962     45.26908325898207      c 
  -54.53678759004119    135.27527513635036     48.98147551824128      h 
  -57.39274593828919    139.15129236864792     47.83092893976585      h 
  -58.79378163472104    133.64110397449807     48.58464169189735      h 
  -57.81501288982071    134.98099461586841     43.37004814171343      h 
  -55.24700500414549    136.04350257359889     45.19887532922333      h 
  -62.00800930977269    134.50316843622494     45.09853004454500      h 
  -62.63656036788127    135.95011059772298     48.01732520913692      h 
  -61.40044603069301    137.75902664392646     45.55149124491858      h 
  -54.56170702478788    131.64397700271553     43.69917715285045      h 
  -54.81313619768923    131.67368350654374     47.02183698464292      h 
  -57.37985763995226    130.68228026351701     45.17795398634477      h 
  -60.86643022491179    140.44881346394214     50.36736140910515      n 
  -63.04209959702351    141.61111312587394     51.56269846081444      c 
  -65.56638303316360    140.77545821507903     50.39223042105022      c 
  -65.71546477072731    139.72151600373004     48.33505925651454      o 
  -62.83182501398493    144.50024074711754     51.25364058954461      c 
  -65.27280363389009    146.12732996860069     51.84343943955567      c 
  -65.42609528043590    147.11152471517769     53.97658152733169      o 
  -66.81361871010860    146.38765041736679     50.08530743705806      o 
  -60.34117631490818    141.27991355637619     48.73729261760039      h 
  -63.01227061136377    141.07872526589674     53.55961988653859      h 
  -61.31474554745607    145.19747239535576     52.46571369638976      h 
  -62.37289535589644    144.91609586965245     49.28212300921624      h 
  -70.54781788091196    147.71513825990934     43.06829371674059      n 
  -69.88969037501725    147.47334196333381     40.40823113166277      c 
  -69.36862514443648    144.73204830135748     39.65327310455480      c 
  -70.13859566660140    143.88132918296603     37.63204568163039      o 
  -67.56518668451476    149.14312251380568     39.82643091919710      c 
  -67.15832978839643    149.70148111277496     37.01709412437715      c 
  -64.68994656062885    151.31522813244092     36.43718696094386      c 
  -62.63249991222223    150.34942801869454     37.05543426223568      o 
  -65.00919053815730    153.39204492385028     35.37226047846425      o 
  -69.47918135465611    148.86525790167175     44.15046965453504      h 
  -71.49263125403387    148.13297623786781     39.26861487944512      h 
  -67.80049614830388    150.93808505905943     40.82168153200688      h 
  -65.87538050104422    148.22209170855152     40.58186010014868      h 
  -66.95807490877444    147.91815071607576     35.99449058506407      h 
  -68.75428271124122    150.74219006538567     36.24514267582095      h 
  -67.84813645866038    143.37904938205395     41.14129081850569      n 
  -67.07906946171497    140.90428559704173     40.26759861525418      c 
  -69.40930356228837    139.35923157884750     39.72436560104642      c 
  -69.62447436705803    137.81120093539170     38.00353418682428      o 
  -65.29746704402983    139.70376894369952     42.17639785031579      c 
  -62.67129677756751    140.96183827891622     41.95381997555980      c 
  -61.95857161114595    142.31737305454132     44.40600189887223      c 
  -60.66573607830390    139.07461634557012     41.03470581048777      c 
  -67.59137876389474    143.79621558190163     42.99075502526318      h 
  -66.10192179478764    141.13752562666809     38.44853079287648      h 
  -66.08272739856585    139.89781618828445     44.06834857699668      h 
  -65.17183888079394    137.68926132955903     41.75654252055352      h 
  -62.81162893809912    142.42873527747585     40.50059202033739      h 
  -59.92483106605904    142.30246136219080     44.70475983454013      h 
  -62.58598020916470    144.27970634395743     44.34565345306032      h 
  -62.90457003500113    141.44664318436512     45.99750972651395      h 
  -58.80729364920179    139.55092340079014     41.74761431679812      h 
  -61.10494371980384    137.16335054363449     41.62289111308373      h 
  -60.61497680040144    139.07256889232167     38.98117125554488      h 
  -72.02179584700976    140.81222060335699     33.65119400330997      n 
  -70.53277792530238    139.96400624584663     31.52325281664598      c 
  -71.30685754845172    137.34176028728069     30.59755498922988      c 
  -71.27418213208935    136.80322740039890     28.34375092743025      o 
  -67.72437511638350    139.84466572977834     32.24062577254359      c 
  -67.09572050790693    137.68495641441584     33.59867762874013      o 
  -71.10778446224239    141.60499968895112     35.13850345628987      h 
  -70.79605135507903    141.28568445458146     29.94285678451111      h 
  -66.60786479732708    139.78803853287272     30.50259506464809      h 
  -67.24019063479788    141.57730953726167     33.28939394674670      h 
  -67.98672202240890    137.66282286185165     35.22884250128209      h 
  -71.87742137181027    135.67478790056097     32.41378399820128      n 
  -72.87921212865422    133.25307366363401     31.71070780101171      c 
  -75.76841764005506    133.33322390157127     31.31278938819102      c 
  -76.96421289021376    131.36179437302351     31.20355572724346      o 
  -72.09819099067107    131.11883664218678     33.49315983532626      c 
  -70.37350357194110    129.24250155439407     32.16974841757184      c 
  -69.88237223458921    126.37338926204048     33.97524096745956      s 
  -73.11332446711714    125.29360809665178     34.21312357809933      c 
  -72.08247364635434    136.25358554674099     34.22700523658178      h 
  -72.13149412996319    132.88056148860215     29.80590196090437      h 
  -71.18888124444351    131.91126808264588     35.16417709710353      h 
  -73.83552696387596    130.17683310692530     34.08002894134189      h 
  -71.17914662092623    128.70608109671983     30.35096678587436      h 
  -68.51063748752166    130.05851581963293     31.85920348240210      h 
  -73.06519788813299    123.56326785319536     35.30533871069970      h 
  -74.24789393520047    126.66283965395641     35.23849582576545      h 
  -73.90174659186981    125.00397364920785     32.34571659976471      h 
  -36.10544322463895    133.83987547745346     31.70092683139862      h 
  -77.74409300864517    113.65493812167969     36.98913654887590      h 
  -61.65983142548492    122.85906885549089     58.93490987141058      h 
  -60.40304897682112    131.15617213464540     55.83816126471497      h 
  -52.36253589128150    126.59630119140041     54.75192817752600      h 
  -52.31775488784231    132.23238415441361     51.87634284417286      h 
  -54.28812661829044    137.96652182106240     50.08330741706475      h 
  -67.18516424836547    141.08589536273726     51.31648164114233      h 
  -72.13122095155789    148.31985813543841     43.20868801788649      h 
  -70.94542760208554    139.55329026421128     40.80775303156451      h 
  -73.12718251498563    141.99695471683725     33.13438904271889      h 
  -76.65345001578488    134.99449906539826     31.14561676138540      h 
   0.5322933588103D-01  -0.1059577533089D+00   0.4654081618044D-01
  -0.6452706968679D-02  -0.5959441225670D-02   0.8434346709430D-03
  -0.7164773583929D-02   0.5728286074195D-02  -0.1173437954020D-01
   0.8108026289639D-02   0.7540291354110D-02  -0.1225493763717D-02
  -0.1455476385568D-02  -0.1226053727751D-01  -0.1076057211064D-01
  -0.1294259191874D-01  -0.1406949615219D-01  -0.5963879315102D-02
  -0.4918083879277D-03   0.1682286657360D-02   0.3627174801446D-02
   0.7577803242379D-02   0.9669444389569D-02  -0.5234288235325D-03
   0.3923452487735D-02   0.9522401056817D-02   0.9043736019708D-02
   0.4274564672199D-02  -0.6643035871701D-02  -0.2562448351030D-02
   0.9422813720964D-03  -0.3142433218702D-02  -0.8867344813532D-03
   0.9937253439776D-05   0.3616709194742D-04  -0.1408373460315D-02
  -0.1508412603925D-02  -0.1439973822252D-02  -0.7216321422261D-03
   0.1053605872465D-04  -0.1205586244459D-02  -0.1052988699083D-02
  -0.5669647010559D-03  -0.8433686629960D-03  -0.1265019916324D-02
  -0.3324558317672D-02   0.6935680370569D-02   0.3992138072654D-02
   0.4555992688430D-02   0.6453026103164D-03  -0.3560208883131D-02
   0.1329502820204D-01  -0.3504604731797D-02  -0.7814633000176D-02
  -0.4287194760206D-02   0.4413216071463D-03  -0.3793050113314D-02
   0.2283193126699D-02  -0.8102676710456D-02   0.6175572461229D-02
   0.3337419883445D-02  -0.9174516486692D-02   0.2478018986437D-02
   0.1872967448032D-02  -0.9606706912503D-02   0.9173075855899D-02
  -0.6730372956309D-02   0.3506250495072D-02  -0.3341906167061D-02
  -0.1393296482765D-03  -0.7121040713886D-04   0.4768298468376D-03
   0.6226728249166D-03  -0.1182994271885D-02   0.6983298680971D-03
   0.1837731080298D-03   0.1845914559576D-03  -0.4352470420875D-03
   0.1276346541677D-03  -0.2238434844489D-03   0.4033219542131D-04
  -0.1154731259730D-03  -0.3663503175229D-03  -0.5097726695558D-04
   0.4288705912495D-03  -0.7658778121616D-04  -0.6141261378272D-03
  -0.7235450868084D-05  -0.5716636453560D-03  -0.1274464932143D-03
   0.8143989377348D-04  -0.1171712806839D-02  -0.1626906901278D-02
  -0.5760788805962D-02   0.1030489633831D-01   0.9651283752745D-02
   0.6959004307437D-03   0.5793626944609D-02   0.4994279301424D-02
   0.7671792051880D-02   0.8508630942803D-02   0.7213504214543D-02
  -0.4672022750699D-02  -0.6400074953762D-02   0.1011613162801D-02
   0.1870101897917D-02  -0.2337127742547D-02   0.4731584332687D-02
  -0.1670013550028D-02  -0.2968602120390D-02  -0.5755601206127D-03
  -0.1174386864226D-02  -0.1414993478959D-02  -0.2311341261171D-02
   0.1456972539688D-02  -0.3437485882866D-02  -0.2532246995997D-02
  -0.3109332681801D-02  -0.3098796059020D-03  -0.9959063134276D-02
   0.9664917781501D-03   0.9317908025893D-03  -0.1344435475418D-02
  -0.7985230789708D-03   0.2250362668483D-03  -0.9838331050216D-03
   0.2238240848584D-03   0.1085869036477D-02   0.7378308425111D-03
   0.2402040300909D-03   0.7219911756649D-03   0.2406135202608D-03
  -0.2393076660367D-03   0.7737171798317D-04   0.2708779544393D-03
  -0.4970739086303D-03   0.2814908503410D-03   0.5815612940787D-04
  -0.1220387262915D-01   0.1687088142712D-02  -0.6617366923016D-02
  -0.4610066271910D-02   0.9800651931222D-04  -0.1866076913336D-02
  -0.1236654441826D-02  -0.5045990056390D-04  -0.1749687924042D-02
   0.4453877467808D-02  -0.3648668492132D-02   0.8536913460675D-03
   0.5535953169686D-04   0.4439682029479D-02   0.4679306758935D-02
   0.2385471142808D-02   0.4780219456646D-02   0.3255912232028D-02
  -0.6589894691712D-03  -0.1872170725594D-03  -0.9747601488635D-03
   0.4283194000561D-02  -0.5011310902152D-03   0.5758576426268D-02
  -0.4853792545949D-02  -0.3591610398692D-02  -0.1252562969247D-02
   0.2220424460835D-02  -0.1694734800733D-02  -0.2987807017913D-02
  -0.5568600174192D-03  -0.3910708894870D-03   0.2248682519734D-04
   0.2506438674474D-03  -0.7271642617706D-03  -0.3311425656504D-03
   0.1607613565090D-03  -0.4412050803335D-03   0.4110010559348D-03
   0.3310423373361D-05   0.6172444993577D-03  -0.7497076633528D-03
   0.5343469422902D-03  -0.9247437672546D-03  -0.3762330307480D-03
  -0.5106453121312D-02   0.4282304741643D-02   0.3056702971952D-02
   0.1576417595122D-02   0.7328526595444D-02   0.1746562703192D-02
   0.5296939748287D-02   0.7365260945816D-02  -0.2885093725468D-02
   0.2514669772776D-02  -0.1289027519459D-02  -0.6105332671598D-02
  -0.3768698775176D-02  -0.1203882627602D-02   0.2587669555195D-04
   0.3684896573020D-02  -0.2880617478075D-02  -0.7567160175363D-02
  -0.9139481039605D-03  -0.8183830054424D-02  -0.5121887177226D-02
   0.2611437175755D-02  -0.3140233593386D-02  -0.6984321266273D-04
  -0.1221613485861D-02   0.8051357164218D-04   0.1985242641932D-02
  -0.1963001054510D-02  -0.1034462051645D-02   0.1637061698028D-02
  -0.6107560718226D-03  -0.9842341695581D-03   0.1575190169537D-02
  -0.5609051322086D-03   0.3420288717651D-03  -0.4292024749994D-03
  -0.7399608654125D-03   0.6159991157609D-03   0.1964777117138D-03
  -0.1766630114300D-03   0.1180204146142D-03  -0.1593419591627D-03
   0.9651931858473D-04   0.1463031767022D-03   0.8334525773105D-04
   0.3144208109346D-03  -0.3640366761220D-03   0.7602370379531D-03
   0.7330060958248D-03  -0.2740398805582D-03  -0.7159101918699D-04
   0.2635413761760D-03  -0.6613637028396D-03   0.3208326069366D-03
   0.5175464203988D-03  -0.7810047026929D-04   0.6387210842602D-03
   0.6112795090940D-03   0.3228472471311D-03   0.2768780836235D-03
  -0.3717658734165D-03   0.1433256938339D-03   0.8148035550158D-04
   0.3844042571115D-03  -0.1757776012484D-03  -0.1100004093073D-03
  -0.2249561446185D-03   0.3128077480383D-03  -0.3140886252858D-03
  -0.5058429304468D-03   0.2930232698108D-03  -0.4046293658782D-03
   0.1850772425887D-02   0.6913340236066D-02  -0.3403212223138D-03
   0.6188401861429D-03   0.2652969362558D-02   0.3627331767742D-04
  -0.1631867761527D-02   0.3116547550937D-02  -0.3171832627744D-03
  -0.4542557610916D-03   0.3810532628779D-02  -0.1635562024067D-02
  -0.7005197729547D-04  -0.9377812685520D-03   0.4257964601658D-02
   0.1854926991837D-02  -0.3272313678794D-02   0.5918197461535D-02
  -0.2385787298384D-02  -0.1103099347118D-02   0.1527190564299D-02
  -0.3164396125132D-03   0.2130845237192D-04   0.3235354773841D-03
   0.1133183042901D-04  -0.1878205966897D-03   0.7121821513809D-03
   0.5443905910863D-04  -0.5528238108738D-03   0.4047206283734D-03
   0.6360661854209D-04   0.2999146954645D-04  -0.8608095754969D-03
   0.4690849825209D-03  -0.2053717476828D-03   0.9824631152993D-05
  -0.2124553323979D-03  -0.3648635065385D-03   0.3340502626143D-03
  -0.1285547335603D-03  -0.4184050527472D-04  -0.7935653870867D-04
  -0.2071995595483D-02   0.2128628813315D-02  -0.6406968071065D-03
   0.3796996256550D-03  -0.1436330900456D-02  -0.1394979649366D-02
  -0.2882704043710D-02   0.1452997242888D-02   0.1260660740875D-02
   0.5970193050126D-02  -0.7239437118088D-02   0.1318204764871D-02
   0.8251503899314D-03   0.1318455641730D-02   0.8405700947256D-03
  -0.1880532552216D-02   0.1178960609809D-03   0.2694295364889D-02
  -0.3825348801358D-02   0.1306645439554D-02   0.3966364946854D-03
   0.6311197411133D-04  -0.2701874057426D-02   0.1747742499682D-02
   0.1677176624805D-02  -0.2869030316273D-02  -0.1486142152403D-03
   0.4432082171016D-02   0.6423077725191D-03  -0.9631765554585D-03
   0.5950359561404D-02  -0.5067910406166D-02   0.1338573650023D-02
   0.9290248349154D-04   0.3638174159668D-03  -0.7025200502119D-03
   0.3352784876132D-03   0.1030587215866D-03  -0.2696568990682D-03
   0.9097437286846D-03   0.3470011739461D-03   0.6243015213108D-03
  -0.1747174359158D-03   0.5114112723999D-03   0.2055014618961D-04
   0.2522355753585D-03   0.2585711657748D-03  -0.2110372696043D-03
  -0.7928563078554D-03   0.4696805350913D-03  -0.3048098701211D-03
  -0.1838745961680D-04  -0.1317708132471D-03  -0.6731083399442D-05
  -0.2937386137093D-03   0.8549273275612D-04  -0.1526750694918D-03
  -0.1483271574825D-03  -0.9203922254337D-04  -0.1032613009500D-02
  -0.2894915776635D-03   0.6481499152649D-03  -0.5572223219478D-03
  -0.9756693445615D-03   0.1000158932282D-02  -0.8070364440264D-03
  -0.2837028583436D-03   0.5215344234467D-03  -0.1435277659522D-02
  -0.7925617047763D-03   0.4363441670756D-03  -0.1275205268605D-02
  -0.2918985036718D-02   0.2694563508641D-02   0.1999395096951D-02
  -0.8327820450985D-04   0.2796804682534D-02   0.1655791862280D-02
   0.1113974146738D-02   0.4570185959565D-02  -0.2747825306158D-02
  -0.3976793384516D-03   0.1518278111350D-02  -0.6385470648177D-02
   0.3866902905990D-02  -0.1856921907548D-02   0.3290649391280D-02
  -0.2929418924802D-02   0.9607589261127D-03   0.5546982441467D-02
  -0.4570278900076D-02   0.1295713211328D-03   0.3313304308125D-02
   0.1904369699892D-03   0.7355630781346D-03  -0.1363646174962D-02
   0.2987343106755D-02  -0.3423659653281D-02  -0.3767963386696D-02
   0.4143885166706D-03  -0.2528097360714D-03   0.1288907512728D-03
  -0.3741303008007D-03  -0.1880697929116D-03   0.6212832486177D-04
  -0.4183468958784D-04  -0.4767732293242D-03   0.4707549714470D-03
  -0.3448449717119D-04  -0.7052130146699D-04   0.6932865940896D-04
  -0.6079094341196D-04  -0.1103565958060D-03   0.2770762879450D-03
   0.4127387403268D-03  -0.2058908368950D-03  -0.3992299869095D-03
  -0.1900710370386D-03  -0.4190329132033D-03  -0.1601933708531D-04
  -0.2748641337594D-03   0.1117249280086D-03   0.2976783977571D-04
  -0.9225226103258D-04  -0.6265220935410D-03  -0.5219149790349D-04
   0.1019023677196D-03  -0.4296617551284D-03  -0.1179742335940D-03
   0.9203592784967D-04  -0.2322157568383D-03  -0.2894234649513D-04
   0.1740255763437D-03  -0.5660862856424D-03  -0.7529493491573D-04
   0.1698172662266D-03  -0.5576038375470D-03  -0.7175018728696D-04
  -0.1031150631179D-02   0.2134403952872D-02   0.2586364483476D-02
  -0.2275229157919D-02  -0.2399327340481D-03  -0.9324846869769D-03
  -0.8808891399345D-04   0.2548268751378D-02  -0.4536014822028D-03
   0.9256052096935D-02   0.7862253975851D-02   0.2196306356409D-02
  -0.6098520420073D-02  -0.8826999420535D-02  -0.1414591862002D-02
  -0.1042610576489D-02  -0.1135993996129D-01  -0.3548678418990D-02
   0.5779706613976D-02  -0.9303181467406D-02   0.4710219321215D-02
  -0.1980610885987D-02  -0.3497740198406D-02  -0.4298742291668D-02
  -0.3032929427111D-03   0.1767311929147D-03   0.1434134450665D-03
   0.9799768128816D-04   0.7218479186371D-03   0.5610850591436D-04
  -0.2869036521568D-04  -0.2206796844141D-03  -0.4195498656143D-03
   0.2978269690074D-03   0.2248312043909D-03  -0.1674937789551D-03
   0.3007821001747D-03   0.5421363935031D-04   0.6712790167712D-05
  -0.1743791173096D-03   0.8911970594111D-04  -0.1735140087181D-03
   0.2752238420811D-03   0.2504237617638D-03   0.2359051990190D-03
   0.1479714766037D-03  -0.1190096962943D-03   0.3185947472091D-03
   0.4107366111734D-03   0.1354352941410D-04   0.2970509033841D-03
   0.5958587237175D-03  -0.3400143424894D-03   0.2533335258057D-03
   0.5279764931448D-03   0.3826243119650D-03   0.8851843041796D-04
  -0.7990162317706D-02   0.2176188946039D-02  -0.1659584734690D-02
  -0.2532736219204D-02   0.5539840265414D-02  -0.7798112078685D-03
   0.7775205271813D-03   0.4244936035646D-02  -0.1614875039374D-02
  -0.6120811313602D-03   0.4865566875007D-02   0.5988702171179D-03
  -0.1089131784666D-02   0.2984138382062D-02   0.2915140539823D-02
   0.4238530100523D-03   0.3290900952180D-03   0.4047808454449D-02
  -0.2073643415157D-02   0.3499687919510D-03   0.9980453216105D-03
  -0.1293394432889D-02  -0.2187915741118D-02  -0.3436552683867D-03
  -0.1746760215400D-02   0.2322069477536D-02  -0.1746151492603D-02
  -0.7746912155360D-03   0.7257531971522D-03  -0.2570309899496D-03
   0.1975264883322D-03  -0.4266182790611D-03  -0.4462416993454D-03
  -0.8133023870145D-05   0.1396705261986D-03  -0.2320979839746D-03
  -0.2666149726183D-03   0.3555899193400D-03   0.1820381170618D-03
  -0.2653760993494D-03   0.5099245777258D-03  -0.6096589312343D-03
   0.4653998848177D-04   0.2579473242390D-03  -0.2841596276551D-03
   0.6591352933676D-03  -0.1127105000667D-02  -0.2073778548905D-03
   0.5777069429289D-03  -0.1800290075598D-03  -0.8526110870530D-03
   0.3690720017718D-02   0.1141745231426D-03  -0.8201731361078D-03
   0.3710033296529D-02  -0.8055193868118D-03  -0.4728514777484D-03
  -0.3694471120864D-02   0.6701957678455D-03   0.2382912084648D-02
  -0.5467133631622D-02  -0.1880137975820D-02   0.4596884929643D-02
   0.3690772315449D-02   0.1805425796410D-03  -0.2144006200499D-02
   0.2772857383165D-02   0.1746655046240D-02   0.1606477795663D-02
   0.3329638222778D-02   0.2333459977267D-03   0.3669215845383D-02
   0.4194350269161D-02  -0.7762975309098D-03   0.6962046018842D-02
   0.1563364356207D-02  -0.2693735534581D-02   0.1859357030586D-02
  -0.6289032483565D-03   0.1969061650156D-03   0.9677448758662D-04
  -0.1991156167960D-03  -0.2115833240297D-03  -0.2200662291062D-03
  -0.1646236475584D-03  -0.2288564823724D-03  -0.1907517127762D-03
  -0.1858232900345D-03   0.7092779927227D-04   0.1525317940144D-03
   0.1738534925517D-03  -0.3543365580353D-03   0.1228106396710D-03
  -0.1446100824585D-03  -0.1856146048162D-03   0.3016703295262D-03
   0.3545014198808D-03  -0.6746142686597D-04   0.5389736715338D-03
  -0.6922087156216D-03  -0.3770733126123D-04   0.4059603904117D-03
  -0.8843504596761D-02   0.4707645557385D-02   0.3583062293662D-03
  -0.4908564127772D-02   0.4136091358651D-02  -0.5303253841063D-02
   0.5434828984210D-02   0.5347598290108D-02  -0.5852230138383D-03
   0.9919003709052D-02   0.9028061843715D-03  -0.8436768323618D-02
  -0.9677941619300D-02  -0.6148304689366D-02  -0.1157262670997D-01
  -0.5147379948119D-02  -0.4199760447460D-02  -0.7929948303193D-02
   0.4470139284246D-02   0.4399378781242D-02  -0.2646344391104D-02
   0.2468505122606D-02  -0.6135785415620D-02  -0.2837323769861D-02
   0.7597537074426D-02   0.7671327731873D-02   0.7435624326726D-02
   0.6880451469322D-02  -0.5769929331811D-02   0.1583079845739D-02
   0.2210208007564D-02   0.3762096217121D-03   0.6645767328388D-02
  -0.4280396108930D-02   0.2508623290204D-02   0.3948742680415D-02
   0.1558704561297D-03  -0.6800552929259D-03  -0.7627678556569D-03
  -0.3933309814156D-03   0.7306775098314D-04  -0.2773823744690D-03
   0.1482367728484D-03   0.4190117861526D-03   0.2381019535036D-03
  -0.1788260885651D-03  -0.5171571646520D-03  -0.2974860019688D-03
  -0.4314685329106D-03  -0.3531495072271D-04   0.1306578738609D-03
  -0.4325005120253D-03   0.1986277544716D-04  -0.7939575863003D-04
  -0.5350231565104D-03   0.5328412216483D-03  -0.1953484567538D-03
  -0.1138390451507D-03   0.3097133202916D-03   0.3967768240011D-03
   0.1044951288980D-03  -0.5247888703642D-04   0.2879300360349D-03
  -0.1743946279460D-02   0.5002465439026D-02   0.7827589380085D-02
  -0.3894854548633D-02   0.2161226934381D-02   0.4194724137574D-02
   0.3668267080525D-02   0.2416240545181D-02   0.6816090525655D-03
  -0.4020669033596D-02   0.9107843494382D-03   0.5494753009383D-02
  -0.3365356548510D-02   0.2815197728498D-03   0.6765124643670D-02
   0.3694427727509D-02   0.1178634753171D-02   0.1098910686350D-01
   0.4771792874672D-02  -0.1687613287228D-02   0.2771038419454D-02
  -0.5783620835614D-03   0.1548008345994D-02  -0.2791228504384D-02
  -0.4007256569047D-02  -0.2610058581006D-03  -0.7821813098986D-02
  -0.1388302649960D-02  -0.9708861109296D-03  -0.5512406197343D-02
  -0.6269927380221D-02   0.6333557390870D-02  -0.8352442297779D-02
  -0.5001151828591D-03  -0.5204604313431D-03  -0.1397189184443D-02
  -0.9232397794681D-04   0.9450146887717D-03   0.1317935138476D-03
  -0.2173009548393D-03   0.2644707956588D-03   0.5433319986477D-03
   0.1157594406632D-03   0.3369978071532D-03  -0.2281380996744D-03
  -0.2723185167250D-04   0.2566655252749D-03  -0.3249094487771D-03
  -0.5838218100594D-03  -0.2037727729388D-03   0.1483508063475D-04
   0.2555882976855D-03   0.2445071689438D-03  -0.6810677733565D-04
   0.3308495781756D-04   0.2916476431829D-03  -0.2987453016547D-04
  -0.4470285262629D-03  -0.6458794916102D-03  -0.9597236107007D-04
   0.5201743160625D-03  -0.4674587147036D-04   0.1126871060109D-03
   0.2268625667380D-03  -0.1955966431025D-04   0.3303039023192D-03
  -0.1982329266552D-03  -0.7955925385212D-03  -0.4878447405886D-03
  -0.1688129506418D-04  -0.3458957096812D-03  -0.1519894428607D-03
  -0.6237117639780D-02   0.5318263354360D-03   0.7342434480940D-02
  -0.5253019960422D-03   0.9804657950711D-03   0.4543950518582D-02
   0.6179673314529D-02  -0.3484060402425D-02   0.1955545668880D-03
   0.7659277169441D-03  -0.3237595026689D-03  -0.1202118049584D-02
  -0.1374469034933D-02   0.3378481775557D-03   0.4510631053289D-02
   0.1811883299615D-02  -0.2759123160398D-03  -0.2756865190345D-03
   0.2039207344001D-02  -0.5812687100850D-02  -0.2713168244693D-02
   0.5236215039588D-03  -0.5194784586273D-02  -0.3844870488770D-02
  -0.2369220068569D-03  -0.3624754150732D-02   0.1252426514051D-03
  -0.4041486103413D-04   0.5145547516480D-03  -0.4365813949012D-03
  -0.4249847481994D-03   0.8273020999663D-04  -0.3619898547044D-03
   0.8605130733716D-04   0.2656221821111D-03   0.6552861380637D-03
  -0.1263255769867D-03   0.1237249893489D-03   0.1094459691403D-03
   0.3600683821365D-03   0.9112014511315D-05  -0.1260852551093D-03
   0.6967684397280D-03   0.5198782272999D-04   0.1688016570788D-03
   0.1258264282426D-02   0.1703867591042D-04  -0.4736367665056D-02
  -0.1879695102531D-02   0.2018374864397D-02  -0.2943116810579D-02
  -0.5353915055842D-02   0.8068496767976D-02   0.4017768761176D-02
   0.4825112038629D-03   0.4961412134241D-02  -0.6673847781655D-02
   0.3445228804053D-02   0.1083388395098D-02  -0.6064918945247D-02
   0.1404638952734D-02   0.1424870122571D-02  -0.1927490653411D-02
  -0.1119750664160D-01  -0.9042133076268D-02   0.5851477314355D-02
   0.7330524355398D-03  -0.1631534419505D-02   0.6777894040868D-02
   0.3082181804118D-02   0.1119714275884D-02   0.3552997773021D-03
   0.1340498242157D-02   0.1188354635906D-02   0.1897651587957D-02
   0.5882675573160D-03   0.4708791931935D-03  -0.1103257184520D-02
  -0.5629339735221D-03   0.1701795724897D-03  -0.7590054813568D-03
   0.7645354095218D-03   0.7892849605634D-04  -0.8617222596713D-03
   0.2062810697289D-02  -0.5656012223318D-03  -0.3715760869896D-02
  -0.1242721426928D-02  -0.6486581879037D-03  -0.1286112978574D-02
  -0.4853359593564D-04  -0.2260383635914D-04  -0.9101525837690D-04
   0.9419262584022D-03   0.3441608810210D-03  -0.6831049977397D-03
  -0.6802901646628D-02   0.1441704730797D-02   0.1970493724075D-02
   0.8430276405286D-02   0.1061614148723D-01   0.4955606767611D-02
   0.2984797628945D-01   0.9343260390792D-02  -0.7551931330420D-01
   0.3759510559441D-02  -0.1992583362113D-01  -0.6140609507775D-02
   0.1187057156609D-03   0.2280496016165D-03   0.7653248845187D-03
  -0.4204597810029D-02  -0.1126405929507D-01   0.2473049382519D-03
  -0.4632918004898D-03  -0.9033208736825D-02  -0.2198238639589D-02
   0.1968844888085D-02  -0.6887378250126D-02  -0.4005439996360D-02
  -0.2664047411357D-03   0.1486009771982D-02   0.1537223883246D-02
   0.1607688608828D-02   0.8616463042284D-03   0.2577523442273D-03
  -0.6643984032000D-03   0.4490983312990D-02   0.6394491213682D-03
  -0.6298189259820D-03   0.1001589940310D-02  -0.2584224831879D-03
   0.3327339606123D-03   0.2364017184593D-03   0.1810590910972D-03
   0.1188282905795D-02  -0.1128335211336D-02   0.1334606057511D-02
  -0.4640603843298D-03  -0.4319288388566D-03   0.3066346889375D-03
   0.2500701630333D-02  -0.8206716181351D-03   0.1386432260374D-02
  -0.3919891357331D-03  -0.4594316920563D-04   0.3048318746688D-03
   0.8023532188722D-03   0.1390726242724D-02   0.4294005550538D-03
  -0.3202910622911D-03  -0.4446135609220D-03  -0.6612514691005D-03
   0.6083865548411D-01  -0.8194509884621D-02   0.1132812170959D+00
   0.4137446155527D-03   0.2033393903366D-02  -0.4691284721139D-02
  -0.6412277446189D-02   0.8503070560631D-02  -0.1207695009743D-03
   0.4708276806423D-02   0.5201044035099D-03  -0.2166592488384D-03
  -0.1095966959169D-01   0.2708662787225D-02   0.7587952206390D-02
   0.3214931132395D-02   0.3913080758380D-02  -0.1647441585465D-02
   0.1674125225447D-01  -0.1062375300309D-01  -0.1065590426258D-01
   0.6751202563354D-02  -0.5653043031024D-02  -0.5900450184122D-02
  -0.3791613445318D-02   0.2767378494129D-02   0.2125637995821D-01
  -0.1005890415255D-02  -0.1644237030854D-03   0.3275593172834D-02
  -0.1780793346625D-02   0.1086730308333D-02   0.9775527424083D-03
  -0.3998610799672D-03   0.9448882879359D-03   0.3215948152654D-03
  -0.8383249158363D-03  -0.7945912649236D-03   0.5712944399114D-03
  -0.6745951407060D-03   0.5235692633951D-03  -0.1300612466228D-03
  -0.1284695641268D-03   0.1145016300019D-02  -0.1177771941612D-02
   0.3574230945100D-03  -0.2102209607192D-03   0.5428872913626D-03
  -0.1979016376464D-03  -0.1705945346307D-03  -0.6343896285690D-03
   0.1100809617318D-01  -0.3344310888635D-02  -0.1149521231789D-01
  -0.2295084231062D-02  -0.2490495296290D-02  -0.6035041210855D-03
  -0.5151176791600D-01   0.9789802676044D-02   0.8547111492516D-01
   0.1932134772908D-01   0.8166793889532D-02  -0.1154368973763D-01
   0.1614347131310D-02   0.1181075981399D-02  -0.3047655516573D-02
   0.6555305622497D-02   0.2019839233355D-02   0.2981252483021D-02
   0.2643573180100D-02   0.5851742641097D-02  -0.6077431741559D-03
   0.1675755525216D-02  -0.8452329534907D-02   0.5499404808717D-02
  -0.5228343885951D-02   0.1677737592280D-02   0.4284605352000D-03
   0.6525546511544D-03  -0.3417102293085D-03  -0.3752156752162D-03
  -0.2936631908644D-03  -0.1093660763349D-02  -0.9862389769133D-03
  -0.9038338772955D-03  -0.1308212766929D-02  -0.8645058572122D-03
   0.4123015214663D-03  -0.1031048640731D-02   0.1264777193415D-02
   0.7610243803799D-03  -0.1461496595486D-02  -0.2729800893816D-03
   0.5917212682784D-03  -0.4731906094855D-03   0.5830597273975D-03
  -0.1213324945818D-03  -0.5761603307667D-04   0.1203206770124D-03
  -0.1941799628420D-03   0.8067355207975D-04   0.5913177412182D-04
   0.4013977798388D-03  -0.3977386305999D-03   0.3571153689620D-03
   0.2609511658109D-03   0.2204380151703D-03   0.4750814521088D-03
   0.5841943187533D-01  -0.9176591155065D-01   0.6103672362875D-01
   0.4922016696723D-02  -0.5834530905287D-02  -0.3275616109393D-02
  -0.4421962387084D-01   0.6106204995982D-01   0.4731646854407D-01
   0.6119149212059D-02   0.6301731146180D-02  -0.3444508896831D-02
  -0.3205718271653D-02   0.1696044596990D-02   0.5529675991242D-02
   0.4897092628687D-04  -0.5114060849259D-02  -0.2511540306053D-02
  -0.1958776736839D-02  -0.4964026828096D-02   0.6484269783545D-03
   0.2156334684078D-03  -0.3541230585154D-02  -0.6267915844051D-02
  -0.2500916879219D-03  -0.5398232800619D-02   0.1137594330104D-01
  -0.2415659308593D-03   0.1431985929900D-02   0.3173243506304D-02
  -0.1008067959537D-02  -0.2551226557185D-03  -0.5468854998410D-03
   0.6524965477232D-03   0.6585018262716D-03   0.2879885041383D-02
   0.7034476220804D-01   0.9336564219014D-01  -0.7678221928426D-02
  -0.4888434310605D-02   0.7538890633274D-02   0.4329382624387D-02
  -0.1732681655265D-02   0.5101053911142D-02   0.2744874526893D-02
  -0.1725337005656D-02  -0.3832968195908D-02   0.1813006352796D-02
   0.1102854772669D-01   0.1098449068588D-03  -0.1517970430319D-02
   0.4256840718837D-02   0.5726726612649D-04   0.2064437983913D-02
   0.4244008039757D-02   0.6970184006968D-02   0.1267546070930D-02
   0.1945231790010D-02   0.4403100646098D-03   0.8134476485288D-03
   0.6471050010873D-02   0.3246413677444D-02  -0.3223636210584D-02
   0.6092751844243D-02  -0.3382868955468D-02   0.4764727413177D-02
  -0.1480598788173D-02  -0.1345020593441D-02   0.2379754148018D-03
  -0.5942647864067D-03  -0.6647302951681D-04   0.5297803738947D-03
  -0.2767890669651D-03  -0.1005028885554D-03   0.7042273613534D-03
  -0.3157609813301D-04   0.2142772123081D-03   0.6607345621804D-03
  -0.5296569253925D-04   0.2432835147214D-03   0.3131101173043D-03
  -0.5385360355980D-03   0.2849334003197D-04   0.6718510150777D-03
  -0.1009084684960D-02  -0.3836693270978D-03   0.5439868078816D-03
  -0.1984231452781D-03  -0.8110028557180D-03   0.2788666403724D-04
  -0.2265918887578D-03  -0.1615848842738D-03  -0.3966894015047D-04
   0.1937432081431D-02  -0.8034990740788D-03  -0.7458492700626D-03
   0.1003636426743D-01  -0.7001170165364D-03   0.1681529348158D-02
  -0.6562316687954D-01   0.2665036313994D-01   0.5893397335780D-01
  -0.6587189917707D-02  -0.1050100067169D-01  -0.1996526889200D-01
  -0.6177245370075D-03  -0.2999763106248D-02  -0.6092530304391D-03
   0.1737121732370D-02  -0.1829891967116D-02  -0.3636917571895D-02
  -0.3593401699121D-02   0.4931203580395D-02   0.1404192772386D-02
  -0.2507807102897D-02   0.5092531692393D-02   0.1742810338877D-02
  -0.1065384533162D-02  -0.9370924339573D-03   0.8091755820925D-04
   0.3393355812936D-02  -0.6376218828903D-03  -0.7383849037276D-03
   0.1003510357586D-02   0.3749705431569D-03   0.1199526249166D-05
   0.6080650503810D-03   0.2979846813396D-03  -0.8601312219667D-03
  -0.1095431222374D+00   0.5345403020335D-01   0.3576676019518D-02
  -0.5646164949950D-02  -0.9050986616410D-02  -0.4206124713154D-02
  -0.1606186407004D-02  -0.1043597944223D-01   0.2323832623743D-02
  -0.2046451610129D-02  -0.2440920352207D-02  -0.3424728935103D-02
  -0.5243989981190D-02   0.6872007433654D-03   0.7629303504036D-02
  -0.5658433158611D-02  -0.6951905258080D-03  -0.5733272850781D-03
   0.4375518647374D-02   0.5471036271877D-02  -0.3941261501028D-02
   0.2722512481958D-02   0.1476290647161D-03  -0.7306083543682D-03
   0.1639231598889D-02   0.2647791726933D-02  -0.1808536519564D-02
  -0.1290611576226D-01   0.2026812211838D-02   0.4914036123960D-02
  -0.1714828915858D-02   0.1719243486530D-02   0.3769199461853D-02
   0.2754547502860D-03  -0.2883780505462D-03   0.2332209988125D-03
   0.4910780582467D-04  -0.1371650023520D-02   0.3379279429645D-03
   0.1902919569113D-03  -0.4691691864683D-03   0.9953490531636D-03
   0.2000843514682D-02  -0.7088483383748D-03   0.6996673741798D-03
   0.1222851903198D-02  -0.7147264470548D-03  -0.4115299236596D-02
   0.8196950667340D-02   0.1501181802425D-02   0.5406949682019D-02
  -0.4543587638428D-01   0.3151695257302D-01   0.6115887482990D-01
  -0.9128544648846D-02  -0.1446947396603D-01  -0.1633244702472D-01
  -0.2911040404801D-02   0.3454123590368D-02   0.4606946882089D-02
  -0.9376810901140D-03  -0.9430727260265D-03   0.4115418901349D-02
  -0.1875815982062D-04  -0.3732754403075D-02   0.1434852779870D-03
   0.1852370499482D-02   0.1519543682250D-02   0.2933144231690D-02
   0.3071375039202D-03  -0.4863590130164D-02   0.3847135997737D-02
  -0.3105726097215D-03   0.6724773419326D-03  -0.2257869020557D-03
  -0.3272773042148D-03   0.9799891413331D-04   0.2918568197213D-03
  -0.8368701094637D-03  -0.3913439034492D-03  -0.5695655411546D-03
  -0.5248688459628D-03  -0.3344983179150D-03  -0.6608512363236D-03
   0.1904200201825D-03  -0.6770407802165D-04  -0.7587905142579D-04
  -0.3262314267832D-03  -0.6907349544600D-04  -0.2201506820974D-03
  -0.8264572753527D-03   0.1376498460703D-03   0.2612780910643D-03
   0.9883859614937D-04   0.5897100951611D-03   0.2333202301462D-03
   0.2928604020524D-03  -0.1962273063503D-03   0.8113355840525D-04
  -0.2486517770056D-03  -0.2559966366262D-03  -0.6238832152072D-04
  -0.6610088853242D-01   0.9372108877890D-01  -0.4668349902500D-01
  -0.4842179671045D-02  -0.6537680412186D-02  -0.3971448782092D-02
  -0.2329766508757D-02  -0.3814472436788D-02  -0.4835330160217D-04
   0.1098919184011D-02  -0.3790340963994D-03  -0.1725428588883D-02
  -0.3707166909467D-02   0.5483779627316D-03   0.4755372006595D-02
  -0.5589329583900D-02   0.1551286988021D-02  -0.2894792561451D-02
  -0.8378986433651D-02   0.6275807474139D-02   0.5544851300403D-02
  -0.4985179766177D-02   0.2060032296220D-02   0.3794776927094D-02
  -0.2121538831193D-02   0.7630014408834D-04   0.1774924140113D-03
   0.1758732582489D-03  -0.5151291929579D-03   0.7152585947127D-03
  -0.1515162974006D-02  -0.7618646407633D-03   0.4453810519305D-02
   0.6113347009220D-02  -0.2563906203764D-02   0.1392946514000D-02
   0.1176228414675D-01  -0.4674880627929D-02   0.3595114301834D-02
  -0.3281377312600D-01   0.9178315202646D-01  -0.1046070728724D-01
  -0.6891211981017D-02  -0.1625765213323D-01   0.2073502250404D-03
   0.2588714774177D-02  -0.1455968815679D-02  -0.1245254638111D-02
   0.2126248222758D-02  -0.3878837471730D-02   0.3146427141750D-02
  -0.5236005384284D-02   0.1257505239462D-02  -0.3787705272222D-02
   0.4054335719369D-02  -0.2833002750626D-02  -0.3503230541183D-02
  -0.2594020762676D-02  -0.3158665260741D-02   0.2685490356429D-02
  -0.1122580789585D-03  -0.7476913822808D-03   0.1218192634336D-02
  -0.9273074975954D-03   0.8515836740317D-03   0.8374102026593D-03
  -0.1260942024188D-02   0.9098101878307D-03  -0.7539263829810D-03
  -0.9260969041884D-04   0.1057280280129D-02  -0.1327714434430D-03
  -0.1149662521370D-03   0.1377903789659D-02  -0.3337128972061D-03
   0.3385368611849D-03  -0.2076207281938D-03   0.1072102488434D-03
  -0.4966221854832D-03   0.4699821283438D-03  -0.5788574250949D-03
  -0.2802243738810D-03   0.8552089235739D-03   0.1885042258807D-03
  -0.5167086592970D-01   0.1240816018981D+00  -0.3220154104700D-01
  -0.3204041854428D-01   0.1372068730154D-01   0.7665887624002D-01
  -0.6380262032671D-01  -0.2906016842318D-03  -0.1231614720859D+00
   0.1636733249605D-01  -0.8783688638191D-02  -0.7400306679818D-01
  -0.6996802551560D-01   0.9222287946275D-01  -0.7483021435282D-01
   0.4646962337694D-01  -0.4586237691717D-01  -0.4235807976884D-01
  -0.8842433724834D-01  -0.1056185441924D+00  -0.1409879803773D-01
   0.5834767455357D-01  -0.1841282811780D-01  -0.4643024327100D-01
   0.1305916095130D+00  -0.4340389460414D-01  -0.1253910798093D-01
   0.5638876663191D-01  -0.1683499282532D-01  -0.5253472839659D-01
   0.9401913394763D-01  -0.9222303937716D-01   0.4131750652891D-01
   0.2826808970841D-01  -0.6941289208770D-01   0.7040916965316D-02
$end                                                                            
