   -0.39677461
    0.02554186
    0.26400551
   -0.49536588
   -0.11714792
    0.16307842
    0.04946858
    0.04963928
    0.06646530
    0.05087909
   -0.18128293
    0.01569682
    0.26437176
   -0.46799067
   -0.07768077
   -0.00332384
   -0.11671010
   -0.10863800
    0.19702029
    0.07711038
    0.05304447
    0.05300348
    0.03234818
    0.03700973
    0.04110665
    0.04151725
    0.03088147
    0.03287492
    0.04506126
   -0.16271559
    0.00482691
    0.27222715
   -0.43770877
   -0.07641367
   -0.07758190
   -0.09433370
   -0.04916356
   -0.14885206
    0.19631659
    0.08471894
    0.07305685
    0.06626224
    0.06051110
    0.05845066
    0.07725303
    0.07756489
    0.11624470
    0.11107742
    0.30260057
    0.29818713
    0.29793274
   -0.17881908
   -0.03662873
    0.26788655
   -0.46247922
    0.21297745
    0.11080072
    0.10046847
   -0.18409393
    0.01626519
    0.27049325
   -0.46872210
   -0.10790313
    0.30274711
   -0.52451688
   -0.28274656
    0.23559272
    0.08356048
    0.10021529
    0.08553563
    0.21684218
    0.24052138
   -0.19186729
    0.01161599
    0.26471315
   -0.49252032
   -0.01878795
   -0.12138186
   -0.13008086
    0.21390279
    0.07346785
    0.05517687
    0.07165579
    0.03816652
    0.04632682
    0.07785591
    0.05225632
    0.05123824
   -0.20572497
    0.02390666
    0.29441521
   -0.48614164
   -0.08310656
   -0.01790978
   -0.11845958
   -0.11745118
    0.24357278
    0.08012216
    0.09080806
    0.04497590
    0.02630066
    0.04778003
    0.03965543
    0.06135201
    0.04405197
    0.05741800
    0.03002052
   -0.19261930
    0.05405160
    0.31513655
   -0.50798684
   -0.10551134
    0.37215687
   -0.63264603
   -0.63776027
    0.21096625
    0.04117381
    0.03939031
    0.03309283
   -0.19575171
    0.04937993
    0.29406713
   -0.53559803
   -0.07211056
   -0.00745353
   -0.10746649
   -0.12129620
    0.18238867
    0.03066068
    0.03932175
    0.07568382
    0.02550685
    0.05193681
    0.01355289
    0.03929514
    0.05697159
    0.04806801
    0.05481375
   -0.18432976
    0.03564866
    0.28292187
   -0.52273274
   -0.13621204
    0.22608585
    0.06535847
    0.07722779
    0.08677399
    0.06747288
   -0.17656705
    0.04021883
    0.22527744
   -0.38410282
   -0.00963042
   -0.07027605
   -0.11545330
   -0.10290492
    0.23397312
    0.08538342
    0.02665912
    0.06673897
    0.05253119
    0.06289215
    0.02514135
    0.06098812
    0.06147769
    0.01776500
    0.04015916
   -0.39390802
    0.03524982
    0.19900108
   -0.37779511
   -0.01242698
   -0.12131668
   -0.11438859
    0.16054738
    0.05772235
    0.03558484
    0.04950133
    0.04030247
    0.05442692
    0.04863091
    0.05244150
    0.03805938
   -0.38664876
    0.04140287
    0.19933754
   -0.37991843
   -0.10964863
    0.28826780
   -0.46835919
   -0.28933667
    0.16438601
    0.07927967
    0.09635624
    0.05703228
    0.22628544
    0.21524404
   -0.38303015
    0.03126019
    0.20026131
   -0.36682726
   -0.05562808
   -0.00165742
   -0.25038561
   -0.07184595
    0.15544982
    0.06514295
    0.04342394
    0.04179452
    0.04867587
    0.05349217
    0.08299240
    0.05584396
    0.07901578
    0.18396380
    0.03455505
    0.18518043
    0.06583207
    0.19420256
    0.07385832
    0.18913960
    0.07908394
