           2           1   1.00877527010317     
           3           2  0.965176598489739     
           4           3   1.58749104454715     
           5           2  0.956794101485886     
           6           5   1.01002574929294     
           7           6  0.929114234344545     
           8           7   1.49467700704821     
           9           7   1.48565582316313     
          10           1  0.951962214686974     
          11           2  0.960127941292931     
          12           5  0.973452110546228     
          13           5  0.975616113030333     
          14           6  0.976442855640159     
          15           6  0.958938192255906     
          16           3   1.30424029541658     
          17          16  0.977933186690187     
          18          17  0.922586988419725     
          19          18   1.59134321797999     
          20          17  0.977985938385101     
          21          20   1.01325158413026     
          22          21  0.964406760770070     
          23          22   1.65111248296611     
          24          22   1.29896794624505     
          25          16  0.913153459594042     
          26          17  0.947490288585427     
          27          20  0.961163910540846     
          28          20  0.969893246740888     
          29          21  0.964387059951296     
          30          21  0.947319396698755     
          31          24  0.923020080234319     
          32          24  0.923404370977030     
          33          18   1.35002043775059     
          34          33  0.943386155660461     
          35          34  0.950050622812830     
          36          35   1.61702767385079     
          37          34  0.968088632004263     
          38          37   1.01048641400149     
          39          38   1.26742170640140     
          40          38   1.56757875750120     
          41          39   1.53747945311487     
          42          40   1.20587501054082     
          42          41   1.29040383750120     
          43          33  0.913285538016697     
          44          34  0.950922125066656     
          45          37  0.959381081863991     
          46          37  0.968402995234580     
          47          40  0.963187733235312     
          48          41  0.962687439320074     
          49          42  0.927146120197450     
          50          35   1.29705880268788     
          51          50  0.976692827971845     
          52          51  0.935142868597613     
          53          52   1.58218650185707     
          54          51  0.971672554312081     
          55          54   1.00857961062730     
          56          55   1.39816560562176     
          57          55   1.41289072948981     
          58          56   1.46313758189730     
          59          57   1.44117269249001     
          60          58   1.35199977084475     
          60          59   1.37246074329123     
          61          60   1.08926637179523     
          62          50  0.927492835831546     
          63          51  0.931101310689284     
          64          54  0.970340350038683     
          65          54  0.954701137101196     
          66          56  0.965629457010833     
          67          57  0.969127785990422     
          68          58  0.966574041161749     
          69          59  0.965343415625720     
          70          61  0.852537232651234     
          71          52   1.33013620521521     
          72          71  0.982946823254919     
          73          72  0.930552888897475     
          74          73   1.54959790036198     
          75          72  0.996464490373186     
          76          71  0.892635383376240     
          77          72  0.945639836496569     
          78          75  0.980312732702378     
          79          75  0.969603352581458     
          80          75  0.983396671322023     
          81          73   1.35029799067312     
          82          81  0.978979875288839     
          83          82  0.942206520690651     
          84          83   1.60351664890592     
          85          82  0.979595342782437     
          86          85  0.910449150135405     
          87          86   1.49388025578254     
          88          86   1.50310860153593     
          89          81  0.867669811058297     
          90          82  0.937146734819161     
          91          85  0.972617391214256     
          92          85  0.960558380485606     
          93          83   1.31988520368127     
          94          93  0.972129636232451     
          95          94  0.949443265075644     
          96          95   1.59557079304733     
          97          94  0.974371097092454     
          98          97  0.990268360231915     
          99          98   1.00649323359814     
         100          98   1.00905290537576     
         101          93  0.874984700484966     
         102          94  0.929844091325590     
         103          97  0.970973360588789     
         104          97  0.965114056924524     
         105          98  0.969328203596197     
         106          99  0.985297935275210     
         107          99  0.984150389259419     
         108          99  0.984532158985951     
         109         100  0.983818047701790     
         110         100  0.982870849831868     
         111         100  0.984448884771815     
         112          95   1.29759281293903     
         113         112  0.997587008576480     
         114         113  0.945053444186878     
         115         114   1.63212327248291     
         116         113  0.964509022294523     
         117         116   1.02204714341929     
         118         112  0.907357229249132     
         119         113  0.936768638913465     
         120         116  0.963494467169808     
         121         116  0.964947854705964     
         122         117  0.789705629549652     
         123         114   1.26231562764443     
         124         123  0.967055654921692     
         125         124  0.951628314491175     
         126         125   1.62548672548209     
         127         124  0.977593914034498     
         128         127  0.879293694323870     
         129         128   1.42013452637722     
         130         128   1.60540072707792     
         131         123  0.924463158049411     
         132         124  0.941663391456907     
         133         127  0.979470405057526     
         134         127  0.963351210392085     
         135         125   1.29158502862987     
         136         135  0.981087552168012     
         137         136  0.972117940575140     
         138         137   1.86522519158336     
         139         136  0.950330174390557     
         140         139   1.00093512633029     
         141         140   1.00546755306708     
         142         141   1.01040772338817     
         143         142  0.962274993465780     
         144         135  0.897911514852754     
         145         136  0.941476637606618     
         146         139  0.971113355256960     
         147         139  0.966188231483947     
         148         140  0.973377073411572     
         149         140  0.965768524502993     
         150         141  0.966923123877517     
         151         141  0.968544616027566     
         152         142  0.967216796587377     
         153         142  0.960453938552882     
         154         143  0.891080606236564     
         155         143  0.889124203139061     
         156         143  0.900576690159107     
         158         157   1.01461640512448     
         159         158  0.981121683286718     
         160         159   1.88284048198801     
         161         158  0.949292579532487     
         162         161   1.00796531660804     
         163         162   1.40047919649227     
         164         162   1.41714867279839     
         165         163   1.44144488457822     
         166         164   1.44658737471280     
         167         165   1.44468669196165     
         167         166   1.42785426698700     
         168         157  0.936776902313477     
         169         158  0.959421298278060     
         170         161  0.954343209371545     
         171         161  0.965094750062796     
         172         163  0.967559315174765     
         173         164  0.967881868085336     
         174         165  0.964672194756085     
         175         166  0.972285200822068     
         176         167  0.967738701313466     
         178         177  0.816143726151470     
         179         177  0.805563919744157     
         181         180  0.866253261116165     
         182         180  0.891665120404924     
         184         183  0.826840478359207     
         185         183  0.857252530177301     
         187         186  0.898851026135570     
         188         186  0.849825663597386     
         190         189  0.894456944719861     
         191         189  0.893551531490337     
         193         192  0.885420372576125     
         194         192  0.891801760086343     
         196         195  0.892238640891265     
         197         195  0.895803379580628     
         199         198  0.892181352385940     
         200         198  0.797038028989376     
         202         201  0.884665911468817     
         203         201  0.897748097348898     
         205         204  0.891505471140320     
         206         204  0.860936339684622     
         208         207  0.901559309277027     
         209         207  0.877177606139193     
         211         210  0.844993091011419     
         212         210  0.917418664907733     
         214         213  0.866428293237515     
         215         213  0.904615187023340     
         217         216  0.894543612535167     
         218         216  0.896296726370869     
         220         219   1.02950632653365     
         221         220  0.944699278551961     
         222         221   1.62956770888042     
         223         220  0.962071408180902     
         224         223   1.00260091431882     
         225         219  0.953259822010149     
         226         220  0.952868985930163     
         227         223  0.965656973829848     
         228         223  0.968326958889952     
         229         224  0.870476984076238     
         230         221   1.26380597545190     
         231         230  0.981590779649154     
         232         231  0.993833360119430     
         233         232   1.86685016551544     
         234         231  0.963441804690563     
         235         234  0.870864270772556     
         236         235   1.42267425028022     
         237         235   1.60848293935159     
         238         230  0.919643818653391     
         239         231  0.924755428231253     
         240         234  0.979642717880459     
         241         234  0.963426686797320     
         242           1  0.956072042141128     
         243         137  0.949460207649843     
         244         157  0.951742296450673     
         245         159  0.954217560838837     
         246         219  0.947941153686406     
         247         232  0.949614394060941     
