$grad                                                                           
  cycle =      1    SCF energy =  -375.83280396035   |dE/dxyz| =  0.326977
  -25.72696170277612    141.48245920658042     21.76212472943376      n 
  -26.55743119007041    138.89370934854608     22.09076878020042      c 
  -27.83036565611304    138.40763517030192     24.64790283543174      c 
  -29.70314623515757    137.06969815728667     24.82561766807591      o 
  -24.51753057472651    136.92132499382157     21.79430170185318      c 
  -25.72536632394219    134.89777162231047     20.56232763781270      o 
  -23.84646697403437    141.81762323309209     21.58642946524195      h 
  -28.00469693614574    138.49121989954745     20.65170673943926      h 
  -22.95433608938525    137.66689295567991     20.65183838681957      h 
  -23.77646677296753    136.37394705358275     23.64821015060247      h 
  -24.72275247107179    133.37133051805742     20.75523705156945      h 
  -26.62842879340658    139.43084226181603     26.62735202737170      n 
  -27.92468111422626    139.93524216856937     28.99800077992769      c 
  -30.72435211615102    140.55381026123459     28.83444408495558      c 
  -32.30567209823037    138.91594214233621     29.30606221098768      o 
  -26.70248317926587    142.06083707905361     30.52343854495940      c 
  -25.16565401638763    140.62255325446145     26.28175113042462      h 
  -27.86130998372833    138.17651633858947     30.11555730852834      h 
  -27.73866753420206    142.33526093751647     32.27840779685054      h 
  -24.76867743806678    141.54905487189680     31.00346402148876      h 
  -26.66286534289096    143.81811175351714     29.48727832182358      h 
  -31.42687774811034    142.96449758574281     28.59453927120754      n 
  -34.00805262663781    143.43496672683932     29.43439231912573      c 
  -35.87177192761457    141.81507271476480     27.87867045363967      c 
  -37.91123887031730    141.13511916366173     28.75372832989838      o 
  -34.67008976991944    146.21751737064437     29.39035684564375      c 
  -30.22269862503162    144.41105519708086     28.27356714855813      h 
  -34.20415884386264    142.73359095891612     31.38533335257075      h 
  -36.57380048776095    146.47255115176341     30.10717596878596      h 
  -33.35219102385465    147.25848268120970     30.57178046728615      h 
  -34.56278504427799    146.93726606071473     27.46672855897096      h 
  -35.06576650515935    141.31220644345149     25.51224376497206      n 
  -36.38268448893666    139.67253054430194     23.71521421612108      c 
  -37.21305414314288    137.22014731056282     25.03014643524176      c 
  -39.39722591726637    136.72639858976558     25.67335706677948      o 
  -34.65345759717642    139.08124615880132     21.47851785808030      c 
  -33.29971696686286    141.85139037078051     25.00888411040187      h 
  -38.11165763018615    140.63192367695467     23.07811764360396      h 
  -35.47544704906633    137.58477318167451     20.33789739226512      h 
  -34.43498510593597    140.76053048216775     20.31105822385490      h 
  -32.78954144609313    138.50821354114876     22.11505529300333      h 
  -35.30436211185643    135.64312724889197     25.35172043485013      n 
  -35.51640113900586    133.28003166065756     26.68148498557931      c 
  -37.41195172388927    133.40289522097001     28.84802508614978      c 
  -38.95197860183939    131.71264216984684     29.19649455911995      o 
  -32.84782146780079    132.74694046887049     27.65314079501451      c 
  -33.50329579865167    136.18855932981700     24.99230130674928      h 
  -36.15046756412020    131.77262395043203     25.40043688423044      h 
  -32.81168501628358    131.01615970440605     28.75834422004453      h 
  -31.55424206361400    132.54334251570072     26.07142892307958      h 
  -32.21469234996984    134.30294418452524     28.83340299978121      h 
  -37.03336994847436    135.41041299280323     30.31017510370722      n 
  -38.36314085151731    135.96615549541946     32.58868706508667      c 
  -41.18361869272312    136.44611579000957     32.18257493226372      c 
  -42.77330896701798    136.00168495656823     33.83902933565210      o 
  -37.19941000318116    138.29185773629050     33.80597843471203      c 
  -38.31873903859739    138.61542044210290     36.44479544907126      c 
  -37.34873871639911    140.93145826201979     38.06118082417223      c 
  -35.61445039796305    142.32015972058213     37.18480421607686      o 
  -38.47571798379998    141.09925468282594     40.15457238657611      o 
  -35.63717043812503    136.63922885442963     29.85706754405887      h 
  -38.22721038466392    134.35613222306642     33.90300058566387      h 
  -35.15257731539712    138.08345377671748     33.94382532008273      h 
  -37.61662280121410    139.95485127384350     32.66899407090924      h 
  -40.36781617902478    138.80927497224656     36.36744302240047      h 
  -37.91422102246042    136.95364153724219     37.60871087714541      h 
  -41.78931366721994    137.40234701128315     29.95542658522401      n 
  -44.40024065867834    137.66634424464877     29.24718937450185      c 
  -45.44874033324864    135.35722008065881     27.90739637394850      c 
  -47.62143985174269    134.62468710409061     28.28911777652728      o 
  -44.70508338718108    139.95736119707792     27.56090849822232      c 
  -47.40265907854771    140.12599889080647     26.55708571377387      c 
  -43.98711778469090    142.23419041475819     29.15029568806490      c 
  -40.44867246619781    137.88326903805353     28.67952081614391      h 
  -45.52454102109377    137.91454036838243     30.97096743348344      h 
  -43.39208760709030    139.76241166485499     25.97634730014665      h 
  -47.63904860877809    141.86949551195758     25.49679460054652      h 
  -47.82437224872437    138.54957713470154     25.31210061445195      h 
  -48.74956199705181    140.10218929966871     28.10705776623886      h 
  -44.16589872399280    143.95627301747624     28.04173739910895      h 
  -45.21892050179934    142.38538265570975     30.78719328869121      h 
  -42.04383025340129    142.08832969145351     29.78700303807462      h 
  -43.88636647689660    134.24171113815436     26.24794369792081      n 
  -44.77364213004920    131.85515966237855     25.21344997458885      c 
  -45.77141535541418    130.34515904991838     27.49461808260620      c 
  -47.80117132546474    129.23605924014950     27.52576710760398      o 
  -42.84254885650226    130.35417028577533     23.63515900702158      c 
  -44.34498964071132    128.45220797450747     21.99670559672198      c 
  -43.24297157421315    126.99180929467757     19.58597862160592      c 
  -40.99048171476606    126.29862612803883     19.50662900253877      o 
  -44.90971782479844    126.58681746641948     17.96312565471918      o 
  -42.08655363459874    134.82915085032189     26.00149544370066      h 
  -46.41938059621081    132.26492479382051     24.01408257187772      h 
  -41.83201871297342    131.66744425506872     22.40507079877166      h 
  -41.46861892742708    129.40706929545686     24.84205900174169      h 
  -45.12293981340014    126.98875790637717     23.22108385590870      h 
  -45.96472643212220    129.44829715812051     21.19166198071323      h 
  -44.09537623234226    130.39491672676942     29.39335460616732      n 
  -44.63331365958545    129.41993257136562     31.87816605422539      c 
  -47.08165520925824    130.51420391987367     32.83720649466306      c 
  -48.83120801581686    129.05227299959941     33.26465301532421      o 
  -42.48831923276522    129.79095669228116     33.80574988237401      c 
  -41.21660321911792    127.24879118142758     34.38814422430020      c 
  -43.19807438513137    125.14008904974489     35.28431002174962      c 
  -44.66398270760917    125.74826191284184     37.02231564145444      o 
  -43.11987828010599    123.02330372057183     34.22787220429692      o 
  -42.37888241739640    131.20363449045411     29.14000491423233      h 
  -44.99682767264036    127.37640784602122     31.72162432319938      h 
  -41.10770509450841    131.11942131111226     33.05232599828647      h 
  -43.25866958946800    130.57356602719474     35.55043829566675      h 
  -40.21737216410244    126.54728671220681     32.72392879127119      h 
  -39.85063946360810    127.49635725484499     35.91774741643282      h 
  -47.32058128310351    132.99785452250916     33.24289773014812      n 
  -49.55940092096928    133.61659767447301     34.74841218706186      c 
  -51.86623257923064    132.32242078202682     33.59218304391992      c 
  -53.34053273642182    131.08289047171075     34.88854486207514      o 
  -50.00550364352392    136.43547208018728     35.08989968238620      c 
  -51.14000880839060    136.88893053000803     37.69392123576890      c 
  -51.02214961882527    139.68981734570380     38.36498194007807      c 
  -51.85772497612615    140.12540882312291     40.95724676169948      n 
  -53.95115051561362    141.29673809849652     41.78819698110233      c 
  -55.46139590616573    142.61936749417390     40.27110524779542      n 
  -54.63994408811143    141.13600733183435     44.24076749632061      n 
  -45.77574747410726    134.13536123982348     33.40255249781519      h 
  -49.32614521644411    132.72965779349627     36.61413821939363      h 
  -48.17384322863761    137.38300430086508     34.98103391253056      h 
  -51.21583401788656    137.16437845023805     33.58988758511656      h 
  -53.08603505751552    136.21333875722476     37.74454702210750      h 
  -50.06190340869901    135.82766784007313     39.09554121562216      h 
  -49.07031080568353    140.35388775020303     38.21069934033069      h 
  -52.17689049468981    140.77626339782628     37.05304609952439      h 
  -50.83242136708596    139.17270589197278     42.25975794991644      h 
  -55.15668684723905    142.74995683072248     38.39744136926821      h 
  -57.02799566538442    143.49224002407058     40.92017236908480      h 
  -53.45330638187288    140.36627874769223     45.51410880467539      h 
  -55.94371126737381    142.36420107489124     44.89038906206967      h 
  -52.20978757987447    132.76254612301369     31.12229721152417      n 
  -54.45189030760694    131.92117571567607     29.79477710758017      c 
  -54.81778079579610    129.04697863717729     29.56308577167507      c 
  -56.92166357091762    128.16058147774530     29.15466899768142      o 
  -54.49543924015178    133.21565039264917     27.20187667852545      c 
  -53.82684660145827    135.74916892347187     27.69622179324184      o 
  -57.10553190758802    132.97533085605380     25.99593772491282      c 
  -50.85609190387357    133.65711204634908     30.10440441507256      h 
  -56.09138278938895    132.59598231224072     30.87423401923960      h 
  -53.03815151883133    132.32865716640961     26.00250462860026      h 
  -54.14948968139712    136.73757295183094     26.19710614057755      h 
  -57.02919534089580    133.49912668129392     24.01046878299344      h 
  -57.77364217162317    131.04269190554410     26.13459609054252      h 
  -58.43158861323709    134.20870971042862     26.95747900032590      h 
  -52.77525444460709    127.59820621298051     29.85051111474443      n 
  -52.92318646742304    124.88130219786844     30.10849901316621      c 
  -54.30908647151618    124.06632310863095     32.46202859831884      c 
  -55.09356957326549    121.88643721349631     32.61102204429571      o 
  -50.28670028885973    123.74735176583363     30.50017604044437      c 
  -50.23545634141573    120.86843717471912     30.24629118813609      c 
  -50.42632954182498    120.01396282958191     27.48120103781482      c 
  -48.01243432474782    119.11370408736008     26.44909656132994      n 
  -45.97081002139057    120.40852607725435     25.69199600545950      c 
  -45.69736993309199    122.89494314362641     26.02784189913981      n 
  -44.03220924553712    119.15200201592185     24.63798105326748      n 
  -51.10445892232784    128.40993271574067     30.31741765245166      h 
  -53.88112099601559    124.09256144283299     28.45048991731051      h 
  -49.01137392184994    124.67797575863334     29.17707786989940      h 
  -49.63033050739936    124.32825904197017     32.36860934783933      h 
  -48.45417347204224    120.18286117793497     31.02281808575826      h 
  -51.79844755573964    120.07530349792431     31.31940638473392      h 
  -51.74371700798330    118.44544406670083     27.30648239211942      h 
  -51.12331016869470    121.56237373900007     26.30902970717223      h 
  -47.93161497037873    117.22246288266432     26.18960185042721      h 
  -47.13327063014764    123.99671663498920     26.62143495319508      h 
  -44.15346776295716    123.76272202607497     25.32966479171838      h 
  -44.23308278118376    117.32333080903742     24.13985697817023      h 
  -42.60535681200663    120.11837861248989     23.82722439698184      h 
  -54.34707450202981    125.65144089883985     34.40833871640667      n 
  -55.87024943513257    124.93958356241538     36.55798968648049      c 
  -58.59862459717185    125.50768757089072     35.83250721506816      c 
  -60.27837288662027    123.97721561863790     36.27152917115146      o 
  -54.80298955930193    125.98311361168467     39.01539735588789      c 
  -51.99780289009396    125.27031929017510     39.31685598602631      c 
  -51.36229988548639    122.41792157489911     39.30044064554097      c 
  -48.82015828098887    121.97697367664667     38.00876224953431      c 
  -47.91629369825908    119.29787479756784     38.09069566897112      n 
  -53.60393098410918    127.41952040493956     34.34325402512572      h 
  -55.82429058346158    122.86819284411428     36.65847659742598      h 
  -54.94551128463079    128.04002482910926     39.00140625921832      h 
  -55.91142943122689    125.27174652988678     40.59353533445485      h 
  -50.93456649063114    126.20616387975554     37.81969340330308      h 
  -51.35008695441675    126.08018870500976     41.09924647480128      h 
  -51.29648908949716    121.73811180983100     41.24133678949092      h 
  -52.80713370903353    121.35354569752299     38.29605332625216      h 
  -48.94736124469900    122.54372595602466     36.03298406227812      h 
  -47.38122505471985    123.18758303899908     38.85621744422654      h 
  -46.19240443740912    119.25247943023857     37.18074852101544      h 
  -47.68872533392686    118.72195850290318     39.93345660223571      h 
  -49.16973817922562    118.11107667173756     37.19034151410815      h 
  -60.58186336200464    123.93996194035246     30.85672015630453      n 
  -61.18660758892021    121.37858163198472     30.17346389109766      c 
  -61.76688996140915    119.74937427488854     32.50571174846024      c 
  -63.85287799725182    118.75412252503067     32.67589337398965      o 
  -59.12758624586401    120.11242465653193     28.62513876541105      c 
  -60.04555839549870    117.50713344296013     27.74040342417586      c 
  -62.30505945285707    117.81197729244828     25.98943305689289      c 
  -64.42719022393366    118.36237408727655     26.71090794283186      o 
  -61.73077882976302    117.59578935761526     23.51895970227443      n 
  -58.78879486223578    124.57572069196627     30.77334032286270      h 
  -62.96892397247002    121.40403436553568     29.11057704539307      h 
  -58.69668103104053    121.29140007735782     26.98833976085821      h 
  -57.42362855595874    119.90117303207626     29.76245391459187      h 
  -58.52888267383221    116.51810222514098     26.76563062441497      h 
  -60.62843919785971    116.36368902435453     29.35373409677506      h 
  -60.03427237897562    116.95435820087961     22.95492267581566      h 
  -63.13147774622819    117.64236655955322     22.23011549022345      h 
  -59.92194836017708    119.38405601990532     34.22263471733461      n 
  -60.23972782711790    117.47444477791809     36.22587152233262      c 
  -62.89183658402101    117.81098316753068     37.49351114690757      c 
  -64.11924510002565    116.01553310454044     38.30653532863450      o 
  -57.80216507168128    116.99297896209674     37.88585846319246      c 
  -57.24965526296425    118.29949459468460     40.45381154435850      c 
  -55.30918667158902    116.91752858862455     42.18036611399364      c 
  -55.10699975996701    114.62980564111921     42.39563734541428      o 
  -53.72481002811799    118.46002023310677     43.48017898577124      n 
  -58.20947465259562    120.21073422750631     33.97235524330732      h 
  -60.49182388940901    115.65934449526422     35.22795437128194      h 
  -57.84451998277478    114.97484722812919     38.31783957402100      h 
  -56.21430610321389    117.32335028738764     36.61370744559206      h 
  -56.65572387445372    120.25085459586832     40.19635965063956      h 
  -59.00208444954721    118.35395106017974     41.55072605689821      h 
  -54.21104007851736    120.26360517778109     43.88108251420328      h 
  -52.66784174096975    117.60259447883305     44.82219720250262      h 
  -26.41973954322981    142.12578333052332     20.34835144219916      h 
  -59.03135528367187    127.14276310663841     34.98969269881325      h 
  -61.43073258231089    125.01263655849459     29.84610045412760      h 
  -63.64527997102521    119.53553901862678     37.66466704975191      h 
  -0.5282918157162D-01   0.3515867806677D-01  -0.1104578510356D+00
   0.6244979201425D-02  -0.8629604162894D-02   0.1637556002672D-02
  -0.2820708301574D-02  -0.3040019579516D-05   0.4248786132395D-02
   0.4246523429182D-02  -0.4030246165807D-02   0.5317320488244D-03
  -0.3767853335785D-02   0.1082086466472D-01   0.3930497434006D-02
  -0.9614700866744D-02   0.1257090988526D-01  -0.1585878129381D-02
  -0.2069080408765D-02   0.1120700097780D-01  -0.7297273663958D-02
  -0.1577197494571D-02   0.2760515441485D-02  -0.1822094814408D-02
  -0.1036901579151D-02   0.6514345049003D-03   0.2204212329855D-02
  -0.1586904262562D-02   0.1918820021371D-02   0.2339693242551D-03
   0.3113495409030D-02  -0.3805530579219D-02   0.2230203892249D-02
   0.4246865732476D-02  -0.1885323609476D-01  -0.2383931726477D-02
  -0.6379297281960D-02   0.5683410134557D-02  -0.1147539921287D-01
   0.1918143011942D-02   0.1491100972907D-01  -0.9397363813387D-02
  -0.1088092200202D-02   0.1088749147673D-02   0.1083812584504D-02
  -0.1005206046478D-01   0.6118338975827D-02  -0.6482527139050D-03
   0.1990621647253D-02   0.1249649907767D-02   0.3895380646308D-02
   0.7255594402683D-03  -0.9074164766873D-03   0.2494499498787D-03
  -0.1672763853653D-03   0.3777549671917D-03   0.8883491259834D-03
   0.1090659868781D-03   0.2600748729764D-03  -0.3000901030179D-03
  -0.1616535425065D-02  -0.3119193579731D-02   0.2744307120182D-02
   0.1001083114231D-01  -0.9031649990575D-03   0.1530788566863D-02
   0.4063211623143D-02   0.1278426183114D-02   0.7415033480424D-03
   0.1850518948749D-03  -0.6129629769655D-03   0.7961537995252D-03
  -0.1210313227776D-01  -0.3412521689114D-02   0.9517396658358D-02
  -0.2429738542946D-02  -0.2949961595720D-02   0.7120960280760D-02
   0.2506714196224D-02   0.9829830342675D-03  -0.1546473241966D-02
  -0.5823109583649D-03  -0.4132731974641D-03   0.3648711101904D-03
  -0.2744061673246D-03  -0.5579744392340D-03  -0.4469094037631D-03
   0.1559223279462D-02  -0.1255483751566D-03  -0.1376959473671D-02
   0.1259734001641D-02  -0.9730198776118D-03  -0.4462167864169D-05
   0.7895220440329D-02   0.1418576669721D-02   0.4718319391584D-03
   0.5259370081244D-02  -0.2563499918467D-02  -0.1265937972084D-02
  -0.3972754497846D-02  -0.3416072378820D-02   0.3721633678695D-02
  -0.8202116696243D-02  -0.5153371246213D-02   0.1157144642120D-01
   0.2438715686973D-02  -0.6639500155470D-02   0.1021594648569D-02
   0.3434486986197D-02   0.1813301026937D-03  -0.5951414521039D-03
  -0.5683663641167D-03  -0.2094804979055D-03  -0.4888865999088D-03
  -0.6917240065478D-03  -0.5609930958379D-03  -0.8490292165012D-04
   0.1290197915002D-02   0.3401331914188D-03   0.9244171960062D-04
  -0.1352181765528D-03   0.1944350989878D-02  -0.1529267613787D-03
   0.1029823736010D-02   0.6021189722184D-03  -0.2220676121886D-02
  -0.9589925655599D-02   0.6536859555380D-02   0.3103081420591D-02
  -0.9840645003280D-02  -0.3386265802975D-03   0.5100719147035D-02
   0.3103895259831D-02  -0.3931246405613D-02  -0.2411811176317D-02
   0.1189640401391D-02   0.9086377486083D-02  -0.4780059171871D-02
  -0.6132911428379D-03  -0.7305044806255D-03   0.9790761157124D-04
  -0.2388868425328D-03  -0.4163495776530D-03   0.6549513093544D-03
   0.1598709455569D-03   0.5290120647025D-03  -0.4163429053965D-03
   0.9931695553268D-03  -0.5270206624677D-03   0.2919936814248D-03
   0.1072762263784D-04  -0.4362344283943D-03   0.2891294652895D-03
  -0.1893547921105D-02   0.1733990375584D-04   0.2120311568687D-02
   0.6470931338291D-02   0.8127102617314D-03  -0.9489828788059D-02
   0.1944969177047D-02   0.3379099730493D-02  -0.5607776760162D-02
  -0.6102981827147D-02   0.3718575194758D-02   0.5708934681696D-02
   0.3946943621435D-02  -0.4043458524613D-02  -0.1404240308513D-01
  -0.7943786292804D-02  -0.8455623619838D-02  -0.4445938317451D-02
  -0.2683427586275D-02  -0.2564479515124D-02  -0.3402949510338D-03
   0.2067618213260D-01   0.1588031283446D-01  -0.1097105677130D-01
  -0.1449487135925D-01  -0.6428128127560D-02   0.1579067418429D-01
  -0.2078353603278D-03   0.3779002918304D-04   0.8186033964336D-03
  -0.5266766653830D-03   0.2393788206599D-04   0.4594593544815D-03
  -0.9253931091740D-04   0.4040938689371D-03   0.5050343376666D-04
  -0.1564570376036D-03  -0.7353707328021D-04   0.1897513790759D-03
  -0.6119481399344D-03  -0.1696120958099D-03   0.6130556764701D-03
  -0.1215626451833D-03  -0.7305389950294D-04   0.1094505777360D-02
   0.7561337326901D-02   0.5571093097694D-02  -0.5143245463406D-02
   0.2655725487675D-02   0.2577972828817D-02   0.8818218538016D-03
  -0.1222204106702D-02   0.2895352132626D-02   0.7868973743674D-03
  -0.7280568831297D-02  -0.1881063613726D-02   0.1857441909778D-02
   0.3280532497645D-02  -0.5957633994628D-02   0.3138264999655D-02
   0.2246939244932D-03  -0.5024829549783D-02   0.1288757906021D-02
   0.1912756172625D-02  -0.1149106981475D-01   0.3579161465446D-02
   0.9274638922226D-04  -0.4743104614721D-04   0.2127634617830D-03
  -0.6639752587337D-03  -0.4631196811373D-04   0.1168752101885D-03
  -0.3539150557887D-03  -0.3654054969363D-03   0.9684896217465D-04
   0.1733767084630D-03  -0.1721940777331D-03  -0.1278560784371D-03
  -0.2626578246397D-03   0.8662726529614D-04  -0.3148842912338D-03
  -0.2617185805822D-03   0.3656455524184D-03   0.4541528409896D-04
   0.1739371290354D-04  -0.6136924358006D-03  -0.2836588383693D-03
  -0.4385458964308D-03   0.9261382204166D-04  -0.1530059061161D-03
  -0.1147039414926D-03   0.4649795595475D-04  -0.5114603475309D-03
   0.8370155529593D-02   0.5110870853710D-02  -0.1269260912215D-02
   0.2668646541281D-02   0.2712650810661D-02   0.1671485654363D-02
  -0.4905864612292D-02   0.4861240747191D-03   0.1938413183336D-02
  -0.6709320705728D-02   0.1900003945382D-02  -0.1231562932731D-02
   0.7014105222715D-02   0.2188448766466D-02   0.7332076009804D-02
  -0.2973518734700D-02  -0.1579961282366D-02   0.2556170555538D-02
  -0.9360204638988D-03  -0.2543871134707D-02  -0.3024434354430D-02
   0.8446357208731D-02  -0.6018109560411D-02  -0.6275915670478D-02
  -0.6664391992885D-02  -0.4775605856147D-03  -0.4185335689910D-02
  -0.1185941831389D-04  -0.6319415224108D-03   0.4958717695734D-03
   0.7023682027928D-04  -0.5838904397902D-04   0.2952088575134D-03
  -0.1431729023130D-03   0.1284364520254D-03  -0.2562384213159D-03
   0.3571817689319D-03  -0.8333262393183D-04  -0.1401987506565D-03
  -0.9656058389894D-04   0.9122864815210D-04  -0.1732714721516D-03
   0.3058235496639D-04  -0.1416170951474D-03   0.7832296681526D-04
   0.7980296449798D-03   0.1379984312045D-02  -0.6012843889193D-03
  -0.4515593925631D-02   0.5069439178212D-02   0.1581823900002D-03
   0.2317912379662D-02   0.4412803415732D-02  -0.3011859059618D-02
   0.3287318571790D-02   0.1967202804259D-02   0.5640916988535D-03
   0.1070709466405D-02   0.8475172759338D-02   0.2299598222696D-02
   0.8285155737617D-02   0.6888498163899D-02  -0.1018920752864D-02
  -0.3419602688677D-02  -0.3044715007550D-02   0.7628511591877D-03
  -0.6525929837962D-02  -0.1417140572268D-02   0.3888901239760D-02
  -0.1522694772638D-02  -0.1241698967913D-01  -0.3320155605485D-02
  -0.2951332105889D-03   0.5361238525438D-03   0.5089892230470D-03
   0.1641694096125D-03   0.1414519606836D-03   0.5596003390113D-03
   0.1621148454625D-03   0.3754383542538D-03  -0.2715718938796D-03
   0.3862539062115D-04   0.2170305061226D-03  -0.3750381224096D-03
   0.8720754266060D-03  -0.1309825000796D-03  -0.1065271105349D-03
   0.5750433877808D-03   0.4168284305645D-03   0.1436565372264D-03
   0.4323885220960D-02   0.3591024453795D-02  -0.8525319308800D-02
  -0.1962025058907D-02   0.2269675565599D-02   0.1874624199945D-02
   0.2117083380707D-02   0.6854351754793D-02   0.2582008137997D-02
   0.2546260068814D-02  -0.5943367314409D-02   0.2427616132109D-02
  -0.5291733356834D-02   0.1556800845046D-03  -0.1233807258829D-03
   0.3369132801019D-02  -0.3802852108273D-02  -0.3468715767356D-02
   0.4480545847005D-02  -0.7337229842408D-02  -0.6822988822419D-02
   0.1194036366202D-01  -0.4583240632811D-02  -0.4395744827340D-02
   0.1346619830264D-02   0.2570638277354D-02  -0.3193869501284D-02
  -0.2679222011990D-02   0.1012029093680D-02   0.3113083848056D-02
  -0.1063809562593D-01  -0.1478040783218D-02   0.1354698742274D-01
   0.4331495986614D-03   0.1069707890693D-02   0.1657917433620D-02
  -0.1378935736484D-02   0.5611523756687D-03  -0.3556552511425D-04
  -0.3795448333312D-03  -0.1558792488369D-03   0.7787595837339D-03
  -0.7986729851392D-03   0.1589694827420D-03   0.5741962561806D-04
   0.1100167079303D-03   0.3081153062838D-03   0.5236749046396D-03
  -0.6112680425056D-03  -0.5088376414448D-04   0.6909082699509D-03
   0.1764729765744D-03   0.3318451178546D-03  -0.3426725010791D-04
  -0.5070912622682D-03   0.1437439947757D-03   0.1940208479709D-03
   0.2322584500322D-03  -0.1096356181601D-03   0.1772859043359D-03
  -0.1783847417080D-02   0.1025643806511D-02  -0.9080960838576D-04
  -0.1727684563722D-02   0.2002239720102D-02  -0.1894854631382D-02
   0.3575923370557D-03   0.7424361196915D-03  -0.5205892779834D-03
   0.4703662556889D-03   0.1816502654907D-02  -0.1089785151106D-02
   0.9352721294763D-03   0.5674154568593D-02  -0.2786401299070D-02
  -0.1420771500886D-02   0.1424904364338D-02  -0.3298460507855D-02
  -0.1419004830643D-02  -0.1354169657727D-03  -0.2498314634284D-02
  -0.5390659718052D-03  -0.1090950507761D-05  -0.2375028099804D-03
   0.9091081829672D-03   0.1107395316637D-02  -0.9123746985963D-03
   0.2711570633216D-02  -0.3471995877478D-02   0.4247073022674D-02
  -0.2125066431742D-02  -0.1826264122591D-02   0.4151041360818D-02
   0.6097733893324D-03   0.1345649903026D-02  -0.6035048473284D-03
   0.1470291301118D-02   0.5399666669346D-03  -0.2588387749536D-03
   0.2048759358703D-03   0.2806653562433D-03   0.3870056623159D-04
  -0.2885305537874D-03  -0.2293186948247D-03   0.3053735771941D-03
  -0.6789289296168D-04  -0.3503617219384D-03   0.3236109004814D-03
   0.1245051151728D-03   0.5192417912437D-04  -0.3371738814302D-03
   0.4900979255950D-03  -0.2668981915111D-03  -0.1531665749877D-02
  -0.3532964655902D-02  -0.3485650165574D-02  -0.2294933738468D-02
  -0.3135452984599D-02  -0.3369159977470D-02  -0.2708984315405D-03
   0.2320841684286D-02   0.1301972516376D-02  -0.3386250797895D-03
   0.6634426793629D-02   0.2643308523815D-02  -0.2171440628211D-02
  -0.4961390281882D-02  -0.2461301250581D-02   0.1170210752402D-02
  -0.5632119402263D-02  -0.2795320670648D-02   0.3386913193355D-02
  -0.7550272861868D-02  -0.1444089143714D-02   0.4536350735044D-02
  -0.6515892456510D-02  -0.4164969700580D-02   0.4433732597695D-02
   0.2542933916411D-02   0.2844444181506D-02   0.7645782780906D-04
   0.3710309356889D-02   0.7814011215687D-02   0.2151074792474D-02
   0.9216289946353D-02   0.9009412455931D-04  -0.2702089855694D-02
  -0.2213726987644D-03  -0.2149623147991D-04   0.8931242350747D-03
  -0.2195206701718D-03   0.4498036640625D-03  -0.6071510631399D-03
   0.3811877441377D-03   0.2037386924912D-03   0.1574480431649D-03
  -0.2504771300366D-03  -0.2002556798818D-03  -0.2520445575837D-03
   0.4810977081397D-03  -0.2880511038825D-03  -0.3912063513335D-03
  -0.5045237011977D-04  -0.3146179365300D-03   0.9724151812626D-04
  -0.9826956698241D-03   0.1220606929681D-03   0.1954851569262D-04
  -0.4014326201008D-03  -0.1794453526940D-03   0.4863118887009D-03
  -0.1177425907988D-02  -0.2207064331441D-03  -0.5421960319045D-03
  -0.3526465061801D-03  -0.2053694465754D-03  -0.2169219600380D-03
   0.7890238786667D-03   0.1384975083954D-03  -0.7773864257146D-03
  -0.1058493441421D-02  -0.1313450876303D-03  -0.7753136130398D-03
   0.2950472887069D-03   0.3220831901767D-03  -0.1678503895074D-02
  -0.9391234101067D-04   0.4655266744941D-04   0.3134683281673D-04
   0.2549902591235D-02   0.6515167314033D-02   0.5660587263244D-02
   0.8940513118065D-02   0.7743515317034D-01  -0.5176622476824D-01
  -0.1619924295304D-01  -0.1596227520641D-01  -0.6486404994561D-03
  -0.1694488760780D-02  -0.2761765346930D-02  -0.1570054986198D-02
  -0.1362072933427D-02   0.8497242579232D-03  -0.6773543094363D-03
   0.1074277064055D-02   0.4488755319447D-03  -0.5658415111967D-03
   0.4644445442308D-03  -0.2975777766451D-02  -0.2579660229194D-03
   0.2700927192933D-02  -0.5485455128808D-02  -0.2495975718380D-03
   0.2653776562364D-02  -0.6813404721395D-03   0.1129625014781D-02
  -0.1054608376718D-02   0.5781989961557D-03   0.4128313712360D-03
  -0.7959169610883D-03   0.4803810003905D-03   0.8568348014456D-03
   0.1376065031462D-02   0.1280610659513D-02  -0.9270039196774D-04
  -0.2168492815592D-03   0.3756745360675D-03   0.3739806128758D-03
  -0.4491645615282D-03  -0.1380384502422D-03   0.1706725972032D-02
  -0.1206922376775D-02   0.4179558288577D-03   0.9066487212946D-03
  -0.1080004567751D-04  -0.1661569157590D-03   0.4808563352156D-03
  -0.2348394404673D-03   0.3866896182154D-04  -0.2432934727037D-04
  -0.4797482299239D-03   0.1331059098741D-03   0.7891848964374D-03
   0.1120604371823D-02   0.5111376819217D-03  -0.6625960162806D-03
  -0.1612480119183D-03   0.3634286534305D-03  -0.3631026933974D-03
  -0.3355269229769D-03  -0.1198114099331D-03  -0.3928926399574D-03
  -0.5545012966936D-01   0.6039602173412D-01  -0.7870107889334D-01
  -0.7474270605496D-02   0.6435348156560D-03  -0.6486402430264D-02
  -0.4127212728562D-02  -0.9374501027823D-03  -0.3942174346090D-02
   0.2211534790896D-02   0.5257399630680D-02  -0.1132312252178D-01
  -0.1286111056255D-03   0.1031463332893D-01   0.5642280508777D-02
  -0.1150463234420D-02   0.3653961447481D-02   0.3342740588711D-02
  -0.3625993265055D-02  -0.1861207006417D-02   0.6373961485386D-03
   0.7122805713572D-03   0.3124742166431D-02   0.3080289814465D-02
   0.1081461083232D-02   0.3693751462359D-02   0.1691014706673D-02
  -0.1016246368400D-01   0.1370719550818D-01  -0.6683638121093D-03
  -0.2455606648817D-02   0.4820598563535D-03  -0.2222842927713D-02
  -0.5580223597940D-04  -0.5659267700333D-03   0.6970212122710D-03
   0.1586904171448D-03  -0.1101212307724D-02   0.3264377186252D-04
  -0.7023472975189D-03   0.2026213672796D-03   0.1095502844868D-02
   0.1002441886150D-02  -0.2326320904513D-02  -0.8513752250028D-03
  -0.7513825155590D-03  -0.5697613037567D-03   0.1710680368627D-03
   0.7153664998206D-03  -0.1633268588222D-02  -0.4475443568969D-03
   0.2799913767214D-02   0.4564396777105D-02  -0.4590232839058D-02
   0.9716984259200D-02  -0.2347481769370D-03  -0.2702033062136D-02
  -0.3108301555546D-01   0.8488965887822D-01  -0.1383219309813D-02
  -0.1836370665767D-01  -0.1387854890409D-01   0.1049950765754D-01
   0.2579676622599D-02   0.1655569381156D-02  -0.2436827316432D-02
   0.5771210130592D-02  -0.8578985438535D-03  -0.1610342569313D-03
   0.3833291922855D-02  -0.8693253597878D-03   0.5883985251842D-02
   0.5400918271216D-02  -0.2817215986058D-02   0.8374290391982D-02
   0.6179359048447D-02  -0.3931314599175D-02  -0.1365525675801D-02
   0.1376511111183D-02  -0.9147773006564D-03   0.5465338925041D-03
  -0.2038818686148D-03  -0.3582064114433D-03  -0.4714940168902D-03
  -0.2185307744319D-03   0.2120364196330D-03   0.1261517471118D-03
   0.9069315633645D-03  -0.4807417362006D-03   0.2593408509566D-03
  -0.7443741316265D-03   0.4984128812911D-05   0.1115976489998D-02
   0.3230400434481D-03   0.1605820347276D-02   0.6375169284258D-04
   0.8793869468909D-03   0.1521239841548D-02   0.3600930617413D-02
   0.3481218992369D-03   0.1042633840791D-02   0.6684970459698D-03
   0.6030921455371D-01  -0.5451467851411D-01   0.1116884416911D+00
   0.9230932805494D-02  -0.6652415323874D-01   0.3469390671535D-01
   0.7401996992051D-01  -0.8812741945162D-01   0.7770145472784D-01
   0.2001105162771D-01  -0.7350100508539D-01  -0.1958936627636D-02
$end                                                                            
