           2           1   1.01845164246440     
           3           2  0.981252315476501     
           4           3   1.88252389834964     
           5           2  0.957442268202631     
           6           5  0.999912110914541     
           7           6  0.992254451231533     
           8           7  0.983533148865144     
           9           8   1.34158505806734     
          10           9   1.28149450793162     
          11           9   1.30532539084737     
          12           1  0.951378297442575     
          13           2  0.947142689851521     
          14           5  0.972581239032621     
          15           5  0.972500504589257     
          16           6  0.968423418139205     
          17           6  0.972555156078677     
          18           7  0.957255611143089     
          19           7  0.969636696002236     
          20           8  0.909668743439885     
          21          10  0.925681643462690     
          22          10  0.922675302101503     
          23          11  0.913995688758566     
          24          11  0.918734177940501     
          26          25   1.01973139726185     
          27          26  0.948950729787221     
          28          27   1.54837508718033     
          29          26  0.952399627413108     
          30          29   1.00835362685926     
          31          29   1.00325523454826     
          32          25  0.939507682025918     
          33          26  0.962870988268434     
          34          29  0.970819936416555     
          35          30  0.981461520622068     
          36          30  0.978603805109235     
          37          30  0.982063820978810     
          38          31  0.984766260434939     
          39          31  0.983401459336783     
          40          31  0.985266881393190     
          41          27   1.33718548666656     
          42          41  0.976241368969352     
          43          42  0.994944054097006     
          44          43   1.83893378722148     
          45          42  0.939970365293674     
          46          45   1.00737839220910     
          47          45   1.00859388033833     
          48          41  0.898206493282802     
          49          42  0.922984400321528     
          50          45  0.955510125485357     
          51          46  0.980072194457013     
          52          46  0.981598822251676     
          53          46  0.983324571684893     
          54          47  0.981915582009518     
          55          47  0.976606391449510     
          56          47  0.985394340019367     
          58          57   1.03658868921649     
          59          58  0.951398473556038     
          60          59   1.54313764545206     
          61          58  0.930835819262316     
          62          61  0.966683835852939     
          63          62   1.61964920194478     
          64          62   1.29595408140674     
          65          57  0.915932195152794     
          66          58  0.935361488588345     
          67          61  0.959687478246275     
          68          61  0.973171476899696     
          69          64  0.908961222629104     
          70          64  0.939681093216831     
          71          59   1.33686741676740     
          72          71  0.975736977426674     
          73          72  0.930221883462576     
          74          73   1.64487870716804     
          75          72  0.978948903908137     
          76          75  0.998379105726576     
          77          76  0.915117505798526     
          78          77   1.50603709426562     
          79          77   1.49234581485716     
          80          71  0.869441422281929     
          81          72  0.953814221282738     
          82          75  0.960368191935850     
          83          75  0.977503866127665     
          84          76  0.979061917675134     
          85          76  0.945566106942073     
          86          73   1.25257590300902     
          87          86  0.978213005836081     
          88          87  0.937614534627431     
          89          88   1.60541219515370     
          90          87  0.983054662328684     
          91          90   1.00633124684870     
          92          91  0.993234281165944     
          93          92  0.992872831614271     
          94          93   1.30318652532710     
          95          94   1.32468129102558     
          96          94   1.31536620940726     
          97          86  0.903330061852757     
          98          87  0.952285285810588     
          99          90  0.963519261023347     
         100          90  0.969716070004077     
         101          91  0.972650992966099     
         102          91  0.965060218330899     
         103          92  0.964271070522761     
         104          92  0.965958973074599     
         105          93  0.908008572737249     
         106          95  0.921595182289148     
         107          95  0.915762832428613     
         108          96  0.908731234391580     
         109          96  0.910915238425025     
         110          88   1.30520399603781     
         111         110  0.972050788728244     
         112         111  0.925242356793899     
         113         112   1.60153027250062     
         114         111  0.976582361941531     
         115         114  0.993110403717483     
         116         115   1.00620444063613     
         117         116  0.970592116821369     
         118         117   1.28684272828609     
         119         118   1.35568727774278     
         120         118   1.30069649806837     
         121         110  0.915278547124413     
         122         111  0.947769660931891     
         123         114  0.965856434756635     
         124         114  0.966611805806711     
         125         115  0.967293239099918     
         126         115  0.972521141163026     
         127         116  0.963720027219733     
         128         116  0.960813206372940     
         129         117  0.924452744702851     
         130         119  0.910197327905625     
         131         119  0.906381442985401     
         132         120  0.923344421138930     
         133         120  0.904049332475072     
         134         112   1.31668722615447     
         135         134  0.983905409201184     
         136         135  0.926094805062340     
         137         136   1.60947700523651     
         138         135  0.990106620002558     
         139         138  0.994792594347195     
         140         139  0.916521651575652     
         141         140   1.49448974333186     
         142         140   1.49994833410193     
         143         134  0.885290650101090     
         144         135  0.950342542541386     
         145         138  0.971648005154073     
         146         138  0.978094165509528     
         147         139  0.978962836415917     
         148         139  0.979627420201995     
         149         136   1.32044419799436     
         150         149  0.970354075413217     
         151         150  0.949050851727501     
         152         151   1.59148651746039     
         153         150  0.967164256798332     
         154         153   1.00756328880407     
         155         154  0.903656258520892     
         156         155   1.50681949704218     
         157         155   1.50321904854510     
         158         149  0.918242210688249     
         159         150  0.951237811474233     
         160         153  0.971303066552380     
         161         153  0.972585757909087     
         162         154  0.969761710613400     
         163         154  0.969280078955802     
         164         151   1.31419409992279     
         165         164  0.970689634963403     
         166         165  0.928766464946371     
         167         166   1.62894635132998     
         168         165  0.972984109915369     
         169         168   1.00294834201829     
         170         169  0.867459911704870     
         171         170   1.52895493593344     
         172         170   1.51795363306582     
         173         164  0.900072339958365     
         174         165  0.955283526050953     
         175         168  0.971464787249873     
         176         168  0.979452572361345     
         177         169  0.985665537969074     
         178         169  0.972276321587294     
         179         166   1.30302388514416     
         180         179  0.979453846869251     
         181         180  0.927983582041809     
         182         181   1.65423289068597     
         183         180  0.981051263119665     
         184         183   1.00840300677394     
         185         179  0.895410105766806     
         186         180  0.944279628906089     
         187         183  0.956330068118619     
         188         183  0.970654527373082     
         189         184  0.857412938451438     
         190         181   1.27205438735420     
         191         190  0.970731687852895     
         192         191  0.943423921724897     
         193         192   1.61982425400005     
         194         191   1.00146802676443     
         195         190  0.894899553138569     
         196         191  0.952942876823815     
         197         194  0.981603423760248     
         198         194  0.983001557838019     
         199         194  0.958112263868908     
         200         192   1.31521088276641     
         201         200  0.970516496838112     
         202         201  0.967910761870999     
         203         202   1.87465244331787     
         204         201  0.988705558583188     
         205         200  0.912645662096290     
         206         201  0.941400909896494     
         207         204  0.978015652174453     
         208         204  0.977602321819673     
         209         204  0.983962461618291     
         211         210   1.01414574560580     
         212         211  0.973706372879232     
         213         212   1.88414695313788     
         214         211  0.969006597109148     
         215         214  0.996381584790758     
         216         215  0.884668397231310     
         217         216   1.50528594805134     
         218         216   1.51200945030107     
         219         210  0.946707873616625     
         220         211  0.963470077696103     
         221         214  0.975542075692817     
         222         214  0.976035589596061     
         223         215  0.982202977587362     
         224         215  0.984582943913713     
         226         225   1.02781681813696     
         227         226  0.966360129051208     
         228         227   1.89608463546039     
         229         226  0.941030774961825     
         230         229  0.972968754530606     
         231         230   1.68785751714209     
         232         230   1.23281724539587     
         233         225  0.928035141687642     
         234         226  0.953600393974099     
         235         229  0.947913501381127     
         236         229  0.971083563412779     
         237         232  0.922939974346778     
         238         232  0.919693994403270     
         239           1  0.957142714651436     
         240           3  0.949914087211148     
         241          25  0.954541906913639     
         242          43  0.949507509623210     
         243          57  0.942516416248848     
         244         202  0.957071515463000     
         245         210  0.949522104600291     
         246         212  0.952992667935620     
         247         225  0.953625987006058     
         248         227  0.950445812648843     
