$grad                                                                           
  cycle =      1    SCF energy =  -877.36612628708   |dE/dxyz| =  0.994794
    4.94570168510264     80.29224624391456     98.15009280160679      n 
    7.19749744688576     79.06453203487996     97.01653741564785      c 
    7.08555314168262     79.79048533283536     94.17286276360403      c 
    5.02144493982980     79.87070081015953     93.09229755828888      o 
    6.89740964398206     76.22118865633040     97.42796177277157      c 
    8.79750214228782     74.69680973517268     95.87251613041725      c 
    9.19424398565426     71.44867048330838     97.13633768030775      s 
    8.50949105560583     69.63183259480954     94.28840736580405      c 
    4.30874861232699     79.64003403320847     99.91213982021829      h 
    5.17943213432868     82.23287839617296     98.33433200209700      h 
    3.41674014544767     79.92957940312856     97.00846534335206      h 
    8.94113669321316     79.78568941076570     97.87602870217817      h 
    7.16795557050203     75.83059352796074     99.43334003675820      h 
    4.99121130394001     75.67254800196820     96.95440799629222      h 
    8.22971809049391     74.52800804063274     93.88888364817491      h 
   10.65746486838834     75.56953631359745     95.93385415654483      h 
    8.92887545942545     67.68796498247109     94.72572956007218      h 
    6.57208770781269     69.90782132399265     93.70547420669588      h 
    9.80769793792727     70.27291368170280     92.81269957367405      h 
    9.23247734303624     80.39597138490041     93.01975004084643      n 
    9.21467909656586     80.96940741274484     90.28875693222344      c 
   10.83297128451816     78.98215733174173     88.93377202149617      c 
   12.84135920107376     78.30525583563437     89.82330117832350      o 
   10.20077408182657     83.62851903197806     89.67537820597204      c 
   13.04055526101027     84.06579296434622     90.21590148582727      c 
   14.09555615995291     86.18767286409850     88.49243948747912      c 
   12.89624611873912     87.30308048913516     86.85061424200276      o 
   16.57800563066523     86.73560826687829     89.04638338616441      n 
   10.91015804874155     80.22016635030765     93.87299943312001      h 
    7.26178462468323     80.83017589984877     89.63234480578399      h 
    9.84399144740271     83.93276599791912     87.66358568091154      h 
    9.06202120514400     85.01730902722464     90.66547305452997      h 
   13.34152842055231     84.67508749090995     92.14635902117185      h 
   14.16615749890689     82.39507715089647     89.82793360527246      h 
   17.54867868925433     85.32989633473669     89.93115492321043      h 
   17.42715401583961     88.03871463864490     88.00944446365666      h 
    9.81611239927430     78.13343906047663     86.79202801836195      n 
   11.32034643306479     76.47779283448423     85.16539324781266      c 
   11.50941155162261     77.64978719077989     82.52530368670793      c 
    9.91052660350522     79.22720705080941     81.73606495279107      o 
   10.14308236582199     73.81276686379154     85.06274554182468      c 
    7.43614104166154     73.89323711774766     84.21463465493586      c 
   10.45058286593797     72.53972449212954     87.58812352046270      c 
    6.54090972200884     71.33034388779292     83.01620196453642      c 
    8.20912819212980     78.90207277500927     86.15678248381271      h 
   13.26599442538404     76.34874120176669     85.91575791295341      h 
   11.29951187339380     72.74593992701047     83.63499619862729      h 
    6.18148686774636     74.41000527384719     85.71718250893849      h 
    7.21369496754263     75.32997391724656     82.69918426407817      h 
    9.67073311785922     70.62964910926067     87.53185542326592      h 
   12.41799620924754     72.41574661182531     88.17378709867465      h 
    9.41811852270447     73.59899722486186     89.00990586727026      h 
    4.57377155360002     71.49383729414224     82.44483314437964      h 
    7.66608993307838     70.89482347200634     81.38966827164872      h 
    6.73306508900250     69.84110783275155     84.39950453747767      h 
   13.53356059461059     76.84590612453755     81.22117651408527      n 
   13.81332181224114     77.62890388128167     78.50543491910443      c 
   13.19698787793716     75.37243580648193     76.82973059821202      c 
   14.04293420582736     73.22900390598795     77.31978184833567      o 
   16.58082811098119     78.35694406218438     77.98068288516404      c 
   17.28391208855044     80.50545019451516     79.72028257695729      c 
   18.54512623350444     80.01612247812766     81.97695402444164      c 
   16.44653496845272     82.96288999701159     79.15904383230678      c 
   18.99106080635438     81.94688209996023     83.68507802848521      c 
   16.87582787306469     84.88590909102936     80.82880144188358      c 
   18.11788708135342     84.36255520787118     83.11511761994460      c 
   14.62638215916534     75.49140545343917     81.81549530661995      h 
   12.56472301115131     79.18864970709438     78.12376673838932      h 
   17.81810356646845     76.73456632546909     78.27275614280931      h 
   16.67264472929166     78.93191866880296     76.03299683455786      h 
   19.18897576022069     78.10486802002792     82.36557434705340      h 
   15.45198210255671     83.29145394626367     77.41984632238355      h 
   19.94578177490091     81.57705553371663     85.44627615725588      h 
   16.22745264148350     86.78234839078308     80.45949289600993      h 
   18.36088787469817     85.83277260477898     84.49236409686237      h 
   11.88835771797904     75.99305610033205     74.77564581592188      n 
   11.34178133996159     74.17109218865528     72.73009405770762      c 
   12.29408426091477     75.23869812981005     70.28947336474739      c 
   11.55090032137814     77.27348776324969     69.51609022938742      o 
    8.49999250912634     73.70326947363536     72.48355475460151      c 
    8.01538884418427     71.55421778895034     70.59443529092691      c 
    7.33486782236259     73.00164870463256     75.10265181368527      c 
   11.42959069405212     77.81383820763575     74.46067792406652      h 
   12.34828995127266     72.40522595472073     73.21319320939831      h 
    7.59212580865625     75.41446786073158     71.82696582011101      h 
    6.00230648138584     71.29438926173813     70.36334189851620      h 
    8.90416203012956     72.00505848947478     68.80214265915357      h 
    8.84341981701935     69.80674669089144     71.28167495840619      h 
    5.32849448481592     72.62689054646830     74.85892901766036      h 
    8.23912501436664     71.33884546342752     75.85562455026884      h 
    7.57265354183965     74.53667851411454     76.42670185317488      h 
   14.16990466578250     73.87054255713861     69.13516809395777      n 
   15.27841531569214     74.44032246699338     66.71815904353109      c 
   13.62223859184728     73.07965587636929     64.72629735676850      c 
   13.48490130339312     70.77352427124326     64.74205606189503      o 
   18.00846011334652     73.48036088342118     66.64958327423216      c 
   19.24242169381957     74.15355326852102     64.12246506699853      c 
   19.22510799916081     77.00277021673229     63.64216543016229      c 
   17.33600187600654     78.13514810538156     62.81660194941106      o 
   21.36745302849937     78.24128414172597     64.33099499645922      n 
   14.64146063173614     72.19549045626034     69.99439433678613      h 
   15.12136290418073     76.48256064310097     66.40351593755183      h 
   19.02824286931756     74.31027583573793     68.18460541539523      h 
   18.02022321216146     71.43845649452133     66.91371886218241      h 
   21.18838581404651     73.51073690713770     64.14207648321850      h 
   18.19186042461462     73.23611201925041     62.59721243085919      h 
   22.93121409128578     77.16090200191142     64.42075847401304      h 
   21.51476188016847     80.04060978602898     63.70612743601265      h 
   12.09043040738372     74.57994461591188     63.44202991583577      n 
   10.21857148850274     73.58969183766514     61.59950444223549      c 
   11.18855960307138     73.52458229686590     59.02058898770518      c 
   12.50304355103997     75.42348462233619     58.13056577733519      o 
    7.77087010541610     75.15090443342180     61.54416315338267      c 
    8.07206145441700     77.34126260735391     60.22008514746080      o 
    6.85853937015359     75.77817627537510     64.39727056298678      c 
   12.45506627004343     76.46367271904316     63.39512199503812      h 
    9.82606706833926     71.64190276090095     62.25107553034309      h 
    6.35631486394559     74.06656804470397     60.60889975279739      h 
    9.33874270920107     78.42861482974534     61.07744860994216      h 
    5.15137974617428     76.88469340349205     64.20512905335350      h 
    6.42797876877778     74.02950357050491     65.32604357942365      h 
    8.28988429907211     76.85732584332895     65.34357247475072      h 
   24.92473693503005     93.24075224906679     92.35293707669904      n 
   22.54218937280109     91.79104193082675     91.98140914671957      c 
   20.49936695975938     93.63684294200398     91.60363662981285      c 
   19.00739853844060     93.52455257090980     89.60325375678464      o 
   22.20697583962697     89.95444035444758     94.06650667490891      c 
   19.94627386558523     88.37673935214072     94.10230387337506      c 
   20.03424227620816     86.11943078903278     96.03099093732789      c 
   22.17689117593602     86.27983297354841     97.65274112685795      n 
   24.05962490243818     84.57706195821794     98.13713160765828      c 
   23.79153414661091     82.12318692757130     97.39943533306780      n 
   25.95956066366117     85.21140904845383     99.34778556735412      n 
   25.85236476941583     92.89601922482460     94.01347235007793      h 
   22.73099329494998     90.69209889650209     90.19031320072220      h 
   23.97760176467145     88.87554130330544     94.26040423297857      h 
   22.22732688192233     91.19245695251531     95.89990121268629      h 
   18.22565658452519     89.44421691155058     94.36806474941875      h 
   19.84991602246854     87.53651126448632     92.20365001360791      h 
   18.32399367255502     86.13952737632755     97.17680225355868      h 
   20.08147415272531     84.34162958910971     94.98882071803312      h 
   22.37308345109161     87.96419844911703     98.55423894651105      h 
   23.07551845727460     81.80473558255319     95.59058806457405      h 
   25.28409846674062     81.04056238093074     97.73085381767918      h 
   26.05913773902530     86.96996818117242    100.31904290275058      h 
   27.30229999754714     83.96073758176986    100.05993730002685      h 
   21.68899267326794     96.85949212764737     84.87717552299962      n 
   20.92118048836792     94.98792946620573     83.00021983276454      c 
   18.06189244809953     95.08825891403573     82.60611102166409      c 
   17.16900612225854     95.34360829450608     80.55255224100144      o 
   21.84580913397526     92.41565019309409     83.81115862877404      c 
   24.63333527823928     92.15692309510807     83.01627051680188      c 
   20.21296623951680     90.33779839934921     82.62846023844638      c 
   25.87906753381655     89.75834280841924     84.03304874362894      c 
   22.57038176905032     96.23283698169494     86.47692282733389      h 
   21.73951893133125     95.53930444856985     81.17093720599408      h 
   21.71236133918529     92.27673747507593     85.85163838710680      h 
   24.76405595659950     92.16307326150032     80.95771516051163      h 
   25.65319020662377     93.80314405346897     83.70756038496440      h 
   21.06620168221136     88.50334160239615     82.90710026485266      h 
   18.31708182093841     90.38340730438794     83.35454784149266      h 
   20.08960251485485     90.60299688784814     80.56597940036200      h 
   27.89878612130839     89.81332899301078     83.62057787063640      h 
   25.66980978793382     89.67151239340859     86.09584625631872      h 
   25.08565294359021     88.06284542461255     83.24833303343384      h 
   16.71429508119831     94.92529317680808     84.78313022710009      n 
   13.95069095410487     95.15123315219554     84.76056449269949      c 
   13.15703864580273     97.54016734732707     83.33481723950119      c 
   11.73681768827330     97.46033057278389     81.61280618256349      o 
   12.92170993118638     95.18330773850714     87.39864152155745      c 
    9.99023993132282     95.48112997807200     87.47016445169999      c 
    9.24021507651330     96.50585427178032     90.05237351771315      c 
    8.22128329097135     98.67688384172064     90.11621386489662      o 
    9.76669819938975     95.21251689783496     91.99699724889918      o 
   17.54593295751220     94.66941905270080     86.47143062912416      h 
   13.12246936291253     93.57754367770829     83.65818048738527      h 
   13.43241667225081     93.47078635673046     88.40211922220544      h 
   13.76284646263900     96.77780650022642     88.41447292633097      h 
    9.36631091706397     96.83726256075329     86.03714591061605      h 
    9.10322962649605     93.67658273297685     87.11629607024308      h 
   13.91599085928220     83.35763855914746     63.98275686336183      n 
   14.18568659885347     82.81690171607148     66.71815543226481      c 
   12.21772127982219     84.35855722863073     68.23162587655411      c 
   11.96391045903976     86.56123464356727     67.96483491354108      o 
   16.84363635126725     83.63917647765138     67.42473312326383      c 
   17.45242467032692     83.37130069855988     70.25855142868384      c 
   20.17800301793014     84.24130553455755     70.67782823131894      c 
   21.12356825291397     83.52813439167814     73.12539423179295      n 
   21.75944941417173     80.95182578631592     73.81773850146169      c 
   21.32659394283118     79.21600041997270     72.05846980310530      n 
   22.74569859218818     80.55526056070512     75.83101666613565      n 
   14.55782483132401     85.17643441651292     63.48103536610775      h 
   13.83739080908352     80.80181873726018     66.94638307398168      h 
   18.15242242722221     82.55474096902803     66.28916137420569      h 
   17.05844928502786     85.63532544841402     66.90264921871359      h 
   16.12820753900121     84.49874012934721     71.35389927072831      h 
   17.17760693949699     81.40912394686046     70.81930614459888      h 
   21.41306963284855     83.49983175146265     69.18514204692016      h 
   20.28104700190632     86.28232251098621     70.59952110394917      h 
   21.46533899340270     84.78311937818341     74.45836088062438      h 
   20.90953354798352     79.47467591332250     70.25822946681421      h 
   21.82075547067159     77.40478948056082     72.60309854187614      h 
   22.70559155074049     81.92096036023922     77.33249654284087      h 
   22.60842879567425     78.71122750852901     76.61207741749901      h 
   10.72734629054166     82.94680800985287     69.76791271491901      n 
    8.92440497594322     84.04577650332141     71.41977518780759      c 
    9.60556624334160     83.27349928831032     74.15605300575463      c 
   11.12091224932833     81.63616948959599     74.57650181642349      o 
    6.21191603395807     83.13129930734364     70.82831900562016      c 
    6.01404039754089     80.26434049622617     71.02328821177993      c 
    5.52869191015502     84.06075957383354     68.09874476938030      c 
    3.39871761553019     79.20508945603596     70.31581499609412      c 
   11.09617143110042     81.04784045066488     69.87045964635745      h 
    9.02575864408837     86.08895620325787     71.24054784610360      h 
    4.91147758730222     84.01837739588431     72.12333605907405      h 
    7.39833163692635     79.37622606364454     69.76598478267944      h 
    6.43488071520685     79.72229196488904     72.96094787387500      h 
    3.52561652876014     84.00498991736720     67.74103805103039      h 
    6.12096741061776     86.00770869651504     67.82660155124579      h 
    6.49099606358746     82.89897225912543     66.70387041593587      h 
    3.34073964327190     77.18756724958288     70.59829050345058      h 
    1.92888665907526     80.07162067054809     71.46665563690323      h 
    2.93580532258699     79.62891363472421     68.34708005971383      h 
    8.32694783388840     84.56031461442618     75.91924241189049      n 
    8.45109764637279     83.95738845656369     78.63620418231879      c 
    5.70965094040511     83.68378149374749     79.54209875911901      c 
    4.01693500038154     84.92930821611647     78.59428924118924      o 
    9.77178479532548     85.95877241304738     80.18098095787413      c 
    7.25052006467549     86.04203002241631     75.41015520697167      h 
    9.42902336468502     82.14355710334191     78.79174251894347      h 
    9.72589926464338     85.50925572274214     82.17610353986110      h 
   11.70762630824310     86.16288129709126     79.58477706184880      h 
    8.87721902883733     87.82165532698818     79.89743249757180      h 
    5.41662365518125     81.88314807990805     81.23586883041800      n 
    2.87951251136528     81.30990657610647     82.24954537691208      c 
    3.04358325790492     81.34402795161682     85.17026990653378      c 
    4.99419458009212     80.57330116887486     86.17961190981639      o 
    2.07522122133517     78.59528205388115     81.46993718267487      c 
    1.17414905980654     78.33529578538580     78.82802294716898      c 
    0.96527551051608     75.50097019531792     78.20027753422360      c 
   -1.41402264243176     79.58031980172390     78.38821958316954      c 
    6.84490767479313     80.87639524589549     81.86641261266594      h 
    1.56460352548029     82.73687296464705     81.58817237913814      h 
    3.65035481947958     77.31756445070978     81.85593176320540      h 
    0.56695161069468     77.98919045935573     82.80223455161320      h 
    2.54579135014229     79.18980922536241     77.50990516259147      h 
    0.39581068770793     75.23277642863944     76.26442150839966      h 
    2.76414565546524     74.55676625125578     78.53271163541683      h 
   -0.45634397063850     74.64212243757414     79.39861367493380      h 
   -2.08176003575815     79.29503597811441     76.49389335342944      h 
   -2.81112443531682     78.71467796669873     79.64194274334464      h 
   -1.36667645941551     81.59231601013997     78.79256717928507      h 
    1.01438958147975     82.23236541985952     86.28047432196917      n 
    0.60384912552743     82.18220536063852     89.10053686263844      c 
   -0.80809833325037     79.72755938170889     89.62432008699695      c 
   -2.75754360741049     79.26628663786498     88.37813513263968      o 
   -1.14072611226718     84.37815613580977     89.84590421912689      c 
   -1.94212360920422     84.28915488961110     92.66447738797393      c 
   -4.70337852858605     85.32284602271081     93.06223532186550      c 
   -6.32335433347986     84.85313509881360     91.39952792094657      o 
   -5.08926294527471     86.51397224986577     95.12300226506332      o 
   -0.52853419268243     82.62526534303460     85.28430211381344      h 
    2.42816885328746     82.20506680710355     90.05486294063356      h 
   -0.24068093005357     86.17997447792825     89.43190400812009      h 
   -2.87522164482276     84.28738271519831     88.73261325420522      h 
   -2.05999747513716     82.35501223162916     93.31963024715009      h 
   -0.66518464077614     85.37924299354815     93.83921105699062      h 
    0.21922629857526     78.20362141071595     91.29770453382673      n 
   -0.80833169437402     75.68593388498969     91.83656969348985      c 
   -0.38692707940625     75.13179584209647     94.67287970726483      c 
    1.20865694568962     76.27265839446692     95.90857841926164      o 
    0.58347171172850     73.62435214241822     90.28055628372996      c 
   -0.11502203760608     73.84461983513805     87.44977112470782      c 
    3.47826226187422     73.83370043678748     90.63217980341786      c 
    1.85162304536669     78.68574557890111     92.21217645406759      h 
   -2.82157920655925     75.60803546528058     91.46316348930036      h 
   -0.08371547144713     71.81545942941692     90.98682285799659      h 
    0.87150193037395     72.40083579233924     86.40972973479624      h 
   -2.13694257402520     73.60056589355332     87.25839046787462      h 
    0.43936845226494     75.67612602174175     86.70876006463317      h 
    4.37236403147785     72.31277748367343     89.60318968316969      h 
    4.16433414523519     75.61877317385105     89.92183591543598      h 
    3.92429330995818     73.64459810310065     92.62801270749995      h 
   -1.73601116967876     73.17128674274477     95.49537705002668      n 
   -1.33685598375864     71.98071077109398     97.88294817128009      c 
   -0.21541463006177     69.36934406837513     97.46450862268723      c 
   -0.85079075809115     68.00695301249340     95.53890763956865      o 
   -3.79710616004172     71.74578649127893     99.43365600290535      c 
   -5.24097649169581     74.24668134057764     99.54326625108570      c 
   -7.24228556344239     74.29924216225768    101.71498829258084      c 
   -8.98267861982580     72.63820429679841    101.65603396978926      o 
   -6.94048156547770     75.92547773953855    103.37353785629413      o 
   -3.07677684883889     72.44728850404495     94.30666586504493      h 
   -0.00452305376841     73.21605064000673     98.89483837457415      h 
   -5.03926631749066     70.34966432646785     98.58577653091140      h 
   -3.32827119649850     71.12367495099846    101.36645192501281      h 
   -3.96584440778880     75.84726580768040     99.86577723388946      h 
   -6.25441965287775     74.59225471801264     97.77522668075345      h 
    1.42642351166035     68.46731056130416     99.12008607191473      n 
    2.32776485917025     65.86496017874994     98.86727965313553      c 
    0.22447849270772     63.95893850824202     98.38649847992335      c 
    0.71711092234009     61.87133833528675     97.47249029238331      o 
    3.66007786880336     65.41404881400233    101.42453929936445      c 
    4.69749752039610     68.02746185899977    102.09040892535708      c 
    2.53943151412062     69.80499074223258    101.23022736785781      c 
    3.66137015751584     65.71947834738779     97.28277735347132      h 
    2.32429589321355     64.75898285633059    102.84007627784308      h 
    5.14819697259856     63.99552135781497    101.25102989610703      h 
    5.07184989657341     68.21811919128952    104.08331559031845      h 
    6.39037110929521     68.42948585243440    101.00421769673171      h 
    1.12940032570561     70.04187482697196    102.72640483682160      h 
    3.23974344381314     71.64101562980996    100.66562698083438      h 
   -7.56876450681195     66.75133381487331     81.33084095299182      n 
   -5.60697743587848     68.26470919158545     80.24293514010787      c 
   -6.23403752137800     68.71271581927010     77.36944447593989      c 
   -6.00160524206955     70.87250123710909     76.44699059952048      o 
   -3.03565991289951     66.98494612750366     80.57729421876519      c 
   -0.97954288625328     68.41930374105645     79.01923314826492      c 
   -2.32698444014771     67.04121261068551     83.31057576359197      c 
   -7.10975611650433     65.07975038723320     82.18337193892270      h 
   -5.61040628635478     70.13939135952289     81.10019197442460      h 
   -3.18308344353270     65.06248993692587     79.84353562755135      h 
    0.81612801993797     67.46430842833270     79.23063952067783      h 
   -1.49732375310307     68.50194788812355     77.03692223150330      h 
   -0.80825675540177     70.33026462002545     79.71907496610871      h 
   -0.45986580829267     66.20742004919107     83.60067366046681      h 
   -2.28976764156495     68.93847826000686     84.07439276812461      h 
   -3.65897777334574     65.95172271291476     84.48256633155401      h 
   -7.13276613303452     75.34132280797554     73.48508646875717      n 
   -5.81009729972146     76.01357562322312     71.06412160889151      c 
   -7.75713228512503     76.68217681084785     69.12780598622095      c 
   -7.37493222025451     78.39770923357516     67.56269025260080      o 
   -4.14115779427105     73.86839422672850     70.25379710269486      c 
   -1.92474745400057     73.58352828407631     72.05103674976510      c 
   -3.18615155212830     74.25645685228424     67.53884055335257      c 
   -0.29073244719548     71.23695206989809     71.65272122010686      c 
   -6.99433447839388     73.56002453846941     74.14483584290829      h 
   -4.70850751768887     77.73230102820368     71.42255208887850      h 
   -5.23620007386561     72.09538070078824     70.31360448803110      h 
   -0.75358320518157     75.28539904341318     71.95427942160630      h 
   -2.70279530360016     73.47557812971783     73.99481294377617      h 
   -2.06502454867392     72.64198363550241     66.93986207702878      h 
   -4.76768293539295     74.46210568118516     66.23456935451081      h 
   -2.04963293679702     75.94842419060110     67.41720606588424      h 
    0.96273328562909     70.95510376844237     73.25816018927193      h 
   -1.46098002623922     69.58270322878198     71.38850839716733      h 
    0.86541360696414     71.45577960322785     69.95656529874320      h 
   -2.07397639535758     85.32073139669683    110.89920478858068      n 
   -2.12413645457857     84.91019094074451    108.07914224772244      c 
   -4.57878243350820     83.49824348196671    107.55535902355291      c 
   -5.04005517735210     81.54879820780660    108.80154397772120      o 
    0.07181432059269     83.16561570294991    107.33377489142296      c 
   -0.01718692560599     82.36421820601286    104.51520172238693      c 
    1.01650420749372     79.60296328663104    104.11744378868435      c 
    0.54679328359650     77.98298748173723    105.78015118941430      o 
    2.20763043464868     79.21707886994237    102.05667684548654      o 
   -1.68107647218250     83.77780762253465    111.89537699673642      h 
   -2.10127500811354     86.73451066850454    107.12481616972732      h 
    1.87363266271117     84.06566088516351    107.74777510242977      h 
   -0.01895910001877     81.43112017039434    108.44706585615565      h 
   -1.95132958358793     82.24634434007992    103.86004886321079      h 
    1.07290117833106     83.64115717444095    103.34046805337024      h 
    3.05273947372569     58.35443769749291     67.84803049605723      n 
    4.80423881007283     59.64325802813221     69.69833748109282      c 
    6.91076172547551     57.73872878664514     70.23406326416975      c 
    6.46201469749475     55.49124011432389     70.31862754608920      o 
    3.43550618388250     60.34634207732207     72.02707862767950      c 
    2.50774165522532     63.07668856405508     72.08020386798179      c 
    1.08745085172405     63.50642737596095     74.64447440239590      c 
    4.72098702389441     65.01017004887927     71.95717302610471      c 
    1.87383410107229     57.04105308342237     68.50678857817890      h 
    5.62522164085433     61.22264438762922     68.63924057621071      h 
    1.85449134983616     59.07978908069482     72.39833247596468      h 
    4.75915509521328     60.09928286317519     73.60641670940282      h 
    1.16794785512892     63.44427392533836     70.56083815015029      h 
    0.38347324221755     65.44643745727093     74.67272075561222      h 
   -0.50528585600976     62.22408489907523     74.75392979679437      h 
    2.34648806885617     63.25113549285924     76.18295179539651      h 
    3.96846832609549     66.89165270820594     72.15374648827503      h 
    6.05531569062510     64.70310493935435     73.46255310441722      h 
    5.71294010196130     64.88199435516182     70.16333541940182      h 
   20.91993821786673     93.52241572738784     73.44087332853267      n 
   20.64800863060518     91.34648943475010     74.90376237368930      c 
   23.01043892910289     89.78181405640900     75.27578654419126      c 
   22.83902142922770     87.75877167794398     76.26012617492295      o 
   20.51806266939739     95.17882787763784     74.09220032924318      h 
   19.98501977352542     91.96192964640997     76.80344107435758      h 
   19.21748936698452     90.04125886040531     74.19673404257772      h 
    1.14164065118747     58.83070702490127     91.12489897770740      n 
    3.68385874782299     59.86464458412291     90.86858156716713      c 
    5.35735364478814     58.64324534145705     92.84475549516245      c 
    7.58599936059233     57.90764020339801     92.24646316850426      o 
    3.65576753770561     62.75943846150910     91.22186309347458      c 
    2.27873723315322     64.13992421783203     89.04387619679652      c 
    2.51803544468256     66.97009907587487     89.45377956603805      c 
    3.45303551687009     63.37777677370339     86.40471148457891      c 
   -0.35685351804422     59.97460916480048     91.27965637242237      h 
    4.45236809571144     59.36531008040671     89.03525153461810      h 
    2.66895805764594     63.20667985978839     92.96010499865396      h 
    5.59055205981451     63.41998293879825     91.35894733382912      h 
    0.28394116292903     63.60783661074174     89.02836093504850      h 
    1.51307425398438     67.98706176017465     87.97684332656320      h 
    1.71000558546299     67.48990995229086     91.26844383071186      h 
    4.48747275175808     67.54122066715415     89.39890583072297      h 
    2.84437146959036     64.72576230807802     85.01269053020155      h 
    5.48635888851309     63.43437973544064     86.55965476256482      h 
    2.83426400711172     61.52144450613770     85.87531494475027      h 
   13.04077811922606     59.83443068642066     92.24926411577097      n 
   13.19767289924741     62.21210231199278     90.90408568142176      c 
   13.03972333278267     64.29543660133847     92.92568600793618      c 
   11.20210276155858     64.50412384840574     94.21255257094759      o 
   11.07428290947347     62.38345506947899     88.90387022148306      c 
   11.90343873903425     60.80051589612903     86.54365473716690      c 
   10.61235425687037     65.13965965544325     88.17825455878433      c 
    9.70990884642322     60.10859003540704     84.82223892047062      c 
   11.33984867131290     59.02010136149842     92.45835397254221      h 
   15.05471736805168     62.31553908760177     89.98915142101912      h 
    9.36180447209693     61.57093642459240     89.68712719987251      h 
   13.33892906547043     61.81505630721926     85.50908809630256      h 
   12.75305440997219     59.05139494505111     87.25914434267264      h 
    9.29657238672728     65.25421786926370     86.59681325214163      h 
    9.86207562490497     66.19824560771943     89.75166940620238      h 
   12.37599265489980     66.02140026727528     87.58789205171061      h 
   10.37479832731286     58.85032057329902     83.34761234921547      h 
    8.19908887127916     59.19524758679162     85.85438063495019      h 
    8.92444250419982     61.79082777120846     83.92087212572211      h 
   15.10460743059896     65.64581251620677     93.13468540692773      n 
   15.63212446751775     67.62307700013413     94.95634336913874      c 
   15.35097540094599     70.28932069057541     93.81813683490482      c 
   15.21750451087033     70.64420238843975     91.60898289053465      o 
   18.40380641923275     67.42728875764617     95.88899959495615      c 
   18.71124613839227     65.86149365696478     98.21889217764195      c 
   20.04812335227708     63.34728152339729     97.80782842104743      c 
   20.54333017919175     62.10099103483774    100.41652377919641      c 
   18.09803988648341     61.82389100827953    101.78553559897870      n 
   16.50394841550826     65.30251842945783     91.85966706638150      h 
   14.28313694526481     67.43882370663472     96.52636423076835      h 
   19.48756429537429     66.59207756338586     94.32677288683946      h 
   19.18613174458782     69.31547235759905     96.12200783212039      h 
   19.80289306743831     66.94461264000650     99.62565808572350      h 
   16.82872354246666     65.57278031316010     99.07244868912169      h 
   18.90147712696498     62.09783839898941     96.63602000603730      h 
   21.84119700891909     63.61162534289550     96.88846511639596      h 
   21.39481000563025     60.25077224406809    100.21941706111862      h 
   21.80960360900618     63.28633442752245    101.53432692421440      h 
   18.14685723078879     60.81286731444205    103.57900440997786      h 
   17.45430313577723     63.59387535605745    102.33837081283501      h 
   16.81490604962881     60.94450513482004    100.75393616535979      h 
   15.42381615056550     72.21748657094601     95.50751447350554      n 
   15.62978975759465     74.77433956270154     94.49116202442259      c 
   18.04160432082815     74.89677613792399     92.86803706852409      c 
   19.97546688514166     73.72080656508182     93.38539381775399      o 
   15.40599949551876     76.86586158842125     96.48813991100072      c 
   17.82881144703762     77.54606260707425     97.94973598789942      c 
   17.09216080732570     79.51052512895207     99.95971110606681      c 
   19.26834521876469     80.18920745706269    101.51229341166324      n 
   19.62917319160691     82.44892069927572    102.61300255532524      c 
   18.05498970704070     84.32932992982352    102.50722259361638      n 
   21.83896952809348     82.85941299008201    103.80529093540414      n 
   15.62653748689050     71.91402870127111     97.36058361899376      h 
   14.02569945560397     74.98059067749813     93.17884467125440      h 
   14.73751473617744     78.54378663833741     95.51578229098507      h 
   13.98712280928323     76.26623901544825     97.85565761631557      h 
   18.63743742956756     75.87503259040270     98.86029629920228      h 
   19.22702339458048     78.29535569139914     96.65665301037313      h 
   16.42975224407791     81.18417693723272     98.96790397323575      h 
   15.57651633103055     78.76312211488452    101.15196110108739      h 
   20.56671983486214     78.83368332626387    101.71693645131313      h 
   16.28137623903189     84.14953637425765    101.64891019410018      h 
   18.47238298070480     86.01392143211143    103.23263592694819      h 
   23.02709965806165     81.45453190165429    104.19529654127618      h 
   22.01145124244379     84.53340370162543    104.77897934049548      h 
   17.67757826177187     76.29483508966352     90.78708356647827      n 
   19.58572511846031     76.63203470704694     88.85264980074919      c 
   20.38508610800850     74.19143250051977     87.48220857373956      c 
   22.38707627534864     74.04205987649583     86.36214389276668      o 
   21.89977595371351     77.86970274950970     89.96745538801119      c 
   21.26043464112574     80.37804173198977     91.34357810216561      c 
   19.18396908703144     81.52222026471810     91.15479674485636      o 
   23.12745106299541     81.09284199249227     92.70250378464864      o 
   16.03100507474565     77.19454026047907     90.52200379472089      h 
   18.77708307722822     77.87840604224000     87.40117320876563      h 
   22.92329072360366     76.66386768887234     91.25527605702483      h 
   23.28185144614869     78.32973727310203     88.48499270376813      h 
   18.76472596347016     72.24642453362415     87.67072933141534      n 
   19.19117294987317     70.17275822831087     85.94902906920075      c 
   18.63016951956704     71.23190010375730     83.14422711002359      c 
   16.99355952540364     72.80886888790346     82.82233482859790      o 
   17.26635666619537     68.08906235804615     86.48168777547244      c 
   17.65000938607982     67.08386578100503     88.85084311672804      o 
   17.13651410020907     72.43425951088678     88.60448421914427      h 
   21.08269836481636     69.53589123708755     86.06604581478049      h 
   15.33078255346800     68.83840323240648     86.30121518827171      h 
   17.55272314082431     66.52235170271679     85.11590376842723      h 
   17.12179463890795     68.40794712342704     90.01641725156520      h 
   20.04704579388011     70.24268617627295     81.43761377841520      n 
   19.69638219355836     70.56075098011581     78.64046747681486      c 
   18.41871742240020     68.24901280810896     77.64443232840354      c 
   19.63297736716805     66.23188465789327     77.58576454494663      o 
   22.27736190723691     70.91433478811996     77.41467241184930      c 
   23.29582672581207     73.58459514454570     77.52822005201055      c 
   21.85538303667849     75.42187550273798     77.25348004844351      o 
   25.76238421960914     73.85008698446339     77.74385880356991      n 
   21.28798479435794     68.80110547021617     81.88443351137198      h 
   18.47095621852685     72.22796923416550     78.45417917920359      h 
   23.62278327058120     69.59476308864822     78.23997780063340      h 
   22.03256434091669     70.47521326124256     75.40274912644584      h 
   26.55140736206238     75.57640676963329     77.84622848759601      h 
   26.88179337505924     72.31794041471095     78.05109466967647      h 
   16.09324159450843     68.51148202759128     76.96285688939091      n 
   14.70543192426674     66.55943167739295     75.30466726347991      c 
   14.94022325940461     67.32410543075869     72.56849214722492      c 
   15.37268183368272     69.48244668053196     72.03419381758771      o 
   11.88306281528424     66.49734554315506     76.02144128339906      c 
   11.32505892543455     65.27861004949457     78.60398399224488      c 
   12.50834184144647     66.72662478656018     80.75715329037382      c 
    8.40101262231109     65.12278099327246     78.90914372170869      c 
   15.26743651947553     70.20552027915939     76.89678217899990      h 
   15.63467467763071     64.69939180795485     75.63142575948936      h 
   11.18157670153854     68.43439106434769     75.98909327679728      h 
   10.90964023340685     65.47779003636703     74.52749198538879      h 
   12.10382164135322     63.38052390970088     78.57896683183250      h 
   11.78309554174720     66.03333873549292     82.58018869575008      h 
   14.53107821488777     66.50047885863427     80.79493299088476      h 
   12.06078431809409     68.72840898284255     80.62679269494687      h 
    7.96664669150749     64.29299247514908     80.70659533763791      h 
    7.58121768138714     67.00093832093239     78.76134947692198      h 
    7.60275473307375     63.95158489557922     77.43060773643222      h 
   14.57594527153340     65.41542476541794     70.79933751442759      n 
   14.16792447751818     65.86847704340130     68.18701096547497      c 
   11.44574110516389     65.16151143116014     67.52728438935566      c 
   10.27405634833969     63.62588848829219     68.67462821286010      o 
   15.87914383036792     64.17261177568365     66.46524436972217      c 
   18.60606472696881     65.29879165159139     66.38557110768517      c 
   20.29632210065111     64.68131277334177     68.32081557642897      c 
   19.24520278932621     66.97079179592866     64.49963527665570      c 
   22.65696638438318     65.83938783764064     68.33059258876696      c 
   21.66732447460044     68.12949785748542     64.47830619025467      c 
   23.36857674817697     67.46668133906587     66.55443685240746      c 
   25.76174417566621     68.46558176214904     66.71230588876779      o 
   14.05850168410487     63.68584259421881     71.52777639972662      h 
   14.48745862000948     67.85825576915380     67.75243417281385      h 
   15.96747454454109     62.29911455057611     67.21617799203995      h 
   15.13638504704454     64.22478024509216     64.58535550110373      h 
   19.76449338677176     63.36268256595154     69.75960371690952      h 
   17.98117032579971     67.53335201497509     63.06824676933397      h 
   24.01732735964505     65.30459037374358     69.77512297788458      h 
   22.27434860371740     69.38203106762373     63.07420503859142      h 
   26.23215389867660     69.54496386862883     65.18820081630113      h 
   10.49816937579669     66.34437439696482     65.46221358774940      n 
    8.01606018557940     65.73055557583861     64.48208108451222      c 
    8.25631705942920     65.47887042387271     61.52583279750155      c 
    9.41816433362991     67.14699398761013     60.25653010221944      o 
    6.19111513087316     67.89145620505310     65.04037801303103      c 
    3.61691024081420     67.67641754277197     63.60925495532443      c 
    1.89967649441323     65.80926404018193     64.94493090670601      c 
    2.37135795328771     70.22411521103534     63.44632419031007      c 
   11.52538984668389     67.75238066522360     64.64113137798100      h 
    7.41669390990082     63.94692357358667     65.24970024600076      h 
    5.88791209962424     68.01404422631464     67.03158803195738      h 
    7.09766337294993     69.67775179870731     64.45049015730571      h 
    4.04104249528787     67.04972458907248     61.67461409509546      h 
    0.29333965125410     65.43669731102959     63.73246478164992      h 
    2.86589813855569     64.01810949888512     65.29408729959410      h 
    1.22684167456478     66.53853364126040     66.72598736669072      h 
    0.46862239450728     70.04863718463639     62.64713964655247      h 
    2.18979638750917     71.05498609407367     65.32221379996564      h 
    3.43944951394926     71.55027187165980     62.29606465761587      h 
   26.01735190453951     92.86689400617858     91.10434406251699      h 
   20.21893769093555     95.00875839071392     92.87260140089920      h 
   22.78251347818688     97.95489145527530     84.17228224413876      h 
   13.84354273613345     99.22244057029209     83.85417559439345      h 
   14.81904594936676     82.22716882429907     63.08883759668736      h 
   -1.56367621012286     64.39770085301852     98.81200350521488      h 
   -8.36371882589966     67.63904600133424     82.54433865676693      h 
   -6.81493045052616     67.27201667452604     76.29333409923927      h 
   -6.53535770433522     76.31251248475795     74.74701188388180      h 
   -9.39793144210316     75.74617672762432     69.07540242092035      h 
   10.85115279386722     72.02463363391692     57.92178290049728      h 
   -0.88779599467294     86.47738190318307    111.28351928822491      h 
   -5.77479895829235     84.13840378628515    106.23975900060408      h 
    2.05012073988213     59.51489336900078     67.11273444592084      h 
    8.67912523489766     58.34105003548338     70.51895583154877      h 
   22.54379979612125     93.68549348586899     72.96229084654922      h 
   24.68365208871598     90.44553524919041     74.70055088440498      h 
    0.77657077138953     57.87757645557181     89.76444755505935      h 
    4.72201939365271     58.41319548198273     94.60954772508555      h 
   13.98376962532366     58.66650165844239     91.44972000988857      h 
    7.49012453426287     63.99684719332044     60.63835303901759      h 
  -0.1082801283677D-01  -0.1565265840953D-01   0.5541361226986D-03
   0.4893819173458D-02  -0.6505636576805D-02   0.5243878625007D-02
   0.1389204000558D-01   0.1386131373458D-02   0.2762361017280D-02
  -0.7768614840645D-02   0.5245068531764D-03  -0.8960911217028D-02
  -0.1222550239227D-01   0.4695356157218D-02   0.7015827146426D-03
  -0.9967638207740D-03   0.4378990141434D-02   0.1024377617496D-03
   0.4048013989947D-02  -0.5042801630358D-02   0.1032013086144D-01
  -0.9981625955005D-02  -0.1011300631522D-01  -0.1770582334459D-02
   0.1779196928040D-02   0.3787057191257D-02  -0.6794401357421D-02
   0.2956239502115D-02   0.8750467421682D-02   0.3072531001644D-02
   0.2048718818222D-02   0.1192546909471D-02   0.4862843342044D-02
   0.4051248389533D-02   0.1082341415604D-02  -0.4354541276844D-03
  -0.8034440181316D-03   0.2345247647632D-03  -0.3887316534251D-03
   0.6063496155926D-02   0.7854739287773D-03   0.2395336551111D-02
   0.5579725501543D-03   0.3180387153011D-03  -0.5459646184077D-02
   0.1557469870307D-02   0.2487972581522D-03  -0.1234205699422D-02
   0.1880463155018D-02   0.5439164754682D-02  -0.8732215154705D-03
   0.3446793560899D-02   0.1046840111719D-02  -0.1545624733122D-02
   0.3277566374742D-02   0.7325413820550D-03  -0.2172474257663D-02
   0.8367521577894D-02  -0.3235537839621D-02   0.1496320757230D-01
  -0.5426533168971D-02   0.4673733301093D-02  -0.1100848623901D-01
   0.1857421442755D-01  -0.1074388855691D-01   0.4594020216026D-02
  -0.9400011154476D-02   0.7314149341551D-02  -0.4645407298255D-02
  -0.9447539555155D-02   0.3176252441748D-02   0.5578200104866D-03
   0.7863372291539D-02  -0.1404213468368D-01   0.1528095392520D-01
  -0.9212655417866D-02  -0.2141708665208D-02  -0.2442234202642D-02
  -0.6367254606297D-02   0.7524097315973D-02  -0.1249183598609D-01
   0.3084858166361D-01   0.2350252602870D-01  -0.6917380866521D-02
  -0.8510008690010D-02  -0.1112910351921D-03  -0.1459854916183D-02
  -0.6678170870972D-03  -0.3194319530511D-03  -0.2272290441074D-02
  -0.2014494155917D-02  -0.4790067071097D-03   0.2364657664076D-03
   0.7340366062089D-03  -0.2313545798368D-02  -0.2798953479502D-02
  -0.2160039218126D-03   0.1973711435568D-03  -0.2604977650349D-02
  -0.2952036532063D-03   0.2518106141418D-02  -0.9261900106523D-03
  -0.6648835988699D-03  -0.5313379119993D-02   0.3130968900116D-02
  -0.8940871302571D-02  -0.9387414409719D-02   0.7750873696384D-02
  -0.2933810878969D-01   0.9381997330583D-02  -0.6508941343215D-02
   0.6316335218652D-02  -0.9030336221666D-02   0.2231304496235D-02
   0.1272633780949D-01  -0.1443723107392D-01   0.8317184509451D-02
  -0.3127110416459D-01   0.2979132747282D-01  -0.1169819132362D-01
  -0.2541733467799D-01   0.6357094561377D-02   0.1612263741734D-01
   0.1503935612049D-01   0.1193812176328D-01   0.3569176755127D-01
   0.2607542261618D-02   0.8510508379114D-02  -0.1030593064129D-01
  -0.8268824005409D-03  -0.2020623394782D-01  -0.1613872944846D-01
   0.7836123469047D-02  -0.1951648925590D-02   0.6145299193136D-02
   0.8305600948633D-02  -0.1652954999721D-02  -0.1741084094491D-02
   0.8711047502838D-02  -0.6233750423363D-02  -0.8359805945055D-02
   0.5620277936440D-02  -0.2282384797771D-02  -0.9351544838685D-02
  -0.2414752379021D-02   0.4833610091501D-02  -0.8127840287006D-02
  -0.1643317206871D-02  -0.2632874297864D-02   0.1381512527844D-03
   0.8084575505494D-03  -0.4690518257339D-03   0.1454232850611D-02
   0.7005774255382D-03  -0.9653840615097D-03  -0.2547691459932D-02
  -0.9436540186791D-03   0.5062576076772D-03  -0.1227226311158D-02
  -0.5187520335694D-02   0.1256761036412D-02   0.6283534389878D-02
   0.1358531426619D-02   0.3560333384885D-02  -0.8755616294228D-03
   0.4008048135338D-01  -0.4686836750687D-01   0.3730175807367D-01
  -0.1109125262562D-01   0.2148602255139D-01  -0.2635900505627D-01
  -0.1278158863205D-01   0.1798358369168D-01  -0.3041699796778D-02
   0.1691660850583D-01  -0.2789485278143D-01   0.6780629531511D-02
   0.1083302837276D-02  -0.4215684709515D-02  -0.9665629461162D-02
   0.3128577733333D-02  -0.2160804096088D-02   0.7149840307579D-03
  -0.5895626003977D-04   0.2853239764447D-02   0.6600492603152D-02
  -0.5293352605418D-02   0.1864310394484D-01   0.1660605772811D-02
   0.7264927388136D-02  -0.8608698413003D-02   0.7713842854752D-02
  -0.9092841397513D-02  -0.1173105848801D-02  -0.2169880710702D-01
   0.2108638869192D-02   0.4991199408592D-02   0.4969259620697D-02
  -0.2187861544171D-01   0.2668416179500D-01  -0.1127642460252D-01
   0.4575099243826D-02  -0.5898400713924D-02  -0.1965906243063D-02
   0.1374456103255D-02  -0.6185935510685D-03  -0.1289486151440D-02
  -0.1262780341345D-02  -0.3920577357229D-02   0.8561610393174D-02
   0.1582704714866D-02  -0.3500939062045D-02   0.1619993218125D-03
   0.1827310903505D-02  -0.5044549715939D-03   0.3319254188624D-02
  -0.7914187396868D-04  -0.1323009022176D-02  -0.6518364051493D-03
  -0.2121462871345D-03  -0.6696090287870D-03  -0.2041243234986D-04
   0.2053520480904D-03  -0.1903551781076D-02   0.2691357262557D-03
  -0.1937651878545D-02   0.1920775624998D-01   0.1146111844933D-01
  -0.3017971881695D-02   0.3898593929776D-02  -0.2124602704769D-01
  -0.3004745594292D-01   0.6518472254528D-02   0.1619264718288D-01
   0.1848239203415D-02  -0.8200557648740D-02   0.1020643444161D-01
   0.1066289372749D-01   0.1621778534164D-01  -0.1744242212530D-01
  -0.6358675366119D-02  -0.5333464677262D-02  -0.5143892716781D-02
  -0.2120968135330D-02  -0.4816597539137D-02   0.1900832826218D-01
   0.2439151762185D-02  -0.5224692524995D-02   0.1161562136346D-02
   0.4067772844476D-02  -0.6306964051683D-02  -0.8349299339929D-05
   0.9228734452116D-03  -0.4499933388924D-02   0.2260654004655D-02
   0.1632075078779D-02  -0.3138313488286D-04   0.2050202382444D-02
   0.2249549991830D-02   0.1395066461251D-03   0.2639150477977D-02
   0.4629608582148D-03   0.1541184704617D-02  -0.9152824350783D-03
  -0.1511018451313D-02  -0.5053539521286D-03  -0.9006196317261D-03
  -0.1993919016061D-02   0.4242987644659D-02  -0.1317476845437D-02
   0.3836131687115D-03  -0.3266351461417D-02  -0.2373294539844D-02
   0.2120484833480D-01  -0.4320693964185D-02  -0.2385268412192D-01
   0.2956210370584D-02   0.7800869039989D-03   0.5218091342960D-02
  -0.2075494792187D-02   0.5178478907949D-02  -0.1792293402416D-01
  -0.2013195245825D-02   0.2496739450796D-02   0.5888079650197D-02
   0.9161837497845D-02  -0.2589384299087D-02   0.8300824671314D-02
  -0.2411682255407D-03  -0.7880454607022D-02   0.2282686604092D-02
   0.2131963529399D-01  -0.1260395448637D-01   0.7604100270710D-02
  -0.2408752916447D-01   0.1357875328820D-01  -0.1281240551732D-01
   0.1120822569289D-01   0.8352314346435D-02   0.8167884961626D-02
  -0.6827382342805D-03  -0.4664932945883D-02   0.6149246087857D-02
  -0.3623056665754D-02   0.1607484194233D-02  -0.1335955837143D-02
  -0.6602289482280D-02  -0.6419324048100D-02  -0.9536183132955D-02
   0.1401144720534D-02   0.1446549577784D-02   0.2286284082472D-02
  -0.6780850314591D-03   0.3149017805080D-02   0.1328596377290D-02
  -0.2276840284566D-02  -0.1078285553349D-02  -0.6731241583871D-03
  -0.4150370444582D-02  -0.4478875399707D-02  -0.2675683835871D-02
  -0.2705685760880D-02   0.5624572511979D-03  -0.1991397415835D-02
   0.1633694397353D-01  -0.1058084765773D-01   0.2030878538083D-01
  -0.1368648923066D-01   0.1636515852647D-01  -0.3438044551331D-01
  -0.8215598751210D-01  -0.1364672284522D+00   0.1256463747116D-01
   0.5343078361481D-01   0.8182196046924D-01  -0.3493151984600D-01
   0.3152379951477D-02  -0.1358512478207D-01  -0.5334630734666D-01
  -0.1158330932649D-01  -0.2984848988714D-01   0.3889472193305D-02
  -0.3904944473728D-02   0.1081868236659D-01   0.4178412856331D-01
  -0.4409904491592D-03   0.3826720325548D-02   0.2385357052509D-02
   0.4090570518395D-03  -0.4781213745812D-02   0.3489406675524D-02
   0.1326387109558D-01   0.8134726906566D-02   0.8876125993891D-02
   0.1417808445531D-01   0.9969476645982D-02   0.1064869573923D-01
   0.1635948077572D-02  -0.2097520460511D-02  -0.1283435171910D-02
  -0.6906831528582D-03   0.3870929810161D-02  -0.6737228016842D-02
  -0.4115679689935D-02  -0.1472990232354D-02  -0.5498024319222D-02
   0.8440183723860D-01  -0.2488667228371D-01  -0.9712697710631D-01
  -0.3090514462846D-01   0.2341189830529D-02   0.3068023917067D-01
   0.6747778558937D-01   0.4998901400854D-01   0.1305636343560D+00
  -0.6705058843067D-01  -0.4936448476914D-02  -0.8808383097796D-01
  -0.3142883850240D-01  -0.3368401078948D-01  -0.7479497303431D-01
   0.2107420064664D-01   0.4019601389566D-01   0.1412639582026D-01
   0.4030079291960D-02  -0.2252280491585D-02   0.1119292610857D-01
  -0.2715688362866D-01   0.1014106050751D-01  -0.2191557958441D-01
   0.1018642008780D+00   0.4283106085505D-01   0.7214591543032D-01
   0.1650946670038D-01  -0.2983238712897D-01  -0.1852401917033D-02
  -0.1028512628551D+00  -0.5506477892380D-01  -0.9611994150240D-01
   0.1244783711264D-01  -0.9000772742418D-03   0.1997697285701D-02
   0.2899225512371D-02  -0.4749558293405D-02  -0.4481672250800D-02
   0.6284746085124D-02   0.3979141894450D-02   0.8864194793922D-02
   0.2621354858737D-02   0.1333993894200D-01   0.2375806968523D-01
   0.2862223304960D-02  -0.5049727658343D-02  -0.6111130518270D-03
   0.5580428174951D-02   0.1324036373509D-03  -0.4195527321533D-02
   0.2228253067849D-02  -0.1518977309608D-02   0.1151031191617D-03
  -0.5603040694846D-03  -0.1088644950557D-02   0.2577229192910D-03
   0.5676618313015D-03   0.2125687946469D-02   0.3214174319718D-02
  -0.3779057513198D-03   0.7960821146926D-03  -0.3971054724268D-02
  -0.1310245158531D-01   0.9325225761175D-02  -0.1425731084159D-02
   0.1085924303750D-02   0.2525676630124D-01   0.1839006372702D-01
   0.1443329584404D-01  -0.9608568819484D-02   0.1255737226650D-01
   0.7517165657769D-01   0.6887741784150D-01  -0.5789581206924D-01
  -0.4170917048405D-02  -0.1088708625995D-01  -0.1175053122448D-01
  -0.1384086463439D-01   0.2465604871265D-02  -0.5509190378409D-01
   0.2207248700918D-01  -0.4974657902526D-02   0.4132932116681D-01
  -0.3708704561533D-02   0.2035257264514D-01   0.1480295675798D-01
   0.1907863123512D-02   0.7990559239950D-02  -0.1914232303883D-02
  -0.1133816355756D-01  -0.2435774406490D-02   0.1402846006847D-01
  -0.7656497745214D-02  -0.8807479130651D-02  -0.1173528573503D-01
   0.1086010142350D-01   0.9707299969153D-02   0.6507947743971D-02
   0.1746323633112D-02   0.3456423421253D-02   0.3528155703778D-03
   0.2283645949453D-02  -0.7709024470606D-04  -0.5212407780850D-02
   0.1489126505398D-02   0.7593107225834D-04   0.2644591861615D-03
  -0.2007327891073D-02  -0.1162257818964D-02  -0.1234284126277D-02
   0.9619774031031D-03   0.2504035146631D-02  -0.3239141288842D-02
   0.6065899336258D-02   0.1117070377520D-02  -0.4177721664077D-02
  -0.1681832590600D-03  -0.9931272894680D-03  -0.7579499302371D-02
   0.2512124264383D-02   0.1327227143056D-02   0.6000654744173D-03
   0.4309027672440D-04  -0.2521825056054D-03   0.5601506235872D-02
   0.2806209209214D-02   0.3996893622745D-02   0.4520766481298D-02
   0.1032281547523D-01  -0.3646760989982D-02   0.1676520198451D-01
  -0.1076818402073D-01   0.2576487059047D-02   0.1818871926117D-01
   0.3222566976240D-02   0.6837541937401D-01  -0.4526298142962D-02
   0.3266739193904D-01   0.3392417829146D-02   0.3665042416753D-01
   0.1420613567852D-01  -0.8242699756473D-02  -0.1169794692940D-01
  -0.2013423628877D-01  -0.1285232842274D-02   0.8860086026336D-02
   0.7059805157069D-02  -0.1482504465697D-01  -0.3158583845192D-01
  -0.7531195167478D-02   0.1949856308406D-01   0.2567721145334D-02
   0.5010559995797D-02  -0.8051571762933D-02   0.1984359370019D-01
  -0.4113326056531D-02  -0.9427060097733D-03  -0.3420903668070D-02
  -0.2231015099513D-02  -0.6306134137151D-03  -0.3313265205242D-02
  -0.1004065458232D-03   0.3182920302841D-02  -0.9810663123780D-03
   0.1482804174803D-02  -0.1020570932847D-03  -0.4742760095032D-03
   0.5798575969662D-05   0.1401458921908D-02  -0.1710365169632D-02
   0.3166736048451D-02   0.5612671742499D-02   0.2195141446900D-03
   0.7365912811788D-01  -0.1060456187829D+00  -0.6589869053578D-01
   0.3519395637973D-02  -0.1555064217442D-01   0.1685892417231D-01
  -0.8954417046509D-03   0.6473869231069D-01   0.7694709512026D-03
   0.3012416313533D-02  -0.6517275168674D-01   0.5158925843247D-02
  -0.2788843089879D-02  -0.4597833830610D-02  -0.1944057507053D-01
   0.8296226426647D-03   0.2212907625153D-02   0.1304413511083D-01
  -0.2056854623929D-02   0.2718810753747D-02  -0.6300852942230D-02
  -0.1653841823154D-01   0.7714240571669D-01  -0.6304519907460D-02
   0.8387390993426D-01  -0.1057305752777D+00   0.1652076607944D+00
  -0.1386620342253D-01   0.3409619056016D-01  -0.2469233447341D-01
  -0.5542538584912D-01   0.2712035005222D-01  -0.1836843314782D+00
   0.1239027772365D-01   0.2373137437762D-01  -0.1391391828477D-01
  -0.1723025935584D-02   0.5670169154596D-03  -0.2962678614180D-02
  -0.4860875173065D-02   0.4540675488277D-02   0.1504815596286D-02
   0.2188639725171D-02   0.2156489216607D-02  -0.8454882482134D-03
  -0.4651910991845D-03  -0.2118725200822D-02  -0.8341116011759D-03
  -0.1089929303973D-02  -0.9222106107321D-05  -0.7911861887655D-03
   0.1507619827056D-02   0.6136296942716D-03  -0.1377579714619D-02
   0.1237060041836D-02  -0.5163237676877D-02   0.2372841941427D-02
  -0.1585374077619D-02  -0.1595445360045D-01  -0.1212557635470D-01
   0.4183618330709D-02  -0.8127153529637D-02   0.1219044230978D-01
   0.5781865321015D-02  -0.1318106717544D-01   0.6864129294456D-02
  -0.3293709066842D-02   0.2096829434096D-01   0.3089788888356D-01
  -0.5136269775971D-02  -0.7602720818556D-02   0.6538302755313D-02
  -0.2275712240970D-01   0.9882277909563D-02   0.1716910001893D-01
   0.8525248555937D-02   0.9771902413142D-02  -0.1749327619731D-01
   0.2242922096319D-01  -0.2612594779869D-01   0.1195547786214D-01
  -0.1945266229416D-01   0.2504115628811D-01  -0.9989433093258D-02
   0.1864281872106D-02  -0.6565649546131D-02   0.2996202176371D-01
   0.6607251852858D-02   0.7899634790129D-02   0.5630220432802D-02
  -0.8306470137051D-02   0.4218093109309D-02  -0.1142057848180D-01
  -0.8566295563664D-03  -0.1239543121138D-01   0.2412795437160D-02
   0.5259981912072D-02  -0.9027996844341D-02  -0.3821930709105D-02
  -0.8984078659287D-03  -0.4320981896722D-02   0.1703393855407D-02
   0.5089575508748D-02  -0.3045399586698D-02  -0.7620753542314D-02
   0.8254358120330D-03  -0.2788695121134D-02  -0.2699995268266D-02
  -0.8435192270976D-03   0.1263769196102D-02  -0.3070486498347D-02
   0.5634068561213D-02   0.2925872074133D-02  -0.2013778170573D-02
  -0.2132184371449D-02  -0.3413323452359D-03  -0.1601088248804D-02
  -0.1740820390622D-03  -0.7253169233689D-03  -0.9562766769230D-03
  -0.1077942105584D-02   0.4262578416370D-02  -0.3441038004827D-03
  -0.8207001887755D-03   0.4004214619229D-04  -0.1954135169036D-02
  -0.2894327131698D-02   0.2547280256872D-02  -0.3829586104714D-02
  -0.1085356461160D-01   0.2921930676376D-02  -0.1307198443379D-01
   0.6564770609480D-02   0.1600328417602D-02   0.1687083239159D-01
  -0.1178589168522D-01  -0.1126700073039D-02   0.1464897012523D-01
   0.6564166510069D-02  -0.6311480079017D-02  -0.5818510801245D-03
   0.2049030644756D-02  -0.1724620985489D-01   0.3406791633462D-02
   0.4121174775698D-02   0.7104483016481D-04  -0.2421060045202D-02
   0.6377161293218D-03  -0.1548620425477D-02  -0.1038333457750D-02
   0.1103537697706D-03   0.9722001750571D-03  -0.1425030981420D-02
  -0.6866392484138D-02   0.1670737502913D-02   0.5404813648660D-03
  -0.1415144743718D-03   0.7908900512393D-02  -0.2932420822464D-02
   0.4950269910180D-01  -0.5719554643109D-02  -0.4440292272622D-02
  -0.1798408481201D-01   0.1224782687473D-01  -0.6536374307147D-02
  -0.2334241553525D-01   0.7648272676105D-02   0.2271345468677D-01
   0.1293043448055D-01  -0.4210529350982D-02  -0.4437142365930D-02
   0.1790429232184D-02  -0.7062382754956D-02  -0.3415648552743D-01
   0.8561382270930D-02   0.7675541459815D-02   0.3081178767610D-01
  -0.3723481767013D-02  -0.4337343820952D-02  -0.3965874249573D-02
  -0.2197646300691D-02   0.4262520828393D-02  -0.1356997566959D-01
  -0.2134819669396D-01   0.1419370445242D-01  -0.9434675214236D-02
   0.5384102287204D-04  -0.1338587599681D-02   0.3002868184684D-02
  -0.2648768483078D-02  -0.3289674613091D-02   0.2452094214028D-02
  -0.3245064187020D-02  -0.4287089327196D-02   0.6675999381344D-02
   0.2280258613381D-02   0.1933269366054D-03  -0.4174277390900D-02
  -0.6232418733893D-03  -0.1771323782816D-03   0.3978821941098D-02
   0.1590600105035D-02  -0.1094436930653D-02   0.1227482250482D-02
   0.1622725645648D-02   0.4259869588439D-03  -0.2309647278796D-02
  -0.1110285120920D-02  -0.3150047423615D-03   0.8989988157942D-02
  -0.1619370119783D-02  -0.1974605526711D-02  -0.7262432576217D-03
  -0.6362761269734D-03  -0.6634922165817D-03   0.1804946216115D-02
   0.4173108651212D-03  -0.3718564172127D-02  -0.4478780636930D-01
   0.5257062543825D-02  -0.4129240102851D-02   0.2176491693074D-01
   0.2873267409057D-01  -0.3478936579828D-02   0.2586602689270D-01
  -0.2065113282832D-01   0.1863998590147D-03  -0.1583118392559D-01
  -0.1940157397010D-02   0.1382901392249D-02  -0.1046198205875D-01
   0.4597849541861D-02  -0.7661687892647D-02   0.1680595282674D-01
   0.8617000355824D-02  -0.1213512769275D-01  -0.1712880845393D-01
  -0.1094300100365D-01  -0.2926062024875D-02  -0.9212737790470D-02
  -0.6156078446415D-02   0.1605063750206D-01   0.2668164078758D-01
   0.1035076807049D-01  -0.2745136393968D-02   0.5344984003616D-02
  -0.2995143144884D-03  -0.2510055967925D-02   0.1890812356876D-02
  -0.1682886157128D-02  -0.1668206525988D-02  -0.9504715510606D-03
   0.1167465789061D-02   0.3424405662569D-02   0.3683783025759D-03
  -0.1886592568460D-02   0.5130585946519D-02  -0.2825401995495D-02
  -0.2806385197531D-03   0.2757777897124D-03  -0.2869989607325D-02
   0.2814809039662D-02   0.2078288832212D-01  -0.6667958858566D-02
  -0.1638905372719D-01  -0.6665077122882D-02  -0.1178656303815D-01
  -0.7154904010679D-02  -0.7026727167542D-02   0.9101556363183D-02
   0.7625250418637D-02   0.4262076853281D-02   0.2503440517470D-02
  -0.7826407341382D-02  -0.1104871325499D-01   0.9737258340728D-02
  -0.3944074097278D-02   0.2401562634575D-03  -0.1595349108354D-01
   0.1368006689567D-01   0.6503338333523D-02  -0.1990495532298D-02
   0.3506278728460D-02   0.2108966771490D-02   0.5482942805178D-03
   0.4227787572290D-02  -0.5829101928088D-02   0.4798535684739D-02
  -0.8065534064528D-03   0.4357045144873D-02  -0.8016688710073D-03
  -0.1956615015724D-02   0.4969586342142D-02   0.3680166726750D-02
   0.2011069098819D-02  -0.1787001594865D-02   0.3424783462616D-02
   0.1968089494268D-02  -0.7554406443080D-03  -0.9482562949222D-03
  -0.1547048342454D-02   0.2826191198165D-02   0.1728253703422D-02
  -0.4476927258320D-03  -0.4570586204509D-02   0.1784446614171D-03
  -0.6898160483369D-04  -0.2023902931412D-02   0.6965333101571D-03
   0.9392305911766D-02   0.6265465777073D-03   0.1526149053613D-01
  -0.1928754174103D-02  -0.9759780796571D-03  -0.1033677916259D-01
   0.1480864851262D-01   0.3787342298654D-01   0.4775944443770D-01
  -0.1289585189320D-01  -0.3658289953223D-01  -0.4755326677617D-01
  -0.2794781848831D-02  -0.1999188637281D-02  -0.3455058175005D-02
  -0.7236028299622D-03  -0.2115115484954D-02  -0.7747971624520D-04
   0.1563075912273D-01   0.2451173206603D-01   0.1115899758087D-02
  -0.2091441586923D-01  -0.1907845369370D-01   0.3041152252577D-02
   0.1629428872185D-02  -0.5116047230122D-02  -0.2483129082034D-02
  -0.7056462293329D-02  -0.5527523526568D-04  -0.8950283512052D-02
   0.3013739117027D-02   0.2092142480891D-02  -0.2582923482279D-03
   0.1221019575414D-02   0.4131843722783D-02   0.5118956518186D-03
   0.2009073741296D-02  -0.3053232655887D-02   0.6061532384907D-02
   0.2772591192299D-03   0.2019649088221D-02  -0.1402199575586D-02
  -0.2829287778248D-03   0.5419326926376D-03   0.2434685696958D-03
   0.2719739506950D-02   0.2661428624287D-02   0.6886091825865D-02
   0.3740435986166D-02   0.1982842501961D-03  -0.7523546182261D-02
  -0.8311847116274D-01   0.4478748980010D-01   0.3443857822985D-01
   0.5917151675046D-02  -0.3098650692468D-01  -0.1289449515253D-01
  -0.7199104625929D-02   0.4132007584066D-02   0.4273535460706D-02
   0.1148320263178D-01  -0.1617153256958D-02   0.6786176784762D-02
  -0.6427153235891D-02   0.1247345327746D-01  -0.9287977868919D-02
  -0.1211668102655D-03  -0.6792796004275D-03  -0.1911198346162D-02
   0.3302360935441D-02  -0.1540967139700D-02  -0.9010392849092D-04
   0.1943862781500D-02  -0.2042912119792D-02   0.1226204790940D-02
  -0.1076932587152D-02  -0.1199424535318D-02  -0.4361424306245D-02
  -0.1531633915464D-02  -0.2958139382010D-03   0.1178338200727D-02
  -0.9589690443136D-03  -0.2089194704109D-02  -0.3758200741674D-04
  -0.4088941007964D-03  -0.4541200166734D-02   0.1007868005991D-02
  -0.3848105364550D-01   0.7787302352840D-01   0.7839531001013D-01
   0.5416789115464D-03   0.3577989103398D-02   0.2722612089327D-01
  -0.3611896434576D-01  -0.1027827515355D+00  -0.4496826658477D-01
   0.5304067641849D-02   0.4956604030609D-01  -0.1962108228245D-01
  -0.1600517693803D-01  -0.1807855539837D-01   0.2726330033836D-01
   0.1112383706158D-01   0.9750990628604D-02  -0.7843402477537D-02
  -0.3397438129965D-02   0.1430360369332D-01  -0.2221823823725D-01
  -0.1013472992884D-01  -0.4133390079231D-02   0.1268722038166D-01
  -0.3672549748339D-02  -0.3779296043391D-02   0.1083794608637D-03
  -0.2353519473503D-03   0.1267265046213D-02  -0.2102792928029D-02
  -0.1921915932592D-02   0.6863262037837D-03   0.5812235877880D-03
  -0.2218980515244D-03   0.4742678409618D-03  -0.4263337893730D-03
  -0.2119587807998D-03  -0.3005582288517D-02  -0.1038330132222D-02
   0.3362856533240D-02  -0.1088352103755D-02   0.1607345978378D-02
   0.3592660672949D-04  -0.4981558899805D-02   0.1505585779690D-02
  -0.4123727529928D-02  -0.2983302304025D-02   0.3738947761164D-02
   0.4628121334975D-01   0.5642181334329D-01   0.1051479081631D+00
   0.1949327416560D-01   0.2351618732296D-02  -0.3601279105258D-01
  -0.7021648795324D-01  -0.7066998811608D-01   0.3199568133916D-01
   0.8650853891185D-02   0.2791203671323D-01  -0.2631936826406D-01
  -0.1454776480718D-01   0.2031754598914D-01   0.2388213762628D-01
  -0.2672377713460D-02   0.8100785988548D-04  -0.2070052384816D-01
   0.3635666743626D-02   0.5495199534488D-02   0.4726317488622D-03
  -0.3237295459714D-02  -0.5209558424330D-02   0.8756024212322D-02
  -0.2393028064764D-02   0.8121995600686D-02   0.1307028631069D-01
  -0.2375650644556D-02   0.1272408932415D-02   0.3178894913739D-02
   0.1104302910534D-02  -0.5012899165373D-02   0.4885831759989D-03
   0.7983376633464D-04   0.1195070608889D-02   0.7726524551264D-03
  -0.2891087670639D-02  -0.3158707810760D-03   0.7604825098846D-02
   0.6766889778750D-03  -0.1182134400151D-02  -0.3384301729757D-03
  -0.1789828835666D-02   0.7540675920102D-03  -0.7716038086943D-03
  -0.2238592148818D-02  -0.3412616190019D-02  -0.2524122488136D-03
   0.2039725166896D-02  -0.3038294530970D-03   0.3369102325144D-03
   0.2418619893707D-02   0.3097904471429D-02  -0.2321912174324D-02
   0.6953769693235D-03   0.2075576424321D-03  -0.2340314590052D-02
   0.9388221524725D-01   0.6661252110172D-01   0.5354179128855D-01
   0.3403019130630D-02   0.1270107970674D-01  -0.3055995155367D-01
  -0.4717249623427D-01   0.6885028869050D-01  -0.8376573113165D-01
  -0.2748516565373D-02  -0.4195602049718D-01   0.2935827589663D-01
  -0.1259870535511D-02   0.2885274486207D-02   0.1829336410280D-01
  -0.1312741580318D-01   0.8931692209309D-02  -0.1423606799192D-01
  -0.7894679682222D-03   0.1027245462586D-01   0.2878557327601D-02
  -0.8278794571724D-02  -0.1508018507206D-01   0.1819151890455D-01
   0.1160751552860D-01  -0.1855828120892D-02  -0.2578421911289D-01
   0.3061691507033D-02   0.2019934066863D-01   0.5279553118400D-03
  -0.1156121866403D-02   0.8685159610197D-03  -0.9131250053693D-03
  -0.1328247851049D-02  -0.2998374954565D-02   0.9858956708857D-03
   0.4669957602754D-02   0.8587570656098D-03  -0.8280670979995D-03
   0.5510791033242D-02  -0.2067900664474D-02   0.3178659081549D-02
   0.2094530413370D-02  -0.2975421002653D-02   0.3472584361400D-02
  -0.9277265425512D-01   0.6727654025478D-01  -0.4781366513602D-01
   0.4880396957661D-02   0.3546721888012D-01   0.4775489413549D-01
   0.8070806532584D-01   0.3358132296120D-01   0.1059789655770D-01
  -0.3201261396769D-02  -0.1629643125815D-02  -0.1315250877220D-02
  -0.2557061862769D-02  -0.1559360435338D-01  -0.3272766203075D-01
  -0.3760767200536D-02  -0.1522979850938D-01  -0.2475676882099D-01
   0.3319318550809D-02  -0.7612494120418D-02   0.3273684779408D-01
   0.1348718605482D-01   0.1142355271633D-01   0.8144794086379D-02
  -0.3235128298790D-02   0.1303351750875D-01  -0.1696495969513D-01
   0.1144133515271D-02   0.1199944437568D-02  -0.5861848684967D-02
  -0.2207472282848D-03   0.2400343768203D-02   0.3040698349449D-02
   0.2470009796099D-02  -0.1671123016403D-02  -0.3351823116754D-02
  -0.1453331903206D-02   0.1036643359454D-02   0.2895548807228D-02
  -0.1551383886149D-04   0.4236986729169D-02  -0.1074740894050D-02
   0.5469481166598D-03   0.9823016625679D-03  -0.3426412336469D-02
  -0.8279835195270D-02   0.4297677214959D-02  -0.1252492025591D-01
   0.2588305252967D-02  -0.5399124708934D-02   0.1869924272487D-03
  -0.2320087042697D-02   0.3511244454139D-02  -0.3882781119605D-02
  -0.5325989927968D-03   0.3844931670292D-03  -0.1781014570965D-02
   0.9628219231367D-01   0.1713214549602D-01   0.1420738132466D-01
   0.1501546704994D-02   0.8086286486305D-02  -0.3570769188190D-01
   0.7776625661539D-01   0.2809528320858D-02  -0.1894028637650D-01
  -0.4117725130914D-02   0.3459931494666D-01  -0.1294665247930D-01
   0.2607029751363D-01  -0.3241133518646D-01  -0.2661510391964D-01
  -0.1386188970059D-03   0.1099849448441D-01   0.6368095674243D-03
   0.5842441560874D-02  -0.4645750883738D-03   0.3754902046231D-02
  -0.2722574842333D-01  -0.5413219411566D-01  -0.9543211816628D-01
   0.1336930079691D-01  -0.6450869473570D-02  -0.1530673941055D-01
  -0.9690483932320D-01   0.1020152450743D-01   0.9335045549623D-01
   0.7372816524271D-01  -0.2345447479230D-01  -0.2180475663879D-01
   0.2264270554346D-02   0.2222429488459D-02   0.9639256585680D-02
  -0.1758761951831D-01   0.1291722425574D-01   0.1707618503997D-01
   0.2190525151175D-02  -0.1083240117459D-02   0.2567281748802D-02
   0.8052512194404D-02  -0.1115633684503D-01  -0.2855167051296D-01
  -0.3569515043333D-02  -0.1859178400440D-01  -0.1085489347249D-01
  -0.4652694812005D-02  -0.1059725498581D-02   0.4891570787993D-02
   0.6816448744895D-03   0.1344486028166D-02  -0.5353493877917D-02
  -0.3376161162324D-02  -0.3276549043780D-02   0.1994404459164D-03
   0.2205271378372D-03  -0.1137008249244D-02  -0.1457185213135D-02
   0.7326508387582D-03  -0.4001506434966D-03  -0.9494880497228D-03
   0.3559994307869D-03  -0.8788636720986D-03  -0.1114782705923D-02
  -0.1476449854321D-02   0.5009968924244D-03  -0.1070951914508D-02
   0.1261985960823D-02  -0.3188901941487D-02   0.5539994419393D-02
  -0.2566389649011D-02   0.6072816848433D-03   0.7308186867387D-03
   0.1655363535518D-02   0.6122044979545D-02   0.3609375228014D-02
   0.4921846377814D-01  -0.7506325811732D-01  -0.6947662123922D-01
   0.1058840614606D-01   0.1884080808992D-02   0.2785008400916D-02
  -0.5019018762233D-02   0.2262768237995D-01   0.3056345078526D-01
   0.4144816654423D-01  -0.8202132784117D-02  -0.3398996312967D-01
  -0.1498004057158D-01  -0.6379193383029D-02   0.1770360881192D-01
   0.9316363712372D-02   0.1198057010265D-02  -0.2057087227747D-01
  -0.1877696368686D-02   0.2610132497082D-02   0.8707343637079D-02
  -0.1510358510178D-02  -0.7099665592443D-02   0.4039522468513D-02
   0.1451815506504D-01  -0.1082713126581D-01  -0.1343912763304D-02
   0.2558794811169D-02   0.1125100988584D-03   0.1414265352982D-02
   0.2403329737590D-02   0.1609970814088D-02  -0.2443984174032D-02
  -0.3734238288439D-02  -0.4580426032992D-02   0.3503938742724D-02
   0.1470090609510D-02  -0.8619652743260D-03   0.2258889415448D-02
   0.2605662255809D-03  -0.1023957336335D-02  -0.2248571813037D-02
   0.3187134087133D-02  -0.1776384915320D-02  -0.3574453424433D-02
   0.2146521968543D-03   0.9652660523337D-03  -0.7168327334190D-03
   0.1092233585188D-02   0.1619460786600D-02   0.1670925718479D-02
   0.3900905779106D-03   0.3014728099806D-02  -0.2606506209715D-02
  -0.1408532663565D-02   0.2432720680722D-02  -0.7981027013324D-03
  -0.3274986107756D-01  -0.1387662039432D-01  -0.3022117586304D-02
  -0.1318590445381D-02  -0.7323583770122D-02  -0.6069864298452D-02
  -0.4332656929528D-02   0.5746498746664D-02  -0.7049425446616D-01
   0.3963803979095D-02  -0.1169022739361D-01   0.6568609100159D-01
   0.1289522052652D-02  -0.3970122404372D-02   0.2458214712886D-01
   0.1224895425802D-02  -0.2353134190591D-03  -0.2971065168925D-01
   0.7163919309898D-02   0.1155860239425D-01  -0.1819336373237D-01
   0.4260472566015D-02  -0.3250142998946D-02   0.4805151820737D-02
  -0.1637240506506D-01  -0.7036521759265D-02  -0.5719534090442D-01
   0.3662536463535D-02  -0.1841535031393D-02  -0.3766324969811D-02
  -0.2393519580267D-03   0.2467909781777D-03   0.3806765831238D-02
   0.1103460500530D-02  -0.1675105724268D-02  -0.2227869418095D-02
   0.1418337161810D-02  -0.1257336415878D-02  -0.1356032818963D-02
   0.4563560168295D-03   0.2448821851266D-02   0.4968216316326D-02
  -0.5716195111937D-02   0.5204858549435D-03   0.6776803050093D-02
  -0.1602279860527D-03  -0.6964175125242D-03  -0.8345281520791D-04
  -0.6411356796356D-02  -0.2403228372333D-02   0.3627589376409D-02
  -0.1555491756633D-02   0.3244907955756D-02   0.3408288706001D-02
   0.1471672842503D-02   0.3644773929614D-03   0.9862576657814D-03
  -0.8767286409712D-02  -0.1131842749798D-01   0.2956837371059D-01
   0.3941108408126D-03   0.3799328609892D-02   0.5973647173792D-02
   0.2228709211304D-01   0.1406131677653D-01   0.2276518907421D-01
  -0.1056020219513D-02   0.4856598149160D-02   0.1431516251077D-01
   0.6002090786264D-02   0.3912237708157D-02  -0.1813981420478D-02
  -0.4942671983589D-02   0.1925718749970D-02   0.2123969294843D-02
   0.1142756749364D-01  -0.6628773653664D-02   0.1440136344326D-02
  -0.7409822657450D-02   0.6544998634421D-02  -0.3912456034495D-02
   0.6310761287185D-02   0.4550907180170D-02  -0.4715630405284D-02
  -0.8185236124798D-02  -0.2598098914528D-03   0.8897827121245D-03
   0.1228358907327D-01  -0.2023332757960D-01  -0.1903069252906D-02
  -0.3029988284079D-01   0.3189713126478D-01   0.9286002787190D-04
   0.5095322534706D-01  -0.5468020442667D-02   0.2326620468399D-01
   0.9079115082189D-02  -0.1888659660334D-01  -0.1956695975933D-02
   0.1857743371099D-03   0.1215001387643D-02  -0.6447117761454D-02
  -0.2754675388736D-02  -0.1237960511429D-02  -0.1886348777070D-03
  -0.1827533523011D-03  -0.2641809044156D-02   0.1850845463221D-02
   0.1619209254498D-02   0.2786707220445D-03  -0.4530576001344D-03
   0.2954798421134D-02  -0.1043858636286D-02   0.2241773083849D-02
  -0.2470440527884D-02  -0.3040599779132D-02   0.2126254524812D-02
   0.1873001646416D-02  -0.2160176837976D-02   0.5481170248819D-03
  -0.5027332591143D-03   0.5456984467554D-03   0.3345574106878D-04
  -0.6416363671357D-02   0.4977768239430D-02  -0.1942235079319D-02
  -0.2390545307806D-01  -0.2595290296017D-02  -0.1199640367326D-01
  -0.1053993712785D-02  -0.8748082318563D-02  -0.5439102632251D-02
  -0.5980580744992D-02   0.6606221824995D-02  -0.2552810977011D-02
  -0.1780240780777D-02   0.1546987514638D-01   0.4926134641818D-02
  -0.1005953300220D-01   0.1170474582721D-01   0.2289620410533D-02
   0.1867460407897D-03   0.4258549955550D-02   0.2724398802650D-02
   0.9245906728002D-02  -0.4943158899942D-02  -0.1567841075015D-01
  -0.3457318763490D-02  -0.1387341893212D-02   0.7851908312210D-02
  -0.1812286509416D-02  -0.1996001718666D-01   0.9310959026150D-02
  -0.9414121775935D-02  -0.1318340082771D-01  -0.1473227588578D-01
  -0.2546608688040D-01   0.1592161738065D-01   0.1870646357856D-02
   0.2399503292438D-01   0.2009694674755D-03   0.1615898556263D-01
   0.5371269095571D-02  -0.2840796166070D-02   0.2484355949835D-03
   0.1729881103127D-03   0.1095368753003D-02  -0.1645304407644D-02
   0.2773249070033D-02   0.5343122821611D-02  -0.6885298185280D-02
   0.4761981861580D-02  -0.3729479546324D-03   0.3080970894897D-03
  -0.1851088153448D-01  -0.2616530135945D-02   0.1000383353441D-01
   0.3801313303772D-01  -0.1876190670657D-01   0.2665650210404D-01
   0.1408598260147D-01  -0.2486476711443D-02  -0.5202246691328D-01
   0.6138294092215D-02  -0.7900139016543D-02  -0.1080143374944D-02
  -0.2819653811858D-02   0.8422977276076D-02   0.1783118648434D-01
  -0.3805653364347D-02   0.6632877301202D-02  -0.1028038572687D-01
   0.8953661577893D-02   0.7740622261095D-03  -0.3120312170123D-02
  -0.1971353397937D-01   0.6477917189968D-02  -0.3719810930648D-02
  -0.3655802652338D-02  -0.1421951541749D-04   0.3161709340422D-02
   0.3425548290445D-02  -0.7183822374626D-02  -0.3779005500930D-02
   0.1672690410863D-02  -0.1749542288114D-02  -0.3448449521149D-02
  -0.3564305579759D-01   0.3328532817830D-01   0.4850368918328D-01
  -0.5101090190569D-02  -0.2513707595947D-01  -0.3479785812905D-01
  -0.4206566824773D-01   0.3896949438397D-01  -0.2386632817573D-02
   0.1135697917406D-01  -0.1123192856130D-01   0.5398877385721D-03
  -0.1541831784262D-02  -0.2124114090375D-03   0.5392959903112D-02
   0.2693743939646D-01  -0.1710381891079D-01   0.2961065314750D-02
  -0.1333226014088D-01   0.8868227487436D-02  -0.7445746119592D-03
  -0.1356166610786D-01   0.1160598571257D-01  -0.4014366288791D-02
   0.1041157178803D-01  -0.1190549287096D-01   0.2650066683913D-02
  -0.3345625879981D-02   0.1364149503176D-02   0.2895351055264D-02
   0.9463474733418D-03   0.2415293035995D-02   0.1889007173752D-02
  -0.2743327675716D-02   0.1312847634951D-02  -0.1595200290708D-02
  -0.8924421736336D-03  -0.2781633643416D-02   0.4180695171357D-04
   0.3151485052766D-02  -0.6860397785320D-02   0.1585824906604D-02
   0.4840733929717D-01   0.3741201685249D-01   0.4599038914201D-01
  -0.1695087197783D-01  -0.2440885260351D-02  -0.3428820506822D-01
   0.7690454745426D-02   0.4484960905133D-01   0.1483764810150D-01
  -0.6843372315505D-02  -0.3152188686340D-01   0.1680948399234D-01
  -0.8915974498709D-02  -0.9658639058390D-03  -0.1067007351331D-02
   0.1585877998662D-01  -0.1559987026970D-02   0.1206043119705D-01
   0.7053908659679D-02  -0.2175366761692D-02  -0.1526490163071D-01
  -0.1858000238099D-01  -0.3552893358081D-02   0.8041874191698D-02
   0.6379785311732D-02  -0.1469059186562D-01  -0.1594111473271D-02
   0.4796045455251D-02  -0.1121205412809D-01  -0.9077313973772D-03
  -0.3474222672858D-03  -0.1261132266167D-02  -0.2115428548759D-02
   0.2939233177688D-02   0.3576527217146D-02   0.4871216819132D-03
   0.5126678368856D-03   0.5687693688228D-02  -0.9014735234325D-03
  -0.1702478999431D-02  -0.2124677914531D-02   0.7071142625246D-02
  -0.5132217729564D-02   0.3714440789605D-04   0.9101310696160D-03
  -0.1005315732720D-02  -0.3290195125716D-03  -0.1142272143854D-03
   0.4278166732058D-02   0.1395477305391D-02  -0.6834895896452D-02
   0.9647415535936D-04   0.1173906598215D-02  -0.2547511611612D-02
   0.4905752820176D-03   0.1495106680780D-02   0.6887819651833D-03
  -0.6317198956295D-02  -0.1372889184704D-01  -0.4777415105367D-01
  -0.9993213062434D-03   0.7010046626436D-02   0.1790868314064D-01
  -0.1233212095114D-01  -0.3311825240213D-01   0.3503535697514D-01
   0.2381140247214D-01   0.3661813108582D-01  -0.3093908276046D-01
  -0.2880075393967D-01  -0.3213047818108D-01  -0.1063787274827D-01
   0.2642358889570D-01   0.1937137494781D-01  -0.1807853036857D-01
   0.3509311088541D-02  -0.1350646728848D-01   0.1823189700670D-01
  -0.4828140859442D-01  -0.2254338971178D-01  -0.5401942566233D-02
   0.1264283385994D-01   0.4269813642156D-01  -0.4262393606864D-01
   0.4582252655832D-02   0.4203712694646D-01  -0.5673730899968D-01
   0.6771409480627D-03  -0.4864616282713D-01   0.7449888700605D-01
  -0.1676520371440D-02  -0.1751145371279D-01   0.2712151043788D-01
  -0.2569462577200D-02  -0.1148727858427D-01   0.1003639558150D-01
  -0.1681135925192D-02  -0.3258013030827D-03  -0.9844540282273D-03
   0.2797433158800D-02   0.1127699752491D-01  -0.2497946616549D-02
   0.5653100826486D-02   0.3316750669422D-02   0.9692798501584D-02
  -0.1393259970238D-03   0.2230734004212D-02  -0.3027492627474D-02
   0.1407561884598D-01  -0.3620368901853D-03   0.1204611109313D-01
   0.2710252112293D-02  -0.2795386258609D-02   0.8035278907889D-03
  -0.3718001393047D-02  -0.1159875365658D-01   0.1604072947996D-01
   0.1255635831049D-01   0.2111057642921D-01  -0.2709806580581D-01
  -0.8866328170171D-02   0.3985909923033D-02  -0.8580682238233D-02
  -0.1136777276040D-01  -0.9908332113855D-02   0.3500525015314D-01
  -0.6423089446156D-01  -0.1128074829445D+00  -0.1422597562886D-01
   0.3547038477274D-01   0.5147736385717D-01  -0.4115158853085D-01
   0.8597612415834D-02  -0.1103624704450D-01   0.1950318373029D-01
  -0.2112341723400D-01   0.5047252919721D-02  -0.6255155712623D-02
  -0.1640314443271D-02   0.1026275804897D-01   0.6400067930423D-02
   0.1057580730148D-01  -0.1242271339988D-01  -0.2077577533025D-02
   0.4767240996785D-02   0.2217250088391D-02   0.1049704155009D-03
   0.2576237182808D-02   0.7521027305515D-02  -0.4746441265329D-02
   0.4038018076254D-02   0.6445956430864D-03  -0.1356605960447D-01
   0.1523545423732D-02   0.7807484744759D-02  -0.4755230271300D-03
   0.2097876877096D-02   0.2797786768616D-02  -0.2518717046832D-02
   0.4498655698145D-02   0.2127767707510D-02  -0.6079776687487D-03
   0.1397800036213D-02  -0.2632608433029D-02   0.1037369261211D-02
   0.1438182253874D-03  -0.3680640013615D-02  -0.3596170123911D-02
  -0.4895815621205D-02  -0.1049671630945D-02  -0.1056308794148D-02
   0.9346282066703D-03   0.5437574709942D-03   0.1576209982710D-03
   0.5351593662088D-03   0.2074922447750D-02   0.1332788434140D-02
  -0.8641253152868D-01   0.2393297636577D-01   0.1032318409105D+00
   0.9125827573942D-02  -0.5249899666141D-01  -0.4611085671258D-01
  -0.8284583861568D-01  -0.9425079625919D-01   0.5754085873277D-01
  -0.3640353306473D-01  -0.6617995459846D-01  -0.3104869008433D-01
  -0.7281968270451D-01   0.9367659533960D-01   0.7265592868774D-01
   0.6842258638695D-01  -0.2238195985334D-01  -0.2188612276404D-01
   0.7160327059026D-01  -0.7341105408863D-01  -0.9365223321038D-01
   0.2296792230658D-01   0.5809068053975D-01   0.3648651044176D-01
  -0.4413242231042D-01  -0.8356516949520D-01  -0.1004697094795D+00
   0.6338121246458D-01   0.4041085716555D-01  -0.3015336154044D-02
   0.1549155506014D-01   0.5539817208691D-01   0.4206649930286D-01
  -0.9552365050015D-01  -0.9781473829999D-01  -0.2859006611058D-01
   0.4729556090579D-01  -0.2554493997365D-01   0.5165315191941D-01
   0.7782542640640D-01  -0.9872262177321D-01   0.6225683298088D-01
  -0.6918291683490D-01  -0.3256734785460D-01  -0.1180013417205D-01
  -0.1352760620454D+00  -0.9248567625537D-02   0.5040588486787D-01
  -0.6693069621939D-01  -0.3243117439275D-01   0.2558532727229D-01
   0.2607341102248D-01   0.8548640504627D-01   0.1077352618663D+00
   0.2725785490281D-01   0.7271880554713D-02  -0.6502909150482D-01
  -0.8044438833536D-01   0.9518318005646D-01   0.6346727262910D-01
   0.3015214897382D-01   0.5759450238291D-01   0.3007956971426D-01
$end                                                                            
