           2           1   1.02250762983185     
           3           2  0.975317651495075     
           4           3   1.88188473256828     
           5           2  0.963378182101801     
           6           5   1.00908646133296     
           7           6  0.998387033839193     
           8           7  0.985796786404164     
           9           8   1.30757765880861     
          10           9   1.32354011847808     
          11           9   1.31776604749361     
          12           1  0.947484642243575     
          13           2  0.943784546937903     
          14           5  0.967152297952240     
          15           5  0.971079598685098     
          16           6  0.970185157609052     
          17           6  0.966728136357802     
          18           7  0.965713015774684     
          19           7  0.957545170736763     
          20           8  0.916564422925259     
          21          10  0.915626509360788     
          22          10  0.924148820018086     
          23          11  0.916652077522472     
          24          11  0.912194657272283     
          26          25   1.00893746512276     
          27          26  0.974972602879542     
          28          27   1.89823839455572     
          29          26  0.977969121412363     
          30          25  0.955137729904076     
          31          26  0.958803194072845     
          32          29  0.982701644965138     
          33          29  0.978120341944181     
          34          29  0.983723521865942     
          36          35   1.01529463334297     
          37          36  0.986752054515011     
          38          37   1.88440240142505     
          39          36  0.938476967638894     
          40          39   1.00708795461991     
          41          39   1.00745250949303     
          42          35  0.928477940482779     
          43          36  0.956486862305185     
          44          39  0.964193385561576     
          45          40  0.983578610653124     
          46          40  0.985677575701575     
          47          40  0.983672896419496     
          48          41  0.976706135072936     
          49          41  0.851959256916387     
          50          41  0.960337400720698     
          52          51   1.01009506525562     
          53          52  0.965656924410044     
          54          53   1.90121293847566     
          55          52  0.979843617153430     
          56          55  0.962788982655225     
          57          51  0.946559820973021     
          58          52  0.956005407565427     
          59          55  0.964538379936217     
          60          55  0.968542324123180     
          62          61   1.02017648092505     
          63          62  0.930997022894417     
          64          63   1.62979958134456     
          65          62  0.976597522215282     
          66          65  0.981539685636175     
          67          61  0.952792475750867     
          68          62  0.960477936471167     
          69          65  0.971452738535815     
          70          65  0.971510449966439     
          71          66  0.911944852958292     
          72          63   1.30396230206589     
          73          72  0.972519807743489     
          74          73  0.931913850586068     
          75          74   1.62698798445299     
          76          73  0.992727310249900     
          77          56   1.23468626995663     
          77          76  0.958556850962297     
          78          72  0.916106325342970     
          79          73  0.948119654997607     
          80          76  0.951562412673124     
          81          76  0.967569441153096     
          82          74   1.31356317805180     
          83          82  0.970577391631460     
          84          83  0.937446884197003     
          85          84   1.59208413934920     
          86          83  0.969133392691660     
          87          86   1.01003180376870     
          88          86   1.01013512598865     
          89          82  0.907217173906615     
          90          83  0.946135875407009     
          91          86  0.960393568094083     
          92          87  0.981237511751083     
          93          87  0.980046674473156     
          94          87  0.983776419988307     
          95          88  0.980504900881087     
          96          88  0.982377719929650     
          97          88  0.975154559988640     
          98          84   1.31752244171232     
          99          98  0.968576234339278     
         100          99  0.933238481890798     
         101         100   1.60601694283283     
         102          99  0.974637560352558     
         103         102   1.00787294003211     
         104         102   1.00839779235337     
         105          98  0.915385259782743     
         106          99  0.950056880194877     
         107         102  0.959613469337030     
         108         103  0.982648356704865     
         109         103  0.979080948483120     
         110         103  0.983915403308979     
         111         104  0.981711270161866     
         112         104  0.981558381584724     
         113         104  0.978073821595987     
         114         100   1.32401675882303     
         115         114  0.972112122819448     
         116         115  0.941449793166388     
         117         116   1.56150862902648     
         118         115  0.999403251376688     
         119         114  0.887600553167883     
         120         115  0.952817460147273     
         121         118  0.975374076323789     
         122         118  0.976339204779716     
         123         118  0.974721978012230     
         124         116   1.33630769598492     
         125         124  0.976303411701944     
         126         125  0.939802260388759     
         127         126   1.60783738008965     
         128         125  0.978650987810379     
         129         128   1.00438405544462     
         130         124  0.878389952394326     
         131         125  0.946596391782148     
         132         128  0.967299073832605     
         133         128  0.965764187264534     
         134         129  0.864900533756178     
         135         126   1.32246182780945     
         136         135  0.978100952314938     
         137         136  0.942711821519172     
         138         137   1.59195240609222     
         139         136  0.979467759464521     
         140         139  0.993579289041704     
         141         140  0.985623260490349     
         142         141   1.62540636053738     
         143         141   1.30807385577942     
         144         135  0.883386452483361     
         145         136  0.950719715190759     
         146         139  0.965945883193740     
         147         139  0.971906456718469     
         148         140  0.968951872551690     
         149         140  0.910337030028585     
         150         143  0.931271923266651     
         151         143  0.921472155322111     
         152         137   1.33174907168490     
         153         152  0.982890912612401     
         154         153  0.935066345237395     
         155         154   1.60997709831816     
         156         153  0.976801131001396     
         157         156  0.991226585832691     
         158         157   1.00744114785112     
         159         157   1.00815992259567     
         160         152  0.876445456847111     
         161         153  0.946318063827732     
         162         156  0.968311397051610     
         163         156  0.972984018432907     
         164         157  0.962374500771105     
         165         158  0.984170673724569     
         166         158  0.985587300091709     
         167         158  0.986558245261183     
         168         159  0.984401894000952     
         169         159  0.987393196274171     
         170         159  0.979983845130381     
         171         154   1.30913094374328     
         172         171  0.976888408640350     
         173         172  0.941263926277691     
         174         173   1.59107040881801     
         175         172  0.977202473482018     
         176         175   1.00842424037817     
         177         176  0.999514444592300     
         178         177  0.982926324952971     
         179         178   1.30662722381182     
         180         179   1.30862689896578     
         181         179   1.33178043488274     
         182         171  0.842934203241599     
         183         172  0.945489743065728     
         184         175  0.974292724535978     
         185         175  0.970947928605201     
         186         176  0.914759539169668     
         187         176  0.950200123900812     
         188         177  0.970141336023193     
         189         177  0.956861119377227     
         190         178  0.920334864898521     
         191         180  0.906101322664612     
         192         180  0.920949290529619     
         193         181  0.918937738752950     
         194         181  0.767665770705387     
         195         173   1.32241426068226     
         196         195  0.972044369344332     
         197         196  0.889500358607662     
         198         197   1.48315567854859     
         199         196   1.00518501823535     
         200         197   1.52272394772600     
         201         195  0.916434481553909     
         202         196  0.966203907847182     
         203         199  0.986032979747196     
         204         199  0.985821235839406     
         205         199  0.983663134040016     
         206           1  0.955973477619099     
         207           3  0.954289211849887     
         208          25  0.958086583518970     
         209          27  0.954531048868371     
         210          35  0.952973942699474     
         211          37  0.954033189571630     
         212          51  0.953849760755831     
         213          53  0.950160070757910     
         214          61  0.952327610460940     
