   -0.39243360
    0.03239115
    0.27729186
   -0.49467208
   -0.01497314
   -0.09929823
   -0.11293956
    0.15796013
    0.03470515
    0.02733387
    0.04603803
    0.01669421
    0.02512383
    0.05122628
    0.03803602
    0.04710924
   -0.19523976
    0.01415068
    0.27476375
   -0.49879932
    0.06837764
   -0.46776739
    0.21682896
    0.07884530
    0.05968318
    0.04780461
    0.36848673
   -0.17763293
   -0.03656124
    0.28299880
   -0.48608413
    0.24038139
    0.07186638
    0.13182791
   -0.19740235
    0.02128459
    0.28513372
   -0.49748501
   -0.08445578
   -0.08853658
    0.36525608
   -0.61048333
   -0.61245299
    0.22623137
    0.08591931
    0.10080519
    0.05883083
    0.04241439
   -0.00021751
   -0.18816324
    0.03435031
    0.27663317
   -0.49143145
   -0.04875478
   -0.09748252
    0.36926303
   -0.62297641
   -0.63225305
    0.20292597
    0.05939755
    0.05334061
    0.03881300
    0.03086128
    0.01881441
   -0.18374357
    0.03380456
    0.27437826
   -0.50235199
   -0.06832087
    0.00821563
   -0.04367232
   -0.03481138
   -0.03179337
   -0.02049360
   -0.02915949
    0.21925574
    0.07453696
    0.05974192
    0.05008784
    0.04168590
    0.02008572
    0.05291715
    0.03137737
    0.04242723
   -0.18362279
    0.03006118
    0.28155394
   -0.47723064
   -0.07919260
   -0.00964961
   -0.04439360
   -0.03750540
   -0.06501979
   -0.06925773
    0.14624181
   -0.41443283
    0.23255015
    0.07250123
    0.07198863
    0.05775242
    0.05460719
    0.00586897
    0.07919778
    0.03095281
    0.34194696
   -0.19141322
    0.03661728
    0.27061336
   -0.48555892
   -0.05534649
   -0.00802550
   -0.21093631
   -0.06107591
    0.21158096
    0.05685727
    0.05188849
    0.05339601
    0.05225820
    0.05359991
    0.07898393
    0.03448558
    0.06705269
   -0.18993366
    0.02458484
    0.27546000
   -0.49091560
   -0.07503819
   -0.01024445
   -0.12327997
   -0.11791373
    0.22049745
    0.07068482
    0.06236617
    0.04413888
    0.03016569
    0.05509596
    0.03243666
    0.05611950
    0.05107758
    0.05193589
    0.03830342
   -0.18693860
    0.00917568
    0.27057122
   -0.48318245
    0.11428640
   -0.45637536
   -0.13657365
    0.22015954
    0.08445827
    0.02963586
    0.30537178
    0.08006155
    0.05815992
    0.07133004
   -0.17587867
    0.01614932
    0.26854215
   -0.48429198
   -0.08504502
   -0.07580228
   -0.02672608
   -0.14714564
    0.23129246
   -0.23002001
   -0.25395696
    0.21738509
    0.08577437
    0.06024046
    0.07997109
    0.07258385
    0.05282664
    0.08907235
    0.07692036
    0.22642258
    0.23818927
    0.25689995
    0.24078806
    0.25894451
   -0.17068122
    0.01868200
    0.27527143
   -0.50096488
   -0.07895543
   -0.08049059
   -0.00932027
   -0.15533365
    0.23400541
   -0.25843849
   -0.27579694
    0.22190422
    0.08314262
    0.06907917
    0.07084943
    0.06975350
    0.06928881
    0.07306135
    0.06168696
    0.23358723
    0.22804457
    0.23921821
    0.25313449
    0.22655408
   -0.17301111
    0.02293075
    0.27763930
   -0.50875574
   -0.02267287
   -0.11226248
   -0.12245545
    0.22463925
    0.06179741
    0.05986728
    0.06624799
    0.02775656
    0.04132510
    0.06841011
    0.04530981
    0.04985297
   -0.18595179
    0.02222588
    0.28572538
   -0.51895878
   -0.09027072
   -0.01046433
   -0.11745148
   -0.13361408
    0.23291740
    0.07659297
    0.06505608
    0.07065225
    0.02052463
    0.04518092
    0.02506616
    0.05040325
    0.05906380
    0.06170388
    0.05242579
   -0.19523821
    0.03297195
    0.28147574
   -0.52210820
   -0.06972358
   -0.09829392
    0.28981295
   -0.50260279
   -0.29098960
    0.23340326
    0.07155847
    0.08029792
    0.06293325
    0.08607109
    0.05406683
    0.22523137
    0.23921760
   -0.18984134
    0.03515290
    0.28280934
   -0.51417633
   -0.06844019
   -0.00860159
   -0.10092060
   -0.10947610
    0.22398625
    0.05604787
    0.05833700
    0.04233092
    0.04590304
    0.04215474
    0.03402674
    0.03811219
    0.04514688
    0.03477161
    0.02900567
   -0.18227431
    0.04120982
    0.21313095
   -0.36805278
   -0.05278658
   -0.08825068
    0.36712729
   -0.58838578
   -0.59960969
    0.22845074
    0.06833896
    0.06941148
    0.04333880
    0.03103848
    0.04137477
   -0.60557504
    0.29142022
    0.30935980
   -0.65095725
    0.31472072
    0.30632482
   -0.60430295
    0.28295648
    0.31672243
   -0.59524919
    0.33684567
    0.34258329
   -0.64828550
    0.30675894
    0.29291702
   -0.16331857
   -0.09022392
    0.26581526
   -0.46143533
    0.32105286
    0.28541242
    0.24899938
    0.13324485
    0.16255902
   -0.14271040
   -0.03548840
    0.20256722
   -0.36206927
    0.22501861
    0.10399192
    0.13448892
   -0.38042552
    0.03907350
    0.20982759
   -0.36873949
   -0.00819177
   -0.10455504
   -0.09841168
    0.16283815
    0.05278842
    0.03531768
    0.05025367
    0.02834944
    0.03046221
    0.03712161
    0.03148327
    0.04351278
   -0.39444060
    0.03133978
    0.27013516
   -0.48873336
   -0.04315260
   -0.08897669
    0.36794822
   -0.63862802
   -0.65500258
    0.15316702
    0.04875326
    0.03359112
    0.02236729
    0.00853096
    0.01515146
   -0.16584609
    0.03320916
    0.20182207
   -0.34254916
   -0.07569879
    0.01103795
   -0.03933948
   -0.03922363
   -0.03177175
   -0.03278848
   -0.03475786
    0.20659392
    0.08263574
    0.06385387
    0.06584863
    0.03496368
    0.03836224
    0.04268098
    0.04592230
    0.03906494
   -0.40212242
    0.04515266
    0.19647128
   -0.37201493
   -0.06766205
   -0.01198755
   -0.12001399
   -0.11389879
    0.17517790
    0.04211038
    0.05301416
    0.04551246
    0.02719923
    0.04140068
    0.03777904
    0.04993446
    0.03817582
    0.04182613
    0.03755221
   -0.39108438
    0.03361942
    0.26631248
   -0.50997530
   -0.07506202
   -0.07140630
   -0.01172547
   -0.15347014
    0.23446957
   -0.25890564
   -0.27981192
    0.16335293
    0.03557734
    0.06062677
    0.04649710
    0.05539143
    0.06392552
    0.07593330
    0.06534196
    0.23013467
    0.23450175
    0.23438946
    0.24969598
    0.22089950
   -0.16817805
    0.02571384
    0.20197636
   -0.36139096
   -0.01632926
   -0.11540674
   -0.12059310
    0.23438798
    0.07070327
    0.05959512
    0.06241912
    0.03738748
    0.04410327
    0.06470701
    0.04341162
    0.05343945
   -0.39399611
    0.04796679
    0.20115638
   -0.39385501
   -0.06425679
   -0.00423865
   -0.10069528
   -0.10491913
    0.17827428
    0.03494475
    0.06341332
    0.02871763
    0.04515091
    0.03090062
    0.03789222
    0.03491678
    0.03126256
    0.02586784
    0.03244418
   -0.38297589
    0.04227417
    0.19955037
   -0.37257920
   -0.07099844
    0.00760563
   -0.04374611
   -0.03734709
   -0.03385782
   -0.02273895
   -0.03241584
    0.17135434
    0.05905079
    0.06475001
    0.05335080
    0.04743754
    0.02445652
    0.03691340
    0.02415747
    0.02440251
   -0.39678689
    0.03190009
    0.26873171
   -0.50087932
   -0.07163469
   -0.00944343
   -0.11539313
   -0.11329999
    0.15597265
    0.04009791
    0.04748274
    0.04188415
    0.02284650
    0.04639335
    0.03217495
    0.04413038
    0.04138598
    0.04263739
    0.03694586
   -0.17658249
    0.01138028
    0.20125810
   -0.35499199
    0.11661446
   -0.45429885
   -0.13648303
    0.23572654
    0.09088942
    0.03847936
    0.31350034
    0.07690536
    0.05881151
    0.07035643
   -0.39652114
    0.03111706
    0.27026133
   -0.51845732
   -0.02069312
   -0.11037558
   -0.11279129
    0.17363408
    0.02848557
    0.05040176
    0.04932507
    0.02354606
    0.03035001
    0.05038159
    0.03520880
    0.04855649
   -0.17630257
    0.02741842
    0.20852448
   -0.37358491
   -0.08259137
   -0.00941014
   -0.11812566
   -0.12375569
    0.23986977
    0.08473066
    0.07142837
    0.06807351
    0.02492487
    0.04199091
    0.03386658
    0.04825032
    0.04795914
    0.05413593
    0.04788105
   -0.39565046
    0.04848824
    0.20150884
   -0.38800155
   -0.04770310
   -0.08631341
    0.36598551
   -0.57929447
   -0.60069630
    0.18145766
    0.03258265
    0.06336205
    0.01963101
    0.02609606
    0.04191624
   -0.39228146
    0.04738152
    0.20200715
   -0.38100065
   -0.06007741
   -0.08702777
    0.36765913
   -0.62197655
   -0.61696269
    0.17079026
    0.04664729
    0.06847097
    0.04032029
    0.02463021
    0.00647182
   -0.39586345
    0.03538495
    0.27109483
   -0.48621085
   -0.07342355
   -0.00941868
   -0.04381061
   -0.03826963
   -0.06585625
   -0.07069630
    0.14375560
   -0.42036633
    0.15563513
    0.04255390
    0.05378688
    0.04358435
    0.04906300
    0.00495490
    0.06924427
    0.02617014
    0.34163879
   -0.17729409
    0.03866692
    0.19987050
   -0.34739560
   -0.05968060
   -0.00438389
   -0.23804701
   -0.06199713
    0.22500358
    0.06562203
    0.06242438
    0.06503906
    0.05404994
    0.05468985
    0.07187425
    0.04894130
    0.07355710
   -0.39529727
    0.04233958
    0.19897926
   -0.37915438
   -0.07431114
   -0.06493147
   -0.02825951
   -0.14340417
    0.23114275
   -0.23341596
   -0.26159142
    0.16930490
    0.05223115
    0.05280315
    0.06394274
    0.06234638
    0.04603529
    0.08280897
    0.08056497
    0.22452456
    0.24296700
    0.25692975
    0.24680444
    0.25541878
   -0.39197439
    0.02995305
    0.36116682
   -0.62611995
   -0.04706802
   -0.03286250
   -0.00983453
   -0.02177381
   -0.11436889
    0.04318313
   -0.03725603
   -0.05927307
   -0.04297013
   -0.03992676
   -0.67459214
    0.14125510
   -0.00069378
    0.00196662
    0.01787957
    0.03556784
    0.20297902
    0.01017542
    0.03569103
    0.01761407
    0.01634153
    0.18748687
    0.06292125
    0.07819799
    0.17978453
    0.05661964
    0.18903057
    0.08057310
    0.17976431
    0.07532051
    0.18069643
    0.07642802
    0.17577841
    0.07532516
    0.18567559
    0.08621605
    0.18480967
    0.07529064
    0.17423638
    0.07010020
    0.17038545
    0.07445847
    0.19472112
    0.07647135
    0.19063782
    0.08125975
    0.17889668
    0.06605595
    0.18520431
