$grad                                                                           
  cycle =      1    SCF energy =  -242.19828708907   |dE/dxyz| =  0.250602
   25.38762992177706     20.24221210147995     35.52384494261904      n 
   25.64429843149345     18.81957055751035     33.18446848226245      c 
   23.86521180426385     19.78130566419275     31.18846693714692      c 
   24.48801709771127     19.88639292701277     28.91823544458430      o 
   25.11510124622513     16.01169963822709     33.64033548248086      c 
   27.41469806109960     14.72288579293827     34.80367067246994      c 
   29.36322632552276     13.96711643863911     32.79203569367286      c 
   32.06609537170966     14.08798844417464     33.81802868040853      c 
   33.88864104194500     13.78119325630130     31.69989982279284      n 
   25.08431418405999     19.34080252976101     37.19124882293695      h 
   27.57198924761053     19.07709723070867     32.45691438989650      h 
   23.49772557535825     15.87199561315239     34.90578161087270      h 
   24.62246961934835     15.09872472543510     31.86135047488624      h 
   28.27136188032721     16.01214827182861     36.15920063798660      h 
   26.80633924556773     13.05077927611629     35.83898533867460      h 
   28.95020351762659     12.06460341455338     32.12157495184128      h 
   29.22566398223537     15.25510049071270     31.19104891582076      h 
   32.39834960822012     15.95275898079974     34.62676431806613      h 
   32.38187026933092     12.63472333202678     35.24002549296998      h 
   35.71148970970522     13.62174420684668     32.31907222203766      h 
   33.44235752836394     12.25598077343686     30.59665360280221      h 
   33.70679946375625     15.53726943293066     30.70165966390922      h 
   21.50751547978460     20.23854250086256     31.97267972078014      n 
   19.63459508728701     21.10309403544665     30.17352947309187      c 
   20.11848478957694     23.75943304517659     29.20253125653964      c 
   19.53266441003153     24.43365469672677     27.03527682538740      o 
   20.96903496079934     19.92656602080747     33.79505503165424      h 
   19.57531256237277     19.84004961097535     28.53272658277115      h 
   17.78911554532786     21.07420103369521     31.09394815510402      h 
   21.23861081369974     25.33135382121295     30.81343280623964      n 
   21.78925391559720     27.90292771858715     30.05695541849247      c 
   23.85958306144902     27.78167814864154     28.02523429238059      c 
   23.78777204938852     29.04556886949375     26.07874072385499      o 
   22.65850548528862     29.39733046351992     32.41902481580558      c 
   24.15835264519870     31.84409910584593     31.93313560526014      c 
   22.61859103771769     33.84860115852295     30.56383704602122      c 
   25.02994460306174     32.93946925232577     34.42761328519673      c 
   21.42747293506149     24.83922120198438     32.65749777475321      h 
   20.11991085520190     28.76451905057296     29.18463355965070      h 
   20.98556531907664     29.82733293055714     33.54273845894285      h 
   23.86051981617653     28.12801302459595     33.51336124987684      h 
   25.81373363095761     31.37929931834184     30.77977327464903      h 
   23.68952635209608     35.59557416015949     30.42847203524959      h 
   22.14746891334673     33.23911607917544     28.65893244222172      h 
   20.87162671408065     34.23909975213220     31.57470124113043      h 
   26.15934104840408     34.62649275443167     34.11296749731839      h 
   23.40570123421404     33.45570463836636     35.57658317668450      h 
   26.17271851212957     31.58849232637094     35.47771176750868      h 
   25.76514800182457     26.22746707653311     28.52704503855665      n 
   27.84648403221257     26.01726118692251     26.76889581064009      c 
   26.84996892742519     24.99089663206616     24.25523564712513      c 
   27.53753766308855     25.79615804314797     22.19999678652103      o 
   29.94295216899532     24.35492742110649     27.85757423930121      c 
   31.87057982555789     23.54589912083524     25.81859463575589      c 
   31.22646301297981     25.75927075626795     30.01964058829739      c 
   25.83286068452753     25.29273185794114     30.20080183264111      h 
   28.60220665680154     27.90640117169812     26.35633428031280      h 
   29.06050180803310     22.65085577921470     28.62600816992779      h 
   33.41652282847528     22.52448100944474     26.70017616535526      h 
   30.99672076763087     22.34624964043240     24.40251506196620      h 
   32.64710617875001     25.19851125140940     24.87334474727807      h 
   32.64883991897158     24.56611880223273     30.89795376260121      h 
   32.15667530517090     27.46522769345758     29.34489275672957      h 
   29.87028821382083     26.26947394243660     31.47304232045043      h 
   25.15339709136406     23.08667172924249     24.40898692037523      n 
   24.23667438600820     21.99239765159221     22.03288814715886      c 
   22.76833548006201     23.89590842131047     20.49075809436710      c 
   22.88359923875036     23.94770563081264     18.15861921542131      o 
   22.39915287932063     19.74090059236483     22.43925021041154      c 
   23.63167199134747     17.75876136948893     23.64043529893934      o 
   24.74327302991062     22.20429800309257     26.06349164172323      h 
   25.84561284738502     21.34819644593194     20.89852541849588      h 
   20.72395402232515     20.38159896912426     23.47219479442484      h 
   21.80290656612871     19.06961415972410     20.58189569370385      h 
   23.85548517693296     18.18483886363522     25.41561778637276      h 
   21.18688930000507     25.40232510312329     21.79553975391913      n 
   19.80306971429573     27.41602162534346     20.51222461070984      c 
   21.63097784266089     29.32695564336986     19.34768461706008      c 
   21.24685595749145     30.18251496426737     17.22667362350377      o 
   17.94131098112569     28.83544429762534     22.28252434732362      c 
   17.60466247472539     31.66853105535941     22.03040870633784      c 
   16.30539311364211     32.81180377138655     19.96895016974085      c 
   18.32670700513473     33.25163058745193     23.98888315949177      c 
   15.84773001526936     35.36856893151456     19.91523946153695      c 
   17.83416833520019     35.80408817283646     23.97433948805737      c 
   16.54940187036760     36.95062371463204     21.96695324492969      c 
   16.02269683621704     39.49037398186763     22.24515219266981      o 
   21.04367863539715     25.21863361248743     23.69590723475155      h 
   18.76588150065254     26.55433434535717     18.93921795297856      h 
   16.09153772424008     27.95173580682587     22.04561740181353      h 
   18.57460028460029     28.46424959114835     24.21103135365265      h 
   15.71574346505366     31.65860148223301     18.39307755363486      h 
   19.30153275671748     32.45117670702630     25.59246179323730      h 
   14.88252500362544     36.20812179514290     18.31903092963594      h 
   18.37575096726568     36.96653324861315     25.55241362091032      h 
   15.48393817980765     40.23485840869277     20.62318276677271      h 
   23.65285223688561     29.94981088321898     20.71043899392049      n 
   25.41439258784476     31.86798266879420     19.70644484647734      c 
   26.92284464018730     30.85962176020186     17.43962065206657      c 
   27.91425005809963     32.35973997144171     15.97600968076368      o 
   27.17410280706318     32.82831156935958     21.77325967824090      c 
   25.71914348417013     34.42347542730767     23.58562449603371      c 
   24.86763070034415     37.57042096555699     22.23698366876158      s 
   27.94869455917286     39.15221421154794     22.32354128576878      c 
   23.88180301341747     29.36958487917640     22.52947686792135      h 
   24.29234919051511     33.45052680249336     18.96531944078625      h 
   27.99013942057903     31.19829250863879     22.74628597173658      h 
   28.71359362966580     33.87337264416842     20.88236754447838      h 
   23.91780636775662     33.56355705118546     24.07412706453033      h 
   26.77021169881714     34.77417630682015     25.31498731918299      h 
   27.61282333976332     41.13258497747995     21.92997960853420      h 
   28.83707805622638     38.92814420294629     24.15404723456938      h 
   29.15929515111817     38.35769717013161     20.86999757019037      h 
   27.04297794013295     28.33090998071232     17.20211593729481      n 
   28.16886445592920     27.09304605965117     15.01620639462096      c 
   26.38558104556496     26.80532691389649     12.75451112033801      c 
   27.20117589954640     25.93366425703931     10.74154473021006      o 
   29.13620953043220     24.40800902725866     15.58375452811408      c 
   31.47866700696852     24.17293363475218     17.23093058458332      c 
   31.55636633025387     21.49140572159129     18.34612074090259      c 
   33.84111340082906     24.53338474502854     15.63229843701145      c 
   26.51612922917361     27.20555742380162     18.65718813295190      h 
   29.76407339347878     28.24709060797510     14.35660971202731      h 
   27.56464912834690     23.39328417456941     16.46582975768838      h 
   29.52824444572694     23.52193631770950     13.76592472076370      h 
   31.39912944539605     25.54588156943857     18.76802356492038      h 
   33.23785026798015     21.23105399710487     19.48955478736936      h 
   29.90772144914164     21.14986515879386     19.52295270019729      h 
   31.57548014950605     20.10963206393260     16.82923825033600      h 
   35.54537471149082     24.40960271346505     16.76458346755112      h 
   33.91942800792309     23.08139279265326     14.18197306796592      h 
   33.85646835561302     26.34949624347048     14.67416154862739      h 
   23.94695092680287     27.44480204856120     13.11169179756515      n 
   21.98741069296893     26.53950579565721     11.40274490309731      c 
   21.58385230820387     28.22149169013801      9.09710364179292      c 
   20.15999866509759     27.57303208323805      7.36696737063116      o 
   19.45039980138224     26.12338574771713     12.75626864143784      c 
   18.23245770330343     28.38996496901624     13.45675782647954      o 
   23.37729066664732     28.16827215988080     14.78833038706161      h 
   22.61344471737127     24.71969802746248     10.62798281789357      h 
   18.17853568367620     25.14575774457882     11.45914781542200      h 
   19.77488488583202     24.91083664970789     14.40552396393602      h 
   19.22402725922123     29.22522402701129     14.77595031729066      h 
   15.87342935541108     22.34515201314584     24.14955931496376      o 
   17.15850299311803     23.23002309264007     25.11801947612035      h 
   14.29780557350480     22.57114467673838     25.02251746966603      h 
   23.47265885499313     19.98827778691776     14.80413082111654      o 
   24.33093770960604     20.63681436348947     13.34562162875253      h 
   23.19651062311332     21.41871245563349     15.91910809848481      h 
   29.13703336798713     17.45765246450689     27.30442176351267      o 
   28.82651994380862     16.86372262991800     25.62115583670395      h 
   27.61858574289455     18.34985217032947     27.82266300709898      h 
   13.60189188647298     26.72191885135049     15.83125779913521      o 
   15.02334613811637     27.26235354104218     14.79586593913730      h 
   13.05511850547017     28.19161092466445     16.74971747160866      h 
   15.69019433507026     22.63364369247462     18.97321586154326      o 
   15.49451681294846     22.64517809136394     20.79539415393625      h 
   14.55637084745478     23.86017962430963     18.24093977866698      h 
   26.80834125090712     21.13395556490844     35.80479847433354      h 
   22.47998465145687     29.88029958581365      8.96916868990176      h 
   0.1054257514730D+00   0.5262337393830D-01   0.1285321570116D-01
  -0.7643961613766D-02   0.3113127345523D-02  -0.1173805177015D-01
   0.5827083118673D-02   0.9593322617275D-02   0.1341087270236D-01
   0.3548541586030D-02  -0.5419863012267D-02  -0.1440656373314D-01
   0.9233129628289D-03   0.4353668191203D-02   0.4898123818479D-02
  -0.2461846685035D-02   0.3981530355872D-02  -0.1025904286729D-03
  -0.3538557812485D-02  -0.8457513376618D-03  -0.1673765894249D-02
   0.2985621886657D-02   0.2076626147291D-02  -0.4946941302253D-03
   0.6876734689348D-02  -0.3225828481769D-01   0.6835917424509D-02
   0.7405875407515D-02   0.1235408210159D-01   0.1042272634652D-01
   0.1509653107975D-02   0.2918159651009D-02   0.2861563305626D-02
   0.9965138482752D-03   0.7988887925176D-03   0.1973599395462D-03
   0.6809729101897D-03   0.2091215384012D-02   0.2486843661993D-04
  -0.8184863189265D-03  -0.1883551137537D-04  -0.1723099665346D-02
  -0.5530310159297D-04  -0.6683967019267D-04  -0.5191544650716D-03
   0.8369477729059D-03  -0.6523004119793D-03   0.2145431889025D-03
   0.8850374224768D-03  -0.6342381765590D-03   0.1583695825356D-02
   0.2460058430084D-04   0.1420055162391D-02  -0.4445604047396D-02
   0.7749301492916D-03   0.1671158335915D-03  -0.8463478307124D-03
  -0.4239607364481D-02   0.1077876782347D-02  -0.1806934346236D-02
   0.1228891671605D-02   0.5555302477507D-03   0.3945112208549D-02
  -0.5258962317474D-02   0.2741036115919D-01  -0.1596335728377D-02
   0.1774758524635D-03  -0.5635012202245D-02   0.4181580343263D-02
   0.5023895265919D-02   0.3454673745002D-02  -0.2474546833209D-02
   0.4391740184750D-02  -0.2709940771513D-02   0.1412086328433D-01
  -0.7695323690906D-02   0.4639293369649D-02  -0.1393633340151D-01
  -0.7095082515000D-02  -0.2421052125815D-02   0.6378119943916D-02
   0.5717954524960D-03   0.3695186992453D-04  -0.1876228096309D-03
   0.1384775078525D-02   0.7868374484939D-04   0.1637249226398D-02
   0.4322770485885D-02   0.6392612042116D-03  -0.4389685168668D-02
  -0.9152460169171D-02  -0.6967352660200D-02  -0.4260673298243D-02
   0.6005141907170D-02  -0.1456532809579D-01   0.6713273575995D-02
   0.4126075256262D-02   0.4276527364937D-02  -0.4852750213352D-02
   0.7127288243562D-03   0.2816912301267D-02   0.4944090697126D-02
   0.2803063740731D-02   0.4176238750465D-02   0.5033901563943D-02
   0.3959084434320D-02   0.2225960115002D-02   0.4273164345250D-02
  -0.3929171610126D-02   0.1320038885490D-02  -0.8257275828075D-02
  -0.6274643432452D-03  -0.9233353550962D-03   0.2000158391564D-02
  -0.7565434493185D-03  -0.1235186762902D-04  -0.6619929171932D-03
  -0.2778071656023D-03  -0.1407275223003D-02  -0.1004768242148D-03
  -0.1429425359899D-02  -0.1361840313226D-02  -0.1616942009723D-02
  -0.7332241303419D-05  -0.4196385210723D-03   0.3827860671482D-03
   0.4553241989533D-03   0.1603124417142D-03   0.7716499570396D-03
  -0.2021870261042D-03  -0.7485297625059D-03   0.3133414434487D-03
  -0.1472200915912D-03  -0.3220137116589D-03  -0.6889165107091D-04
   0.2573765079163D-03   0.2427391701823D-03  -0.3684701742798D-03
  -0.5736644068710D-03  -0.3764813277576D-03  -0.5417763492663D-03
   0.1070031898965D-03  -0.8441317611609D-03  -0.4833796063053D-03
  -0.4055742448784D-02   0.4082470959873D-02  -0.7698605587761D-02
   0.2258352963814D-03   0.2983660256788D-02   0.6773786797056D-02
   0.3137138904035D-02   0.7749990584757D-02   0.5924943088219D-02
   0.1074035054708D-02  -0.5504319291103D-02  -0.3679117447890D-02
  -0.6075260172564D-02   0.6487360323100D-02   0.2255539412848D-02
   0.4822947522430D-02  -0.5341947549044D-02  -0.7539377994538D-02
  -0.3918899297715D-02   0.1053695078407D-02  -0.2959807785839D-02
  -0.1321935695320D-02  -0.7138906239010D-03   0.4481343982382D-02
   0.8742568295231D-03   0.5598431084436D-04  -0.8265537703954D-04
   0.2880382039327D-03   0.1811497969660D-02   0.1906078693654D-02
   0.9406143273616D-03   0.2166510716477D-03   0.2246365972451D-03
   0.1461264240779D-03  -0.3922647489146D-03  -0.4491461927319D-03
   0.8129305400205D-03   0.2832897670495D-03   0.1719921451529D-03
  -0.8300025256082D-03   0.7992844936210D-04   0.1151683625264D-02
   0.1059392168052D-02   0.6381001698543D-03  -0.5290591904410D-04
   0.2714388114238D-03  -0.2473321630609D-02   0.1816767326645D-03
  -0.2597337021545D-03   0.2771380591191D-03   0.7707200180430D-02
   0.6660113513719D-02   0.1038889872370D-04  -0.8344306307883D-02
   0.1196391635227D-01  -0.9497660125256D-02   0.9479102485336D-02
  -0.3767849830792D-02  -0.4355136758580D-02  -0.9654451232797D-02
  -0.7518499033870D-02  -0.6173513330598D-02  -0.1375077981363D-02
  -0.6360081470283D-03   0.7020667553294D-02  -0.6723554439466D-02
  -0.5872877852144D-04  -0.5445458049020D-04   0.1007761948967D-03
   0.9623497228722D-04   0.2961634289795D-04   0.1021847346013D-04
  -0.1897984489105D-03  -0.9294904552060D-04  -0.3332521484614D-04
  -0.4961511960340D-04   0.9104003115252D-04   0.7213753880109D-04
   0.7409257895830D-05  -0.2365633162145D-04   0.7425228628236D-04
  -0.5959353475786D-02  -0.3617997791387D-02   0.5587632293204D-02
   0.1863113222590D-04  -0.5273928890672D-02  -0.1153831998172D-02
  -0.2131157134287D-02   0.6188668236049D-02  -0.6722001779519D-02
  -0.1704944740222D-02  -0.2752448039609D-02   0.6897962206712D-02
   0.7022686013683D-03   0.5522680587170D-02  -0.4008801730122D-02
   0.1050039729081D-01  -0.6919625508679D-02   0.1858088897997D-01
  -0.1542415308512D-01   0.1284428447297D-01  -0.1691767101478D-01
  -0.2412595728782D-02   0.7086703700918D-02   0.1552527265557D-02
  -0.6183207429648D-03  -0.2236974330289D-01  -0.1317885759063D-01
   0.6556362438095D-02  -0.8912647702628D-02   0.5010474732798D-02
  -0.2002158068949D-02   0.1066693530929D-01  -0.1461307526609D-02
   0.1100514709916D-02   0.1127548037816D-01   0.2357524638224D-01
   0.1419064056268D-02  -0.1652368309625D-02  -0.1267336028636D-03
   0.9305252911413D-05   0.4230231048325D-03   0.1131122759066D-03
  -0.3582611477707D-03   0.2250244483346D-04  -0.6142072348045D-03
   0.5543306976738D-04  -0.4335773451919D-03  -0.1063493339374D-03
  -0.7183399942684D-03  -0.1512883497575D-03  -0.3764471649739D-03
  -0.6157207530902D-03  -0.5498948056172D-04  -0.3389385629964D-03
  -0.1098703017259D-03   0.1529179668138D-02   0.2285938558329D-04
  -0.1086309180237D-02  -0.1474040065978D-02  -0.8388904623906D-03
  -0.2943840631087D-02   0.7632220981872D-02  -0.1350466131557D-01
  -0.6844660027520D-02  -0.1248435188510D-01   0.6053089159228D-02
   0.6357593041432D-02   0.1533236049526D-01  -0.1522040647743D-02
  -0.1065485583807D-02   0.5951030396438D-03   0.1913308459156D-02
   0.1815275158037D-02   0.5822909646860D-02  -0.6513096800679D-03
  -0.3398300344648D-02   0.1085637091002D-01   0.8114085924214D-02
   0.5881229819329D-02  -0.1955309893646D-01  -0.7706290852821D-02
  -0.6056135413906D-02   0.7037654649723D-02  -0.6882396833503D-02
   0.1351848072558D-02   0.4638393463701D-02   0.2346138648261D-02
   0.1081906877953D-02  -0.8313246763175D-03   0.1734751617822D-02
  -0.4510226280140D-03   0.2292321052917D-03  -0.1370952743301D-03
   0.1764508867625D-03   0.1703101554196D-03   0.2930172869686D-03
   0.6721077584889D-03  -0.4952675627183D-03  -0.5876472888448D-03
   0.3806989290122D-03  -0.6835566413283D-03   0.7510596146658D-03
  -0.1140624604411D-02  -0.2403458414534D-02  -0.6406096845128D-03
   0.1395310330650D-02  -0.6997259416252D-04  -0.1159542163894D-03
   0.2640022796823D-02   0.2340288281781D-03  -0.2436624352269D-02
   0.2240708904615D-03   0.3223790170186D-04   0.1688516364176D-02
  -0.3383039878734D-02  -0.1118259774677D-03   0.7166134178159D-02
  -0.6836766096047D-02  -0.3344015335249D-02  -0.1521039998783D-02
  -0.5739230772101D-03   0.1996594253132D-02   0.1115154558687D-01
   0.1124427679880D-01  -0.6668148125892D-02  -0.1651908453628D-01
   0.1200811246554D-01  -0.8381311989484D-03  -0.2267296871731D-02
  -0.4122393553153D-02   0.7826563384195D-02  -0.2255942276280D-02
   0.1175481844648D-02  -0.3841284754216D-02  -0.1223897225463D-02
  -0.3465581407138D-02  -0.4071150970867D-02   0.1752496062045D-02
   0.8057004433390D-03  -0.2666025521916D-03   0.2187901830215D-03
   0.1199461883642D-02  -0.1993439755344D-02  -0.5346201769401D-03
   0.1427540628426D-03  -0.3247774445458D-03   0.2652338448388D-03
   0.1241046136121D-02   0.4251356058318D-03   0.7768877953377D-03
  -0.1742802612769D-03  -0.1117691889790D-02  -0.1277068289616D-03
  -0.1219958390590D-02  -0.7751446730136D-03  -0.1814105355500D-03
   0.2540094678091D-03  -0.4731438623478D-03   0.4609693467173D-03
   0.6813285493529D-03   0.4995842475590D-03   0.2900298509386D-03
  -0.7199116855083D-03   0.3157164100765D-03  -0.1849776980231D-02
  -0.3829235281433D-03   0.9413907091044D-03   0.3112640480671D-03
   0.1404579562751D-02  -0.2009147367547D-02  -0.5713471223514D-03
  -0.4631839914231D-03   0.8111246056383D-02   0.6306840608778D-02
  -0.6290188976054D-02  -0.8466336253100D-02   0.5905394557744D-02
   0.5929589804861D-01   0.7693787265911D-01   0.2183166939172D-01
  -0.2142168979370D-01  -0.7935930031334D-02  -0.2673129132469D-01
   0.2118677485706D-02  -0.2562871266993D-02  -0.3857924823531D-02
   0.1594523248748D-02   0.6778079348483D-02   0.1824491798895D-02
  -0.8298700645364D-03  -0.8364902525578D-03  -0.4655371765185D-04
   0.5651833978728D-04   0.8847204854840D-03  -0.5057057788365D-03
   0.6573042050037D-04  -0.9339530940664D-03   0.8068892154606D-03
  -0.4612427244697D-03  -0.4290020575412D-03  -0.8011770530700D-03
  -0.1430171304410D-02  -0.1186915312245D-02  -0.1173825664198D-02
   0.3835044093481D-02   0.1252294900034D-02  -0.1064852630905D-02
  -0.2830938243624D-04  -0.6592892636951D-04  -0.8517225712446D-04
   0.9348105463457D-04  -0.7009005284468D-04  -0.7163946430662D-04
  -0.6930430047271D-03   0.1140080056527D-02   0.1622267393769D-04
  -0.1578797089500D-04   0.4202875594433D-04   0.1703214735251D-03
   0.1807157233591D-04   0.3683925530887D-04  -0.2378720471616D-04
   0.1948502601126D-02  -0.1223003645964D-02  -0.3251115224624D-02
   0.1479283832415D-03   0.1864916259738D-03  -0.4792257658710D-03
  -0.1228403678037D-02   0.1658246908361D-02   0.1867463801838D-02
  -0.3461872898344D-02  -0.1291751340286D-02  -0.1311658067348D-02
   0.2425180488938D-02   0.6138727627212D-03  -0.1415582633823D-02
   0.8271418448316D-03  -0.3601905279300D-03   0.1506367809097D-02
  -0.2986494014179D-02   0.2928691265045D-03   0.4297144510141D-02
  -0.2676004292335D-04  -0.3614944686574D-04   0.3867311404204D-04
   0.2054338499884D-03  -0.1839198170941D-03   0.5245444324296D-04
  -0.1130511366209D+00  -0.7955610539889D-01  -0.2001693876967D-01
  -0.3884244914146D-01  -0.6520910922315D-01  -0.1721222289007D-02
$end                                                                            
