           2           1  0.949957866032283     
           3           2  0.942820117327278     
           4           3   1.62326210903680     
           5           2  0.976814559892696     
           6           5   1.00294459133806     
           7           1  0.940902919099237     
           7           6   1.01105411877630     
           8           1  0.902952085759805     
           9           1  0.856554605499797     
          10           2  0.945062936609413     
          11           5  0.971583675059259     
          12           5  0.969838987255190     
          13           6  0.967673278381742     
          14           6  0.971550758447746     
          15           7  0.966953885914457     
          16           7  0.965512013166788     
          17           3   1.32250372277878     
          18          17  0.979147984592103     
          19          18  0.928387322066007     
          20          19   1.62613489745580     
          21          18  0.982516586922235     
          22          21  0.952457166754206     
          23          17  0.913802186956385     
          24          18  0.942890188491801     
          25          21  0.970524417906156     
          26          21  0.969376737273342     
          27          19   1.33245547310787     
          28          27  0.987765937201335     
          29          28  0.948351244157437     
          30          29   1.60731707931020     
          31          28  0.957228459427594     
          32          31   1.01521108329560     
          33          32  0.990108949513943     
          34          33   1.00481931045268     
          35          27  0.886146192594453     
          36          28  0.938697468893467     
          37          31  0.970735218566394     
          38          31  0.963790968394476     
          39          32  0.964870382610904     
          40          32  0.974172176533832     
          41          34  0.978726384076535     
          42          34  0.983927751212777     
          43          34  0.987696769299900     
          44          29   1.32681221499427     
          45          44  0.984300679734732     
          46          45  0.945121131218241     
          47          46   1.61025788634253     
          48          45  0.974808535035236     
          49          44  0.896853897706617     
          50          45  0.940167510087614     
          51          48  0.977268824979866     
          52          48  0.976001767109599     
          53          48  0.982165477847750     
          54          46   1.31895067580316     
          55          54  0.976261535660760     
          56          55  0.991952053496914     
          57          56   1.84494783432388     
          58          55  0.942165916248257     
          59          58   1.00689122686706     
          60          59   1.00252259854691     
          61          60   1.01010069077842     
          62          61  0.959845500690345     
          63          54  0.895739507237363     
          64          55  0.944369878023422     
          65          58  0.968238646369982     
          66          58  0.970251591255592     
          67          59  0.971751008991473     
          68          59  0.974427428031334     
          69          60  0.972359702314159     
          70          60  0.968771331094553     
          71          61  0.959208645165991     
          72          61  0.964404119027003     
          73          62  0.898777509057360     
          74          62  0.885720027524048     
          75          62  0.899830514246022     
          77          76   1.02129439731078     
          78          77  0.933518992337502     
          79          78   1.64385446847319     
          80          77  0.952415625527326     
          81          80   1.01671532173883     
          82          81   1.56861027672261     
          83          81   1.20415055472622     
          84          82   1.20301550325348     
          85          83   1.24416463738471     
          85          84   1.18945045086312     
          86          83   1.33008692804150     
          87          85   1.33475742292316     
          88          86   1.50438972502039     
          89          87   1.49559520327074     
          89          88   1.36440495562155     
          90          76  0.956876928436915     
          91          77  0.958679823441689     
          92          80  0.971008148334491     
          93          80  0.958793934209823     
          94          82  0.968861977362503     
          95          84  0.936723535591735     
          96          86  0.964823766168066     
          97          87  0.964240280789405     
          98          88  0.970074798644109     
          99          89  0.966135789031402     
         100          78   1.28814431331311     
         101         100  0.987667826409380     
         102         101  0.935470767588447     
         103         102   1.62204360997726     
         104         101  0.968668947603763     
         105         104  0.995765972172456     
         106         105  0.971264361514245     
         107         106   1.62867867836761     
         108         106   1.31527517707113     
         109         100  0.886599238895119     
         110         101  0.956890435228552     
         111         104  0.967317112320786     
         112         104  0.975388381212865     
         113         105  0.976541626432617     
         114         105  0.946443804218660     
         115         108  0.897125820882105     
         116         108  0.925435560202285     
         117         102   1.31071002903554     
         118         117  0.986927680632049     
         119         118  0.934734538399864     
         120         119   1.63783200559287     
         121         118  0.954359592057560     
         122         121   1.01316274061156     
         123         122  0.988552059688904     
         124         123   1.00509426675703     
         125         117  0.920805850330045     
         126         118  0.945317724605300     
         127         121  0.971972169008763     
         128         121  0.968605372740626     
         129         122  0.969581911331508     
         130         122  0.967677747784867     
         131         124  0.976513068008480     
         132         124  0.986007554123244     
         133         124  0.981249477035342     
         134         119   1.30293070249844     
         135         134  0.982082982197008     
         136         135  0.941772161570640     
         137         136   1.61764257401447     
         138         135  0.979347577005303     
         139         134  0.894402507029849     
         140         135  0.959305555243641     
         141         138  0.981954250880976     
         142         138  0.981442582153803     
         143         138  0.982993027194076     
         144         136   1.31680999884590     
         145         144  0.991892436365333     
         146         145  0.999990882875229     
         147         146   1.88949109008846     
         148         145  0.924652548348103     
         149         148   1.01803106476498     
         150         144  0.912146340192072     
         151         145  0.918103864593062     
         152         148  0.966858524251571     
         153         148  0.957535852623500     
         154         149  0.882662088202419     
         156         155   1.00918315582453     
         157         156  0.943289340444658     
         158         157   1.67657559431538     
         159         156  0.963370488484958     
         160         159   1.00538627360260     
         161         155   1.01131827089137     
         161         160  0.998550380004182     
         162         156  0.959291895918962     
         163         159  0.976949631649198     
         164         159  0.976372691282278     
         165         160  0.978190796993472     
         166         160  0.979307826064551     
         167         161  0.973694090638288     
         168         161  0.976823833779328     
         169         157   1.23720207443553     
         170         169  0.992612857847427     
         171         170  0.933271418598069     
         172         171   1.58156832180765     
         173         170  0.985187418582850     
         174          22   1.23653006874932     
         174         173  0.970367852902124     
         175         169  0.913227352078654     
         176         170  0.936309703071486     
         177         173  0.957600907628572     
         178         173  0.968453538963449     
         179         171   1.34167304180748     
         180         179  0.983856739933400     
         181         180  0.945284523478387     
         182         181   1.62647841860116     
         183         180  0.942761086344332     
         184         183   1.00941964644741     
         185         183   1.00909467698592     
         186         179  0.903723220668755     
         187         180  0.940825716804980     
         188         183  0.956699459465690     
         189         184  0.978247597499749     
         190         184  0.977642396281275     
         191         184  0.979964384385978     
         192         185  0.979408738701816     
         193         185  0.983003116632060     
         194         185  0.982367642651750     
         195         181   1.30271534392262     
         196         195  0.990809961160947     
         197         196  0.938759862147329     
         198         197   1.60670928658015     
         199         196  0.966412522277589     
         200         199  0.966695767752934     
         201         200   1.63234308366480     
         202         200   1.32032701007882     
         203         195  0.892243811234289     
         204         196  0.948189617379049     
         205         199  0.941422150902168     
         206         199  0.966679189970143     
         207         202  0.917902596360150     
         208         202  0.937206603954520     
         209         197   1.32489963316643     
         210         209  0.975484617071978     
         211         210  0.933869502246611     
         212         211   1.64438827980071     
         213         210  0.974318180045333     
         214         213   1.00152880258913     
         215         214   1.00329749271950     
         216         215   1.01037577160780     
         217         216  0.953763675309352     
         218         209  0.878595683750079     
         219         210  0.951237585421786     
         220         213  0.967626203955512     
         221         213  0.972947235891262     
         222         214  0.965567636377036     
         223         214  0.967864671160421     
         224         215  0.970920640912603     
         225         215  0.968156491915604     
         226         216  0.956222434672947     
         227         216  0.963066347880118     
         228         217  0.896558771073809     
         229         217  0.897950050884291     
         230         217  0.895473600152337     
         231         211   1.28509198159700     
         232         231  0.982442154418024     
         233         232  0.968913964297108     
         234         233   1.90718282088457     
         235         232  0.946863655351639     
         236         235   1.00715365349676     
         237         235   1.00743288052992     
         238         231  0.896672042851822     
         239         232  0.950942250928675     
         240         235  0.956845487436960     
         241         236  0.978488352868364     
         242         236  0.981781983086427     
         243         236  0.985931742241470     
         244         237  0.981856414320059     
         245         237  0.986146316326913     
         246         237  0.982152521235346     
         248         247   1.01876352252410     
         249         248  0.941895848831894     
         250         249   1.61170492609918     
         251         248  0.967489173852273     
         252         251   1.00616583192292     
         253         252   1.00489236080093     
         254         253   1.00771289232973     
         255         254  0.961724494408739     
         256         247  0.958578089980431     
         257         248  0.955209059903637     
         258         251  0.971526389643623     
         259         251  0.975217360583457     
         260         252  0.971553436675816     
         261         252  0.973405895455273     
         262         253  0.968001845034116     
         263         253  0.971129522179440     
         264         254  0.963021928440102     
         265         254  0.963619782614732     
         266         255  0.898841786914759     
         267         255  0.889047895016543     
         268         255  0.894612549136940     
         269         249   1.31083631934736     
         270         269  0.987923630238332     
         271         270  0.946659725768984     
         272         271   1.60333250999506     
         273         270  0.955691443559867     
         274         273  0.995555864649586     
         275         274   1.01000214935604     
         276         274   1.00478724394824     
         277         269  0.898024061270866     
         278         270  0.950365464671790     
         279         273  0.964445055708681     
         280         273  0.971931878395140     
         281         274  0.964008598059853     
         282         275  0.984045576881491     
         283         275  0.979246924868577     
         284         275  0.979888654507195     
         285         276  0.978264002025453     
         286         276  0.983319967672365     
         287         276  0.985235966116987     
         288         271   1.30940419951473     
         289         288  0.991483228809277     
         290         289  0.937245478659075     
         291         290   1.60396922064829     
         292         289  0.965065827922629     
         293         292   1.01224826120567     
         294         293  0.905521382099756     
         295         294   1.50738485532143     
         296         294   1.49585079058790     
         297         288  0.885791030903972     
         298         289  0.952005147641289     
         299         292  0.970227543806804     
         300         292  0.973047553691462     
         301         293  0.961908743795441     
         302         293  0.974938461838770     
         303         290   1.31611621377206     
         304         303  0.975341676447951     
         305         304  0.929467552385968     
         306         305   1.61624175979758     
         307         304  0.963607370086361     
         308         307  0.990928290470632     
         309         307   1.00757524646238     
         310         308   1.01995627255137     
         311         303  0.923939794041012     
         312         304  0.946692750909486     
         313         307  0.965700379785677     
         314         308  0.974810185431936     
         315         308  0.967251667914120     
         316         309  0.981228240336753     
         317         309  0.986019245804189     
         318         309  0.980771664172517     
         319         310  0.982560937826912     
         320         310  0.983375091855882     
         321         310  0.983415639506057     
         322         305   1.31424763292200     
         323         322  0.993293929638342     
         324         323  0.979241923492187     
         325         324   1.89499118982076     
         326         323  0.951458847477039     
         327         326  0.990910563354959     
         328         327   1.00438705750408     
         329         327   1.01018158413040     
         330         322  0.855059050206466     
         331         323  0.933964517875637     
         332         326  0.972185119444602     
         333         326  0.970340883233460     
         334         327  0.968113489315959     
         335         328  0.977930384708003     
         336         328  0.985609639027654     
         337         328  0.985230244823811     
         338         329  0.983031417149042     
         339         329  0.986476955778917     
         340         329  0.982201189076857     
         342         341   1.02726902574465     
         343         342  0.940789499356005     
         344         343   1.63145399313985     
         345         342  0.942215228417472     
         346         345   1.01341561084778     
         347         346   1.40939261161058     
         348         346   1.39580674092726     
         349         347   1.44572432676557     
         350         348   1.46554823249359     
         351         349   1.37465875605243     
         351         350   1.35849450246484     
         352         351   1.06828766049820     
         353         341  0.957216546293963     
         354         342  0.954107150001472     
         355         345  0.971448836101142     
         356         345  0.966192235141505     
         357         347  0.966556275157124     
         358         348  0.961045900202819     
         359         349  0.966479081952553     
         360         350  0.964315436020086     
         361         352  0.872043808074192     
         362         343   1.29991362932093     
         363         362  0.976329678185631     
         364         363  0.937740217487628     
         365         364   1.60283345821606     
         366         363  0.972339492524537     
         367         366  0.995109055318272     
         368         367   1.00975860090270     
         369         367   1.00755302256937     
         370         362  0.895825173188726     
         371         363  0.954018275301528     
         372         366  0.970579784830968     
         373         366  0.966054890314295     
         374         367  0.969385872525878     
         375         368  0.984734644698901     
         376         368  0.984673006176410     
         377         368  0.985902250005026     
         378         369  0.985495906111743     
         379         369  0.986014827405927     
         380         369  0.985690194025302     
         381         364   1.32360816798517     
         382         381  0.974609846206007     
         383         382  0.935364074869203     
         384         383   1.62021841977273     
         385         382  0.956643956275138     
         386         385  0.993539430313294     
         387         385   1.00872780007181     
         388         386   1.01894095272203     
         389         381  0.925786252391528     
         390         382  0.945417391504884     
         391         385  0.965785511525591     
         392         386  0.973565573103918     
         393         386  0.975472964936341     
         394         387  0.979735914958864     
         395         387  0.984744321092665     
         396         387  0.978467599476895     
         397         388  0.984121251111839     
         398         388  0.987541770384140     
         399         388  0.982043786040677     
         400         383   1.31676306133616     
         401         400  0.993030485836008     
         402         401  0.998534626525427     
         403         402   1.86936840698435     
         404         401  0.925883267006732     
         405         404   1.01111986444674     
         406         405   1.39910928511182     
         407         405   1.41288329973476     
         408         406   1.46298404990637     
         409         407   1.44648915167082     
         410         408   1.36004391981756     
         410         409   1.37466535573137     
         411         410   1.07614532217225     
         412         400  0.883487927242684     
         413         401  0.933075507516514     
         414         404  0.968815319029721     
         415         404  0.965734430591348     
         416         406  0.966805050314430     
         417         407  0.969010138513857     
         418         408  0.964958092010793     
         419         409  0.965448349401270     
         420         411  0.871683386052459     
         422         421   1.02636398703051     
         423         422  0.995853392654841     
         424         423   1.87133643671979     
         425         422  0.941742740669447     
         426         425  0.990651327278044     
         427         426   1.00550556489364     
         428         426   1.00945631397617     
         429         421  0.955293031895476     
         430         422  0.939755526036226     
         431         425  0.971982754946926     
         432         425  0.972030025102321     
         433         426  0.959973188082703     
         434         427  0.983412780367975     
         435         427  0.983415459161224     
         436         427  0.981752208786341     
         437         428  0.984083484343837     
         438         428  0.985686073779330     
         439         428  0.984950748394923     
         441         440   1.02384836437571     
         442         441  0.947270614452434     
         443         442   1.63701995290869     
         444         441  0.935156006392009     
         445         444  0.998450205128560     
         446         444  0.998887934527809     
         447         440  0.950285447263560     
         448         441  0.947520483951652     
         449         444  0.959228681509064     
         450         445  0.874515993257816     
         451         446  0.981102674143164     
         452         446  0.982921468091903     
         453         446  0.980144264495792     
         454         442   1.29695148997095     
         455         454  0.980798320627157     
         456         455  0.989557864507422     
         457         456   1.87367101414956     
         458         455  0.928579691708559     
         459         458  0.993175585058776     
         460         458   1.00772087124872     
         461         459   1.02090547290068     
         462         454  0.897236041725127     
         463         455  0.948827835049856     
         464         458  0.959971254267463     
         465         459  0.976085958147854     
         466         459  0.969924085627914     
         467         460  0.980921705262654     
         468         460  0.981008416257062     
         469         460  0.983110524427590     
         470         461  0.984347893877795     
         471         461  0.984486054592122     
         472         461  0.980476660935528     
         474         473   1.02461809219507     
         475         474  0.953566452969344     
         476         475   1.62019393662933     
         477         474  0.948056276997921     
         478         477   1.02078704628921     
         479         478   1.58056540734161     
         480         478   1.20425818879015     
         481         479   1.19767552703315     
         482         480   1.24411630090415     
         482         481   1.18574134988243     
         483         480   1.33277838876186     
         484         482   1.33543156753391     
         485         483   1.50324320987949     
         486         484   1.48859898407071     
         486         485   1.36955510656313     
         487         473  0.949468851189569     
         488         474  0.949012907457159     
         489         477  0.966688787418396     
         490         477  0.968986107489479     
         491         479  0.969734888464642     
         492         481  0.934704140602074     
         493         483  0.962097636420262     
         494         484  0.966864456860680     
         495         485  0.963310863992664     
         496         486  0.964160290595588     
         497         475   1.30397816515493     
         498         497   1.00556263322575     
         499         498  0.963580410723699     
         500         499   1.59672140380648     
         501         497  0.887427395188194     
         502         498  0.942285479949240     
         503         498  0.938122198791387     
         504         499   1.31944652643880     
         505         504  0.987530377947159     
         506         505  0.949623155769792     
         507         506   1.61360716322725     
         508         505  0.941389151230551     
         509         508  0.997305284025118     
         510         508   1.01106639252923     
         511         509   1.01720687545027     
         512         504  0.889042051822237     
         513         505  0.941448845507661     
         514         508  0.954463539999034     
         515         509  0.969333161907956     
         516         509  0.973287852523170     
         517         510  0.976113885177802     
         518         510  0.979321625877644     
         519         510  0.984993383771966     
         520         511  0.982646937609154     
         521         511  0.984731322127198     
         522         511  0.983506169546428     
         523         506   1.30990868126616     
         524         523  0.983359073398409     
         525         524  0.987569563936214     
         526         525   1.87398082267356     
         527         524  0.925848406445105     
         528         527  0.994721698420083     
         529         527   1.01270805527717     
         530         528   1.01886220232989     
         531         523  0.901474162931481     
         532         524  0.943778201442408     
         533         527  0.959807586313558     
         534         528  0.974311258024600     
         535         528  0.971256491890671     
         536         529  0.977054332568640     
         537         529  0.978718106722264     
         538         529  0.981577883305300     
         539         530  0.984179093546208     
         540         530  0.982669924409393     
         541         530  0.984170458705216     
         543         542   1.00813645763949     
         544         543  0.974372938847995     
         545         544   1.89807927598409     
         546         543  0.961184182844276     
         547         546  0.993488471058419     
         548         547   1.00854996852026     
         549         547   1.00859381156378     
         550         542  0.926101884727315     
         551         543  0.963064385145738     
         552         546  0.971804517765696     
         553         546  0.970311138971569     
         554         547  0.967288723121503     
         555         548  0.983044996341912     
         556         548  0.984992214155721     
         557         548  0.984493804502838     
         558         549  0.985178743047675     
         559         549  0.985634636290620     
         560         549  0.985657667151276     
         562         561   1.02118815571067     
         563         562  0.947682437296432     
         564         563   1.61040921190195     
         565         562  0.979816519171373     
         566         561  0.947907779098490     
         567         562  0.953325647625728     
         568         565  0.980558262047356     
         569         565  0.977288410179231     
         570         565  0.984490332826988     
         571         563   1.28633352300348     
         572         571  0.988831480555058     
         573         572  0.849542883627158     
         574         573   1.52026871230975     
         575         572  0.971765859813388     
         576         575  0.971168046281069     
         577         576   1.64088626448826     
         578         576   1.29578970397810     
         579         573   1.51860669886193     
         580         571  0.925324559504192     
         581         572  0.953437017576836     
         582         575  0.972374212019846     
         583         575  0.957967377898119     
         584         578  0.925575624293364     
         585         578  0.925875828526135     
         586         561  0.950026973399286     
         587          56  0.952439873809782     
         588          76  0.954963972336915     
         589         146  0.951315375277032     
         590         155  0.956100338647028     
         591         233  0.950551655976763     
         592         247  0.953610811943982     
         593         324  0.950987555080526     
         594         341  0.951556215764765     
         595         402  0.951123030441091     
         596         421  0.942748032582628     
         597         423  0.957260049308257     
         598         440  0.953225742796155     
         599         456  0.952342168445527     
         600         473  0.953712073706573     
         601         525  0.952961793645179     
         602         542  0.952576787863159     
         603         544  0.955775938120803     
