   -0.41434867
    0.02389705
    0.18871515
   -0.37244245
   -0.07548333
   -0.12447099
    0.35135138
   -0.66770631
   -0.64732391
    0.18454737
    0.07282727
    0.05859766
    0.05080436
    0.06047548
    0.04470442
   -0.42001278
    0.02086796
    0.25194764
   -0.50590060
   -0.14622835
    0.17559576
    0.06071036
    0.06322380
    0.05971195
    0.05823866
   -0.16368679
    0.00141517
    0.20327333
   -0.35441132
   -0.10300673
   -0.10332854
   -0.12155516
   -0.08211263
   -0.14142655
    0.21533820
    0.12277969
    0.08120315
    0.08590999
    0.08930858
    0.07888618
    0.08569010
    0.09262108
    0.13807773
    0.12836352
    0.29755166
    0.28709122
    0.28984126
   -0.42593295
    0.01489846
    0.25927671
   -0.51142284
   -0.10974308
   -0.09842402
   -0.12399907
   -0.07434134
   -0.12910231
    0.19884787
    0.06223309
    0.08223223
    0.07187229
    0.06977663
    0.06757646
    0.09522947
    0.08755192
    0.12202915
    0.12643209
    0.27926018
    0.29376288
    0.27814125
   -0.17556328
    0.00590462
    0.19573940
   -0.36061833
   -0.10550770
   -0.11329942
   -0.11746005
   -0.07596852
   -0.14542682
    0.23080806
    0.11422179
    0.09560961
    0.07972248
    0.09197740
    0.09408895
    0.08750277
    0.07843103
    0.12559081
    0.13617111
    0.25785904
    0.28247353
    0.29256711
   -0.40701361
    0.03254653
    0.19749352
   -0.39643052
   -0.09710487
   -0.00381411
   -0.04053175
   -0.06565493
   -0.06476657
   -0.10038150
    0.13357301
   -0.47423036
    0.19791526
    0.07404183
    0.09146261
    0.08223790
    0.05883442
    0.07936375
    0.06117534
    0.06047340
    0.33715955
   -0.41470851
    0.03688978
    0.25881018
   -0.49390160
   -0.10855199
    0.37301033
   -0.66559731
   -0.65741417
    0.17721564
    0.03763230
    0.05395534
    0.04696308
   -0.17005252
   -0.03924448
    0.20402018
   -0.35460693
    0.22125237
    0.11824836
    0.12622679
   -0.40473436
    0.03735726
    0.25934659
   -0.48185224
    0.00136717
   -0.37078301
    0.17909652
    0.05194851
    0.07650159
    0.05668962
    0.21499493
   -0.18507149
    0.00350514
    0.28086736
   -0.48661680
   -0.03568333
   -0.16845893
   -0.15835375
    0.22238442
    0.08880911
    0.06681323
    0.07978439
    0.05054780
    0.07009798
    0.08315627
    0.07010622
    0.05809678
   -0.17999602
    0.02586114
    0.18736664
   -0.33390186
   -0.12233693
    0.28495180
   -0.52134354
   -0.29185735
    0.22249604
    0.10894606
    0.11909535
    0.10394858
    0.22062787
    0.22898953
   -0.42803009
    0.02528122
    0.26402753
   -0.51406463
   -0.06414361
   -0.10460258
    0.35380755
   -0.62570719
   -0.66268972
    0.18005610
    0.07026130
    0.03833728
    0.05847786
    0.02947121
    0.01147463
   -0.20266085
    0.00304156
    0.27088452
   -0.46719172
    0.09847851
   -0.50085058
   -0.17085439
    0.25870691
    0.08491867
    0.06536639
    0.34683215
    0.08544267
    0.06508823
    0.06646452
   -0.20048946
    0.00278100
    0.27394994
   -0.45593609
   -0.07397009
   -0.08697821
    0.22644250
    0.10292060
    0.10089336
    0.10486207
   -0.18813379
   -0.00163449
    0.27070006
   -0.47686275
   -0.08704515
   -0.13354286
    0.35616999
   -0.63828359
   -0.63397693
    0.21268519
    0.10982581
    0.06385328
    0.06505277
    0.06297193
    0.06981263
   -0.18239249
    0.00367785
    0.26626427
   -0.48375788
   -0.09267509
   -0.13692820
    0.27103451
   -0.52162074
   -0.26898588
    0.21871086
    0.11416185
    0.07343415
    0.07590204
    0.10692654
    0.11678344
    0.24750350
    0.21939882
   -0.17908142
    0.01235432
    0.26495716
   -0.49407737
   -0.11279008
   -0.09776746
   -0.03294430
   -0.16372883
    0.21487354
   -0.24864555
   -0.23545722
    0.22309801
    0.08944971
    0.09250450
    0.07899773
    0.06628731
    0.08525232
    0.07213520
    0.10641567
    0.23562401
    0.24194430
    0.24642465
    0.24545234
    0.25006791
   -0.17698966
    0.00432852
    0.25859845
   -0.48824212
   -0.16758349
    0.22840282
    0.09802964
    0.09523840
    0.08125164
    0.08561774
   -0.18679635
    0.00913670
    0.26460853
   -0.48632077
   -0.17113761
    0.22201062
    0.11695614
    0.10437437
    0.09247405
    0.07212854
   -0.18677990
    0.00712744
    0.26248243
   -0.50623389
   -0.09522686
   -0.10896897
   -0.03743916
   -0.12970039
    0.23703394
   -0.25187778
   -0.26815754
    0.21884141
    0.11191985
    0.07326603
    0.07545635
    0.08090230
    0.10025810
    0.09531268
    0.07942671
    0.23439190
    0.23592140
    0.22496908
    0.25169690
    0.24066468
   -0.17124453
    0.00532164
    0.26214020
   -0.46788422
   -0.05224502
   -0.09057966
   -0.15620451
   -0.14506558
    0.22872343
    0.07304528
    0.09847426
    0.04468959
    0.05228812
    0.07561614
    0.07310656
    0.04918230
    0.04555609
    0.06274851
    0.05607265
   -0.16077762
    0.00456581
    0.19469001
   -0.35882222
    0.06477059
   -0.50008229
    0.21494026
    0.14147435
    0.07626242
    0.06287017
    0.34059080
   -0.41988887
    0.01951110
    0.19480207
   -0.38589562
   -0.03632326
   -0.09889480
   -0.15337455
   -0.16139819
    0.19324201
    0.06694660
    0.06395543
    0.06612961
    0.04797899
    0.07697478
    0.04545480
    0.06306214
    0.05735416
    0.05464391
    0.07020709
   -0.42329727
    0.03035947
    0.27139824
   -0.50974473
   -0.10055007
    0.00297340
   -0.06063395
   -0.05776866
   -0.05515631
   -0.05715980
   -0.06488932
    0.18715277
    0.04829766
    0.06550730
    0.09139325
    0.04733820
    0.06903562
    0.03982795
    0.06956305
    0.05277801
   -0.18658820
   -0.00088793
    0.19421807
   -0.34935027
    0.09756170
   -0.46484368
   -0.16326362
    0.23793885
    0.10940019
    0.06386411
    0.32096470
    0.08752588
    0.06673025
    0.08368796
   -0.41542742
    0.03095463
    0.26356875
   -0.51329061
   -0.04342127
   -0.12169749
    0.19012424
    0.05867401
    0.08314342
    0.07731462
   -0.17111922
    0.00650125
    0.20194097
   -0.36214203
   -0.02945957
   -0.15501338
   -0.16798431
    0.23625915
    0.10354838
    0.07077041
    0.07807779
    0.04734609
    0.06431755
    0.08140708
    0.06707012
    0.06614759
   -0.41031460
    0.02283345
    0.19513091
   -0.37689444
    0.06182546
   -0.47850193
    0.20035333
    0.07023994
    0.06664467
    0.05628385
    0.32596703
   -0.41091226
    0.03870208
    0.19110907
   -0.37058236
   -0.10454851
    0.36978121
   -0.64892416
   -0.65608672
    0.17139167
    0.07587459
    0.03965406
    0.04555112
   -0.41892427
    0.02570416
    0.20020979
   -0.38325332
   -0.08859340
   -0.12402429
    0.27626440
   -0.50968128
   -0.29981002
    0.19448356
    0.07483806
    0.07368919
    0.06156628
    0.08998902
    0.09151802
    0.24251849
    0.23398056
    0.18924265
    0.08272947
    0.18184294
    0.07471129
    0.16752629
    0.06986329
    0.17584017
    0.07398017
    0.17570868
    0.07386559
    0.18889497
    0.09122522
    0.16100374
    0.08921079
    0.17321364
    0.07528080
    0.17730971
    0.07896144
    0.17490794
    0.06792088
    0.17824502
    0.08216627
    0.18150102
    0.07762755
    0.18877818
    0.07147663
