$grad                                                                           
  cycle =      1    SCF energy =  -335.81643800407   |dE/dxyz| =  0.456341
   38.92984989302073     95.31717702986710      5.03878796757064      n 
   37.33759457955544     96.70904049996403      6.80776441432876      c 
   38.14824881307258     96.38454182195963      9.56287252479443      c 
   36.71851105242127     97.09436641041606     11.29081355423323      o 
   34.53145870705026     96.18973725855115      6.43381221728991      c 
   34.03413277036886     93.54206073783293      6.27882851693211      o 
   33.52435347051761     97.39845138848182      4.00504745801057      c 
   38.61644737398580     93.43410459606673      4.85222274857389      h 
   37.66158627942554     98.71898502800367      6.38897484275874      h 
   33.53558702598067     96.98459038867242      8.07956285290868      h 
   34.77758047804247     92.65662067829598      7.71105440566361      h 
   31.54421039124017     96.93105783872876      3.77624465628020      h 
   33.74937325746009     99.43408245811621      4.07588580998360      h 
   34.52427251428000     96.62825652126473      2.38924126992910      h 
   40.42982471223348     95.42709184669047     10.05772987845321      n 
   41.29737527704800     95.14785923567464     12.66588385562902      c 
   40.90817718244356     97.55312238889479     14.23166824742242      c 
   40.10761975467351     97.46295509977131     16.43803046109729      o 
   44.14429000029216     94.48437209943602     12.64608985673345      c 
   45.06223933375369     93.95285674218125     15.33154940274644      c 
   44.60747172960532     91.63686321914136     16.49554731698032      c 
   46.32202473326235     95.83963751919349     16.65539408193769      c 
   45.47371525620735     91.20305094232508     18.92455020157140      c 
   47.22603847508490     95.36231768840560     19.06302682753223      c 
   46.79606164690448     93.05287059500630     20.19289468202016      c 
   41.65806397255241     94.94734871506006      8.65139041575596      h 
   40.21929584408068     93.65360796663863     13.61200567613204      h 
   44.40184512199183     92.83645826617720     11.43737275313002      h 
   45.17581580187328     96.07271382447539     11.84431919126684      h 
   43.55543639044505     90.18804591678790     15.51702811511591      h 
   46.60391570529694     97.67874903940506     15.81815309694147      h 
   45.09058790904961     89.40765214041889     19.80564119629782      h 
   48.19682824201478     96.83813805642367     20.08389048369161      h 
   47.45787688477015     92.76667187286166     22.09949139537855      h 
   41.64522990916125     99.78097628307007     13.16078807732592      n 
   41.52126041394901    102.03035762080933     14.74028777030215      c 
   38.85157353095634    103.09800391649483     14.91361028438751      c 
   38.38144677947802    104.91216335429833     16.30723100270787      o 
   43.22437330564809    104.16936427313600     13.70848042204232      c 
   46.07972792481673    103.43858478385863     13.88944300932357      c 
   46.76336315320881    102.25452457254116     15.83923850771668      o 
   47.43801565811804    104.13081759938061     12.10994403047478      o 
   42.35096476764705     99.94126963070939     11.37495686757213      h 
   42.11688694465064    101.54570336091163     16.66719766227294      h 
   42.72947260356577    104.58261969080078     11.75942231814723      h 
   42.96162039086865    105.86676642832310     14.84187110647952      h 
   37.06220545606968    102.01262558655677     13.51280427942047      n 
   34.39671763314244    102.56822242626224     13.89089398833956      c 
   33.15541614732274    100.76276732205010     15.71893731601392      c 
   31.10211234549270    101.35005275358961     16.61696789295141      o 
   32.97483541753098    102.59437833213015     11.30148999675459      c 
   34.13146835712480    104.65321074888971      9.73999691332163      c 
   35.81193787597751    104.55147870280746      7.79405427757799      c 
   33.46197902797260    107.28408134714634     10.01240630842678      c 
   36.28097553795112    106.88618573254641      6.78306026755572      n 
   34.91159762722987    108.59774496961568      8.17679768873666      c 
   31.98882223472717    108.65822979543755     11.72796344064369      c 
   34.76975242209010    111.20668450001047      7.92750061293261      c 
   31.92593080454743    111.26497754911087     11.49847162536803      c 
   33.26427594810102    112.52877183063384      9.59539290199280      c 
   37.45424408203028    100.43674489092749     12.49598104234487      h 
   34.29148038145102    104.46343967917292     14.71476300587822      h 
   33.21290741348183    100.75207090947181     10.41316084425094      h 
   30.98963361312994    102.97586239665704     11.66683776132028      h 
   36.73459395553014    102.91015819406148      7.03573498282976      h 
   37.60111763513799    107.35515504747880      5.47157514516024      h 
   30.92214587149872    107.70985699272113     13.18398413510815      h 
   35.82934222286877    112.15449388736018      6.46678889451901      h 
   30.78265680237281    112.35090005360397     12.79382644503658      h 
   33.12774614672595    114.55693863753707      9.45813425883040      h 
   34.25529399430354     98.56186150515992     16.19650225276120      n 
   33.22910696616102     96.81123154762925     18.07851218077663      c 
   34.40586150980864     97.30639115860723     20.66302166366711      c 
   33.08689389014940     96.91405069541348     22.57128008750792      o 
   33.76877915294395     94.10848390556315     17.26784457234614      c 
   33.06789770936113     92.23149822481035     19.33826055205018      c 
   32.42444688855300     93.64064632482507     14.76332359463065      c 
   35.96694701563707     98.14228582894889     15.46697025907727      h 
   31.20067776948692     97.15397065682680     18.24014075302480      h 
   35.82109640217723     93.98146703960786     16.98354929008098      h 
   33.33329582529680     90.31509161788246     18.64622900708167      h 
   34.24347872506842     92.49808875177290     21.00032652706959      h 
   31.10647600408982     92.47246284411391     19.90366089105945      h 
   32.60138270038286     91.67099825018936     14.20997254265990      h 
   30.42341994363099     94.05738056261148     14.96334164982826      h 
   33.21172110097853     94.85512502162319     13.30832487624279      h 
   36.78332870747319     98.07160043403982     20.76433147694215      n 
   37.96333019298675     98.61377765968251     23.28690732194350      c 
   38.87798045290155    101.40100329311204     23.67186281228335      c 
   39.98547066194795    102.33817886108712     21.80713164942122      o 
   40.38609560433493     97.01656425807111     23.44610775886326      c 
   39.70878493796200     94.29544951874917     23.70412771195044      c 
   38.63239378029963     93.43589465144440     25.93910543416019      c 
   39.95012459303334     92.65313672341100     21.65573770611383      c 
   37.91116356001390     90.90311364947920     26.13321514533712      c 
   39.21395144757354     90.13957360677215     21.83909973191214      c 
   38.19487740705261     89.27086323361667     24.08703632125084      c 
   37.39920275693630     86.83563702510574     24.40211198644477      o 
   38.57333167472087    102.51435624009997     25.74111806977496      o 
   37.85438905594697     98.36616326427179     19.22064448838939      h 
   36.59739754898009     98.12551057466075     24.74498730198648      h 
   41.50381885854279     97.37172849358645     21.74635043009974      h 
   41.46432207933501     97.67516110423944     25.08242843995224      h 
   38.35922873594379     94.73488963622512     27.48499075130326      h 
   40.71033677599828     93.37594515852780     19.90572365033222      h 
   37.02017322872113     90.21528200814980     27.82611108024559      h 
   39.39506401956879     88.90573123569219     20.22806631354492      h 
   37.28968269120257     85.97281656169429     22.73701050438184      h 
   51.69079389276856    100.56679523511650     16.26095065763030      o 
   52.55792419953949    101.61373629093586     15.05709362586745      h 
   49.93444009801178    101.12896030339625     16.20081128051497      h 
   26.32772089091659     99.34328753204551     17.24668078518718      o 
   27.93848176544850    100.17863635561362     16.96739106268474      h 
   26.07800102067878     99.26155159482856     19.04390884578072      h 
   45.40088678961753    102.34839007027628     21.07326591849393      o 
   45.80215134546787    102.31707537319349     19.27693561208583      h 
   43.57446892710394    102.29361928723091     21.22108362517316      h 
   43.05457466993196    100.88757395206287      8.29389310927684      o 
   43.54550906968300    102.63367525278770      8.00383225103059      h 
   42.16627986225259    100.37389874122709      6.77073351092222      h 
   44.47477317317075    105.91217147577355      7.57880202939937      o 
   45.76971849413938    105.63180139789077      8.84904276404470      h 
   43.77530985911980    107.55292630393831      7.91769329184705      h 
   39.67197949265621    108.75178078646086      3.05685832097169      o 
   40.94288562456369    107.93463848635521      2.01577109927210      h 
   39.22648167761404    110.26198415253143      2.12118663715822      h 
   39.30814927081334    110.34867246638679     13.16107977013223      o 
   38.89313079420684    111.84502971027138     14.14421877916674      h 
   37.80109870178473    109.95588986476858     12.22507400809324      h 
   41.63607425118759    107.45160548395448     19.33831847876456      o 
   40.64478931974515    106.64272004318553     18.00705922454038      h 
   41.90073205772296    106.12719929972049     20.56074817916401      h 
   32.47503089229496    116.36982142713390      3.36538333412135      o 
   30.78538653909656    116.77143580149306      2.82900300137614      h 
   32.76961999028455    117.41008212352135      4.85848207876506      h 
   38.15627046370058    118.71552393955855      6.57771956243925      o 
   36.38852751760346    119.13106621248238      6.81236381056888      h 
   38.23579612472388    116.90650695742292      6.44445248554331      h 
   38.75635685195543    112.08403949822032     -0.54519125519490      o 
   39.50382064981402    111.20875505175715     -1.95328767094036      h 
   37.03439704155088    112.46877854142865     -1.03087994219555      h 
   36.91191501369504    114.21439888611239     15.83125779913521      o 
   35.73315771751039    115.17519703340994     14.79586593913730      h 
   35.91251103307047    113.00603321144224     16.74971747160866      h 
   43.32571744220453    106.65098196056270      0.12549424837341      o 
   44.79499563000874    107.41593433077605      0.86999354715280      h 
   43.16159657351867    105.00947618119494      0.89130237606960      h 
   24.34871808040278    101.74823536559376      4.84625364910805      n 
   24.06682604105097     98.98962679386489      4.68360309416924      c 
   21.75353342998904     98.09349223868766      3.21734801737323      c 
   21.21366495491511     95.82260699543288      3.14367543363447      o 
   24.07493084472300     97.94474988740068      7.39881016958287      c 
   26.82171555935718     97.98396240533843      8.36911877090108      c 
   26.97411527566396     97.22801284185945     11.16926848160482      c 
   26.37173019490671     94.54164153142182     11.35363141303540      n 
   25.10538347396107     93.48675446957037     13.27283476636921      c 
   24.35827464430350     94.82662859265722     15.28121747219448      n 
   24.51856656387691     91.04850181071652     13.12364023881147      n 
   23.75900171598455    102.57963948167388      6.46398566181774      h 
   25.69469527148616     98.25423257095363      3.63233519369294      h 
   22.87339747346664     99.12156179764791      8.57903536633453      h 
   23.34737823068966     96.02328556748641      7.37427630507025      h 
   27.96460016214605     96.70449266546338      7.23491196144747      h 
   27.55782327570160     99.89468298240934      8.16715742622803      h 
   28.87593109877776     97.59393383192619     11.89510104648110      h 
   25.62338434837506     98.34307378627722     12.24587411276894      h 
   27.16965590717183     93.38434040230678     10.03479201676202      h 
   24.95842729126343     96.60733940097880     15.65083951868982      h 
   23.27703039544821     93.90999643692173     16.56211484163171      h 
   25.06236996578425     89.96212454083911     11.63447842902395      h 
   23.47317045520815     90.27224074084363     14.51867691820317      h 
   28.67130066813529    104.04689228388236     27.07091424601276      n 
   27.99993380308897    103.83091953762337     24.42251700233680      c 
   25.50423065137002    102.30965507701522     24.40493084547889      c 
   25.45361037301565    100.14448345569498     23.58988191726153      o 
   29.97021200514172    102.38581981262763     22.90288976003995      c 
   32.52090524846061    103.77934957182401     22.65537837774813      c 
   32.41802848123142    106.08011441629219     20.92843733194431      c 
   34.84764869261389    107.34620424694744     20.62065009010402      n 
   35.72397978590388    109.08769629197596     22.21796798278898      c 
   34.37572615516396    109.96371339785085     24.13202883812506      n 
   37.88131814772238    110.26916346651026     21.63387633682521      n 
   28.32254787441169    102.50780459576060     28.15807578598521      h 
   27.69527259655867    105.72958747736061     23.66643294139283      h 
   30.32387194774772    100.57112432646862     23.80640536046466      h 
   29.21635927363924    102.03759910129170     21.01615465411345      h 
   33.20447910497893    104.30419399408811     24.53379435975764      h 
   33.91134170977038    102.44719117994602     21.90361818268608      h 
   31.80362918296981    105.45050286533477     19.05991078282540      h 
   31.05451219880462    107.45919249534646     21.63355706498046      h 
   36.09980743163453    106.55071987787231     19.41030284880344      h 
   32.73401224591548    109.17127508237978     24.72891778815288      h 
   35.10526301111276    111.33695548085343     25.22615709469451      h 
   39.18332760084967    109.39634469572636     20.48320834194576      h 
   38.66381548575991    111.39629046663873     22.95405090233847      h 
   34.26530929390277    106.30595534112710     -2.61258072805320      n 
   36.36545555018748    104.81713018582847     -1.77229577684423      c 
   37.01691507378832    102.64058174665330     -3.53320777238236      c 
   39.15481154348922    101.68604699396948     -3.51516864802543      o 
   35.85896035630859    103.68423539325934      0.88143336393556      c 
   32.78646208342361    106.58308359414386     -1.40231638468365      h 
   38.07314006501338    105.99446107245804     -1.66371679293249      h 
   37.45720100387534    102.53173440880661      1.45690845181065      h 
   35.57935136555187    105.19952706452278      2.23289781953215      h 
   34.17084209854369    102.51615392619102      0.80832029705887      h 
   38.73767642660987     95.95933403997746      3.47569305491321      h 
   30.33845153228996    104.35281241790322     27.21085294764934      h 
   23.91535195673374    103.09328342812766     25.06254415467513      h 
   25.99096944264007    102.16138091175725      4.68850957371071      h 
   20.66643729040813     99.34521053833645      2.31043708170680      h 
   34.80070096738473    107.87140894357404     -3.00662735772130      h 
   35.71316892282938    101.96475834543608     -4.72256594718375      h 
  -0.2344831973940D-01   0.4787063824750D-01  -0.1195643516466D+00
  -0.1696264613156D-01   0.6045027947790D-02   0.6508455598293D-02
   0.7551042023219D-02  -0.4757329110508D-02  -0.1039769662023D-01
  -0.1038115894412D-01   0.4148937704091D-02   0.1127331230603D-01
   0.1670944975944D-01   0.8010241502932D-02  -0.2620794553789D-02
  -0.5110810926328D-02  -0.2696174620715D-02  -0.4748037722019D-02
  -0.1303147936598D-02   0.3312250935621D-02  -0.3682679299388D-02
   0.6478019509207D-02   0.1141227960490D-03  -0.1200132960900D-01
   0.3885528864389D-03   0.4544244646639D-03  -0.2600351177818D-02
   0.1833300082369D-02   0.2524601659390D-03   0.5097766917191D-03
   0.3984648091351D-02  -0.6137802909462D-02   0.5285163238999D-02
   0.1283278211392D-02   0.2488012598853D-03  -0.9000777831482D-03
  -0.1181469969580D-03   0.2002698661496D-04  -0.5051425399853D-03
  -0.1128565080487D-02  -0.8077714786904D-03   0.1526231790330D-02
  -0.5058246651191D-04   0.5129903857401D-03  -0.1098244216935D-02
  -0.5605216966303D-02  -0.4665099448132D-02   0.6331941378470D-02
  -0.8829600268424D-02  -0.1779672894083D-01  -0.6372239259654D-02
  -0.2077306250309D-02   0.3070369272344D-02   0.2226465606335D-01
   0.7143860723666D-02   0.1929445891849D-02  -0.1087402981362D-01
   0.2978081402478D-02  -0.2793976323679D-02   0.1098365534119D-01
  -0.1166253690819D-02  -0.5008552717317D-02   0.2552838074984D-02
  -0.3795283451260D-03   0.4408588789027D-02   0.5150355206897D-03
   0.3207962804033D-02   0.4661258867338D-02   0.3907345047313D-02
   0.2718939145590D-02  -0.5738633227015D-02   0.1124706506543D-02
  -0.1505882689749D-02  -0.1102485965851D-02  -0.5212165849377D-02
   0.7747559524864D-02  -0.3250775547327D-02  -0.2447918994023D-02
   0.2284009512263D-03   0.5247839866054D-03  -0.3539044187683D-04
  -0.1107298953705D-02   0.1832945617589D-02  -0.2148669681105D-02
  -0.1861426846494D-02  -0.9629536100593D-03  -0.1145133399756D-02
  -0.1204558089246D-02  -0.2808418234669D-04   0.8836544928209D-03
  -0.1081253860203D-02  -0.1137755561638D-03   0.3898011182688D-04
  -0.6481388909968D-03   0.6490141038351D-03  -0.1988715127776D-02
  -0.6919201287824D-03  -0.1019454069148D-02   0.7614424179835D-03
  -0.4143428605745D-03   0.2757342319528D-02  -0.5737434950019D-03
   0.1191025967676D-01   0.1694565544490D-01  -0.2064842265014D-01
  -0.2166462067733D-02  -0.1049208204227D-01   0.1446033962167D-01
   0.2674126778997D-02  -0.4443043789747D-02  -0.9922195315996D-02
   0.5009135289266D-03   0.5626258211854D-02   0.2990570555103D-02
  -0.2331641472261D-03   0.1470429557565D-01  -0.5375513194412D-02
   0.4897708075651D-02   0.1079056325757D-02  -0.8425076945795D-02
   0.1822714573741D-02  -0.4626525711843D-02   0.8943150201333D-02
  -0.2388188515082D-02  -0.3532802017079D-03   0.2811925215715D-02
   0.7981602999129D-04  -0.8328447638966D-05  -0.2050746700191D-03
   0.7540626908730D-04   0.6104828320385D-04   0.2366796404945D-03
  -0.1038782919130D-03   0.2391792213104D-05  -0.1685042579734D-04
  -0.6854839595433D-04  -0.5793169043397D-04  -0.9999720556624D-05
   0.6246384564461D-02   0.2385190323485D-03  -0.3517967238869D-03
  -0.6515096525198D-02  -0.2690224932621D-03   0.1165981334861D-01
   0.4477125737479D-02  -0.1283389312273D-02  -0.7271853027163D-03
   0.7214697629843D-02  -0.3019858575486D-02  -0.3820012264725D-02
  -0.1678097838878D-01  -0.1657524737856D-02  -0.6798757950461D-02
   0.1612355537003D-01  -0.1073032936100D-01   0.1142173706892D-02
  -0.4852083523525D-02   0.4267055883102D-02   0.4676272991952D-02
  -0.1054798249657D-01   0.3396467296194D-02  -0.2403449131753D-02
   0.1084342190618D-01  -0.1232800993882D-02  -0.1588668966427D-01
  -0.5395903051359D-03   0.1074799909709D-02   0.5569466422974D-02
  -0.2396329492539D-02  -0.3972255408596D-02   0.6075723191277D-02
  -0.3869899034392D-03  -0.3026623457337D-02   0.7270888104051D-03
   0.1087168524653D-02   0.5328738903284D-02   0.1075754535120D-02
  -0.3251297824082D-03   0.5503463970077D-02  -0.2506520029622D-02
   0.1925670616122D-06  -0.3816170769937D-04  -0.2273594720908D-04
  -0.6822387720950D-04   0.1271272382406D-03   0.6795360411009D-04
   0.9986946835278D-07  -0.2297299139926D-03  -0.6282055986003D-04
   0.1244153707644D-03   0.3174949035683D-04   0.1545144229256D-04
  -0.6429604578793D-04   0.2106769814399D-04   0.2994675645487D-04
   0.5777598584181D-04   0.1314987301213D-04  -0.6331867186809D-04
  -0.5719536544669D-04  -0.9271665242216D-04   0.1216900375283D-03
   0.5119630756284D-04  -0.1029301574370D-03   0.6118940001571D-05
  -0.5328960422666D-04   0.4760159382769D-05   0.1590294243308D-04
  -0.2499893470735D-04   0.1382948367713D-03  -0.2671913797052D-04
   0.3393744035391D-02   0.7279165007555D-02  -0.4683111913536D-02
  -0.1354223057260D-01  -0.1240755271515D-01   0.4970823103241D-02
   0.2312288646661D-01   0.6397083320891D-02  -0.2071497290109D-01
  -0.1048645910503D-01  -0.5658306465186D-02   0.1301041344747D-01
  -0.7160081435122D-02   0.3079240339704D-02   0.2690101120572D-02
   0.5200055847825D-02   0.2972032076208D-02   0.3985603343806D-02
   0.5517054289917D-02   0.5396590344848D-02   0.1129834730840D-03
   0.2979112947320D-03   0.1282924772505D-03  -0.4433022161156D-03
   0.7941197375889D-04  -0.4060060518270D-03  -0.5678604540143D-03
  -0.2476969590778D-03   0.5586675963383D-03   0.8866827374431D-03
  -0.6751485866059D-05  -0.1961128048468D-03  -0.6012828168740D-03
  -0.1198454959812D-03   0.8254191840973D-04   0.4281503041121D-03
  -0.4471722635608D-03  -0.1209807147386D-03   0.8469172345889D-04
  -0.2474612441102D-02  -0.5334869478128D-03   0.5649667292263D-03
   0.3476656084202D-03  -0.5750730089347D-03  -0.1013908685442D-02
  -0.1173429947596D-02   0.1121872338885D-02   0.1137959627623D-03
  -0.8048175995267D-02  -0.1432883081640D-01  -0.3246042435745D-01
  -0.1434766977813D-02   0.1129887569503D-02   0.2070035585087D-01
  -0.1205860051425D-02  -0.1286655246863D-01   0.1439198063314D-02
  -0.3184423100455D-02  -0.3231656441209D-02   0.6327636580726D-02
   0.2530788075331D-02  -0.2696978980481D-02  -0.4255842310435D-02
   0.9566667193879D-03   0.6235028241021D-02   0.5857589431791D-02
   0.2957337357548D-03   0.1915447781798D-01   0.5294989922673D-02
   0.1967808367092D-02   0.1133646585379D-02  -0.5557946130350D-02
  -0.1062588768479D-02  -0.1464701008059D-01   0.1695681970275D-02
  -0.1403604116602D-02  -0.9293496975163D-02   0.9451155295467D-03
   0.3694735535171D-02   0.3792146476276D-02  -0.6155474313550D-02
   0.1829222931840D-02   0.5942739527305D-02   0.1815313460803D-01
   0.4742033299565D-02   0.1819417289915D-01   0.1129675868099D-01
  -0.3223336711141D-02   0.4306616180082D-03  -0.1835675840111D-03
   0.1347022093725D-02   0.1877515264964D-02   0.1644304595973D-03
  -0.4158617361859D-03  -0.1241340987048D-03  -0.7378846842868D-03
  -0.1347262600435D-02   0.5205589663315D-03  -0.7510945817342D-04
  -0.3577422933180D-03   0.1378698909753D-02  -0.1506434852256D-02
  -0.4879603610641D-03  -0.6386982601876D-04  -0.1135877042662D-03
  -0.7772801822066D-03   0.1592597414702D-02  -0.1758300284969D-02
  -0.2963998291313D-03   0.6735629654316D-03   0.4622855894725D-03
  -0.3629630686808D-02  -0.8431465549594D-02  -0.1747204224553D-01
  -0.1144648604528D-02   0.2958816358758D-04   0.7869697019186D-03
  -0.5185779617433D-04   0.1929689473007D-03  -0.2542726530578D-03
   0.1296794846341D-02  -0.8511490874388D-03   0.1818571776969D-03
   0.1167682317774D-02   0.5866211216995D-03   0.1092450804545D-02
   0.1005870083564D-02   0.1134581505065D-02  -0.7654222977835D-03
  -0.4989293003198D-03  -0.4955456528415D-03  -0.5278921711688D-03
   0.8360547264268D-03   0.1682008197274D-03   0.1362541384618D-02
   0.7276232128623D-03  -0.3033789641316D-03  -0.1808987079393D-02
  -0.2796389699915D-04   0.3265012606861D-03   0.7554240911186D-03
   0.6435231908149D-02   0.2979927734270D-02   0.1054004485052D-01
  -0.1370062342120D-02  -0.2201547508694D-03  -0.5688202869542D-03
  -0.5297188230851D-02  -0.6922206168860D-03  -0.6730642712578D-02
  -0.3504342020524D-02   0.2169553467248D-02  -0.2724762891792D-02
   0.1785353106708D-03  -0.5820838036147D-04   0.4745226761529D-04
   0.8848911266861D-04  -0.1089862902494D-03  -0.1247874024082D-04
   0.1979130365747D-02   0.2682859470510D-02  -0.6206209582036D-02
   0.9035776800260D-04  -0.3222110661468D-04  -0.1999827164777D-04
  -0.1552253179107D-04   0.4454575503787D-05  -0.4598314242067D-04
  -0.1497678325652D-03   0.2030106641339D-03   0.1268495556802D-02
  -0.1843658602557D-03  -0.8365935865028D-04  -0.2687245737932D-04
   0.2024300761990D-03   0.2495546880059D-03   0.1036165313043D-03
   0.7761388662067D-03   0.1206028467401D-02  -0.1424429489109D-02
   0.9136997649876D-03   0.5807674808823D-03   0.1356313613526D-03
  -0.2727044849544D-03  -0.2975085786340D-03  -0.1494636530507D-03
   0.8210890775519D-04  -0.8867395846005D-02  -0.1152378093256D-01
  -0.8891302243485D-03   0.1451892547525D-02   0.1125115044713D-02
   0.2222642030493D-02   0.7728736672120D-02   0.1084694936340D-01
   0.7765240613761D-02  -0.9293955603271D-03  -0.1176474858005D-02
  -0.8021870976237D-02   0.4914216006791D-03   0.5171628626783D-03
  -0.1232057468367D-02  -0.2304677881358D-03   0.2959999297748D-03
   0.8344284475269D-02  -0.3033084561811D-02   0.7934736489108D-02
  -0.1745691426290D-02  -0.1404321065668D-02  -0.6048221247420D-03
  -0.5505552916934D-02  -0.9675876471583D-03  -0.2466171132861D-02
   0.7629602362281D-02  -0.3911415961125D-02   0.6159990471234D-02
  -0.6907291074089D-02   0.4349570796389D-02  -0.5500353316488D-02
  -0.3672994996574D-03  -0.7849124884460D-03  -0.1130341992740D-02
   0.3736636377311D-03   0.2035719242356D-02  -0.2609999615494D-02
  -0.1483946839660D-02  -0.2923880930618D-03   0.1359560797835D-02
  -0.2377237472350D-02   0.3860764166551D-03   0.3079717115571D-02
   0.1225443290635D+00   0.3050491149391D-01   0.2992163478823D-02
   0.9070271762592D-02  -0.1637113643121D-01  -0.1133848595296D-01
  -0.3919149732461D-01   0.7997355525269D-01  -0.4079478979038D-01
  -0.7065966306210D-02  -0.3066760948740D-01  -0.5427937607189D-03
  -0.1251307799661D-01   0.1227384640409D-01   0.4234800077379D-02
   0.8266920047236D-02  -0.9930065082337D-03  -0.8281833119950D-02
  -0.1966941193472D-02   0.6366126768892D-02   0.1094869871431D-01
   0.1611913030615D-03  -0.1752908732734D-02  -0.8961004441050D-02
  -0.3269644722921D-02  -0.1250787456373D-01   0.8389176340064D-03
   0.2156066252012D-02   0.1582063979642D-01   0.1170237157474D-01
   0.8491866342955D-03   0.8126541513262D-02   0.1421082262124D-02
   0.9995391249996D-02   0.8522817854208D-02  -0.8429570063478D-03
   0.1942461460828D-02   0.1581344210238D-02  -0.4056182011011D-03
   0.1342804592694D-02   0.5921947420411D-03   0.1006488575019D-04
   0.9805084865759D-03   0.1777386243190D-02  -0.1929081698234D-02
  -0.1377340702845D-02  -0.1491237380722D-03  -0.1669754590842D-04
  -0.2328698833985D-02   0.1115269137888D-03  -0.8271599184892D-03
   0.4671330457140D-04   0.2547229266208D-03  -0.4503006986900D-03
   0.6635270952289D-04   0.1395753399103D-02  -0.7908921521024D-03
   0.4169944102687D-02  -0.6237949805718D-02  -0.4562964775576D-02
  -0.1678260349344D-02  -0.2442564621219D-02  -0.2654625238182D-02
  -0.2627726398416D-02  -0.5309238952005D-02  -0.4705640066499D-03
   0.3729792745433D-02  -0.5014386993585D-02  -0.6842252761793D-02
  -0.2313610454344D-02   0.2415654856550D-02   0.3056004601868D-02
   0.1283736738551D+00   0.1328868058120D-01  -0.3872675619031D-02
   0.1668230858111D-01   0.1675348852980D-01  -0.4381852574720D-02
  -0.7124926889740D-01   0.4999892271164D-01   0.4352259441940D-01
   0.2338614632180D-02  -0.2047526628288D-01  -0.7029043314064D-02
  -0.9347434491666D-02  -0.6351478767973D-02   0.1055500008352D-01
   0.2830555693969D-02   0.6674153277084D-02  -0.4697884837605D-02
  -0.4717979328400D-03  -0.2890386096652D-02   0.4386226309199D-02
   0.7235710218852D-02   0.1661534588053D-02  -0.4652823632027D-02
  -0.9562379032064D-02   0.9676385295913D-03   0.1181815133457D-01
   0.1303147936703D-01  -0.6766202969743D-03  -0.9653309490630D-02
  -0.3529027689233D-04   0.4136125351901D-02  -0.2687884662033D-02
   0.5496737082185D-02   0.4052780389155D-02   0.6904726186359D-02
   0.2055016417448D-02   0.1931493857569D-03  -0.8849936878654D-03
  -0.1338799023346D-03   0.1932970694734D-02   0.9045340386483D-03
  -0.2974683911381D-02   0.7556498406760D-03   0.4046752553192D-03
  -0.1731489410372D-02  -0.3794836726602D-03   0.9770053738747D-03
   0.1396140039763D-03  -0.3831503850810D-03  -0.3728260847777D-03
  -0.5471498320641D-03  -0.5027712162181D-03  -0.1198542476078D-03
  -0.2143822660023D-03   0.2463465374732D-04   0.1305271653034D-02
   0.1135187050687D-04  -0.2590162837803D-03  -0.1772991877591D-03
  -0.6580738206401D-02  -0.1072407414629D-02   0.3867520712870D-02
  -0.4037988933956D-03  -0.7837294299167D-03  -0.6627042874131D-03
   0.9296274208653D-03  -0.7027876341447D-03  -0.6250182149069D-03
  -0.2952596599439D-03  -0.1200686388016D-02   0.4042994008186D-03
   0.5663229607480D-01   0.1045404877386D+00  -0.2179212045155D-01
  -0.3127699864571D-02   0.9611437438960D-02  -0.1528617157431D-01
  -0.8453150073499D-01  -0.1630483674445D-01  -0.4855519489980D-01
   0.3107127063499D-01  -0.1266282718548D-01  -0.5169929844477D-03
  -0.2908057972193D-02   0.2099001695047D-02   0.6026371802285D-02
  -0.7978321716115D-02   0.1385299527598D-01  -0.1769649846701D-02
  -0.2057437511395D-02   0.2922531409169D-02  -0.2197026936177D-02
   0.4408028164222D-03  -0.3877322332058D-03  -0.5440306710228D-03
  -0.6618552397109D-03  -0.5934475349418D-03   0.2627080909905D-03
   0.4508070704481D-04  -0.2778307602947D-03   0.7320423498450D-03
   0.1194312309992D-01  -0.5585863939615D-01   0.1266224216138D+00
  -0.1361444013011D+00  -0.2881280753801D-01  -0.1220922349021D-01
   0.5819563205749D-01  -0.3632100029756D-01  -0.3048501917906D-01
  -0.1318633105265D+00  -0.3478388266371D-01   0.1882908050402D-01
   0.3916717486566D-01  -0.5395816241781D-01   0.3441961327528D-01
  -0.4251615968669D-01  -0.1248715553593D+00   0.3968399976808D-01
   0.5607538752201D-01   0.2301907209585D-01   0.4494987805078D-01
$end                                                                            
