$grad                                                                           
  cycle =      1    SCF energy =  -635.79521170632   |dE/dxyz| =  0.723803
   61.88711975057281      0.46562901228976    -26.98496361786219      n 
   62.11195917337794      1.62544194623934    -24.43388905543674      c 
   63.65173638980632      0.08993639579297    -22.41035333698958      c 
   63.13143984758529      0.24398547341207    -20.16234642584604      o 
   59.65772786759583      2.47315323602530    -23.12338967135512      c 
   60.24768341613924      4.14804703002544    -20.81040355494490      c 
   62.13218992951436      5.48568108879055    -20.67565237364886      o 
   58.43492651989619      4.17824695452711    -19.04528609033578      n 
   60.25178122204269     -0.43504264072118    -27.37400542910706      h 
   63.28850504139199      3.32528398159059    -24.68103218324234      h 
   58.51426563473268      3.60742570703057    -24.41404785855688      h 
   58.57952007310368      0.83542066830309    -22.49520436630252      h 
   58.66852673922534      5.30824347724239    -17.53117147078467      h 
   56.86077016801516      3.11899332692414    -19.15984818130696      h 
   65.55939542829184     -1.24858844633649    -23.47941216748429      n 
   68.04446261315159     -1.84858797447192    -22.47494315798831      c 
   69.68004626748323      0.58466998090583    -22.40730222099869      c 
   71.24217223827797      0.91907703913808    -20.73728690779343      o 
   69.30347037210178     -3.90006259943974    -24.13603337792709      c 
   71.48778785222177     -5.04892986652526    -22.66114626373023      c 
   67.48216094281905     -5.98451248717679    -24.93923770042575      c 
   65.62533141484576     -1.11680305272377    -25.38194409771123      h 
   67.85744314277602     -2.49309571465713    -20.51865702845961      h 
   70.03066993921848     -2.94565305546198    -25.82323043510978      h 
   72.57794035631842     -6.30683632172705    -23.86076929458383      h 
   72.73746872210647     -3.57369298994443    -21.95654173442751      h 
   70.78462177947706     -6.10973990114390    -21.05083767129373      h 
   68.51852437309948     -7.40158981737046    -25.99660605125020      h 
   66.66042197089119     -6.87447653892006    -23.27848573614067      h 
   65.95514010050243     -5.26744510450052    -26.10492161189995      h 
   69.26610394029403      2.25562634002829    -24.26765922689119      n 
   70.46877136802892      4.71902792327093    -24.53681367544025      c 
   70.68324634395667      6.15328399466750    -22.07737298027508      c 
   72.72585270122907      6.94911945441495    -21.35115901994731      o 
   68.93601292674596      6.44652655633766    -26.27326859812532      c 
   69.88482143015746      9.18423123227177    -26.19604563147706      c 
   72.35784534807864      9.41219866137105    -27.68027877520663      c 
   67.78871398291000     10.90497082036367    -27.18425915372856      c 
   68.02602382763008      1.87927155486613    -25.69732136241078      h 
   72.39890213441900      4.46532828300294    -25.25625041351928      h 
   68.98791099413455      5.72825493219418    -28.20637998862612      h 
   66.97397991308243      6.40133074161199    -25.63633490770182      h 
   70.25376072736006      9.75032452414905    -24.25021261079889      h 
   72.83538549861346     11.38639985493708    -27.97650925816427      h 
   73.88791602987628      8.53452182185607    -26.63105562812733      h 
   72.18103095869992      8.50068985881971    -29.51263225521067      h 
   68.42879711384424     12.85365736539775    -27.28159326139600      h 
   67.21716825416874     10.31522209401062    -29.07219621644362      h 
   66.15243882097276     10.82278153430100    -25.94762599738318      h 
   68.52059172346144      6.74419747779789    -20.90540373598065      n 
   68.82331109673912      7.84778293383204    -18.44520957041880      c 
   70.84934346045029      6.34154902196667    -16.99491760719272      c 
   72.75262116988927      7.35550076377054    -16.15164362164769      o 
   66.45857023315780      7.79401463906442    -16.83549216873000      c 
   67.51498669311678      8.21400338593537    -14.03778844257215      c 
   67.87697579049410      6.29541377118132    -12.71007390926058      o 
   67.98590224946552     10.44599485038341    -13.46323853787670      o 
   66.81656640272109      6.01716781461849    -21.35966310778358      h 
   69.52972313379453      9.79199773814922    -18.60442170512014      h 
   65.16714278519829      9.31412175610116    -17.33578808753044      h 
   65.49668864795890      5.97708069617353    -16.95447395188523      h 
   70.36949806667808      3.85008768970912    -16.78184182498696      n 
   71.80152022197628      2.33200524999884    -14.97582633482777      c 
   74.55714882325064      2.94919627725500    -15.52408068234074      c 
   76.01842572770417      3.52532036731888    -13.82171784063435      o 
   71.02858920770709     -0.44077740226404    -15.21760413419882      c 
   72.09752761654951     -2.28576274914005    -13.26607005335037      c 
   71.05050100716724     -1.82394628295252    -10.59872525436940      c 
   71.53187218891455     -4.98353451015639    -14.18066929255426      c 
   68.57727279853258      3.27629229438166    -17.10933257260526      h 
   71.38706997764795      3.04660390187590    -13.06383550551662      h 
   68.96045051406782     -0.48088386526662    -15.09333036419592      h 
   71.56578835719434     -1.06296159268068    -17.10522931144093      h 
   74.15175621492126     -2.01936258220922    -13.19791715860958      h 
   71.87920713902182     -3.15857123244487     -9.27835353242503      h 
   71.48854544278792      0.07980182784120     -9.96689390451132      h 
   69.00827709603395     -2.05696851145871    -10.58063220422586      h 
   72.31732759132545     -6.34744392228797    -12.86031911272983      h 
   69.50511908958445     -5.27732802709625    -14.30709527635409      h 
   72.37860945782138     -5.28843950834169    -16.02498344656760      h 
   75.32423662554963      2.85761195105020    -17.91789490028351      n 
   77.86303722990668      3.63846851714679    -18.52694521945255      c 
   78.47844109797916      6.37402806481140    -17.82230254792128      c 
   80.47566890327072      6.82439649938850    -16.71677633558933      o 
   78.41275445320535      3.26270519617566    -21.30585456166427      c 
   74.05478229638967      2.50870608725704    -19.30571458380506      h 
   79.16050104609560      2.49104024878167    -17.37623196072333      h 
   80.36521847027214      3.72047126571539    -21.71179320819644      h 
   78.07520927618847      1.30345293673428    -21.82693044500816      h 
   77.18416950645235      4.47708347066917    -22.42295073998456      h 
   77.00875226441137      8.24685688893737    -18.60325047395272      n 
   77.74928012174976     10.77638117235045    -17.93132845542154      c 
   78.12631361842723     11.08906638543009    -15.12926807682553      c 
   79.64104913276131     12.65304397282680    -14.31696584467745      o 
   75.82447535255011     12.76182758457913    -18.66977381038634      c 
   75.69912244037093     12.92260679039761    -21.54541639960115      c 
   76.59247137698246     15.32257698186048    -17.56263822372111      c 
   73.26779329274278     14.12465653720646    -22.53061011143978      c 
   75.27334984764840      7.92997732971368    -19.33494484003338      h 
   79.57068627797801     11.19732261038579    -18.84170955191839      h 
   73.98519897812692     12.19139813396366    -17.90071391333029      h 
   77.27041657629053     14.07678579820305    -22.16074738132172      h 
   75.86981594957426     11.02988145484558    -22.34323136409905      h 
   75.54015722425412     16.82899622803142    -18.49038176716059      h 
   76.19652869871997     15.43403275643402    -15.55361728223167      h 
   78.59550178422255     15.64507656489245    -17.85767307461398      h 
   73.28784142217297     14.10091952382837    -24.58499655389576      h 
   71.61244145052643     13.11087327486446    -21.86271632004746      h 
   73.12514020840578     16.08071658804840    -21.92130421647370      h 
   76.58885340878027      9.68272532326880    -13.71458125373717      n 
   77.05036335367096      9.38223324713537    -11.03444418152057      c 
   79.86368137890129      8.48946231665359    -10.71171011562364      c 
   81.53539464035171     10.07740358117429    -10.35499654520302      o 
   74.99379471899455      7.76745297086273     -9.82967358480219      c 
   75.38307273634548      8.45318484244769    -14.52745714772400      h 
   77.05668078424232     11.28041212107263    -10.16889978359992      h 
   75.29041106112535      7.62696804318462     -7.80297401555010      h 
   73.16780693732002      8.63524510784912    -10.19919173321998      h 
   74.99136667664065      5.89300843180601    -10.66215971714280      h 
   80.45282096494472      6.03658918544610    -10.83290101751538      n 
   83.00482766436336      5.20093034383224    -10.19486271802383      c 
   84.96573295345307      7.09523851894165    -11.28914663963451      c 
   86.47436765347778      8.10098542556421     -9.84381374607820      o 
   83.31997486588899      2.32151845168101    -10.69118868562115      c 
   84.76152802030836      1.83528159732336    -13.14666404523883      c 
   84.43153710743354      0.84331237230413     -8.39459729070747      c 
   79.15017908290315      4.78115285169283    -11.46217998558744      h 
   83.20739800270330      5.49703704652766     -8.13944521312197      h 
   81.39623145711137      1.59707535013882    -10.95533983357486      h 
   84.94443864424559     -0.17946118943206    -13.49572982009847      h 
   83.75120004892123      2.68327159579760    -14.72105926471595      h 
   86.64367195937332      2.65697219170000    -13.06746214963961      h 
   84.47441430268564     -1.15024746112484     -8.86634053492775      h 
   86.34055309500638      1.48567284202651     -7.99231752985758      h 
   83.25180475650069      1.13309659999373     -6.74455188928564      h 
   85.02712036397786      7.56657565992159    -13.74915823839445      n 
   86.99517438088705      9.14208814830781    -14.79022600801100      c 
   87.38214032307435     11.70896524181708    -13.57112512336603      c 
   89.54403284903059     12.51708500002438    -13.26932561633507      o 
   86.47113602273839      9.81528017927301    -17.54393453093581      c 
   88.48895182778641     11.68769354469238    -18.45044480520573      c 
   86.41159375045709      7.46181972823246    -19.19968638051454      c 
   83.55924215205317      7.07394767757027    -14.87310785860299      h 
   88.81308862346052      8.14386166801650    -14.64916681699437      h 
   84.60937116987982     10.72443560688908    -17.63664967595168      h 
   88.44617963647947     11.84826565979045    -20.50389828315752      h 
   88.20309699513544     13.57265904736723    -17.69675118957304      h 
   90.35664617674615     11.03908929816826    -17.89020351365816      h 
   86.15725839163989      7.99759891345293    -21.16214166043341      h 
   88.16693550040303      6.40940587961017    -19.01713537482695      h 
   84.84937808684373      6.24560033116313    -18.64887319307712      h 
   85.24054470141066     13.05451586279426    -13.19084933335949      n 
   85.24809579459254     15.66078872399014    -12.36031342125321      c 
   85.18922212832805     15.98364428206911     -9.50311246235335      c 
   85.91418348116471     17.91788345364652     -8.44389577246762      o 
   83.11863330616286     17.18957866178906    -13.49886564702346      c 
   83.54386913526859     17.61146012056527    -16.30926762253541      c 
   86.67400971519449     18.76868114854368    -17.48108813538208      s 
   86.70563388816065     21.98867494400648    -16.27154933112583      c 
   83.52996285970416     12.23184483739910    -13.41306844194325      h 
   87.05946199313252     16.47468666019398    -13.00605958200094      h 
   81.34245931712940     16.18380178108939    -13.27797759185646      h 
   83.01063873247313     18.99685243579817    -12.50154571815879      h 
   83.35938335558863     15.81697698121042    -17.30184576109714      h 
   82.14236304882036     18.92360133370055    -17.05907952374976      h 
   88.54859222862298     22.75518442421355    -16.70245952688897      h 
   85.20680256782009     23.04787294223490    -17.17557976527563      h 
   86.44042044720517     21.88980118779103    -14.24430983164318      h 
   84.35297984327596     13.93298308415596     -8.31403099029614      n 
   84.52334875878832     13.59931086570122     -5.61330895643550      c 
   87.27916291414337     13.56173573955162     -4.83533057127209      c 
   88.00868741468597     15.10580697458542     -3.27353505420849      o 
   83.66280658110669     12.47886304808336     -9.34545119739272      h 
   83.59896025256263     15.18294407246449     -4.63964496131221      h 
   83.55820231976710     11.84527578509326     -5.12120801468302      h 
   88.66672475740927     11.83368740183582     -6.05281181564756      n 
   91.39953427269343     11.66970894875566     -6.10102483012970      c 
   92.68925433058102     14.18241909487947     -6.17076802431004      c 
   94.32641991456701     14.77610929804505     -4.66452789562424      o 
   92.36739729745757     10.49175224592984     -8.54047326995873      c 
   87.78178521276595     10.60121097191516     -7.23717772906568      h 
   92.05998353803035     10.60181897876715     -4.44928135460696      h 
   94.41364143727567     10.65768050520538     -8.60604783981080      h 
   91.89857212893087      8.47552353553514     -8.60068677346415      h 
   91.57139647629606     11.32669242665492    -10.22837096080055      h 
   91.94080227615980     15.54463345042453     -8.14760830406809      n 
   93.06375210491849     17.91366383733118     -8.94778921320240      c 
   93.07314114064539     19.83417104676796     -6.80871197866666      c 
   94.89197151309941     21.18233869270951     -6.33790526070603      o 
   91.53883069729793     19.03656785781007    -11.10806129688944      c 
   90.67141722624288     14.79716522342627     -9.36194686767153      h 
   95.02984765482931     17.58008788661856     -9.53518114175957      h 
   92.40750701872565     20.77233897560149    -11.77539289481185      h 
   91.45507584056051     17.69875815619893    -12.67506474446767      h 
   89.62655207803148     19.46435154677659    -10.49257892676643      h 
   90.80613424318348     19.83996022296952     -5.66645293034701      n 
   90.00008724826914     21.37407520421418     -3.51934553083403      c 
   91.69726186627899     20.72491112732244     -1.25388825116937      c 
   92.92956146717266     22.33109016664851     -0.12837406184083      o 
   87.12879576854833     20.99952860540531     -2.97843586457211      c 
   86.37547692601152     22.80730152539057     -0.91360107046172      c 
   87.25963781795915     25.28132594813315     -0.95628765963980      c 
   85.06717261112090     21.99591437715975      1.19708979463706      c 
   87.03024639078407     26.84264214924882      1.11058702106738      c 
   84.80340331517647     23.57181601529892      3.26495551887472      c 
   85.82276917757200     25.96124215787353      3.23904779147161      c 
   89.45525233567294     18.66990009774796     -6.35140905242225      h 
   90.38112779846210     23.35712714091305     -3.98141159769413      h 
   86.09763636801023     21.33446785695213     -4.73084697687123      h 
   86.80036561812955     19.05546771397546     -2.39606392194555      h 
   88.10592298221583     26.01091283023009     -2.65824897936846      h 
   84.35455181294071     20.08081776378675      1.26919925829768      h 
   87.75147320616159     28.75015978124230      1.05092778684405      h 
   83.81852312153399     22.93244411674077      4.92912550097107      h 
   85.53321827925865     27.20827897631127      4.82439276113263      h 
   91.75246447589225     18.25763233004381     -0.70757867392110      n 
   93.12884044393745     17.38150500930444      1.45267478557185      c 
   95.84501549480792     18.38976834926731      1.31853850598191      c 
   96.79157936378446     19.40356750344866      3.18981013677723      o 
   92.85764938009621     14.55755679486303      1.75208954670501      c 
   93.80642205014630     13.87272906662694      4.34978950739493      c 
   92.73479036778716     14.53229285608380      6.27065178405436      o 
   95.96891247178687     12.54319583611737      4.33881759563894      n 
   90.62406130395702     17.02828559469846     -1.65885715194942      h 
   92.34725297681916     18.28033102405043      3.17065868401072      h 
   90.85381140584160     14.09237532013375      1.61687805462389      h 
   93.87953803797238     13.58238497077520      0.25043401373672      h 
   96.75768960933810     12.05926047086755      6.00632591392911      h 
   96.81494556379842     11.98676690963629      2.73499069706812      h 
   70.36949806667808     16.78184182498696      3.85008768970912      n 
   71.80152022197628     14.97582633482777      2.33200524999884      c 
   74.55714882325064     15.52408068234074      2.94919627725500      c 
   76.01842572770417     13.82171784063435      3.52532036731888      o 
   71.02858920770709     15.21760413419882     -0.44077740226404      c 
   72.09752761654951     13.26607005335037     -2.28576274914005      c 
   71.05050100716724     10.59872525436940     -1.82394628295252      c 
   71.53187218891455     14.18066929255426     -4.98353451015639      c 
   68.57727279853258     17.10933257260526      3.27629229438166      h 
   71.38706997764795     13.06383550551662      3.04660390187590      h 
   68.96045051406782     15.09333036419592     -0.48088386526662      h 
   71.56578835719434     17.10522931144093     -1.06296159268068      h 
   74.15175621492126     13.19791715860958     -2.01936258220922      h 
   71.87920713902182      9.27835353242503     -3.15857123244487      h 
   71.48854544278792      9.96689390451132      0.07980182784120      h 
   69.00827709603395     10.58063220422586     -2.05696851145871      h 
   72.31732759132545     12.86031911272983     -6.34744392228797      h 
   69.50511908958445     14.30709527635409     -5.27732802709625      h 
   72.37860945782138     16.02498344656760     -5.28843950834169      h 
   80.45282096494472     10.83290101751538      6.03658918544610      n 
   83.00482766436336     10.19486271802383      5.20093034383224      c 
   84.96573295345307     11.28914663963451      7.09523851894165      c 
   86.47436765347778      9.84381374607820      8.10098542556421      o 
   83.31997486588899     10.69118868562115      2.32151845168101      c 
   84.76152802030836     13.14666404523883      1.83528159732336      c 
   84.43153710743354      8.39459729070747      0.84331237230413      c 
   79.15017908290315     11.46217998558744      4.78115285169283      h 
   83.20739800270330      8.13944521312197      5.49703704652766      h 
   81.39623145711137     10.95533983357486      1.59707535013882      h 
   84.94443864424559     13.49572982009847     -0.17946118943206      h 
   83.75120004892123     14.72105926471595      2.68327159579760      h 
   86.64367195937332     13.06746214963961      2.65697219170000      h 
   84.47441430268564      8.86634053492775     -1.15024746112484      h 
   86.34055309500638      7.99231752985758      1.48567284202651      h 
   83.25180475650069      6.74455188928564      1.13309659999373      h 
   76.58885340878027    -13.71458125373717     -9.68272532326880      n 
   77.05036335367096    -11.03444418152057     -9.38223324713537      c 
   79.86368137890129    -10.71171011562364     -8.48946231665359      c 
   81.53539464035171    -10.35499654520302    -10.07740358117429      o 
   74.99379471899455     -9.82967358480219     -7.76745297086273      c 
   75.38307273634548    -14.52745714772400     -8.45318484244769      h 
   77.05668078424232    -10.16889978359992    -11.28041212107263      h 
   75.29041106112535     -7.80297401555010     -7.62696804318462      h 
   73.16780693732002    -10.19919173321998     -8.63524510784912      h 
   74.99136667664065    -10.66215971714280     -5.89300843180601      h 
   84.35297984327596     -8.31403099029614    -13.93298308415596      n 
   84.52334875878832     -5.61330895643550    -13.59931086570122      c 
   87.27916291414337     -4.83533057127209    -13.56173573955162      c 
   88.00868741468597     -3.27353505420849    -15.10580697458542      o 
   83.66280658110669     -9.34545119739272    -12.47886304808336      h 
   83.59896025256263     -4.63964496131221    -15.18294407246449      h 
   83.55820231976710     -5.12120801468302    -11.84527578509326      h 
   88.66672475740927     -6.05281181564756    -11.83368740183582      n 
   91.39953427269343     -6.10102483012970    -11.66970894875566      c 
   92.68925433058102     -6.17076802431004    -14.18241909487947      c 
   94.32641991456701     -4.66452789562424    -14.77610929804505      o 
   92.36739729745757     -8.54047326995873    -10.49175224592984      c 
   87.78178521276595     -7.23717772906568    -10.60121097191516      h 
   92.05998353803035     -4.44928135460696    -10.60181897876715      h 
   94.41364143727567     -8.60604783981080    -10.65768050520538      h 
   91.89857212893087     -8.60068677346415     -8.47552353553514      h 
   91.57139647629606    -10.22837096080055    -11.32669242665492      h 
   90.80613424318348     -5.66645293034701    -19.83996022296952      n 
   90.00008724826914     -3.51934553083403    -21.37407520421418      c 
   91.69726186627899     -1.25388825116937    -20.72491112732244      c 
   92.92956146717266     -0.12837406184083    -22.33109016664851      o 
   87.12879576854833     -2.97843586457211    -20.99952860540531      c 
   86.37547692601152     -0.91360107046172    -22.80730152539057      c 
   87.25963781795915     -0.95628765963980    -25.28132594813315      c 
   85.06717261112090      1.19708979463706    -21.99591437715975      c 
   87.03024639078407      1.11058702106738    -26.84264214924882      c 
   84.80340331517647      3.26495551887472    -23.57181601529892      c 
   85.82276917757200      3.23904779147161    -25.96124215787353      c 
   89.45525233567294     -6.35140905242225    -18.66990009774796      h 
   90.38112779846210     -3.98141159769413    -23.35712714091305      h 
   86.09763636801023     -4.73084697687123    -21.33446785695213      h 
   86.80036561812955     -2.39606392194555    -19.05546771397546      h 
   88.10592298221583     -2.65824897936846    -26.01091283023009      h 
   84.35455181294071      1.26919925829768    -20.08081776378675      h 
   87.75147320616159      1.05092778684405    -28.75015978124230      h 
   83.81852312153399      4.92912550097107    -22.93244411674077      h 
   85.53321827925865      4.82439276113263    -27.20827897631127      h 
   91.75246447589225     -0.70757867392110    -18.25763233004381      n 
   93.12884044393745      1.45267478557185    -17.38150500930444      c 
   95.84501549480792      1.31853850598191    -18.38976834926731      c 
   96.79157936378446      3.18981013677723    -19.40356750344866      o 
   92.85764938009621      1.75208954670501    -14.55755679486303      c 
   93.80642205014630      4.34978950739493    -13.87272906662694      c 
   92.73479036778716      6.27065178405436    -14.53229285608380      o 
   95.96891247178687      4.33881759563894    -12.54319583611737      n 
   90.62406130395702     -1.65885715194942    -17.02828559469846      h 
   92.34725297681916      3.17065868401072    -18.28033102405043      h 
   90.85381140584160      1.61687805462389    -14.09237532013375      h 
   93.87953803797238      0.25043401373672    -13.58238497077520      h 
   96.75768960933810      6.00632591392911    -12.05926047086755      h 
   96.81494556379842      2.73499069706812    -11.98676690963629      h 
   95.57861757135974      3.46451217801763    -25.75642092216888      n 
   95.55120296590221      6.20522031067624    -25.70589516998520      c 
   98.16852802348311      7.30691720823378    -25.28194815003956      c 
   99.10758908139780      8.89076414167910    -26.69415266993899      o 
   93.94892101939529      7.43878165229549    -23.65123163398971      c 
   91.12950963425753      6.87202357353753    -24.09538972233992      c 
   94.49056594457593     10.28300615487521    -23.59861107467090      c 
   90.22843853097542      7.43174848065089    -26.73739533025286      c 
   94.42386472748282      2.50073154466237    -24.57327829204150      h 
   94.94621805063960      6.90554356096103    -27.56762242069888      h 
   94.48499816809966      6.63815617058072    -21.82136800606285      h 
   90.75947916204866      4.88542650547758    -23.66383466742316      h 
   90.06797207669128      8.00718458555834    -22.74825457106755      h 
   93.06726066233459     11.26025488888166    -22.48087961338324      h 
   96.31541401325524     10.68317819665947    -22.75742093358282      h 
   94.47048836112120     11.07484006417812    -25.49637144725380      h 
   88.18341914144233      7.40583926149812    -26.79072766883445      h 
   90.82504005519814      9.31364152533690    -27.33030402685860      h 
   90.91350236856361      6.06358900418359    -28.10692270771424      h 
   97.30715652104931     27.29858914005488    -14.40460792589614      n 
   94.63963343984207     26.52285529276145    -14.14899948289539      c 
   93.33357490739493     26.93407745090936    -16.68225698795145      c 
   91.70888073931975     25.53757840217851    -17.57014775729403      o 
   93.07574619457382     28.05430505158139    -12.18879036941232      c 
   90.44752343288523     26.98380984228234    -11.82497405840909      c 
   89.80977033140086     25.77772150564444     -9.59808663641367      c 
   88.57399263188293     27.23898365285009    -13.62228225906760      c 
   87.38245876117202     24.93078945210155     -9.13998547688916      c 
   86.17125783371719     26.32111335169618    -13.19632313773272      c 
   85.52886136981775     25.18262831702179    -10.94260749450950      c 
   98.24714266293303     27.91639947018887    -12.84361546431530      h 
   94.56571151923649     24.51324540721950    -13.63513428543774      h 
   94.10590453225447     27.97428667191784    -10.39811068298740      h 
   92.97834026050174     30.00843324711270    -12.81643968563577      h 
   91.26944891849661     25.47345821379400     -8.19647145551946      h 
   88.94224146404176     28.28184841578416    -15.34035220334298      h 
   86.95460820179613     24.04435798507291     -7.35638412504725      h 
   84.74313738991734     26.63239525806532    -14.62427011640674      h 
   83.63576366641303     24.51718495556669    -10.60735177811685      h 
   96.50778085910193     23.11170336608946    -22.58475784919405      n 
   95.46810403001822     20.61239216515086    -22.12208684874328      c 
   92.60466286022948     20.48841912689143    -22.50049243310266      c 
   91.61005987993514     18.48886005381259    -23.16359634728068      o 
   95.97394123700630     19.69564152643294    -19.38019460019881      c 
   95.54827842092082     16.85539190365058    -19.21355705383107      c 
   94.25249110099706     20.89716870826989    -17.41655356052148      c 
   95.95220085402008     15.87324728995346    -16.52408789259009      c 
   97.14380454443564     24.04707369757348    -21.03467828171604      h 
   96.33253630683224     19.27369077197308    -23.45284837466372      h 
   97.94677256483017     20.14235264625695    -18.94401650857030      h 
   93.62514931537308     16.41478339753299    -19.81763458184125      h 
   96.83861975607191     15.86226350467138    -20.48859255516762      h 
   95.11453830234504     20.72659466357266    -15.56641167914132      h 
   93.97346090362993     22.84356860685964    -17.85279272865958      h 
   92.42301689702238     19.95436337986255    -17.39459255656602      h 
   95.99440861404364     13.81879071617703    -16.53682418987543      h 
   97.75723838170975     16.54863082287399    -15.80565681998505      h 
   94.45529136758448     16.46663216707385    -15.25741324466588      h 
   91.38650537610026     22.62081871205123    -21.91086416109415      n 
   88.72104282825759     22.94870082682691    -22.39082043056801      c 
   88.25786704402226     22.69667812558688    -25.27601268316027      c 
   87.00511152765711     20.94274271857411    -26.16207421724811      o 
   87.79022721308925     25.50019273900772    -21.43998881452313      c 
   92.37274242245407     24.19809694203413    -21.51388141867623      h 
   87.70543660171641     21.38181620521638    -21.49123465018130      h 
   85.73996317169789     25.57995026486966    -21.62393613417931      h 
   88.30433674096275     25.74895417331425    -19.47949474227218      h 
   88.59976028108238     27.02546940811478    -22.53603153922374      h 
   89.10423140707144     16.64710044947888    -28.76905873978787      n 
   87.03195482965387     14.84241758555536    -28.50121131697912      c 
   85.50863613281494     14.96227938007011    -30.95706861628937      c 
   84.70938545734184     13.14551714561582    -32.15420047981654      o 
   85.26360342751690     15.32616546183410    -26.23319712661122      c 
   83.00834200282908     13.48785671704789    -26.27518499812331      c 
   83.79376165880598     10.73597528246017    -26.23524959349160      c 
   81.27497622290119     13.82630938392931    -24.04086183937685      c 
   89.34091661043787     17.95083843701069    -27.39258708395746      h 
   87.85772747018646     12.94349422063223    -28.35014316847251      h 
   86.36140365801056     15.08235166284356    -24.50549204457501      h 
   84.60290671144864     17.27231421206573    -26.28564526298806      h 
   81.93222535563982     13.83489702335282    -28.01432121799792      h 
   82.15695976202757      9.51113271911949    -26.03844417861040      h 
   84.75996337030810     10.18989886092233    -27.97141853185452      h 
   85.06963641578250     10.39279731974877    -24.65846657979975      h 
   79.76569439907527     12.45907334151131    -24.22488427563951      h 
   82.29356337042903     13.48854415153818    -22.28800624369233      h 
   80.50292541520020     15.73246883076571    -23.97848753100237      h 
   62.04363003334648      1.67246568286022    -28.17307630377012      h 
   96.83706207349121     18.22246607271068     -0.28112323874235      h 
   70.26119289385187     16.21789189769795      5.45096008981943      h 
   75.20401661552879     17.29860996464587      2.88859884398661      h 
   79.72083042381678      9.46036384122024      6.72426172375585      h 
   84.98183547531880     13.14033915780886      7.47456836637311      h 
   75.93528014128952    -14.00869519336488    -11.22509393903283      h 
   80.28670375405021    -10.79597954435911     -6.64962131895086      h 
   83.33367496857291     -8.66021095615484    -15.24969830638603      h 
   92.21690096169289     -7.48969020494191    -15.45064255312105      h 
   91.27719988326785     -6.94575101696547    -20.85684543814298      h 
   96.83706207349121     -0.28112323874235    -18.22246607271068      h 
   95.14546858948550      2.92094769189439    -27.30867141135279      h 
   99.20189103382863      6.74523357636343    -23.80284823803653      h 
   98.22890016097820     25.98501680401006    -14.96806009993702      h 
   93.78573738977371     28.42848936403655    -17.74684436647939      h 
   97.83263834315179     22.98828962075959    -23.64404235605287      h 
   88.98244151080870     23.97479314436150    -26.46448986205492      h 
   90.58188912463851     15.80814584341739    -28.84147981056480      h 
   85.08247878300743     16.63603969792655    -31.72386746512879      h 
   0.3885144327295D-02   0.8642886041870D-01  -0.1089848669752D+00
   0.3578269850357D-02   0.6386721615220D-02   0.1570582876601D-02
   0.1811133605428D-02   0.1278377861674D-02   0.1047234346219D-01
  -0.9209785145802D-02   0.4409377045990D-02   0.9265402767663D-02
  -0.1406050781972D-02  -0.3191962473113D-02  -0.2754169383371D-02
   0.7698587540879D-03   0.2832749379004D-02   0.8582223397828D-02
  -0.1377160095144D-02   0.1232300429099D-02   0.2820211399650D-02
   0.5917578004770D-03  -0.1228709210909D-02   0.7601934452108D-03
   0.3679796893706D-02   0.5492286395135D-02  -0.1220096493082D-01
   0.8661805768448D-03   0.4339594478169D-03  -0.1464523750685D-02
  -0.9092661915279D-04   0.2215525397771D-03   0.5845821391297D-04
  -0.1826469533226D-03   0.1614570309611D-04   0.1080747568497D-02
  -0.1443759241337D-03   0.1022464885631D-02  -0.7249299430687D-03
  -0.1538150794438D-02   0.5790823175014D-03   0.3214661060920D-03
   0.4431661233361D-03  -0.8630237511993D-02  -0.2476721317070D-02
   0.7760951649264D-02  -0.5433552846865D-02  -0.4306256786593D-03
   0.1265584865446D-02   0.4734860681271D-02  -0.1301529640526D-02
  -0.1089134925855D-03  -0.1019359369232D-02   0.6933801501639D-02
  -0.1471176605388D-02  -0.3697747125215D-02  -0.1718321556148D-02
  -0.5202629005060D-02  -0.1654253009610D-02  -0.5281756999274D-03
   0.2911460252736D-02  -0.1412036922076D-02  -0.3220871126220D-02
   0.7572685861715D-02   0.8034254878965D-03   0.5430836546035D-02
   0.3018428023052D-03   0.3385373923859D-03   0.5793159698797D-03
  -0.9584801640259D-03   0.1620850853627D-02   0.5026951832652D-03
  -0.2626090403362D-03   0.4083095131009D-03  -0.1382045018239D-03
  -0.2446572717876D-03   0.5638304855462D-03   0.2446866713646D-03
   0.6287209300174D-03   0.7353509555868D-03   0.9538230581656D-05
  -0.6492858125096D-04   0.4270376307536D-03   0.6620757463969D-03
  -0.6515754973835D-04   0.1010816220238D-03   0.3977265402372D-03
  -0.3203501573218D-03   0.4155912443041D-03   0.5124955351372D-03
   0.8613777168007D-02  -0.3374584244068D-02   0.8763884631792D-02
  -0.2175983559027D-02   0.3085386273099D-02   0.2747617120361D-02
  -0.1164311641877D-02   0.3028968518145D-02   0.1440721568559D-02
  -0.2798290834923D-02   0.4218468467606D-02   0.9408992276120D-03
   0.3916783908760D-02   0.5307564071565D-02   0.1198869947073D-02
   0.1012217226632D-02  -0.8168060375650D-03   0.5099752734871D-02
   0.4036878711410D-02  -0.1617174719322D-02   0.7809850281070D-03
  -0.2050903985620D-02  -0.2669205740728D-03   0.6999727374064D-02
  -0.4456250564729D-02   0.2010867955062D-02  -0.7244043493249D-02
   0.3077532332159D-03  -0.6351745423666D-04  -0.5402239940278D-04
  -0.1415113969365D-02  -0.1372336585144D-02   0.5047480228915D-03
   0.9509049746165D-03  -0.8434056053220D-03  -0.7595529337750D-03
  -0.2378167138950D-03   0.2019859554889D-03  -0.4460756087828D-04
  -0.4015531273409D-03   0.3449050644007D-03   0.8903051267310D-04
  -0.2768567432660D-03   0.5197039492647D-04   0.5563311272314D-03
  -0.6949787289169D-03  -0.8172988513951D-03   0.2283833485035D-03
  -0.2247125751439D-03   0.2467414554696D-03  -0.6373053580946D-03
  -0.2677944378302D-03  -0.1001469527437D-02  -0.5271098705567D-03
   0.1078654749851D-03  -0.9998709086186D-04  -0.6296636171738D-03
  -0.6250738162579D-03   0.6040502348428D-02  -0.8040665647383D-03
  -0.8812447164527D-03   0.2040668641467D-02  -0.1042572068533D-01
   0.2718120394068D-02   0.1558912281468D-03  -0.4361852606456D-02
   0.1160560493375D-01   0.4252488513132D-02  -0.6118740766526D-03
  -0.3140662674599D-02  -0.1241552056194D-02  -0.1113656305652D-01
   0.2653679689923D-03  -0.1954969005762D-02  -0.1119729612941D-02
   0.5109392369834D-02  -0.5848988411854D-02   0.6952080657549D-02
   0.2380569847193D-02   0.4804915566613D-02   0.1322929889474D-02
   0.4875229837331D-03   0.4052837317878D-03  -0.9597827467176D-04
   0.2897080759384D-04  -0.3570485110149D-03   0.1549152717653D-04
  -0.2790672935363D-03   0.3336518514488D-03  -0.7421773578419D-03
   0.1659943184536D-03  -0.2094976919285D-03   0.3283609749075D-03
   0.3015104737870D-02  -0.3902349628578D-02  -0.1862510638380D-02
   0.1664492105356D-02  -0.4616173730666D-02   0.2610542799211D-02
  -0.1340651103621D-02  -0.9643300879748D-03  -0.4361969447447D-02
  -0.7081331406590D-02   0.3849405047361D-02  -0.9629719101404D-02
   0.3956211372044D-02  -0.1805355820824D-02   0.2218143363123D-02
  -0.3237814072899D-02  -0.2765583353211D-03  -0.1563997430299D-02
  -0.2712861583802D-03   0.2320958349713D-02   0.6588960405182D-02
  -0.2647462788762D-02  -0.3307852507533D-02  -0.5142248571410D-02
  -0.1719873539042D-02  -0.3317170420353D-03  -0.1527715778170D-03
  -0.3875809193942D-03   0.5956791936801D-03   0.6554314872578D-03
  -0.9024104498116D-03   0.7146260505154D-04   0.2216399208814D-03
  -0.3072010650313D-03   0.1663819860977D-03   0.2702224209090D-03
  -0.1040415223241D-04   0.2907250663281D-03   0.9335980961509D-04
  -0.5019457645575D-04   0.1740163252190D-04  -0.2974705663480D-03
  -0.2174763033724D-04  -0.2550366429894D-03   0.1152044263702D-03
  -0.9563380905713D-04  -0.3095864433495D-03   0.1049790020383D-03
   0.5953235319615D-03  -0.1309318475721D-03   0.2011423852797D-03
   0.3753269595668D-03  -0.1623972863985D-03   0.1658590168744D-03
   0.3495897485082D-03   0.2536067081883D-03   0.8124485039998D-04
   0.2686488103975D-02   0.1058536604666D-02   0.9479860849637D-03
  -0.1864986010590D-02  -0.3351839637232D-03  -0.5075264522222D-03
  -0.5645167802472D-02   0.1390170329247D-02  -0.2723481916079D-02
  -0.6089259457917D-02   0.3125583735515D-02  -0.3419997622040D-02
   0.4475390422385D-02   0.2440899592036D-02   0.6505166173790D-02
   0.2388759733175D-03  -0.1492674926820D-03   0.5800280220640D-03
  -0.1257016435934D-03  -0.2544903474631D-04   0.1546166359160D-05
   0.2448296450474D-03  -0.4345377749388D-03   0.1078224230807D-03
  -0.1246459637284D-03  -0.2514134091434D-03   0.1164566246141D-03
  -0.1852966110328D-03   0.1275099634720D-03  -0.4747051400494D-03
  -0.1401334115923D-02   0.2574905392891D-02   0.4257786431673D-02
  -0.2549041630723D-02  -0.1329814696682D-02   0.2541839455838D-02
  -0.6596709158822D-02   0.2883003286479D-03  -0.5431406779781D-02
   0.7752507498156D-03   0.1083798086809D-01  -0.2403969385651D-02
   0.7305021339613D-02  -0.6783932213531D-02   0.4789271064339D-02
   0.9724568539947D-02  -0.3044119248551D-02   0.2633745188122D-02
   0.7441004886296D-02  -0.4485409939947D-02   0.5221876219675D-02
  -0.2292420210330D-02  -0.1527560634686D-02   0.7529469428842D-03
   0.3351981040957D-03  -0.7756890105826D-04   0.3107594146461D-03
   0.1342672180694D-03  -0.9236946145850D-04   0.1106573800337D-03
  -0.3312067764264D-03   0.3640785776034D-03  -0.3203148151079D-03
   0.4983767251849D-03  -0.8824993152138D-04   0.1519028487994D-03
   0.4466315431604D-03  -0.1767467148749D-03  -0.1483685671788D-03
  -0.1659215093340D-03   0.1094366790431D-02  -0.4245352957166D-03
  -0.1505877131828D-04   0.1172561148838D-03  -0.3381394291025D-03
  -0.3942741990851D-03  -0.7669542668358D-04  -0.6845452166897D-04
   0.1092263189535D-02  -0.3664023144733D-05  -0.1007969160726D-02
   0.3091899605732D-03   0.3558891171701D-03  -0.6309767757509D-03
   0.9925905628486D-03   0.4050373672408D-03  -0.9452363614471D-03
  -0.1058151106350D-01  -0.8889106909161D-03  -0.1063687802043D-01
  -0.1110324100509D-01  -0.1866119614918D-02  -0.4577951672792D-02
   0.1541388767448D-02  -0.1016453318490D-02  -0.1991678556975D-04
   0.1195707183283D-01   0.5895588521316D-02  -0.4730170961708D-02
  -0.7998936466528D-02  -0.5362894526969D-03   0.6917845889451D-03
  -0.1027424801287D-03  -0.7766161778422D-04   0.5930549546215D-03
   0.6575478580590D-03   0.7601053743836D-03   0.8313737390185D-03
   0.2786248667726D-03  -0.3647305032211D-04   0.3947640592634D-03
   0.3784001614107D-03   0.3564241199282D-03  -0.5942156185424D-04
   0.4447452896183D-03   0.2908067749218D-03   0.1344670829588D-04
   0.9004850057567D-02  -0.3835538618975D-02   0.3034029444648D-02
   0.5633934067580D-03  -0.1119450903710D-02  -0.5886625551141D-02
   0.2950883706737D-03   0.2529579987055D-02  -0.8606236810529D-02
  -0.6460002748411D-02   0.2342276009532D-02  -0.7474243271635D-02
  -0.6433515643263D-04   0.8613995985087D-03  -0.1120301730347D-02
  -0.7832504492807D-03   0.7640541429251D-03  -0.2913621369992D-02
   0.1208876703227D-02  -0.1374543074484D-01   0.1505388347829D-01
  -0.3983379282840D-03  -0.6419033516875D-03  -0.1295513315089D-03
   0.1159940466533D-03  -0.2496787546126D-04   0.7685075841406D-03
   0.2531859838262D-03  -0.1286881987175D-03   0.2535523528108D-03
  -0.9942275270848D-04  -0.6883012480644D-03  -0.1985809637505D-03
  -0.3388370052849D-03  -0.2529102997908D-03   0.1714153349415D-03
   0.2569241274135D-03  -0.2657106080526D-03  -0.2019455279076D-03
  -0.1048118152937D-03   0.7754070480221D-04  -0.2707190750880D-03
   0.6318304795149D-03  -0.8438766496417D-04   0.1295609349224D-04
  -0.2946839863526D-04  -0.5322892283446D-04  -0.2707701938754D-03
   0.6163716507128D-02   0.2407600811225D-02   0.4274799908641D-02
  -0.1206704850223D-02  -0.8121767324403D-03   0.2613424515438D-02
   0.8957803521452D-04  -0.4524796095083D-02  -0.6309574570972D-02
   0.1770795386217D-01  -0.5649855841136D-02  -0.9386378432550D-02
  -0.6110619015849D-03  -0.1940930823704D-02   0.8518411999898D-02
   0.1426845930300D-02   0.3319973767185D-02   0.9257952843266D-02
  -0.1647612652982D-03   0.1296993844160D-02  -0.2787452499881D-02
  -0.1317416353513D-03  -0.4722959440401D-03  -0.1353634124570D-03
   0.4373700629135D-03  -0.3123704333508D-03  -0.3799206634233D-03
   0.3803615859138D-03  -0.3313485649946D-04  -0.2749579276184D-03
   0.5100529355781D-03   0.2835064134272D-03  -0.4838864515360D-03
   0.8645591283104D-04  -0.1356412143566D-03  -0.1631053599477D-03
   0.3284207983647D-03  -0.3559875769456D-04   0.3284883798387D-04
   0.1696672336886D-03  -0.2106767964685D-03  -0.2284233865692D-05
   0.2692528958917D-03  -0.2151229147884D-03  -0.7812819754873D-05
  -0.5873063217283D-03  -0.4581452518675D-03   0.1415037994949D-03
  -0.1101539669296D-01  -0.1426603016310D-03  -0.1805026623635D-02
  -0.1229788205916D-01  -0.3422852505496D-03   0.9306022965376D-03
  -0.3496853904068D-02   0.3998321293555D-02  -0.3070114654520D-02
  -0.1039716982224D-02   0.3700420601687D-02   0.2099285685063D-02
  -0.4589203245585D-02  -0.9638758276508D-02   0.7443524124008D-02
  -0.3027616211700D-02  -0.3630460880473D-02   0.1269951220724D-01
   0.1112976741598D-01   0.7808622724476D-02  -0.1033322140967D-01
   0.2742649293576D-02   0.9440006151049D-02  -0.1643158421225D-02
   0.4745413107862D-03   0.1427413323051D-03   0.3254115603538D-03
   0.1518827142749D-02   0.9013444156375D-03  -0.5165708061763D-03
   0.1136206635447D-02   0.2355839222125D-03  -0.4822474192812D-03
  -0.2613150400469D-03   0.8291879367583D-03   0.6672501342117D-03
   0.7974372105543D-04   0.3822751989584D-03   0.2938480977153D-04
  -0.8926261937494D-03   0.3178484540606D-04  -0.3200653599340D-03
  -0.5754851782728D-03  -0.1994857741323D-03  -0.1497380226249D-03
   0.4857410414229D-04   0.1660835161576D-03   0.1412671226582D-03
  -0.2488783031047D-03   0.4294779518666D-03   0.2819437011145D-03
  -0.4061790750838D-05   0.1301144678755D-02  -0.4729682354464D-02
   0.1268349066830D-01   0.6356524461533D-03   0.1300615892500D-02
  -0.1499103281851D-02  -0.4056037110014D-03   0.7768553465780D-03
  -0.1385583139526D-01   0.4830960144771D-02   0.3133286868457D-03
   0.8828702256925D-04   0.4751409318968D-04   0.1714810373256D-03
  -0.1479923130208D-02   0.9956176336268D-03   0.4258265606124D-03
  -0.7837021433394D-03   0.4013987849091D-04   0.2024647244131D-03
   0.3363343063443D-02  -0.1962478747602D-02   0.2348775851164D-02
   0.2514265283304D-02   0.1103266706183D-01  -0.1182051473593D-02
  -0.2012796573417D-02  -0.1125983920927D-01  -0.8828119127108D-02
  -0.3944361600505D-02  -0.6006487582142D-02  -0.1820317403388D-02
   0.3632570558839D-03   0.2690759799776D-01  -0.1131551189332D-02
   0.3469731399130D-03  -0.1643181032450D-02   0.6895094637051D-03
  -0.4713298730684D-03  -0.4269725226257D-03   0.1738409233756D-03
   0.8473004051773D-04  -0.8009820977245D-03   0.3620103922741D-03
   0.7011621638529D-04  -0.3040577863360D-02  -0.4699556734027D-04
   0.4063955489245D-03  -0.2669525889859D-03   0.2323752291335D-03
   0.1874060852487D-02  -0.1458797116212D-01   0.8169328218888D-02
  -0.4848196066461D-02   0.2002457587858D-02   0.4327458225236D-02
   0.3417466263693D-02  -0.2118144694192D-03  -0.8496282260845D-02
   0.9138134486650D-02   0.1670486301372D-02  -0.1989805460797D-02
   0.5038431526650D-03   0.2080003777910D-02   0.6245600935982D-02
   0.1326422606232D-03  -0.5100530191606D-04   0.1485360753761D-03
   0.6808075209992D-03  -0.5549535025064D-03  -0.5166881296744D-03
   0.2414986307460D-03  -0.1026789978052D-04  -0.8291946560417D-03
   0.3093536001516D-03  -0.8040701294963D-03  -0.9485467491518D-03
   0.4539141317435D-03   0.3741796742425D-04  -0.2333594517465D-03
   0.4610691629926D-02  -0.5457475752532D-02  -0.5898574772621D-02
  -0.8236714797468D-03   0.3451010928817D-02   0.6941790362968D-02
   0.3168145367854D-02  -0.1826717411517D-02   0.3721408041805D-02
   0.1813808645810D-02   0.5351737658464D-02   0.4943786403846D-03
  -0.1430698837120D-01  -0.5060941306629D-02   0.1705395029607D-04
  -0.6543808206769D-02   0.8964759378459D-03   0.5099594513884D-03
   0.8595846996648D-03  -0.1833153647871D-02   0.5373170060690D-02
  -0.3029090030565D-02   0.5795593046541D-02  -0.3916924106665D-02
   0.1784956816180D-02  -0.4038926799036D-02   0.3900555041544D-02
   0.4676479946719D-02   0.4333534913644D-02  -0.2011157445105D-02
   0.5493900443069D-02  -0.7389571809163D-02  -0.5476807104306D-02
  -0.5684239988864D-03   0.9571192846981D-04  -0.1425224838007D-03
  -0.1131707214164D-02   0.1205969229834D-02  -0.5680217628970D-03
   0.4970203037163D-03   0.4643348979711D-03   0.3508921780326D-03
   0.5046398843827D-03   0.6910721844812D-04   0.2832445944945D-03
  -0.2149677486569D-02  -0.1351729323679D-02   0.2199897423082D-03
   0.1078421796369D-03  -0.9199171367949D-03   0.2322091150114D-03
  -0.5949978488567D-03   0.5097389169462D-03   0.5832420506155D-03
   0.1390725564453D-02   0.1998925139082D-02  -0.4137079590371D-03
  -0.2821707512372D-02   0.6981011153939D-03  -0.2926367866731D-02
   0.5123742830185D-02  -0.5453847810830D-02   0.6216364630250D-02
  -0.3311494020182D-02  -0.1626006816241D-01  -0.6840608463306D-02
   0.3019409705390D-01  -0.1958696575507D-01  -0.9694412372075D-01
   0.1004591270934D-01   0.1590377083468D-01   0.2697694088926D-01
  -0.1791184105222D-02   0.7264082451047D-02   0.8952115475630D-02
  -0.9393690570434D-02   0.5840119952637D-02  -0.8035831608809D-04
   0.1618506008970D-02   0.9575210955009D-04  -0.4429869107509D-02
   0.1571880032206D-02   0.1792360428926D-02  -0.6392138331527D-02
  -0.9238449884959D-03  -0.3866655694056D-03   0.4563648635214D-03
   0.9160241469451D-03   0.2202252110622D-03   0.5448810398755D-03
   0.5655801839544D-03  -0.5804201603452D-03   0.3006920725472D-03
   0.2686535603557D-03  -0.3987659770894D-03   0.2013510826714D-03
   0.1643385277177D-03  -0.3843998785236D-03   0.5546985839926D-03
  -0.1119104412710D-03  -0.8117876176862D-03   0.1104155834880D-02
  -0.6468072645766D-02  -0.5089923754936D-01   0.1166647898776D+00
   0.6411636703945D-02   0.2547647852115D-05  -0.1159235617569D-01
   0.1086438531560D-01   0.9214715985473D-01   0.2760632244473D-02
   0.1227834348455D-01  -0.1180182435092D-01   0.4952121424223D-02
   0.1756508332640D-02  -0.1306222265724D-02  -0.8297893684916D-03
  -0.2920491359315D-02   0.6140229407109D-03  -0.1234414140338D-02
   0.2448908661053D-03  -0.6952379895680D-02  -0.1673355879007D-03
  -0.3348127876511D-02   0.5549404485482D-02  -0.6532443445241D-02
  -0.5621875481565D-03   0.1457843981316D-02   0.1037337177448D-01
  -0.3907138479703D-02   0.4609158160635D-02   0.6194536499516D-02
  -0.2031920992982D-02  -0.6687501919622D-03   0.1065808552798D-02
   0.1105045228845D-03  -0.1084172924886D-02   0.8913526071668D-03
  -0.3923659866767D-03   0.3021611265673D-03   0.1637516570208D-02
   0.5913508071784D-03   0.2039370658467D-03   0.5983966801975D-03
  -0.1156619067578D-02   0.1450524129206D-03   0.2347391850174D-03
  -0.7669364926440D-04   0.1388701440688D-03   0.1276032066078D-02
   0.1192925054946D-02  -0.4375361076141D-03   0.1709562406340D-02
   0.2542054614771D-03  -0.1781378722699D-04   0.1246780763422D-02
   0.4599578327763D-03  -0.7615218942325D-04   0.1416692202897D-02
  -0.4861668184095D-01  -0.1055482302698D+00   0.3899936396043D-01
   0.4867231901657D-02   0.1254840432819D-01   0.1208087597835D-02
  -0.9179890962645D-02   0.9224515671240D-01   0.2382985845328D-01
   0.1587203384770D-01  -0.1734304178558D-01   0.8865844834143D-02
  -0.6038630142428D-02   0.2330175225944D-02   0.3712051047166D-02
  -0.2380415290303D-03   0.2764234511465D-02  -0.2698332532926D-03
   0.1376359194291D-02  -0.1609722484438D-01  -0.1354577717106D-01
  -0.1236371535482D-01  -0.9410333866348D-02   0.7741614349805D-02
  -0.4121835558911D-02  -0.2042913822692D-03   0.2710473446005D-02
  -0.4372153639594D-03  -0.3751030321245D-03   0.4083107736525D-03
  -0.3703244092868D-03  -0.1934075191598D-03  -0.6278714758883D-03
  -0.2113969564140D-03   0.7966988196167D-04  -0.2355298695878D-03
  -0.6550248851632D-03   0.5547903230908D-03  -0.1948792880754D-03
  -0.5937006143180D-03   0.7629728242006D-03   0.1083006435618D-02
   0.2619903237032D-03   0.6211132075439D-04   0.2473563028377D-03
   0.1535179429783D-04   0.5432042202034D-03   0.2596937947542D-03
  -0.5314051799045D-01  -0.9277943239269D-02  -0.1064808502405D+00
  -0.1178479990108D-01  -0.6603279682119D-02   0.6564118335581D-03
   0.1418734857483D-01  -0.9964678448464D-02   0.9879572015666D-01
   0.2994132371974D-01   0.9642560923419D-02  -0.3218189913944D-01
  -0.7692186111518D-02  -0.4790548558947D-02  -0.3226037588633D-02
  -0.1959185914733D-02  -0.6188760189139D-02  -0.1296112503504D-01
   0.1424842636277D-02   0.7171183354293D-03  -0.3115753006315D-02
   0.1916734199080D-02  -0.7778863604714D-03  -0.1581445771416D-02
  -0.3773895686756D-03  -0.1765478765278D-02   0.6061281506877D-03
  -0.7342384093973D-03  -0.9444082023370D-03  -0.2247140825142D-02
  -0.7997754879112D-01  -0.8855719569173D-02  -0.8530615562414D-01
   0.1303619861082D-01   0.2560863986625D-02  -0.9370495134440D-02
   0.4677203706177D-02   0.1441616980640D-02  -0.5052725768961D-03
  -0.1485414103089D-01  -0.7005097751154D-03  -0.4376522033653D-02
  -0.5419635537199D-02  -0.9102762689225D-02  -0.4617183563095D-02
  -0.2343942338047D-02  -0.1638838541987D-02  -0.3893492466728D-02
  -0.6662742399201D-03  -0.1021977167416D-01  -0.3682362068053D-02
   0.5003499102578D-03   0.5338367684466D-02  -0.9430942729583D-04
   0.3876834920287D-03  -0.7329091885606D-03  -0.1976963998024D-02
  -0.3008734459236D-01  -0.7567594558645D-01  -0.2410107152091D-01
   0.3608595351662D-02   0.5280321823483D-02  -0.7992683714205D-02
   0.1211935933751D-02   0.4007573393597D-02  -0.2066660233389D-01
   0.4357963569403D-03  -0.2974535277532D-02   0.7606523877338D-02
  -0.1228563523023D-02   0.3457441481552D-03   0.2058371418866D-03
  -0.3324010286589D-03   0.7524999656211D-03  -0.1617278004231D-03
  -0.1422108125923D-02  -0.1650802237191D-02   0.2732410394020D-02
   0.1982073563291D-02  -0.5441540825981D-03   0.6470505447537D-02
   0.3464525091932D-01  -0.9018717497245D-01  -0.7792145540190D-01
   0.6807782077255D-02   0.7174823220612D-02  -0.7390093473898D-02
   0.9585932520358D-02   0.6749416691464D-02  -0.4209077472328D-02
   0.1284512046199D-02  -0.2149762259582D-03  -0.3440706733303D-02
  -0.1081173751381D-01  -0.4838285615973D-02   0.8507635154678D-02
  -0.4538177545989D-02   0.8514732655182D-03  -0.1903418816360D-02
   0.1081965433752D-02   0.4854808373247D-02   0.1903569946705D-02
  -0.3654323335692D-02  -0.3467922398672D-02  -0.5220360220866D-02
   0.1469222016868D-02   0.4247182767386D-02   0.3604805172238D-02
   0.4009080961758D-02  -0.8548892697145D-03  -0.2897929750738D-02
   0.7373208234918D-02  -0.4020873084944D-02   0.7491218271520D-02
   0.3902425303994D-02  -0.8822411184447D-02  -0.1593804616758D-02
   0.3003188220001D-03  -0.2742647481270D-02  -0.1475426899207D-02
   0.4040451505182D-03   0.7356381978572D-03   0.2851009848116D-02
   0.8625862592315D-04  -0.4867240493376D-03  -0.1641833708367D-03
  -0.2046696741360D-02  -0.5821823763176D-04   0.1357771640871D-02
   0.2187861586740D-03  -0.1904070052734D-03   0.6415496366894D-03
  -0.4277104570751D-03   0.2218155981244D-03  -0.3411672351044D-03
   0.3467114033115D-03  -0.3239180206936D-03  -0.1200461036024D-03
   0.7465143281536D-04  -0.3648879124069D-03  -0.5592343379131D-03
   0.3643794697193D-02   0.5710356938872D-02   0.6787950362730D-02
  -0.2608349570531D-02  -0.6058634749330D-02   0.1665395447759D-01
   0.2936316336347D-01  -0.9728424303466D-01   0.1964854100976D-01
   0.1008246202065D-01   0.2665793099188D-01  -0.1650193315844D-01
  -0.1689030367846D-02   0.9203325349583D-02  -0.7318774238291D-02
  -0.8852819694535D-02  -0.2653129922221D-03  -0.6009389080993D-02
   0.2395214442513D-02  -0.3849350559143D-02   0.5202048813201D-03
   0.1278033954716D-02  -0.6081704814856D-02  -0.1880514130110D-02
  -0.5308365108885D-03   0.1654578047609D-02   0.1436055969884D-02
   0.9770745907469D-03  -0.6487042333071D-04  -0.3660549532206D-03
   0.7078600407857D-03  -0.1015949165981D-03   0.5110260030227D-03
  -0.6341404690944D-04  -0.4183135135339D-03   0.3049266398271D-03
   0.1943500191522D-03   0.8629075372218D-03   0.5448228377808D-03
  -0.4943748256755D-03   0.9784785246528D-03   0.5368228428059D-03
  -0.3528638626317D-01  -0.3417720612226D-01  -0.1136105183246D+00
  -0.8140103610565D-02  -0.1990152629545D-02   0.2542726981322D-02
   0.2313118310330D-01  -0.3212196817328D-01   0.7578229649321D-01
   0.9990308298501D-02   0.1174695770721D-01  -0.7408917296152D-02
   0.8293638507781D-02  -0.2472680773842D-02  -0.2708838276646D-02
  -0.5560235733779D-02   0.1884876607246D-02  -0.7756905042591D-02
   0.7710114377938D-02  -0.1281380686991D-02  -0.1480896477694D-02
   0.2563052058426D-02  -0.8346368127128D-02   0.9135035810808D-02
  -0.3054968281469D-02  -0.1019110217422D-01  -0.1163044328732D-01
  -0.5232264022851D-03  -0.2816328458684D-02  -0.2044176713212D-02
  -0.7393299671889D-03   0.1415141268182D-02   0.5876076662905D-03
  -0.5301892510158D-03   0.1103754349388D-03  -0.5684520321613D-03
   0.5079963607690D-04  -0.1752578897641D-03   0.1364095971495D-04
   0.1014939230953D-03  -0.1828968060059D-03  -0.3431426931623D-03
  -0.1551065625173D-02   0.2605355450682D-03  -0.3581751601688D-03
  -0.5235027740422D-03   0.7632683998774D-05  -0.5077339454627D-03
   0.1880201358650D-03  -0.5132245614692D-03  -0.9801025099460D-04
  -0.8631978670283D-03   0.1225672056004D-02  -0.5305328156074D-04
   0.5370288392657D-04   0.2358658328917D-03  -0.7459817492686D-03
   0.7358767725850D-01  -0.1061080329090D+00  -0.4290681666238D-01
  -0.4782720319520D-02  -0.4361048681580D-02   0.3271070610946D-02
   0.3037622626699D-01   0.6707441769696D-01  -0.3185903133465D-01
  -0.1482256466015D-01  -0.1401681627314D-01  -0.1767167291773D-01
  -0.3150177627821D-02   0.6314203300490D-02   0.1445092782563D-02
  -0.8996215686447D-02  -0.3360976145856D-02  -0.8061543249549D-03
  -0.6133913892110D-02   0.4357372241140D-02  -0.6825797378839D-02
   0.3343262028689D-02  -0.1018812598227D-01   0.5665423441104D-02
  -0.3365590679793D-02   0.4969448878204D-02  -0.7247187555640D-02
   0.7726230698559D-02  -0.1039029007572D-01   0.6011397018317D-02
  -0.1114429854341D-03  -0.1728963791440D-02   0.1536954347880D-02
   0.1543510486199D-01  -0.2535286730415D-02  -0.3682824566737D-02
   0.6528680224745D-02  -0.1552200646355D-03  -0.6309718475123D-03
   0.1595921687781D-02  -0.7414421717705D-03   0.9792336250997D-03
   0.3291163078753D-03  -0.2061486919578D-02   0.2529716590310D-03
   0.1264730183542D-02  -0.6566640439044D-03  -0.1886939042322D-02
   0.1766915475000D-02   0.8412672375643D-03  -0.1676144009693D-02
  -0.7293952568753D-04  -0.1240648714968D-03  -0.3063464001773D-04
  -0.1224857721951D-03   0.6334178686073D-03  -0.9861790081820D-03
   0.1392641200687D-02   0.4867796886995D-03  -0.8260964547025D-03
   0.9993505152162D-01  -0.1870309436322D-01  -0.7611093006824D-01
  -0.6752917009419D-04  -0.1214138913280D-02  -0.1337086263153D-01
  -0.4669688615135D-02   0.1086156470937D-01   0.2477007153093D-02
   0.1117937133749D-02  -0.1503268420653D-01   0.3942229460764D-03
   0.3205003684162D-02   0.9824780175940D-02   0.2730322367805D-02
  -0.5175650046970D-02   0.9096401503153D-02  -0.3094198369293D-02
  -0.4844726067246D-02   0.4204230604650D-02   0.1925095430528D-02
  -0.3795830188587D-02   0.3732947053967D-02   0.3766420209086D-02
   0.6439184722302D-02   0.5383644469842D-02  -0.5360047888071D-02
   0.2993629773061D-02   0.7816127670321D-03  -0.2521920730238D-02
  -0.1245111054535D-02   0.1130172736625D-02  -0.3474081978773D-03
  -0.1244016944569D-02  -0.4879139575342D-04   0.1619752115951D-03
   0.6011400130856D-04  -0.1534136027449D-03  -0.6003651803415D-04
   0.4075180114527D-03   0.7061938825249D-03  -0.1445708864621D-02
  -0.4550472280266D-03  -0.1434054942154D-02   0.8871784343399D-03
  -0.1270205687639D-02  -0.1392581319189D-02   0.1833736223185D-04
   0.8767974559587D-03   0.2525363965490D-03  -0.5839911663018D-03
   0.1796318001047D-03   0.4752335748133D-03  -0.1197735027083D-02
  -0.3638942809744D-03   0.1094144027246D-02   0.1048375178531D-02
   0.5074736240398D-02   0.5973680089821D-03   0.1093040932584D-01
   0.6538176265691D-02   0.2116441742118D-02   0.1337476152368D-01
   0.5060368407704D-01   0.7909777129370D-01  -0.4408656053691D-01
  -0.1658322650601D-01  -0.2961119111922D-01  -0.1544827261751D-01
   0.6311615087813D-02   0.9969837314621D-03   0.5462591393541D-02
  -0.3858308099586D-02   0.3538012499881D-03   0.1495735538488D-02
  -0.1402964072637D-03  -0.4295706035593D-03   0.4411008762155D-03
  -0.1999488535807D-02  -0.3043156375617D-03  -0.2679554621076D-03
   0.7804271475142D-03   0.4082918322852D-03   0.4319022161237D-03
  -0.1978728577392D-02  -0.1652904041982D-02   0.2668138636737D-02
   0.1064072081762D+00  -0.6452652752742D-01  -0.9282995661216D-03
   0.1118276027229D-02  -0.4453538460856D-02   0.5761187450545D-02
  -0.4358243581314D-02   0.7932081960526D-01  -0.1637059854161D-01
  -0.1133008802765D-01  -0.2698860829869D-02  -0.1499599414237D-01
   0.1361403244008D-02   0.8795432937332D-02   0.4859029404754D-02
  -0.3528664291234D-02  -0.2331872506143D-02   0.5816291216724D-02
  -0.1035762606410D-01   0.8824533823366D-02   0.6483616606541D-02
   0.1077797413639D-02  -0.9497626111473D-02  -0.3757494361528D-02
   0.1417492579515D-01   0.5920540571205D-03  -0.4855087881881D-02
   0.4709266361008D-02   0.4117555714687D-03  -0.5207453477374D-03
  -0.4769509718834D-03   0.9228214569682D-04  -0.5726458094504D-03
  -0.9523460686050D-04   0.3341776884207D-03   0.1440059518463D-02
  -0.1103430482403D-03  -0.3337412708247D-03  -0.1100672388723D-02
   0.5736575020884D-03  -0.3703312284042D-03  -0.6602973174679D-03
   0.1200430947423D-02  -0.1131085847800D-02  -0.5027072479622D-03
   0.4244078541611D-03   0.3094497349358D-03  -0.7120553331723D-03
   0.3177338461714D-03   0.1444090275595D-04  -0.1282975551467D-02
   0.3552635358265D-04   0.3408145430331D-03  -0.1075744449014D-02
  -0.8061479917280D-04   0.1118867450463D-03  -0.8329147430668D-04
  -0.1618912810140D-01  -0.9912829796754D-01   0.9566781851393D-01
  -0.3348191921904D-01   0.9144270870677D-02   0.6672412875493D-01
   0.4039712949433D-02   0.4215785934470D-01  -0.1325143798623D+00
  -0.1733901994590D-01  -0.7353801568579D-01   0.3299685058416D-02
   0.5599683920041D-01   0.1091922594621D+00  -0.6318275773180D-01
   0.4350532613949D-02  -0.7240388190838D-01  -0.1413360679799D-01
   0.4684218242984D-01   0.2651842383628D-01   0.1270736011768D+00
  -0.1291264279458D-01   0.6421353351252D-02  -0.7271465142824D-01
   0.7787662616004D-01   0.3013053747575D-01   0.1098652046557D+00
   0.2440043460442D-01   0.5791017046149D-01   0.4382990508799D-01
  -0.4284126049078D-01   0.1030764323513D+00   0.8064541988023D-01
  -0.3361925702936D-01   0.6611175646403D-01  -0.8905744290636D-02
   0.2919785875051D-01   0.4347498124754D-01   0.1276409909554D+00
  -0.3417826022467D-01   0.3009525079812D-01  -0.6346945507465D-01
  -0.7208211470257D-01   0.1071452914621D+00   0.5169332151109D-01
  -0.2829385926459D-01  -0.6561832732276D-01   0.3283864328872D-01
  -0.1045658145330D+00   0.8100988146973D-02   0.8888670882950D-01
  -0.3396608770799D-01  -0.5410210376568D-01   0.4123526006894D-01
  -0.1198146696894D+00   0.6833901893879D-01   0.1038241335345D-01
   0.8466363804096D-02  -0.7720440139608D-01   0.1914341106722D-01
$end                                                                            
