           2           1   1.00843198790441     
           3           2  0.972296057426169     
           4           3   1.84699260049554     
           5           2  0.948085924403933     
           6           5   1.00827129417141     
           7           5   1.00973519868023     
           8           1  0.958554737470149     
           9           2  0.965555389168789     
          10           5  0.962598596856849     
          11           6  0.979877043028338     
          12           6  0.975788932092827     
          13           6  0.983970805976678     
          14           7  0.977335238986559     
          15           7  0.985653287538265     
          16           7  0.981665526533991     
          18          17   1.01622071888706     
          19          18  0.934732249120398     
          20          19   1.61663565205316     
          21          18  0.974097777476836     
          22          21  0.990430670622272     
          23          22   1.00800115594803     
          24          22   1.01147735246851     
          25          17  0.957520821981766     
          26          18  0.959438896501881     
          27          21  0.972978002190432     
          28          21  0.970046458555943     
          29          22  0.965983436859316     
          30          23  0.977843428150556     
          31          23  0.984505693672339     
          32          23  0.980941297887215     
          33          24  0.984317966161686     
          34          24  0.984027812042011     
          35          24  0.982894716487430     
          36          19   1.29650012081370     
          37          36  0.968736550941601     
          38          37  0.975025998790925     
          39          38   1.91053021669370     
          40          37  0.968701259123527     
          41          40   1.00367507123993     
          42          36  0.975802247044326     
          42          41   1.00193737213288     
          43          37  0.939091833760829     
          44          40  0.972943796628500     
          45          40  0.973071945132187     
          46          41  0.976416157823307     
          47          41  0.973922998846226     
          48          42  0.965341837061694     
          49          42  0.965623950991758     
          51          50   1.02016355447516     
          52          51  0.993418242314020     
          53          52   1.87533934028372     
          54          51  0.945776715483237     
          55          54  0.990149355937193     
          56          55   1.00676482701926     
          57          55   1.00986754507587     
          58          50  0.958272175613360     
          59          51  0.947462826624767     
          60          54  0.971062587348405     
          61          54  0.971174683017607     
          62          55  0.964139658115746     
          63          56  0.980962424809585     
          64          56  0.979771151520299     
          65          56  0.984065732326857     
          66          57  0.983067218756940     
          67          57  0.983396177320938     
          68          57  0.983150750940911     
          70          69   1.02337784168169     
          71          70  0.978847230628229     
          72          71   1.83254001326119     
          73          70  0.930442373006482     
          74          73   1.01172238111506     
          75          74   1.40452730812399     
          76          74   1.41113621440289     
          77          75   1.44462321310071     
          78          76   1.44397134083288     
          79          77   1.43705216562969     
          79          78   1.43895838544739     
          80          69  0.956608705174523     
          81          70  0.962257037658643     
          82          73  0.963999522820614     
          83          73  0.972665456916727     
          84          75  0.959840522834878     
          85          76  0.966927901784596     
          86          77  0.969644714907623     
          87          78  0.966585333748055     
          88          79  0.969189922413654     
          90          89   1.01017632412167     
          91          90  0.979378992275006     
          92          91   1.83398405286307     
          93          90  0.955857304161089     
          94          93  0.996502106001681     
          95          94   1.00896398664150     
          96          94   1.00779677997954     
          97          89  0.958626556426701     
          98          90  0.958075605668793     
          99          93  0.968708630827486     
         100          93  0.974916784150490     
         101          94  0.966506372120050     
         102          95  0.985182309341037     
         103          95  0.975741887800083     
         104          95  0.986284991281180     
         105          96  0.980315430563166     
         106          96  0.985968475160776     
         107          96  0.985804138389314     
         109         108   1.01739677470302     
         110         109  0.943819003761566     
         111         110   1.60145533775568     
         112         109  0.975420062678529     
         113         112   1.01170615837416     
         114         113  0.990309143360366     
         115         114   1.00952194579963     
         116         108  0.952776703028585     
         117         109  0.951593352401759     
         118         112  0.962273369189629     
         119         112  0.958499175497489     
         120         113  0.968855565141652     
         121         113  0.974248692714729     
         122         115  0.974359584525737     
         123         115  0.980218223033594     
         124         115  0.977290339805123     
         125         110   1.30130154839031     
         126         125  0.977089482368246     
         127         126  0.940185742168301     
         128         127   1.63003896932937     
         129         126  0.945321028637142     
         130         129   1.00235128732598     
         131         129   1.00237747233911     
         132         125  0.915388061685560     
         133         126  0.947514114297967     
         134         129  0.961131467171496     
         135         130  0.832603488997714     
         136         131  0.981540412728388     
         137         131  0.982636062404993     
         138         131  0.983437960540314     
         139         127   1.29093482082761     
         140         139  0.972184735217084     
         141         140  0.929756746893374     
         142         141   1.62351680641100     
         143         140  0.984955324635054     
         144         143   1.00560733069565     
         145         144  0.966134965274672     
         146         145   1.63740855163592     
         147         145   1.31027528928200     
         148         139  0.917404885751014     
         149         140  0.950674293153166     
         150         143  0.963854175978382     
         151         143  0.970559806408721     
         152         144  0.966036315201831     
         153         144  0.949756991102012     
         154         147  0.927709749764372     
         155         147  0.925653936360231     
         156         141   1.30399361661109     
         157         156  0.972891820590276     
         158         157  0.935293335405964     
         159         158   1.60869205463390     
         160         157  0.977380537606382     
         161         160   1.00327405056851     
         162         161   1.39624908455022     
         163         161   1.43260019004305     
         164         162   1.46009767776020     
         165         163   1.42702316033782     
         166         164   1.42380985970416     
         166         165   1.44768917771216     
         167         156  0.924946368142667     
         168         157  0.938566721461917     
         169         160  0.955353612097160     
         170         160  0.967185436073188     
         171         162  0.961245505696112     
         172         163  0.965385928521765     
         173         164  0.968378005986487     
         174         165  0.969820768624784     
         175         166  0.969253120493408     
         176         158   1.32401227892591     
         177         176  0.972962772900654     
         178         177  0.937466551382964     
         179         178   1.58943182377819     
         180         177  0.983868107507560     
         181         180  0.994348297199154     
         182         181   1.00671210872089     
         183         181   1.00926962441342     
         184         176  0.875443010530114     
         185         177  0.948861783100494     
         186         180  0.962038318649226     
         187         180  0.970173466653494     
         188         181  0.966694092997856     
         189         182  0.985051450968881     
         190         182  0.986526912455250     
         191         182  0.985935044798318     
         192         183  0.981636800075548     
         193         183  0.985745596547154     
         194         183  0.978160085139135     
         195         178   1.32524587252222     
         196         195  0.986489484833627     
         197         196  0.929131718194287     
         198         197   1.59252488389797     
         199         196  0.978841036229542     
         200         199   1.00227415007806     
         201         195  0.882052367384907     
         202         196  0.950301816290273     
         203         199  0.967875803286899     
         204         199  0.958804720731427     
         205         200  0.861533776605386     
         206         197   1.33570516130431     
         207         206  0.977230443607334     
         208         207  0.936580455402334     
         209         208   1.62731216454452     
         210         207  0.961320204137193     
         211         210  0.994875780612734     
         212         210   1.00875935640350     
         213         211   1.01676725751875     
         214         206  0.889047303302733     
         215         207  0.947786192273405     
         216         210  0.966542394969710     
         217         211  0.976470636320302     
         218         211  0.957898797949010     
         219         212  0.981475937711072     
         220         212  0.982160034213388     
         221         212  0.984698123924767     
         222         213  0.982411583807239     
         223         213  0.982023422940654     
         224         213  0.984811253073768     
         225         208   1.30734698446835     
         226         225  0.978728349924211     
         227         226  0.936013200504186     
         228         227   1.60268408871792     
         229         226  0.968501104721127     
         230         229  0.989701940354163     
         231         229   1.00934566326484     
         232         230   1.02132641048473     
         233         225  0.892107364239504     
         234         226  0.949084880445715     
         235         229  0.957793735343789     
         236         230  0.974283703069264     
         237         230  0.975659854787909     
         238         231  0.983448174636926     
         239         231  0.973526254425413     
         240         231  0.978486033599950     
         241         232  0.972586790875273     
         242         232  0.981522394899460     
         243         232  0.984287337239514     
         244         227   1.31088551514250     
         245         244  0.987013076095214     
         246         245  0.933772488789770     
         247         246   1.60445889516904     
         248         245  0.980591663015135     
         249         248   1.00565086719672     
         250         249   1.00810323698557     
         251         250  0.978890600497935     
         252         251   1.34381232812161     
         253         252   1.32191066094480     
         254         252   1.27611506510237     
         255         244  0.868159934688043     
         256         245  0.947591088635838     
         257         248  0.961379969060509     
         258         248  0.970563916664815     
         259         249  0.970046102179319     
         260         249  0.967733248087067     
         261         250  0.958857457566876     
         262         250  0.935518833587431     
         263         251  0.900693943970387     
         264         253  0.913973909348017     
         265         253  0.921915803977196     
         266         254  0.923634003235162     
         267         254  0.920524265009174     
         268         246   1.31551519400780     
         269         268  0.989249580933244     
         270         269  0.923794842883967     
         271         270   1.63491323613281     
         272         269  0.976534319707390     
         273         272   1.00414314629639     
         274         268  0.872969407845922     
         275         269  0.954329484898929     
         276         272  0.972406332045478     
         277         272  0.957355945913892     
         278         273  0.866299015089392     
         279         270   1.31061338252936     
         280         279  0.989012474584898     
         281         280  0.934931772070697     
         282         281   1.62110180133645     
         283         280  0.976610894923065     
         284         283   1.00521684581716     
         285         284  0.987870809339241     
         286         285  0.989722974515541     
         287         286   1.31335454334050     
         288         287   1.31807325728632     
         289         287   1.31219137122242     
         290         279  0.883670037524592     
         291         280  0.939854626839671     
         292         283  0.969190761057113     
         293         283  0.968290834354881     
         294         284  0.972638547948093     
         295         284  0.970792060292067     
         296         285  0.968017034908627     
         297         285  0.962404568854571     
         298         286  0.914678225769953     
         299         288  0.917863245418465     
         300         288  0.915592081404020     
         301         289  0.918130351715396     
         302         289  0.915538636353481     
         303         281   1.30803230569821     
         304         303  0.991725432801678     
         305         304  0.928149647070798     
         306         305   1.67307670341529     
         307         304  0.976300340526447     
         308         307   1.00845584610474     
         309         308  0.984854955721418     
         310         309   1.01175362074875     
         311         303  0.896974858558531     
         312         304  0.940552074790297     
         313         307  0.973864512069387     
         314         307  0.968652375166644     
         315         308  0.974664584905009     
         316         308  0.973085406031521     
         317         310  0.974290284854149     
         318         310  0.979816946135257     
         319         310  0.980262201156588     
         320         305   1.26381849699098     
         321         320  0.964176981779323     
         322         321  0.976191721083562     
         323         322   1.72071214028872     
         324         321  0.947508828305056     
         325         324   1.01111213493597     
         326         324   1.00846782392188     
         327         320  0.920141584075268     
         328         321  0.958533754061160     
         329         324  0.962950654643242     
         330         325  0.981578125051205     
         331         325  0.976968220529445     
         332         325  0.982221779494410     
         333         326  0.983012614086135     
         334         326  0.985708009224604     
         335         326  0.985575730961286     
         337         336   1.01029137352886     
         338         337  0.941002645846993     
         339         338   1.63906365704925     
         340         337  0.985180319438817     
         341         340   1.00958571506906     
         342         341  0.998556602916679     
         343         342  0.977763629429303     
         344         343   1.31446525335617     
         345         344   1.29241457097453     
         346         344   1.32694124454063     
         347         336  0.961193970118340     
         348         337  0.948595692850014     
         349         340  0.964384071575775     
         350         340  0.967905008522150     
         351         341  0.970949077824963     
         352         341  0.968884426995387     
         353         342  0.953501867170210     
         354         342  0.963486411123102     
         355         343  0.908079313041427     
         356         345  0.854697289124826     
         357         345  0.923244082277994     
         358         346  0.852358264944439     
         359         346  0.920778604324153     
         360         338   1.29078211854346     
         361         360  0.990107431058910     
         362         361  0.972532378025655     
         363         362   1.85133800250605     
         364         361  0.971589507773732     
         365         360  0.930904427740454     
         366         361  0.916436341752909     
         367         364  0.979625609076109     
         368         364  0.980614329538491     
         369         364  0.984772634977691     
         371         370   1.01671709017104     
         372         371  0.944131960501900     
         373         372   1.65377871008723     
         374         371  0.968520097798473     
         375         374  0.997633725333961     
         376         375  0.920857286995390     
         377         376   1.44256863250829     
         378         376   1.53029191711892     
         379         370  0.940716820381744     
         380         371  0.962794080971499     
         381         374  0.977156416433902     
         382         374  0.975286994329786     
         383         375  0.968184483214972     
         384         375  0.967579770307642     
         385         372   1.28382230536670     
         386         385  0.987346020397344     
         387         386  0.934307538506217     
         388         387   1.64742805749289     
         389         386  0.986870702185448     
         390         385  0.933413671941620     
         391         386  0.936557108077791     
         392         389  0.977271936888055     
         393         389  0.979130122231228     
         394         389  0.985390259812218     
         395         387   1.28862217177931     
         396         395  0.991409735838873     
         397         396  0.942862350552305     
         398         397   1.61787778966022     
         399         396  0.947824996722093     
         400         399   1.00982970237315     
         401         400   1.41362944068395     
         402         400   1.41134911678811     
         403         401   1.44277402201972     
         404         402   1.44687654240893     
         405         403   1.43466967236093     
         405         404   1.43493340870212     
         406         395  0.898651963180578     
         407         396  0.947904605844110     
         408         399  0.964493711793832     
         409         399  0.964239520640908     
         410         401  0.968563662719635     
         411         402  0.959539918945171     
         412         403  0.957494929595649     
         413         404  0.968507630270485     
         414         405  0.959328217463224     
         415         397   1.32518074666855     
         416         415  0.987149421787656     
         417         416  0.932199592857734     
         418         417   1.60921877007800     
         419         416  0.959496041727751     
         420         419   1.00503323918749     
         421         420   1.39892655407814     
         422         420   1.41341201593984     
         423         421   1.46550180881161     
         424         422   1.44698931429525     
         425         423   1.35512848802519     
         425         424   1.37446213291325     
         426         425   1.06965665873243     
         427         415  0.896186202456874     
         428         416  0.954423868607038     
         429         419  0.970261009132143     
         430         419  0.968223626842172     
         431         421  0.967263099342295     
         432         422  0.963674034691282     
         433         423  0.967432934559592     
         434         424  0.965282794894761     
         435         426  0.868012088780524     
         436         417   1.32166675826917     
         437         436  0.953244970802197     
         438         437  0.965916757387623     
         439         438   1.76227612866847     
         440         437  0.970654408382692     
         441         440  0.997137755242920     
         442         441   1.00704247705830     
         443         441   1.00608336520476     
         444         436  0.923084846224185     
         445         437  0.954756291348744     
         446         440  0.966212012373642     
         447         440  0.970353022495849     
         448         441  0.967100027920674     
         449         442  0.984354462570641     
         450         442  0.984245376322615     
         451         442  0.980602009951367     
         452         443  0.980972132944850     
         453         443  0.981983370635708     
         454         443  0.982415506541615     
         456         455   1.02268856951894     
         457         456  0.981218329236028     
         458         457   1.70498671280014     
         459         456  0.969660937504382     
         460         459   1.01227392251125     
         461         460  0.981015446035719     
         462         461   1.00807312802608     
         463         455  0.955331450803519     
         464         456  0.925981247027200     
         465         459  0.968324515966122     
         466         459  0.963023244223568     
         467         460  0.975006449282063     
         468         460  0.975574011234894     
         469         462  0.977013424624520     
         470         462  0.984464740574919     
         471         462  0.984950222977690     
         473         472   1.02043280343137     
         474         473  0.956947433943577     
         475         474   1.63835432894011     
         476         473  0.945907034388212     
         477         476   1.01946278541353     
         478         477   1.40967582751661     
         479         477   1.39534190305773     
         480         478   1.44663928677034     
         481         479   1.46271721298284     
         482         480   1.37536955108228     
         482         481   1.36038074429413     
         483         482   1.06909699213084     
         484         472  0.955245769523895     
         485         473  0.948933894749060     
         486         476  0.962221091316145     
         487         476  0.958169960154437     
         488         478  0.963061434067447     
         489         479  0.963852424979524     
         490         480  0.961857840577901     
         491         481  0.965280610065113     
         492         483  0.867769620364954     
         493         474   1.27940367591491     
         494         493  0.990754565191047     
         495         494  0.951970413441669     
         496         495   1.61517673860873     
         497         494  0.971405260602983     
         498         493  0.906913954908516     
         499         494  0.954760267218890     
         500         497  0.982435373482499     
         501         497  0.979203657995168     
         502         497  0.984502906085779     
         503         495   1.29504927869791     
         504         503  0.989895627297617     
         505         504  0.958649349262692     
         506         505   1.77712332911631     
         507         504  0.957238438529693     
         508         507   1.01005981645193     
         509         503  0.921382002000213     
         510         504  0.934577015544385     
         511         507  0.969312013916861     
         512         507  0.961850325868349     
         513         508  0.868945543066371     
         515         514   1.00897412124230     
         516         515  0.946384036091783     
         517         516   1.66248960167592     
         518         515  0.982193553451991     
         519         518  0.993999669776035     
         520         518   1.00068977300541     
         521         519   1.01862888394017     
         522         514  0.951221057715574     
         523         515  0.943822359852352     
         524         518  0.962165409977897     
         525         519  0.974503339748311     
         526         519  0.954926619436752     
         527         520  0.989976365871571     
         528         520  0.981557770502630     
         529         520  0.961726179059518     
         530         521  0.980690372589881     
         531         521  0.983730131689586     
         532         521  0.984272512737944     
         533         516   1.25362054735674     
         534         533   1.00029539043932     
         535         534   1.00689334567514     
         536         535   1.76776318813474     
         537         533  0.894357443391643     
         538         534  0.927009538014743     
         539         534  0.940732813761882     
         541         540   1.16026651898306     
         542         541  0.849719279116133     
         543         542   1.86726709697544     
         544         541  0.956741499448632     
         545         544   1.00944492385383     
         546         545  0.979929499282934     
         547         546   1.00573148192365     
         548         540  0.977289922932038     
         549         541  0.908464508587787     
         550         544  0.971865718938813     
         551         544  0.976435327002312     
         552         545  0.974389887194941     
         553         545  0.976530073595828     
         554         547  0.976870796547007     
         555         547  0.966526522681787     
         556         547  0.983796745420644     
         557           1  0.947452928001457     
         558           3  0.958433878061139     
         559          17  0.959058234122478     
         560          38  0.951672322048512     
         561          50  0.948936055405739     
         562          52  0.953681548897372     
         563          69  0.934967132702719     
         564          71  0.957660297403109     
         565          89  0.952954769557063     
         566          91  0.957700877295037     
         567         108  0.958184682863829     
         568         322  0.957295359653075     
         569         336  0.949573594690129     
         570         362  0.953576151708049     
         571         370  0.956774949990407     
         572         438  0.958289927730026     
         573         455  0.956621848994625     
         574         457  0.958527480925272     
         575         472  0.946985834898728     
         576         505  0.955920437021657     
         577         514  0.959057493637778     
         578         535  0.957676220458103     
