   -0.39757979
    0.03331707
    0.27100571
   -0.48822451
   -0.06600999
    0.00316723
   -0.03702650
   -0.04382589
   -0.03616529
   -0.03778667
   -0.04162594
    0.16155502
    0.04197752
    0.03613682
    0.04277856
    0.02868203
    0.03339784
    0.03279309
    0.05270062
    0.04699273
   -0.18578901
    0.01552629
    0.27002223
   -0.49511995
   -0.01992125
   -0.06402697
   -0.12799372
   -0.11635711
    0.21174182
    0.09805539
    0.02058061
    0.02097140
    0.04363979
    0.06481886
    0.03586571
    0.06838152
    0.03448505
    0.06045165
    0.04699582
   -0.18164158
    0.01405454
    0.26162078
   -0.46986762
   -0.13054696
    0.23627268
    0.07489053
    0.05791544
    0.06368272
    0.07711318
   -0.17042178
    0.00994748
    0.26945937
   -0.49851259
   -0.02015543
   -0.07338886
   -0.11742880
   -0.10140283
    0.22120080
    0.09106833
    0.04035879
    0.05881937
    0.05050838
    0.03257184
    0.04065962
    0.05998485
    0.03913848
    0.02105197
    0.03426453
   -0.16742146
    0.02187524
    0.19156903
   -0.38020372
   -0.08375565
   -0.08406902
   -0.10188643
   -0.04996195
   -0.16898616
    0.23683429
    0.10136631
    0.06412647
    0.08408676
    0.07131853
    0.06066596
    0.08444719
    0.07843971
    0.10803972
    0.11443507
    0.28670860
    0.30714368
    0.27668148
   -0.39735870
   -0.01320345
    0.27435880
   -0.51842228
    0.17137752
    0.05384335
    0.06583970
   -0.17034277
    0.02594190
    0.20799416
   -0.37431923
   -0.01920424
   -0.11672163
   -0.12091803
    0.23456111
    0.07570686
    0.06292658
    0.06314973
    0.03177541
    0.04236967
    0.06344573
    0.04707039
    0.05861334
   -0.40822727
    0.04413853
    0.26248362
   -0.49472620
   -0.06690143
   -0.00738240
   -0.11224308
   -0.10894317
    0.17292579
    0.03195313
    0.04170440
    0.05850432
    0.01530482
    0.03735088
    0.03938180
    0.05458156
    0.04084564
    0.04720600
    0.01539603
   -0.20380902
    0.02860581
    0.27885606
   -0.49580981
   -0.01458167
   -0.05961888
   -0.10144676
   -0.10628260
    0.22300993
    0.07237090
    0.02790600
    0.04373619
    0.04401157
    0.04769312
    0.02070325
    0.04951479
    0.04794782
    0.02984660
    0.04274880
   -0.18142931
   -0.00766857
    0.26748265
   -0.53036056
    0.21568848
    0.05321101
    0.07343286
   -0.08440262
    0.01326864
    0.27020272
   -0.48659950
   -0.07425026
   -0.06811279
   -0.01367560
    0.08151073
    0.07267475
    0.09532831
    0.06334347
    0.06964582
    0.04821556
    0.08702526
   -0.16072531
    0.00534993
    0.27592966
   -0.48492443
   -0.02410985
   -0.07158771
   -0.12366760
   -0.10948671
    0.21239427
    0.10242418
    0.04573795
    0.06904947
    0.03991372
    0.07090122
    0.02544281
    0.07411536
    0.04928857
    0.02794873
    0.04656351
   -0.18999509
    0.02609068
    0.28347899
   -0.50927585
   -0.01135263
   -0.06340126
   -0.09627554
   -0.09985599
    0.22584254
    0.07386824
    0.03495480
    0.05171582
    0.05792758
    0.03829800
    0.01582453
    0.03848512
    0.05537562
    0.02237275
    0.02790707
   -0.19376165
    0.02090455
    0.26931066
   -0.51000796
    0.07043705
   -0.44865851
    0.22598102
    0.06723444
    0.06143124
    0.07539581
    0.31160610
   -0.16584793
    0.01269455
    0.27704533
   -0.50028699
   -0.08787495
   -0.09930429
   -0.02960881
   -0.14848603
    0.22430852
   -0.24803052
   -0.24830020
    0.23085608
    0.08883467
    0.08282577
    0.08307910
    0.08262123
    0.09238220
    0.08557295
    0.07424170
    0.25055463
    0.24305357
    0.23812032
    0.24000980
    0.24665808
   -0.17489583
    0.02623302
    0.27997015
   -0.51650690
   -0.06741405
    0.00976108
   -0.04412271
   -0.03935779
   -0.03698030
   -0.03475705
   -0.03651714
    0.21070246
    0.08109331
    0.04674585
    0.03953352
    0.04650183
    0.01709430
    0.07204100
    0.04285402
    0.06974466
   -0.20108581
    0.03686934
    0.27943726
   -0.51683125
   -0.04270539
   -0.08943737
    0.36741377
   -0.60569642
   -0.59604893
    0.22949528
    0.04839916
    0.04799365
    0.04068667
    0.01415431
    0.01782415
   -0.19016830
    0.04975947
    0.21133567
   -0.37699425
   -0.11080412
    0.29594267
   -0.50607232
   -0.27534086
    0.23486160
    0.08869796
    0.10668934
    0.09856935
    0.23983086
    0.24664717
   -0.37890302
    0.04461779
    0.21004217
   -0.36642204
   -0.06070973
   -0.00669191
   -0.10696246
   -0.10330005
    0.15047553
    0.04613514
    0.03096042
    0.03952087
    0.02186313
    0.04698874
    0.04018026
    0.03937652
    0.04502169
    0.03093489
    0.02390041
   -0.39801229
    0.02894136
    0.27364541
   -0.48154397
   -0.12286077
    0.16054907
    0.03709075
    0.05359872
    0.05731763
    0.05325578
   -0.17422318
    0.02553395
    0.26632181
   -0.51176926
   -0.05331634
   -0.01113234
   -0.19201703
   -0.05378383
    0.20933868
    0.08451523
    0.05929527
    0.04027416
    0.03296443
    0.07026802
    0.04717947
    0.04474886
    0.05251733
   -0.17122181
    0.01639241
    0.26905193
   -0.47228815
   -0.06897629
   -0.07353412
   -0.09858394
   -0.05302593
   -0.14183757
    0.23105808
    0.07053674
    0.05590735
    0.06990707
    0.05751237
    0.05596163
    0.07983016
    0.07838759
    0.11110048
    0.12569450
    0.29804400
    0.30434990
    0.29086172
   -0.17686610
    0.02495504
    0.20633514
   -0.35756140
   -0.06799999
   -0.00873303
   -0.11226643
   -0.11314147
    0.21964442
    0.09346394
    0.05354244
    0.05532027
    0.03535008
    0.04546271
    0.04465037
    0.03729386
    0.04494433
    0.03617522
    0.03653602
   -0.39035107
    0.02735958
    0.27725513
   -0.48951492
   -0.02201979
   -0.06241244
   -0.11631387
   -0.11744938
    0.15525637
    0.05107937
    0.03332484
    0.04160048
    0.02826946
    0.05993772
    0.01678073
    0.04935132
    0.04529949
    0.03552328
    0.05469646
   -0.19835800
    0.03248594
    0.27211538
   -0.48431304
   -0.01596479
   -0.28692204
    0.21802416
    0.06892417
    0.06321201
    0.07897242
    0.16516609
   -0.17786978
    0.02440800
    0.27773048
   -0.49067711
   -0.13015775
    0.23673972
    0.07572881
    0.06874546
    0.07653720
    0.07434019
   -0.17791658
    0.02291653
    0.27167409
   -0.46509919
   -0.06506415
   -0.00139682
   -0.22823446
   -0.06976231
    0.24004290
    0.07020774
    0.07325261
    0.04939023
    0.04514929
    0.04550483
    0.07919019
    0.06635314
    0.07037437
   -0.18037977
    0.02247111
    0.26704127
   -0.49263255
   -0.01663038
   -0.11897519
   -0.11370251
    0.21630502
    0.07195035
    0.04322725
    0.05830199
    0.02527664
    0.05234907
    0.05495014
    0.05075670
    0.04174697
   -0.17007344
    0.02502018
    0.19527975
   -0.35479931
   -0.06396338
   -0.02992677
   -0.00945618
   -0.02146788
   -0.09746850
    0.05246611
   -0.04271659
   -0.04794573
   -0.03990781
   -0.03239643
    0.21937140
    0.08338557
    0.08280423
    0.06266551
    0.06451999
    0.20244954
    0.02026220
    0.02874733
   -0.01085411
   -0.00746319
   -0.39296082
    0.03291186
    0.18797158
   -0.35768142
   -0.08530074
   -0.01414817
   -0.12403283
   -0.12819646
    0.15906557
    0.06706569
    0.05518501
    0.07046124
    0.02929448
    0.04087493
    0.04961653
    0.04557743
    0.03956727
    0.06492437
    0.03550190
   -0.39369519
    0.01767677
    0.26801997
   -0.51611612
   -0.03211234
   -0.06967830
   -0.11227484
   -0.12141320
    0.15973288
    0.04484031
    0.06108340
    0.03558864
    0.04023176
    0.05460722
    0.03879800
    0.03410425
    0.03246563
    0.04757441
    0.05339335
   -0.17988800
    0.02453758
    0.20277757
   -0.38291000
   -0.08025223
   -0.08865284
   -0.03279082
   -0.13777606
    0.21914840
   -0.24666987
   -0.25411123
    0.25082320
    0.09076624
    0.08116600
    0.06524552
    0.07225733
    0.08674375
    0.08665315
    0.08276295
    0.24422372
    0.23113931
    0.24148330
    0.26167593
    0.23840838
   -0.40080028
    0.04202045
    0.19888998
   -0.39300806
   -0.06841238
    0.01668977
   -0.04079983
   -0.03996196
   -0.03379437
   -0.04259655
   -0.04419001
    0.18349440
    0.05523704
    0.06950458
    0.04805167
    0.01704412
    0.05289333
    0.01729367
    0.05558728
    0.03837194
   -0.39987160
    0.02887757
    0.26748037
   -0.45450717
   -0.11198296
    0.27848675
   -0.46101856
   -0.26180388
    0.18258522
    0.05365503
    0.08853107
    0.07729859
    0.25003045
    0.23381823
   -0.16722926
    0.00747687
    0.27028943
   -0.49953545
   -0.01555252
   -0.10584319
   -0.11823126
    0.22155161
    0.06308154
    0.06757893
    0.04382064
    0.04839683
    0.03419887
    0.03891120
    0.03000403
    0.04808468
   -0.17405725
   -0.00065081
    0.25099540
   -0.44742898
   -0.02088132
   -0.24749825
    0.24984363
    0.09284238
    0.06774891
    0.04862428
    0.17736410
   -0.15521960
    0.00734486
    0.19541402
   -0.36121317
   -0.08661571
    0.04656688
   -0.27778381
   -0.02256836
    0.08112682
   -0.09234089
    0.23334580
    0.12774607
    0.11013470
    0.06855585
    0.03432482
    0.04076509
    0.17977277
   -0.37541268
    0.03344946
    0.19612089
   -0.38961074
   -0.07074495
    0.01083510
   -0.05092099
   -0.03719171
   -0.03533691
   -0.03253094
   -0.03636722
    0.15583755
    0.07698426
    0.05173440
    0.04749801
    0.05742612
    0.04376725
    0.03237178
    0.03428943
    0.02448908
   -0.62752278
    0.31997206
    0.30581277
   -0.61748574
    0.29399858
    0.29097941
   -0.62835428
    0.30947076
    0.30413008
   -0.62428122
    0.29898135
    0.29786291
   -0.41418492
    0.03323384
    0.27105096
   -0.51227286
   -0.01387492
   -0.05724606
   -0.10065252
   -0.10286818
    0.17265329
    0.02654761
    0.02779314
    0.03080735
    0.03526112
    0.04398396
    0.02395690
    0.04169912
    0.03845943
    0.02717405
    0.04409464
   -0.17217854
   -0.01094609
    0.26756154
   -0.52303006
    0.22499766
    0.06064302
    0.08449129
   -0.07727656
    0.02353159
    0.20948844
   -0.36639728
   -0.06878878
   -0.07146652
   -0.02552910
    0.08910808
    0.06220769
    0.08602963
    0.07251148
    0.07846054
    0.06738750
    0.10355490
   -0.40753753
    0.03608445
    0.27258148
   -0.51879358
   -0.00834196
   -0.05595993
   -0.09761468
   -0.09891032
    0.17827602
    0.02754318
    0.03182946
    0.03321491
    0.03830674
    0.04499890
    0.01889909
    0.03200050
    0.04599514
    0.02508186
    0.04076050
   -0.18064050
    0.02584503
    0.20411712
   -0.36597711
    0.07517820
   -0.43222003
    0.23010550
    0.09037559
    0.05345331
    0.07815785
    0.31508454
   -0.41065296
    0.04111856
    0.20246078
   -0.38813401
   -0.03754069
   -0.09722853
    0.36534020
   -0.62659006
   -0.56093106
    0.17952607
    0.03951360
    0.03990450
    0.03457524
    0.01361710
    0.03386595
   -0.38560939
    0.04036360
    0.20365350
   -0.35074260
   -0.06652349
   -0.01103961
   -0.11257731
   -0.10890593
    0.16147589
    0.03666072
    0.03260684
    0.05756286
    0.02682392
    0.04520145
    0.03384777
    0.03539525
    0.04789799
    0.03005002
    0.04208057
   -0.37261891
    0.03998262
    0.19258610
   -0.38181888
   -0.05938804
   -0.01339387
   -0.22484168
   -0.05535132
    0.17255444
    0.06261499
    0.06708238
    0.05832332
    0.03965726
    0.05545035
    0.05863210
    0.06221413
    0.06242199
    0.17402701
    0.08827646
    0.18390263
    0.07956462
    0.16252842
    0.07341562
    0.17702317
    0.06896428
    0.17425710
    0.08144998
    0.18041384
    0.07480079
    0.17027423
    0.07641420
    0.17387467
    0.07153148
    0.17513801
    0.07728647
    0.17201079
    0.09449768
    0.19299972
    0.07703240
    0.17080836
    0.07345368
    0.17250414
    0.07640193
    0.17912994
    0.07339238
    0.17854232
    0.06416695
    0.18494018
    0.06466179
