$grad                                                                           
  cycle =      1    SCF energy =  -627.43534436951   |dE/dxyz| =  0.395705
  -74.13255282152527    116.59521387049021     39.78178480553000      n 
  -76.84432477975339    117.01693181165797     39.75449900341523      c 
  -78.17588647705686    114.78107644175792     38.56229661418180      c 
  -79.82635530804933    113.48981870687339     39.60157525816586      o 
  -77.64302114985063    119.32157536682510     38.24178733776278      c 
  -77.09695388989316    121.84360272283810     39.51910571913087      c 
  -78.54285275278080    123.89519463345800     38.11185831813710      c 
  -77.90353349310590    121.88848186447014     42.28116072070066      c 
  -73.01414568116553    117.71869750865712     38.72043692637133      h 
  -77.49529558186231    117.13624344534382     41.72134740691617      h 
  -76.68499794775762    119.28289307443031     36.41292667508048      h 
  -79.67992948884464    119.17211609036262     37.90956652880360      h 
  -75.05772193461223    122.22062665693532     39.42040710876352      h 
  -78.05070545888537    125.75291058803246     38.84953448736630      h 
  -78.13783082024349    123.85595904687970     36.09920353701518      h 
  -80.55382425862366    123.60952265484727     38.40625653453061      h 
  -77.74952762104706    123.79469611071347     43.04615683315644      h 
  -79.86012444506781    121.29737716299449     42.45032681468588      h 
  -76.74368922731111    120.66083046841432     43.45172035056835      h 
  -84.87311938271876    113.52669249185047     39.95855074120154      n 
  -85.46505247976832    115.94324349576171     41.06559823035480      c 
  -85.61005124634418    118.05478921184181     39.10481457649938      c 
  -84.08808608839315    118.35486124970677     37.36636038064070      o 
  -83.48189878435063    116.70770951325460     43.04320762120428      c 
  -83.30717464182041    114.81538965298698     45.21993387187499      c 
  -84.07286989902023    119.30640702852575     44.10834727195193      c 
  -80.64563551370291    114.73806606844747     46.29607872001151      c 
  -83.01123835196547    113.20694084719364     39.61521270018292      h 
  -87.32466186302111    115.72903701398658     41.95546341636071      h 
  -81.66449396635070    116.76454810397560     42.06296965765309      h 
  -84.61916419159812    115.37899330538127     46.71268305822514      h 
  -83.81951938184193    112.92609093501109     44.58529527119136      h 
  -82.64961948723951    119.83950849267410     45.49669892901294      h 
  -84.08953066199406    120.77481545465503     42.67215638385520      h 
  -85.89389793280235    119.26985045540317     45.04690543335139      h 
  -80.53862922945707    113.50624623079987     47.93810212045015      h 
  -79.31829087723838    114.06112420477027     44.88003788144638      h 
  -80.01662328101551    116.61029967444180     46.89177618195461      h 
  -87.67398868632412    119.53444592460380     39.49466499750953      n 
  -88.08537697557148    121.97316869776301     38.32595757969646      c 
  -86.39463336104050    124.03833582852748     39.45422793526691      c 
  -86.37909920883600    124.42314087324917     41.75370938993108      o 
  -90.81330800306877    122.77987268651719     38.84999796306440      c 
  -91.41161591221815    125.51829239185372     37.93598776239931      c 
  -90.11827650001439    126.38910855126313     36.15177900350442      o 
  -93.17690831386065    126.62879554801732     39.01179828796877      o 
  -88.43564408682263    119.44300512119511     41.24317531010308      h 
  -87.72366891351304    121.79580522129770     36.30852356921007      h 
  -92.11988160375599    121.47072910370336     37.94144293766516      h 
  -91.15988076320589    122.79307815116623     40.88547792945600      h 
  -85.02829223651825    125.49521592235466     37.92199638756209      n 
  -84.00041427271461    127.84197593052279     38.94378368753034      c 
  -86.02119230104483    129.62994283994743     39.95820671545864      c 
  -85.88712624159247    130.40279503166860     42.22526799998927      o 
  -82.53605310118580    129.00620994031377     36.72989196890283      c 
  -83.59957171062113    127.73545127468250     34.36498601546106      c 
  -84.52337654437382    125.15048963196190     35.25232208315225      c 
  -82.75709778742193    127.45072183052612     40.57108133614812      h 
  -82.77146241488155    131.05630671450245     36.68762961809810      h 
  -80.51536790526487    128.65601202383490     36.94994818636009      h 
  -85.19818648386365    128.84215302297761     33.69427868952646      h 
  -82.16810078743748    127.63222503589819     32.89595569261612      h 
  -86.25838947784719    124.64201937343265     34.26690967559718      h 
  -83.08675820423576    123.68173277589442     35.01287573354909      h 
  -87.75974463774199    130.52723729984166     38.22854101345927      n 
  -89.03492439263169    132.96216344840670     38.37123529892422      c 
  -89.56433246715855    133.90995281694455     41.05513193594147      c 
  -89.05443630930021    136.08138596148294     41.71326210257032      o 
  -91.54664897845385    132.87179026457034     36.90494889670807      c 
  -92.63394686933448    135.48801657217848     36.32483508815175      c 
  -91.34861970599417    137.26438244077229     35.60094963150911      o 
  -95.16623888373435    135.65574040331970     36.43991801783017      n 
  -88.63629814497321    129.15369812867621     37.16243159428279      h 
  -87.78184174505155    134.40150047868647     37.51860735021003      h 
  -91.14616893137094    131.95455036522168     35.09734118809263      h 
  -92.87878517493364    131.69819400629575     37.95131616313218      h 
  -95.94401910788837    137.37163182881289     36.14011517520613      h 
  -96.20322797506455    134.26317569258364     37.21360404300064      h 
  -90.96153560358962    132.33010448767206     42.47167849937468      n 
  -91.47721667896312    132.80695295145526     45.12399892032398      c 
  -89.33410435002442    132.21433805092079     46.95466202667137      c 
  -88.95042601395986    133.63815955829244     48.86254764953430      o 
  -93.85907077223992    131.31984832001285     45.90701988743810      c 
  -93.68099609987021    128.49082588677376     45.37157885450331      c 
  -94.21109520730352    126.74907789650675     47.71331829886266      c 
  -94.36040795668356    127.72645820778469     49.85038848702607      o 
  -94.44295352128321    124.45288039928246     47.22979238525858      o 
  -90.95560579549469    130.48870494813022     41.96404167083824      h 
  -91.83865047054366    134.83922901978065     45.28016688906852      h 
  -94.07604988147072    131.56254675474906     47.95001497192075      h 
  -95.48449439399569    132.14512942166110     44.95030283444153      h 
  -94.89909420710937    127.90590711191938     43.81412158338021      h 
  -91.74778544886831    127.98812358792591     44.83847749636861      h 
  -88.23400432229458    129.86883490382789     46.66454843789017      n 
  -86.42476935762508    128.98677728990094     48.49668972680346      c 
  -84.24771691946854    130.81643133814933     48.92121988594144      c 
  -83.33629330576299    131.29545881903545     51.10275491259772      o 
  -85.55952609811692    126.32035375065061     47.70925400384741      c 
  -87.38087583412032    124.20983316932401     48.59274467670814      c 
  -88.85071134009047    122.94008833637334     46.45714098126590      c 
  -85.91591386920142    122.21111537729342     50.07179027515279      c 
  -87.57428444336404    129.60657738580832     44.85504575990284      h 
  -87.38586736210094    128.87383696438508     50.34594906081188      h 
  -85.33687332690751    126.31770376678696     45.65778324884936      h 
  -83.66896471533944    126.03041691398457     48.51572230031200      h 
  -88.74834622542170    125.09307848753745     49.88116764654627      h 
  -89.49828579255278    121.10189118443979     47.10011369290510      h 
  -90.48294268276003    124.06347215468028     45.93380279719503      h 
  -87.65971748011243    122.75978654052521     44.81752524569934      h 
  -87.19099510001621    120.82008549403653     50.88538768559329      h 
  -84.55396058893385    121.27848081302663     48.85475729115797      h 
  -84.85880328890171    123.10204331644941     51.59325000152123      h 
  -83.40788696608014    132.10214021989532     46.85371630821778      n 
  -82.04355906374360    134.49511832934772     47.12562139858391      c 
  -82.56699988620070    135.84613181904302     49.60647894034600      c 
  -80.84279352007681    136.33412499641426     51.22583966136413      o 
  -82.66215338126963    136.24137391807048     44.88893323855224      c 
  -82.69545012572914    134.99648771245384     42.26711480931739      c 
  -82.70710645918535    136.97348609140914     40.16666465391956      c 
  -80.51442235027258    133.15786821111701     41.87964924910039      c 
  -84.53512974782780    131.98696520576112     45.31536505782581      h 
  -79.97676344520171    134.06375199871590     47.12825612404433      h 
  -84.51321458238776    137.09300965389178     45.23987475538915      h 
  -81.25144066205718    137.76103336639977     44.92262337312076      h 
  -84.45478503460259    133.93100014539553     42.11660585566356      h 
  -82.87702021965191    136.04308670085334     38.33859246143722      h 
  -84.28258519026309    138.26568146409014     40.41696094367320      h 
  -80.93685497502294    138.03269273343304     40.16854434202256      h 
  -80.46336351150086    132.49745482430595     39.93395944338198      h 
  -78.70193814734216    134.06987376611764     42.27191416898754      h 
  -80.68908053720979    131.52984501620500     43.12565132503993      h 
  -84.99399078543172    136.80162464237409     49.77555020391465      n 
  -85.57726145261798    138.50440829071150     51.83393509653079      c 
  -85.42404995993215    137.42268301948579     54.47196086997390      c 
  -85.61251364467174    138.79113550646525     56.37347764206648      o 
  -88.33730143411681    139.45698903161488     51.58996383385787      c 
  -88.82547890360973    140.35079244278185     48.93268678646547      c 
  -87.93868480440750    142.32257105397917     48.06699428146251      o 
  -90.48015124383841    138.85174653272139     47.60438223101272      n 
  -86.38912325540974    135.44771181720847     49.46576159319469      h 
  -84.26071657689903    140.10783681067474     51.66635547925851      h 
  -89.57923030857373    137.88367815162729     52.05619935879331      h 
  -88.54650925362893    140.98645789427911     52.95107080810691      h 
  -90.38796287769433    137.00328505574862     48.13617245382011      h 
  -90.36674543441266    139.07006405018237     45.70429675738524      h 
  -85.64749436965603    134.87195424289396     54.59030159043493      n 
  -85.99615303480728    133.65243372872825     56.99855280799481      c 
  -83.84586880471772    134.04505385662264     58.87420554598284      c 
  -84.28109528516022    134.48352323699623     61.12127563229002      o 
  -86.44382594161360    130.82752746140304     56.54614136952900      c 
  -84.23883329963952    129.52700630238724     55.83402771634594      o 
  -84.80060749813777    133.87092979241021     53.19004565388921      h 
  -87.68642781626708    134.49888962991344     57.85906673313967      h 
  -87.07056131380250    129.94528628781214     58.30385922082139      h 
  -87.90761923443196    130.63742742535837     55.07746599806651      h 
  -83.75180034304574    130.08345737948000     54.14373257497876      h 
  -81.51601023048497    133.83007484694258     57.89014871122770      n 
  -79.23385056417580    134.50891655718539     59.20579302349462      c 
  -78.76764495114548    137.32157824752335     59.28720977277066      c 
  -77.36116811349756    138.30808728194407     60.92978599099289      o 
  -77.00899934626821    133.22753355463539     57.84005478504500      c 
  -77.04476133951789    130.40265515793328     58.17583608430189      c 
  -75.73172183457015    128.46007067820716     55.46566577293968      s 
  -73.30421310280794    130.71024240497408     54.46142268150374      c 
  -81.36094700063265    133.64162031698038     55.99999578685600      h 
  -79.34421043829435    133.81793318424153     61.16341104944684      h 
  -77.17941527683936    133.72935666698905     55.82494361416816      h 
  -75.22726110793197    134.04815828405023     58.50744249119851      h 
  -76.02965528904247    129.81046075430376     59.86288447995668      h 
  -78.98130292201142    129.70760879312917     58.27248325561080      h 
  -71.82993341342748    129.61079014846555     53.53615653363487      h 
  -74.06931006256769    132.07831416640994     53.10664185985619      h 
  -72.47013147541526    131.71523257159615     56.05405131732230      h 
  -80.11792467839605    138.76305835742073     57.54371225645638      n 
  -79.77511596473363    141.48033524116286     57.64672566107622      c 
  -80.87168206490959    142.46193408594314     60.15877457432695      c 
  -80.03544611478581    144.36698796146305     61.17760106055956      o 
  -81.13978573550195    142.75271848283882     55.45224546704823      c 
  -80.27909478952289    138.01113188064809     55.78755278316382      h 
  -77.74292026305136    141.97687039934408     57.58873713942281      h 
  -80.86043034974709    144.78346611133668     55.51914797189131      h 
  -80.38227720272788    142.04621041614678     53.66305146691300      h 
  -83.13804869222838    142.27909902912307     55.53827411518024      h 
  -82.87986528313783    141.18910181325631     60.98861164971451      n 
  -84.29907465487085    141.83105318131018     63.24534398171230      c 
  -83.41906497531659    140.42431305003547     65.65369022092899      c 
  -82.87873841857831    141.66145304354160     67.54048967637046      o 
  -87.10961347791097    141.39376785842992     62.76256183759673      c 
  -83.42747799707040    139.67930844779690     59.95240933274420      h 
  -83.89933670921538    143.83470615536277     63.59912394081333      h 
  -88.19410209104602    141.95986871563605     64.40822564900087      h 
  -87.68383437413770    142.46906252150745     61.11129204474887      h 
  -87.42192048860906    139.40286974689730     62.35645921028429      h 
  -83.58399070776397    137.90046060803900     65.66560207708093      n 
  -82.68254515037174    136.43565323366315     67.80985363921344      c 
  -80.00120067763305    135.32655009854355     67.25156804734958      c 
  -78.28875612814504    136.11905015703059     68.68800665886512      o 
  -84.50045092867370    134.29434709609407     68.44757872929007      c 
  -79.76878616496106    133.70600436288589     65.56420673424250      o 
  -83.70503912998832    136.93678376901534     64.01471571794298      h 
  -82.48880885924690    137.77668303339416     69.37430586284074      h 
  -83.84701829061967    133.34173976126638     70.14319251983730      h 
  -86.39931057581727    135.02507230129277     68.71124593751441      h 
  -84.49151875158053    132.95758449446600     66.88174223491765      h 
  -87.90715991008382    110.49253615584314     59.62825644454185      n 
  -87.60181153362487    112.72496410975786     58.09155285546473      c 
  -86.23188146047697    114.80773227821619     59.53713222408688      c 
  -84.20101192575812    115.73392170328711     58.80466978494125      o 
  -90.20691861494578    113.58325127651933     57.20846646131393      c 
  -90.15476536727977    116.26454924499214     56.12709142244699      c 
  -92.11138181334549    116.64595043993388     54.04141929605970      c 
  -91.29903516356694    115.37191515410167     51.75793739114943      n 
  -91.73090829999008    116.10215133998767     49.35572777031273      c 
  -93.27026724069739    118.09165507093030     48.81247335287991      n 
  -90.99565453152692    114.52561257715422     47.45156668731381      n 
  -89.60898903573447    110.31218065776297     60.49773179784786      h 
  -86.38846198323036    112.24290679573042     56.47230684685884      h 
  -90.87596109590953    112.21931829648160     55.81402119452374      h 
  -91.48695067905979    113.50386728806149     58.82228960840079      h 
  -90.49535907098503    117.63726955198341     57.62155256539180      h 
  -88.28545023949066    116.67637569044446     55.34680341592910      h 
  -93.94314722310629    115.89207466095577     54.64227054465644      h 
  -92.31325650482412    118.66189163022615     53.65266593126092      h 
  -90.35166743559617    113.73557044061192     51.99667044403987      h 
  -93.38166595253924    119.52388321240410     50.06845821832934      h 
  -93.24296494221994    118.75420117561364     47.02476820602609      h 
  -89.62790142267262    113.24775906848303     47.80198082982629      h 
  -90.97466257091244    115.22527838289953     45.68155845510066      h 
  -79.21169573159663    119.09176011758329     59.39163156273949      n 
  -78.86892187147271    121.80865290092021     59.58193797121970      c 
  -76.70184749416482    122.53232980476146     61.33680033170737      c 
  -75.31436469152133    124.32014194166241     60.80497749374189      o 
  -81.18693823653723    123.15125092015482     60.65998782657441      c 
  -83.05688546688496    124.04242742195689     58.65171709948383      c 
  -83.67607316648490    121.98629238678926     56.72465836305967      c 
  -85.45289226279301    124.96218114795788     59.95681127076398      c 
  -80.97823859135595    118.39423546261229     59.19597010971334      h 
  -78.38581704096657    122.61986189920557     57.72227952387826      h 
  -82.10104802557086    121.87651545400875     62.00323506078096      h 
  -80.55019490217703    124.81777873675071     61.69588899568360      h 
  -82.23789401381306    125.63828281661236     57.61033023263321      h 
  -85.16379012752741    122.65822518375035     55.47590959879872      h 
  -82.04792670682788    121.55084284800900     55.54206445662462      h 
  -84.31606402361281    120.24720173671106     57.61739173920664      h 
  -86.76068244429098    125.69826706328990     58.55225483895510      h 
  -86.33194154204587    123.40653109678222     60.96348952239558      h 
  -85.01176938461037    126.47576870309960     61.27075980097860      h 
  -70.51957544301885    121.30848366292234     57.72758269658073      n 
  -69.86550688005755    122.96635124173704     55.68240567310092      c 
  -69.31011337637601    125.57581026913364     56.75143907449841      c 
  -67.37802435047946    126.79256895468259     56.06678432931906      o 
  -71.93635354776961    122.99972369542108     53.65976556437818      c 
  -72.20190593507364    120.66935341609351     52.02542076883652      c 
  -72.68367723756685    121.00643260105321     49.45657194812188      c 
  -72.16794754105646    118.19282822394902     52.92808034853955      c 
  -73.30934663084352    119.00074686485962     47.86754189135036      c 
  -72.80133157233553    116.16149816963035     51.35672951762893      c 
  -73.48328037754307    116.56816116871690     48.85214739990906      c 
  -74.35938640674017    114.67535607614735     47.29444125527995      o 
  -72.35604248413850    121.18899532228579     58.24390347990389      h 
  -68.09600368107277    122.29154055618341     54.81979811282897      h 
  -73.73606940574129    123.37721403523652     54.61270587817776      h 
  -71.57948034048177    124.62146952743208     52.42357760271105      h 
  -72.61212000379608    122.88972968547441     48.64856014787937      h 
  -71.71551719569356    117.82702200676576     54.87584963288106      h 
  -73.67542063107550    119.30513459799842     45.87542025218544      h 
  -72.80540711008632    114.25820144482400     52.08960157452722      h 
  -74.58456962889903    113.14193780624663     48.27827375934484      h 
  -70.73819283712228    126.33407022705397     58.76981250743844      n 
  -70.07642254336477    128.63253342254353     60.10430775351156      c 
  -67.19860078190057    128.52439333107401     60.42157382235209      c 
  -65.81138747420854    130.34664252863021     60.01060775627434      o 
  -71.51140004069714    128.78218953853008     62.63380494656932      c 
  -71.92924949741794    131.47882752917235     63.60196544216583      c 
  -73.74847261331676    131.63695087086700     65.85758880020659      c 
  -72.55176352192458    130.86055674123261     68.19628045298091      n 
  -73.35860428715323    131.35412724840066     70.54667231354576      c 
  -72.09584050153630    130.27296032354076     72.46264408092668      n 
  -75.21416449187556    132.92939928408867     71.07424531224189      n 
  -72.57282098006253    125.78972772639551     58.84258884933945      h 
  -70.48844375134335    130.33388935798186     58.96503586737647      h 
  -73.34633544646269    127.89526636575427     62.30977679483053      h 
  -70.50186992918026    127.63377115297813     64.01683742324832      h 
  -70.11737123265652    132.34296129580474     64.07987721581235      h 
  -72.75719314960737    132.60456438415363     62.07667139910737      h 
  -74.43360768695919    133.57809200625894     66.02990949308744      h 
  -75.41605770021184    130.47178805944912     65.44274525307456      h 
  -71.36184354709422    129.37779503393628     68.00646417969662      h 
  -70.98218881684373    128.77351574782332     72.07685317675971      h 
  -72.80443957096722    130.44263762978025     74.22331522446751      h 
  -76.22170794640722    134.00317698194365     69.78188811306819      h 
  -75.63158908321194    133.27974236364579     72.90410413365080      h 
  -62.47681087486639    126.97498360643843     54.13938291150304      n 
  -62.06901909957356    129.41869533585023     52.97821544750430      c 
  -60.18835098828699    131.06861342322230     54.40181882191990      c 
  -58.29379542235054    131.90970425278670     53.34446256137311      o 
  -64.41883661157323    131.07363726797331     52.82291157957166      c 
  -66.25893009971745    130.49788769475848     50.67648369092807      c 
  -67.98921766555124    132.78229863070837     50.30966764690532      c 
  -64.90193852339762    129.89375089681670     48.21643165089898      c 
  -64.19663158258162    126.63113165652659     54.92119409496168      h 
  -61.22829694099100    129.11132126236868     51.10434121904634      h 
  -65.43145133333961    130.94303835108107     54.61914404768641      h 
  -63.76626090716749    133.02708530464821     52.60399942733746      h 
  -67.40933917096136    128.85321958411441     51.21632724146159      h 
  -69.39921615395946    132.40154148063732     48.86174098958826      h 
  -68.95825270893161    133.24283532912960     52.06549683049495      h 
  -66.89434555766815    134.42083740673212     49.72431663597941      h 
  -66.25169561216595    129.56968325434093     46.69601796607814      h 
  -63.68342603837512    131.45479134175193     47.68325343817684      h 
  -63.74629645612512    128.21096691532060     48.37720145967724      h 
  -67.34794934139838    142.04190400150605     52.41503374861573      n 
  -69.88119842734740    141.69954826063389     51.37923428134459      c 
  -70.10736840354781    143.43291398481486     48.96891375245414      c 
  -69.55205728341389    142.36111059931034     46.90527502391165      o 
  -71.67332584945166    142.34416433087091     53.55555201276034      c 
  -70.09903847644550    144.01235433416016     55.30683076423201      c 
  -67.43999149585528    142.93988622451388     55.01885777914947      c 
  -70.13335164893518    139.74480859211525     50.69417144946856      h 
  -73.38991338384420    143.25300083246208     52.85059008998233      h 
  -72.24951327746018    140.60272567815935     54.50739836949910      h 
  -70.09326073837717    145.95504596380428     54.61634238988275      h 
  -70.77674578325606    143.96909646873337     57.24426663401977      h 
  -66.03454950558533    144.40729174398007     55.35347822844845      h 
  -67.14062160513096    141.31857930157469     56.27162629701814      h 
  -70.77413044260443    145.76738975272670     49.20781111550410      n 
  -74.64540004458998    147.29335846158622     45.74369943088635      c 
  -72.77255687423153    146.76160764447815     44.13573579578987      c 
  -72.59233943707257    144.69632567015447     42.60147763511229      o 
  -74.65663157426683    149.78677132913839     47.12572496255792      c 
  -75.03347781384257    149.62966208015061     49.96616081329724      c 
  -76.96116040795103    148.84659487862348     50.97257932890012      o 
  -73.21225566495431    150.81647586462805     51.33748948452547      n 
  -71.17832735613015    146.17772280142955     51.03707884348621      h 
  -76.05743241971508    145.88137389463787     46.18390822576163      h 
  -72.85934043537699    150.69080489739866     46.72957271482150      h 
  -76.21038547083448    150.92937464319613     46.38372167447256      h 
  -73.33690231284693    150.58244537246367     53.23246904241502      h 
  -71.44008867482326    150.75366153715677     50.63183854442271      h 
  -71.41178630861803    139.78577677676475     41.54572584543788      n 
  -73.74098247041077    138.50372116897088     41.03933296396750      c 
  -74.75696478926552    139.11459263158812     38.40194842990797      c 
  -75.44447059365326    137.39650204583620     36.88856668670910      o 
  -75.56879314088441    139.16548464516407     43.17113560340820      c 
  -74.27207970690199    139.23959602307932     45.75415964076008      c 
  -76.21323109897051    139.62320624737353     47.84598639612746      c 
  -72.68867891639940    136.89393897972866     46.27703549940903      c 
  -71.51241938646419    141.50530220138333     42.38795080933750      h 
  -73.38119365881293    136.43325253639961     41.03022878968760      h 
  -76.36460282382505    141.03132660708062     42.77397686722215      h 
  -77.11041887797673    137.78601823744279     43.18731571628759      h 
  -72.99674067249225    140.86062848486728     45.75685444174227      h 
  -75.27503001791877    139.92488867643328     49.65077166089866      h 
  -77.37937801276647    141.27009022175292     47.44799298178459      h 
  -77.45252744099396    137.98880831009254     48.03730711028664      h 
  -71.95674415072182    136.96264798944685     48.19732530059966      h 
  -73.81997461058701    135.18023407317239     46.06546317957805      h 
  -71.07513089054507    136.78820632107283     45.00459673248242      h 
  -74.86580878002960    141.62870371961941     37.85178392888614      n 
  -75.51590328919274    142.51600563486045     35.31860022594319      c 
  -73.90735780256318    141.50491768221485     33.21760484775933      c 
  -74.82148006586678    140.72588011775110     31.15089905904120      o 
  -75.37849407493437    145.43903523896702     35.43384308464049      c 
  -76.62441451962619    146.79214657428781     33.24297944057536      c 
  -76.20471501515391    146.36137180932531     31.00846174644768      o 
  -78.21561189023882    148.66954142171568     33.92703171863432      n 
  -73.28275868430174    142.62334367826008     38.50452960658211      h 
  -77.46392970873315    141.88749161330176     34.94347580336314      h 
  -76.18922831642465    146.00611614149861     37.24488663571825      h 
  -73.36435956979709    145.88866460626068     35.48932406430314      h 
  -79.16712613746857    149.58258243882210     32.55036830645368      h 
  -78.65045269424465    148.95189411767240     35.75260968092243      h 
  -71.80660095843878    136.17001542658883     32.57629089749624      n 
  -72.99218551738221    133.82137769430986     31.90250092511534      c 
  -75.88171920860697    134.01160868212668     31.66203839446919      c 
  -77.26868047599022    132.17434624533942     32.11681396041092      o 
  -72.25956928931527    131.68465247920895     33.69804508304080      c 
  -70.28320075639684    129.94970225194484     32.57172160477946      c 
  -69.76583999055440    127.04870694632646     34.37545337756955      s 
  -73.01200150229434    125.98175227030731     34.70175010978363      c 
  -72.20584124608831    136.86244835804169     34.30862269251706      h 
  -72.28296639655302    133.39894678977703     29.98709594210454      h 
  -71.60220790477656    132.48676621705175     35.49351416612271      h 
  -73.98917202734675    130.62659508762718     34.09498655252117      h 
  -70.81975662862006    129.39022170756166     30.66168224216589      h 
  -68.43661785069904    130.86588413266284     32.51575813461826      h 
  -72.91073705132379    124.05430470784025     35.40096317328527      h 
  -74.01721507175120    127.13822582417848     36.07542228571953      h 
  -73.94787498710735    126.06104837517017     32.87909774921167      h 
  -76.67644117285009    136.17376197401228     30.61203290897270      n 
  -79.28968664299748    136.71753453067882     30.05568044477195      c 
  -79.50825904801729    138.00835907555816     27.46200472389914      c 
  -81.59231482754947    138.39921090732435     26.53463178992234      o 
  -80.54110693059637    138.43598605729960     32.02000816134844      c 
  -75.62842626155177    137.78145013336365     30.97114672765795      h 
  -80.29132681532839    134.90095102423714     30.00054812351536      h 
  -82.54225782339930    138.62438614860358     31.61026481787974      h 
  -80.27724349889864    137.64753445168827     33.90613390983581      h 
  -79.62819458039449    140.27850770666146     31.96613113836373      h 
  -73.54491194028255    116.78178380983340     41.36685004869635      h 
  -77.73896119100054    114.24971936794866     36.80223408163835      h 
  -85.38795348689021    112.28402208326187     40.99935719441157      h 
   0.2975058458984D-01   0.2500805177995D-01   0.1151762679729D+00
   0.2077533722055D-02   0.6373943758360D-02   0.2174663109691D-02
   0.1552710844399D-01  -0.8567303685179D-02  -0.5761836916976D-01
  -0.3932280219238D-02   0.2426143814889D-02  -0.1346292464036D-01
   0.6981200574161D-02  -0.6095799838505D-03   0.2410992817873D-02
  -0.2589060909187D-02  -0.1970154956797D-03   0.1524738395575D-02
  -0.3427141841741D-02   0.1148703584900D-02   0.3125977540966D-03
  -0.1239090268483D-02   0.1966455080549D-02   0.3410921755488D-03
   0.9800094199418D-02  -0.6526513071253D-02   0.1083957469142D-01
   0.1321440227454D-02  -0.1412651243074D-02   0.2808089910453D-02
   0.1118548473578D-02  -0.2104577755776D-04  -0.2697710783355D-03
   0.2481694187354D-03  -0.2326692632771D-02   0.5543763100518D-03
   0.5776312376243D-03  -0.3319385300832D-02  -0.1123489284898D-02
   0.6947587153149D-04  -0.2914569435144D-02   0.2279929657882D-04
  -0.3028313995316D-03  -0.1174396016961D-02   0.3503246307516D-03
   0.2599503320649D-03  -0.1148534728324D-02  -0.5204951195842D-03
  -0.2125494940995D-04  -0.2399941861090D-02  -0.2167704093310D-02
   0.6715788351633D-03  -0.1449933870945D-02  -0.5506658953277D-03
  -0.2653863166994D-03  -0.1611112531525D-02  -0.1375563991259D-02
  -0.2726893629328D-01  -0.8176870599517D-01   0.9070453921384D-01
  -0.4363675341337D-02   0.8872863295186D-02   0.3333071789528D-02
  -0.1234849250508D-01  -0.3070384295564D-02   0.9407155632603D-02
   0.1557985128037D-01   0.5213997229839D-03  -0.1545235727443D-01
  -0.1269034851232D-02  -0.4890391753220D-02  -0.3137571350594D-02
   0.1585917739017D-02   0.1824789480699D-02  -0.3594455634488D-02
  -0.4121470901271D-02   0.3722833623785D-02  -0.1610253780264D-02
  -0.3146965458737D-02   0.2835991027074D-02  -0.1565730969723D-02
   0.3625774990815D-03  -0.1187979337580D-01   0.3005471596508D-02
  -0.1750596402547D-03  -0.4353457519014D-02  -0.2120869471132D-03
   0.1092773084130D-02  -0.6159331486788D-03  -0.9644135776646D-04
  -0.7888768704685D-04  -0.9816222454374D-03   0.2298107963795D-03
  -0.2076298029490D-02   0.9581126520178D-03   0.1329406317779D-02
  -0.2279288492799D-04  -0.2660974167852D-02  -0.1484214998125D-02
  -0.7859625035818D-03  -0.1289629585200D-02  -0.1213616704306D-02
   0.1999753032169D-03  -0.1472770070919D-02  -0.9911807206478D-03
   0.9108897010931D-03  -0.6155531504204D-03  -0.1446893918341D-03
   0.4172141968932D-03  -0.3046131456781D-03   0.2707876909711D-03
   0.4113037761964D-03  -0.4791760835519D-04  -0.3892300173096D-03
   0.7719045762261D-03  -0.7169263057688D-03   0.1085793146211D-02
   0.5537143268352D-03  -0.1092300373695D-02   0.1648635520925D-02
   0.1063934251697D-02  -0.8277252981228D-03   0.2240478632816D-02
   0.1333058478776D-02  -0.7287142242498D-03   0.1614538038229D-02
  -0.6703223529827D-07  -0.1004421419592D-02   0.1184085293382D-02
  -0.6969133498320D-03  -0.5571923231473D-03   0.2201835186857D-05
  -0.1151225622724D-02   0.1239641494354D-03   0.3236605417992D-03
  -0.1013125194510D-02  -0.9151010861562D-03  -0.1251321104797D-02
  -0.4017655979324D-04  -0.1564535758043D-03  -0.1269138458347D-03
  -0.1859060940041D-03   0.2865256761542D-03   0.1602027890398D-03
  -0.7177297950247D-04  -0.3311134695340D-03   0.1930469423053D-03
  -0.2973803577673D-03  -0.1075939796835D-03   0.1032727607654D-03
   0.1515743301989D-02  -0.1575109321741D-02   0.2825506202145D-02
   0.9254269154397D-03  -0.1089162420368D-02   0.3064287564251D-02
   0.1123212061460D-02  -0.7633303508897D-03   0.2244590081843D-02
   0.1969649860826D-02  -0.1862834801642D-02   0.1282599335391D-02
   0.6936656984969D-03  -0.2463137191492D-03   0.1650828850673D-02
   0.6911298983304D-03  -0.8133928441440D-03   0.8468507737686D-03
   0.1471809136850D-02  -0.2175299815491D-02   0.1152915435344D-02
  -0.6571820572009D-04   0.1124855813614D-03   0.2319029941224D-03
  -0.2164935348825D-03  -0.3402877081408D-04   0.1733063805436D-03
  -0.3860611966216D-04   0.1240940865362D-03   0.3576634467454D-03
  -0.5716964280020D-05  -0.3478771063754D-03   0.2858565475853D-03
   0.1087141358528D-03  -0.1234391463915D-03   0.3552083537630D-03
   0.4048046307913D-03  -0.4080954465402D-03   0.3397320900564D-03
   0.3070645277611D-03  -0.7434649779655D-04   0.4810961068824D-03
  -0.4554655243436D-03   0.5116575486172D-03   0.8528906395049D-03
  -0.4681847799913D-03   0.7792542143547D-03   0.1314306473752D-03
  -0.2999496665598D-03   0.1102582236063D-02  -0.2372308153832D-03
  -0.8662452909376D-03   0.5234521797640D-03  -0.4715767825448D-03
  -0.9545209509533D-03   0.6746184240454D-03   0.1192414608072D-03
  -0.1665269129613D-02   0.8964000659786D-03  -0.2505007773495D-03
  -0.1581630338911D-02   0.1380993666677D-02  -0.1347049474244D-02
  -0.1502630303218D-02   0.1935673543185D-02  -0.5959824367684D-03
  -0.1672023913100D-03   0.9872580750761D-04   0.3486971496079D-03
   0.6814323449263D-04   0.7368732178832D-04  -0.3990327601882D-04
  -0.1721076452831D-03   0.2227119419204D-03   0.8402348841865D-04
  -0.1402507023142D-03   0.4811406351259D-03   0.1311146791579D-03
  -0.9280995827778D-04   0.1576913273188D-03  -0.5074604305204D-03
  -0.3071399620302D-03   0.2451405463045D-03  -0.5223901229724D-03
   0.1681696358547D-03   0.1968955298794D-02  -0.1276695219671D-02
  -0.3977356489934D-04   0.1803155044463D-02  -0.9669427449793D-03
   0.1718632818289D-02   0.6896681821704D-03  -0.4852331060001D-03
   0.1882580746157D-02   0.1110283887022D-02   0.8401229637628D-04
  -0.1195916353921D-02   0.1752000942459D-02  -0.6710043637771D-03
  -0.2788506034454D-03  -0.7689197012394D-04  -0.1042829012083D-02
   0.5027862492233D-03  -0.8592560542152D-03  -0.2919191477957D-03
  -0.1302042107841D-03  -0.5831634932912D-03   0.1838705907032D-02
   0.1762340065740D-02  -0.1761139922133D-02  -0.9760080958432D-03
   0.3918610802601D-03   0.1994315204108D-03  -0.7031627751142D-05
   0.2763046630045D-03   0.1595496414963D-04   0.1812119287075D-03
   0.3725385916001D-03  -0.8491726839577D-04   0.6709634418185D-04
   0.3111519102637D-03   0.1073835854192D-03   0.2489192955221D-03
   0.3431333125453D-04   0.2600477579597D-03  -0.4979858672007D-04
   0.5585670922373D-04   0.3604402541387D-04  -0.3446824861417D-03
   0.3242860588053D-02  -0.1001357844968D-02  -0.8602652995941D-03
   0.1425568000553D-02  -0.4655389534183D-03  -0.1174297465866D-02
   0.2473552139070D-03  -0.1991820104683D-03  -0.2426934469584D-03
   0.9026328987455D-03   0.1117097930599D-02   0.1119074150542D-02
  -0.1450254461592D-03   0.4747155765252D-04  -0.2485968832415D-02
   0.4186624395052D-03  -0.3048885775736D-03  -0.2198179408532D-02
   0.1233008499524D-02  -0.9755374092096D-03  -0.2693258341027D-02
  -0.4746666493870D-03  -0.1659155600359D-03  -0.1425515541468D-02
   0.1322980624476D-03  -0.7899290616957D-04   0.4035460695785D-04
   0.1682070106267D-03  -0.3700541399066D-03   0.1878411156286D-05
   0.1107439816763D-03   0.8431072556614D-04  -0.2479967764952D-03
   0.1281269656353D-03  -0.2873694975952D-03  -0.3397218575147D-03
  -0.1881992326794D-03   0.7696245629955D-04  -0.6543516614849D-03
  -0.6322848423441D-04  -0.9385267344882D-04  -0.4704663549077D-03
   0.1434357718485D-03  -0.7553994189940D-04  -0.7453993648607D-03
   0.5506213971839D-04  -0.2107159090801D-03  -0.3069478982078D-03
  -0.4632516136191D-03  -0.6164600073583D-04  -0.4620030354716D-03
  -0.9966559283547D-04  -0.2866891525202D-04  -0.8110001585447D-04
  -0.4821879449981D-03   0.1935980698265D-04  -0.1302641031240D-03
  -0.9542354824137D-03  -0.1432067425738D-02  -0.2777539188029D-03
  -0.8556832895281D-03  -0.2983618925287D-03   0.1028271216308D-02
   0.8698989434576D-04  -0.1678190938410D-03   0.1513321713981D-02
  -0.1536499408981D-03  -0.6583460883579D-03   0.1587565830715D-02
  -0.1221633372285D-02  -0.4639885121921D-03   0.3367620529807D-03
  -0.1357656797686D-02  -0.1356556681438D-02  -0.5466189109589D-03
  -0.6188981861472D-03  -0.4404458958713D-03  -0.1819767119936D-02
  -0.2378346717690D-02  -0.1396937035933D-02  -0.8570135863514D-03
  -0.1958366684122D-03  -0.8453947229995D-04   0.1354866319649D-03
  -0.8446550382252D-04  -0.8266139422432D-04  -0.1386700425333D-03
  -0.1244995024311D-03  -0.1206574376231D-03  -0.1206977963199D-03
  -0.1588084992021D-03  -0.1453816426879D-03  -0.2215071102553D-03
  -0.2790786361600D-03  -0.4784119796461D-04  -0.8112105776241D-04
  -0.1797553085154D-03  -0.4091359920652D-03  -0.1118798548437D-03
   0.9242675753982D-04  -0.1954305964133D-03  -0.3913971840467D-03
  -0.1943078834587D-05  -0.5181763494573D-03  -0.3404791083985D-03
  -0.3994645932957D-03  -0.4295618211979D-03   0.2406129895948D-04
  -0.2028128384628D-03  -0.3235432635267D-03  -0.1147280454648D-04
  -0.5047122086928D-03  -0.2675924496143D-03   0.4101514023963D-04
   0.3845299815816D-03  -0.1052344083294D-03   0.1139685248040D-02
   0.3389836494502D-03  -0.1360588498630D-03   0.7346386748158D-03
   0.2552832834126D-03   0.3857329303751D-03  -0.1799183243214D-03
  -0.8533164009959D-03   0.1171605226759D-02  -0.5549500136335D-03
   0.3977606506244D-03  -0.2319689713812D-04   0.9876971759113D-03
  -0.1274110522593D-03  -0.5293031998579D-03   0.6277346718541D-03
   0.2907303620744D-03  -0.6061538547573D-03   0.4440803456671D-03
  -0.1359369982651D-02  -0.2262712015167D-03   0.6926278508476D-04
  -0.9634598627148D-04   0.7061111796857D-04  -0.1423911701800D-03
  -0.1164702163592D-03   0.1271699701302D-03  -0.1882134703389D-03
  -0.2248092429662D-04  -0.1338999468640D-03   0.2580556719851D-04
  -0.1065912459944D-03  -0.8249162309128D-04  -0.1410118694916D-03
  -0.1179074264558D-02   0.3068508553737D-03   0.2096135087672D-03
  -0.9829491340274D-03   0.1552296081637D-03   0.2507760299687D-03
   0.1534868174367D-02   0.1201017654601D-03  -0.2704348303616D-03
   0.7606056970143D-03  -0.1104598039956D-03  -0.4245309991486D-03
   0.6126354502165D-03  -0.1208572137423D-02  -0.1680643271936D-03
   0.5409711047004D-03  -0.2073374319514D-02   0.9598819918405D-03
   0.8127692574919D-03   0.9525528851137D-03   0.9873850721515D-04
   0.1446875502070D-02   0.2107253152672D-02   0.5005230754517D-03
   0.2185333786455D-03   0.2826784768357D-03   0.2679020476996D-04
   0.1291330795503D-03   0.1929519229214D-03  -0.4137518014166D-04
  -0.1080763943984D-03   0.2434155925330D-04  -0.3912751571309D-03
   0.1863311134821D-03   0.2573259708752D-03  -0.4204374837611D-03
   0.1140006481901D-03   0.2291462167865D-03  -0.1743188027255D-03
   0.1941729074811D-03  -0.1835118682892D-02  -0.4945128564891D-03
   0.1456339797215D-03  -0.1865003855105D-02   0.5336073206678D-03
   0.4789012760164D-03  -0.5712557107941D-03  -0.5642366376001D-04
   0.1984624587658D-02  -0.1521670004585D-03   0.1130216280500D-02
  -0.4735941721409D-04  -0.1042832570617D-02   0.1126537924291D-02
  -0.2557495233484D-03   0.3813419062428D-03   0.2031655362701D-02
   0.1160221571829D-02   0.2983310172711D-02   0.1968421781200D-02
   0.2236187659020D-04   0.1004587684345D-03   0.1998877752804D-02
   0.8618618568311D-04  -0.2117811897866D-04   0.5769079579996D-04
   0.9356516567708D-04  -0.3092651523857D-04   0.5458469097329D-05
   0.1732466594039D-04  -0.2381826731865D-03  -0.3289855431871D-05
   0.9467277576047D-04   0.1015095604819D-04   0.1130596392394D-04
  -0.4800864996276D-05   0.1081564373931D-03   0.4064294822766D-03
   0.1914806092447D-03  -0.8113187886328D-04   0.2692409990073D-03
   0.2170364540912D-03  -0.5980486389140D-04   0.2180465108361D-03
   0.9300855464681D-04   0.9171997479485D-04   0.2139939005583D-03
   0.4288810331479D-03   0.1301350223402D-03   0.1343439126422D-03
  -0.1875884604992D-03   0.3724083604182D-03  -0.1421417701490D-02
   0.1161393871509D-03   0.6852816840204D-03  -0.1076636200973D-02
  -0.6729146492513D-04   0.8390451054860D-03  -0.4059249494276D-03
   0.9256529112788D-03   0.1567203472608D-02   0.1604136646585D-03
  -0.8817511523627D-04   0.1896063214692D-03  -0.4331782787492D-03
  -0.1866090612860D-03  -0.1244513145871D-03   0.1589609530888D-03
  -0.1875160821490D-03  -0.7263915744968D-04  -0.9045221193014D-04
  -0.6517601440115D-04  -0.2261102007468D-03  -0.2572299395839D-03
  -0.1445142200141D-03  -0.2155467382086D-03  -0.1373259949235D-03
  -0.8320875532894D-04  -0.6266827110609D-04  -0.1332641479841D-03
  -0.9966593006158D-03   0.9314578313301D-03  -0.1827052216915D-03
  -0.8876147843028D-03   0.7137752422513D-03   0.1208909204492D-03
  -0.2172722817579D-03  -0.2002875745833D-03   0.5387395172780D-03
   0.8044857808201D-03  -0.8288631737313D-04   0.1264259719272D-02
  -0.1120079781978D-02   0.9567938746716D-03  -0.4663069631357D-03
  -0.1631932554456D-03   0.8750759785091D-04  -0.3115413628248D-04
  -0.1931744197630D-03  -0.3246830355769D-04   0.7587862943602D-05
  -0.2352985477741D-03   0.1403903039899D-03  -0.1959276020196D-03
  -0.8906929507153D-04   0.1183877464844D-04  -0.7632175582482D-04
  -0.2410937667535D-03   0.8802130527284D-04  -0.8900722468875D-04
  -0.3235704315872D-03  -0.5763106658989D-03   0.1833830337454D-02
  -0.2908696397624D-03  -0.8646428185455D-03   0.1954359428583D-02
  -0.4117908512521D-04  -0.1514012094468D-04   0.1525214576021D-02
  -0.2125419894433D-03   0.6942258780181D-03   0.1853704895085D-02
   0.3649403600622D-04  -0.1104393485889D-02   0.1638464674652D-02
   0.8444526384262D-04  -0.8681020734270D-03   0.7743078382340D-03
  -0.8945209086095D-04  -0.1598937674274D-03   0.4639790036918D-04
  -0.2262197061099D-03   0.9423221730856D-04   0.1538620392487D-03
   0.1635250904713D-03   0.5465281551060D-04   0.1639540230711D-03
   0.3390117874814D-04  -0.2946937410045D-03   0.1375717760028D-03
   0.3257304710779D-03  -0.1527032022956D-03   0.2354370820485D-03
  -0.3064528701020D-01   0.4438260556136D-02   0.1569459044455D-01
   0.2240979702978D-01   0.4394085094893D-01  -0.1654169910481D-01
  -0.7054726988570D-02  -0.2712413437486D-01  -0.1436737421615D-01
   0.1225840382592D-01   0.1175357837863D-01   0.4275628819332D-03
   0.2753284521834D-02  -0.1455860869539D-01   0.4566178958006D-02
   0.4066587209446D-02   0.8283093924201D-03   0.5206415788050D-02
   0.1268528384801D-02  -0.1936018761224D-02   0.3885611868110D-02
   0.7870437645835D-02  -0.4343119373004D-02   0.1954307700981D-01
   0.2186882367227D-02   0.2897706165041D-02  -0.4300578617780D-02
  -0.1166113266304D-01   0.1154158832859D-01  -0.2420998237855D-02
   0.4334153869430D-02  -0.9279588111300D-02  -0.9812064296541D-02
   0.3868431563196D-02  -0.1566270145024D-01   0.1730328298757D-02
  -0.3275852941209D-02   0.2390750111110D-02   0.2897323117205D-02
  -0.1029525113504D-02  -0.4356123203713D-04   0.7228462780187D-03
  -0.2034316337762D-03  -0.1777122041983D-02  -0.4243456089072D-03
  -0.2127972004454D-02  -0.4866782385242D-03  -0.7259659271364D-03
  -0.1175470434014D-02  -0.1357819236172D-02  -0.1692236095003D-02
  -0.2978692310718D-03  -0.1861337509040D-03   0.2986775295537D-03
  -0.1299569072934D-03  -0.8998144475779D-03  -0.7450259061786D-03
  -0.2646567433437D-02   0.1648021343635D-03  -0.2620080957054D-02
   0.2306782580488D-02   0.4840713837195D-03  -0.6210589731831D-03
   0.1844584702564D-02  -0.8239337508398D-03   0.1210627447164D-02
  -0.5621076608542D-03   0.1037432213492D-02  -0.2121437239949D-02
   0.1544184716017D-02  -0.1531119664367D-02   0.9428015243561D-03
  -0.3654056791886D-01  -0.8325793561783D-02   0.4567659526949D-02
   0.2529335563557D-01   0.4523698333923D-01   0.8488214365368D-02
   0.2903137229902D-02   0.1672761458147D-01  -0.2768686701901D-01
  -0.9522421656590D-02  -0.2005918160076D-01   0.9563279798701D-02
   0.4863315791951D-02  -0.9034797379858D-02   0.3874856870170D-03
   0.3172944858646D-02   0.4246768278010D-02  -0.1455660342521D-02
   0.6757403204701D-02   0.8206965727905D-04   0.1320667762157D-02
   0.6030876955898D-02   0.6085404936845D-03   0.8010769261731D-03
   0.9200000531963D-02  -0.1659815207497D-01  -0.5360796859709D-02
  -0.4870424136787D-02  -0.6833790959836D-02   0.1185600720357D-01
   0.6038322638532D-03   0.1602861179391D-02   0.1359836467351D-02
  -0.1070030674169D-02  -0.5435313934601D-02  -0.3700357831614D-02
  -0.4084143173175D-02  -0.1566508658437D-02   0.7837744723676D-03
   0.1668972545255D-02  -0.1965559825098D-02   0.1243170702065D-03
  -0.1279237907609D-02  -0.2592495411402D-03  -0.2222086041724D-02
  -0.1894380292165D-02  -0.6427662007302D-03  -0.2187240703916D-02
   0.1308514388141D-03   0.4623350766083D-03   0.4077189798817D-03
   0.4591440415663D-03   0.1463776353442D-02  -0.9353372513230D-03
  -0.1662147765973D-02  -0.6557421319028D-03  -0.4052881067163D-03
  -0.3985990451596D-01   0.2348092481958D-01  -0.2417033752699D-02
   0.2914193822512D-01   0.1971398146315D-01  -0.2660846171240D-01
  -0.4562265677246D-03  -0.1656149991946D-01  -0.6078024831629D-02
   0.3086347408656D-01   0.1013878668664D-01  -0.9492734852678D-02
  -0.4361894815220D-03   0.1901087515837D-02   0.1621069454756D-01
   0.2370125326489D-02  -0.1044067345278D-02  -0.1575241851456D-02
   0.1665770157262D-02   0.9897849790992D-02   0.9697806852707D-02
   0.5761979638795D-02   0.9891619263118D-02   0.9862873417379D-02
  -0.3910896120702D-02  -0.3357504758478D-02  -0.6894395005319D-02
  -0.1999442866272D-02  -0.9066632044152D-02  -0.2973706454644D-02
   0.4591613459684D-02   0.4151165681730D-02   0.7244298857569D-02
  -0.6359643795983D-02  -0.8052129278567D-02  -0.8430897170725D-02
   0.1065075196371D-01  -0.1760522689278D-01   0.8501696983253D-02
  -0.4430938670167D-02  -0.1090292216998D-02   0.3831118700814D-03
   0.3015176316686D-02  -0.1342214936537D-02  -0.1509430865663D-02
   0.1855011313930D-02  -0.8841473990046D-02   0.5790768365169D-02
   0.7259842476255D-03  -0.3485566685453D-02  -0.1380381275831D-02
  -0.1172772758936D-02  -0.4887299698423D-02  -0.3361587338931D-02
   0.7361329904271D-03  -0.2388045590289D-02  -0.3416279165222D-02
   0.8700969463687D-04  -0.1515073855371D-02  -0.3046903333647D-02
  -0.2215522286356D-02  -0.1427594170148D-03  -0.6187208384945D-04
  -0.1210773347178D-01  -0.3653185239578D-02   0.1290641018084D-01
   0.2633290429468D-02  -0.7279886226565D-02   0.1147942538918D-02
  -0.5633903788768D-02   0.5172413389687D-01  -0.2970607694764D-01
  -0.8786811504580D-02  -0.4165546501194D-01   0.1048464115733D-01
   0.4011925332285D-03   0.7053984347851D-03   0.3565848905779D-03
   0.2488168043330D-04   0.1190032800147D-02  -0.3479065020249D-02
   0.3501569266834D-03  -0.2231328115933D-03  -0.2987935953793D-02
   0.2341537958218D-03   0.2569573185238D-02  -0.7504690399540D-03
   0.1833289184999D-02  -0.1922678775368D-02   0.7383021485292D-03
   0.8487195155171D-03   0.3591884537680D-02   0.2046660830981D-02
   0.1450176409840D-03  -0.7998019151411D-03  -0.5533027101633D-03
  -0.2630009331006D-02   0.4964629841259D-02  -0.3445831701513D-03
   0.1238991407648D-01  -0.9933410551428D-02   0.9523845894048D-02
   0.1116140926040D-02   0.1204118883495D-02  -0.4488418839208D-04
  -0.2469744487259D-02   0.3418336624219D-03   0.1467974255432D-02
  -0.9624330405632D-03   0.1727247573277D-03   0.9167075812716D-03
  -0.4245350752816D-03  -0.7142941154368D-03   0.1966534273722D-02
  -0.9871938826591D-03  -0.7568407843150D-03   0.2504282292727D-03
  -0.3270007194515D-04   0.6217180699961D-03   0.1091904678850D-02
  -0.1214299176181D-02  -0.9633428424874D-03   0.3689520050310D-02
  -0.1170208150385D-02  -0.1657172980861D-02  -0.1275450092068D-02
  -0.2152914406457D-03   0.1176250280778D-03  -0.1115826797661D-02
  -0.3432581157689D-02   0.2686094918984D-02  -0.1606433380760D-02
  -0.1132227455936D-02  -0.5243592162751D-03   0.1104686416839D-02
  -0.3012542808742D-01   0.6115475250449D-03   0.2280578615015D-01
   0.2385725047387D-01   0.3930470312153D-01  -0.2119680761532D-01
  -0.9234552569473D-03  -0.7328628040550D-02  -0.2738713479960D-01
  -0.9190499023648D-02  -0.2835084455959D-02   0.1335448193896D-01
  -0.1384108855807D-02  -0.7976498344565D-02   0.5153869536679D-02
  -0.3948817849736D-02   0.2570188045048D-02   0.2278323792010D-02
  -0.4210973286453D-02   0.6458832245927D-02   0.1606323084673D-02
  -0.1370046609549D-02   0.1232701471019D-02   0.9267106316102D-02
  -0.6923668592805D-02  -0.1790465415577D-01   0.4166051180333D-02
  -0.1399074800689D-02   0.2339826195817D-02   0.4661518222218D-02
  -0.3202868192677D-03  -0.1332811903055D-02  -0.1094305072321D-02
   0.3598124066200D-02  -0.7454303879903D-02   0.5329579061349D-03
   0.1812323419638D-02   0.7274784462676D-05  -0.1684111950700D-02
   0.4404480281906D-02  -0.1884190712387D-02   0.8926207442349D-03
   0.2565685853059D-02  -0.1803921085585D-02  -0.4452356904907D-03
   0.1458134473106D-02  -0.2307852941737D-02   0.2480535590061D-04
   0.3001096158798D-02  -0.2540494692023D-02  -0.5038287377767D-03
   0.5683190429883D-03  -0.3681580910775D-02   0.4274483174097D-04
   0.1185295846375D-02   0.2747067276666D-02  -0.3631131967307D-02
  -0.1830239611353D-01   0.2155301344144D-03   0.9400996830042D-02
  -0.2705266869081D-01  -0.1977833917994D-01  -0.1701327201342D-01
   0.3973354343815D-02   0.1954175550518D-01  -0.9852530666553D-03
  -0.7789932302831D-02  -0.6128815558007D-02  -0.6605825271977D-02
   0.3952917558234D-02  -0.7823713106430D-02  -0.1390925157691D-02
   0.4529569471219D-02  -0.2422869411357D-02  -0.8144210261603D-02
   0.1958472475825D-01   0.5184092535842D-02   0.2703833344991D-01
   0.6353215070064D-02   0.1407882604236D-01   0.2957897093459D-02
   0.6288882249250D-02  -0.1576453023594D-02   0.4705290051420D-03
   0.3021652918373D-02   0.6486937672714D-02  -0.3272331144562D-02
   0.2587683011198D-02   0.3909181211223D-03   0.1352995260088D-02
   0.4872408557568D-02   0.8332294214072D-03  -0.4227239400868D-02
  -0.6501502787333D-02   0.1006414724681D-02  -0.1714109503152D-03
  -0.1525927781345D-02   0.4161710077591D-02  -0.1170347530848D-01
  -0.6096589299497D-02  -0.1666533330873D-01  -0.2799902647971D-03
  -0.1136995095792D-01  -0.1756284675095D-01   0.5956982563563D-02
   0.6533354101270D-02   0.6517906580410D-01   0.4285082752208D-01
   0.2918732914997D-02  -0.7450737835798D-01  -0.3472168107542D-01
   0.1911953827967D-02  -0.1915896043974D-02  -0.4005036915255D-02
  -0.4555389077199D-02   0.7772267505410D-03   0.1117267188398D-01
   0.5436327941727D-02   0.3587655174150D-02  -0.3027715747522D-02
  -0.2941834865939D-02  -0.4571657083503D-02  -0.3008585503824D-02
   0.9066696673685D-03   0.3149420684742D-02  -0.5353406264360D-02
   0.1016009971163D-01   0.1051509466587D-01  -0.8322462276445D-02
  -0.5986362534925D-03  -0.7924631960358D-03   0.1221119565651D-02
   0.3410591388062D-02  -0.3018889613187D-02  -0.2273403270349D-03
  -0.4513282052860D-03   0.2912587037938D-02   0.1557212565996D-03
   0.2029650510458D-02   0.1832027728510D-02   0.1331032112849D-02
  -0.3429779369290D-01   0.2530568425158D-01   0.3310176030839D-01
  -0.2226556418972D-01  -0.2965575072726D-01  -0.1465702862942D-01
   0.8049611509687D-02   0.7613026847176D-02   0.3636900462666D-02
   0.3597282531669D-02  -0.1674259324400D-01  -0.1892583464909D-01
   0.1292252212064D-01   0.6192130462373D-02  -0.1769866926960D-02
   0.3826903684651D-02   0.2309165870514D-02   0.1486200475654D-02
  -0.4891747687045D-03   0.3457778890263D-04   0.3726888839320D-02
   0.1835490965518D-02   0.1243579465347D-02   0.1044190487569D-02
   0.1562994677605D-01   0.9032024812711D-02   0.3949938854466D-02
   0.8424850847921D-03   0.7951421800123D-02  -0.6778496898783D-04
   0.1597378819350D-02  -0.2121087112320D-02  -0.1178442240204D-02
   0.8064831304175D-02   0.2865111321500D-02  -0.3577336197923D-02
  -0.3406296468790D-03   0.1525229519575D-02  -0.5857014121347D-03
  -0.1211668790393D-02  -0.1006793997217D-03  -0.1847684343330D-02
   0.8163720999956D-03  -0.1445375203917D-02  -0.2479023282041D-03
   0.1541677087509D-02   0.1658723947945D-02  -0.1210301312273D-02
   0.2008738371501D-03   0.5099607983226D-03  -0.2493532570484D-02
   0.2462601809315D-02   0.2576427113483D-02  -0.1066564684478D-02
   0.3060396024552D-02  -0.3573971462570D-02   0.1316614834592D-02
  -0.2399859720395D-01  -0.7466601236704D-02   0.1123673784861D-01
   0.2614798660267D-01  -0.6354786092970D-02  -0.6485687746018D-02
  -0.5607063038205D-01  -0.4126535798209D-02   0.2073601379048D-01
   0.1465690706245D-01  -0.8964331154623D-02  -0.1288157027334D-01
  -0.2570465192845D-02   0.5179911786175D-02  -0.1768911972365D-02
   0.1735359086344D-02   0.2563699056245D-02   0.5899705489718D-02
   0.1039121976797D-02  -0.3423894093517D-02  -0.7485892082329D-02
  -0.2788017953213D-02   0.1068190732842D-02   0.8070902407026D-03
   0.2420570311522D-01   0.1548197920116D-01  -0.7145720038834D-02
   0.1497091748871D-01  -0.1078386377676D-02  -0.8093395572536D-02
   0.5661828075903D-03   0.2003613078205D-03  -0.6369948848794D-03
  -0.1431983327584D-02  -0.2888987020337D-03   0.1768839459917D-02
   0.5917926192822D-03   0.2959197179090D-03   0.7029931718102D-04
   0.6638475906152D-03   0.6968609249049D-03  -0.6812605764220D-04
  -0.2043110636298D-01   0.4669456722369D-02   0.3161590802824D-01
  -0.4038809692621D-02  -0.3275912789353D-01  -0.1481816319858D-01
  -0.2129672831407D-02  -0.1039089506377D-01   0.4951683004834D-02
   0.8166574667932D-02   0.5297684906971D-02  -0.5741475237897D-03
  -0.4250842988676D-02   0.2157071890235D-01  -0.1006037610940D-02
  -0.2074021195959D-02  -0.3049091970021D-02  -0.7394252619995D-03
   0.5524784149725D-02   0.8612281446109D-03   0.1558666426496D-02
  -0.4132458378819D-02   0.5847872407872D-02  -0.1996127551577D-02
   0.1281604301016D-01   0.5777108649240D-02  -0.1102230379171D-01
   0.1071758039400D-02   0.7617912231561D-04   0.2171696926146D-02
   0.1013862560300D-02  -0.1630037083196D-02  -0.2811128011383D-02
   0.2935955104525D-02   0.6640166360544D-03  -0.2525108772182D-02
   0.1672762603946D-02   0.9810416318321D-03  -0.1000762700821D-02
   0.2007326599985D-02  -0.1295324088747D-02  -0.4164331118449D-03
   0.1839848192615D-03  -0.2280769685063D-03   0.1014220668073D-02
  -0.5422104419013D-03  -0.1515510092837D-02  -0.2627653830210D-03
  -0.5169884728829D-03  -0.1116371024715D-02  -0.1620538960858D-03
   0.2559757030619D-03   0.6556871986762D-02  -0.5142774634994D-02
   0.1112510040515D-01  -0.2631180755118D-04  -0.3973093971786D-02
  -0.6102136319407D-01   0.6659878618494D-03   0.7338083095304D-02
   0.5117975229632D-01  -0.4525847170634D-02   0.6239465436616D-02
  -0.3488369117681D-02   0.4941474079604D-02  -0.7405426658804D-04
  -0.2177479180257D-02   0.9354357765835D-02   0.4896384407929D-02
   0.2452725492165D-02   0.6911221404867D-02  -0.4120194462533D-02
   0.2222186978009D-02  -0.7801069282985D-03  -0.4817047110619D-03
   0.8617269155629D-03  -0.4930958989341D-03  -0.5132183626614D-02
  -0.2686261709692D-03  -0.8906075061453D-03   0.2750820011212D-03
  -0.4707306412214D-01  -0.1070545480451D-01  -0.1315095722329D+00
  -0.2660053361129D-01   0.1049544682369D-01   0.7162492231493D-01
   0.4345900233555D-01   0.1003381654414D+00  -0.8429002701940D-01
$end                                                                            
