           2           1   1.00625644567138     
           3           2  0.948032775829904     
           4           3   1.62890655375079     
           5           2  0.970963186684050     
           6           5  0.999375170486921     
           7           6   1.00024495717785     
           8           7   1.00336955103116     
           9           8  0.953859643868265     
          10           1  0.952025869804616     
          11           2  0.956511488903319     
          12           5  0.972747673722283     
          13           5  0.972678961608449     
          14           6  0.974097958618585     
          15           6  0.983483908456595     
          16           7  0.977973043822598     
          17           7  0.967896511185000     
          18           8  0.967037776566098     
          19           8  0.970429089437077     
          20           9  0.892159575118219     
          21           9  0.898784349764080     
          22           9  0.895022527831689     
          23           3   1.29685410504984     
          24          23  0.970178546856936     
          25          24  0.950952413774426     
          26          25   1.57798728644386     
          27          24  0.959163430396034     
          28          27  0.988909363491778     
          29          27   1.00799188615822     
          30          28   1.02453957161787     
          31          23  0.920721811741938     
          32          24  0.910390346020360     
          33          27  0.966204673940417     
          34          28  0.970811169986326     
          35          28  0.972702506735543     
          36          29  0.983844497257459     
          37          29  0.980390229872780     
          38          29  0.975037926072165     
          39          30  0.982276117643763     
          40          30  0.977848830502937     
          41          30  0.976105947889369     
          42          25   1.31266550439830     
          43          42  0.977389205288950     
          44          43  0.936637125505666     
          45          44   1.61379913409711     
          46          43  0.982823987900515     
          47          46   1.00725384453642     
          48          47  0.941694135237719     
          49          48   1.48646980974287     
          50          48   1.48296286443781     
          51          42  0.919338267111690     
          52          43  0.946018616830781     
          53          46  0.972213543074653     
          54          46  0.971382764028326     
          55          47  0.969874435897927     
          56          47  0.960893791634482     
          57          44   1.31299179576911     
          58          57  0.967662824199001     
          59          58  0.939196961807244     
          60          59   1.59333814423218     
          61          58  0.976803993551345     
          62          61  0.999509278893104     
          63          62  0.933698892916026     
          64          63   1.48639421799962     
          65          63   1.49536659760369     
          66          57  0.924690626081757     
          67          58  0.946442240474343     
          68          61  0.976491151945702     
          69          61  0.968858395684142     
          70          62  0.968322120629932     
          71          62  0.973013755950259     
          72          59   1.33473150752078     
          73          72  0.960444490423841     
          74          73  0.947386939526503     
          75          74   1.58979447279745     
          76          73  0.961800620141127     
          77          76  0.994811632785894     
          78          76   1.00688208849269     
          79          77   1.02277810599339     
          80          72  0.911098857336904     
          81          73  0.949462192802306     
          82          76  0.942816717647750     
          83          77  0.973701345109970     
          84          77  0.963404684035318     
          85          78  0.973979994764097     
          86          78  0.980484430948480     
          87          78  0.984774273546418     
          88          79  0.978504633835120     
          89          79  0.956403126230620     
          90          79  0.976182273477506     
          91          74   1.32664368761858     
          92          91  0.973657031015057     
          93          92  0.935185700764053     
          94          93   1.59190750836257     
          95          92   1.00044278930017     
          96          91  0.888492055257402     
          97          92  0.938771424739277     
          98          95  0.977397912411775     
          99          95  0.973448612092986     
         100          95  0.981072445002697     
         101          93   1.33496653226206     
         102         101  0.977208367607693     
         103         102  0.934850685775151     
         104         103   1.62710393589218     
         105         102  0.998255375024312     
         106         101  0.895851229567506     
         107         102  0.943250042862535     
         108         105  0.979221399224801     
         109         105  0.980821345693825     
         110         105  0.984545620830803     
         111         103   1.31479059607584     
         112         111  0.969841945288734     
         113         112  0.937823101718912     
         114         113   1.59473960681231     
         115         112  0.980669085557672     
         116         115   1.00487988003163     
         117         116   1.00511390670708     
         118         117   1.00506996865786     
         119         118  0.944009077185812     
         120         111  0.899400796066431     
         121         112  0.940243285045263     
         122         115  0.961812135104035     
         123         115  0.972448306222921     
         124         116  0.944413430988874     
         125         116  0.974297326704187     
         126         117  0.976174518100837     
         127         117  0.954495784965002     
         128         118  0.939244589647102     
         129         118  0.969216488372111     
         130         119  0.906570706570949     
         131         119  0.896068263735448     
         132         119  0.897544944493228     
         133         113   1.32849091660973     
         134         133  0.974617060817771     
         135         134  0.934861608705858     
         136         135   1.62427633232458     
         137         134  0.971429554926635     
         138         137   1.00650819594134     
         139         138   1.41237628829798     
         140         138   1.40542500187278     
         141         139   1.45022465016441     
         142         140   1.45112123651415     
         143         141   1.37226758681797     
         143         142   1.37620864782563     
         144         143   1.05819583978905     
         145         133  0.899926488698804     
         146         134  0.955215587241019     
         147         137  0.960213724753100     
         148         137  0.956055423419314     
         149         139  0.963657296830770     
         150         140  0.959109884081259     
         151         141  0.954621979338199     
         152         142  0.960770515223833     
         153         144  0.854333991991917     
         154         135   1.30658081046570     
         155         154  0.968569508583295     
         156         155  0.932854315017934     
         157         156   1.60763589611006     
         158         155  0.992048229156038     
         159         158   1.00357109064458     
         160         159   1.00372331889620     
         161         160   1.00938215361684     
         162         161  0.952651975210863     
         163         154  0.879109474817190     
         164         155  0.951070221829541     
         165         158  0.958678194807358     
         166         158  0.969429055197824     
         167         159  0.971097669579920     
         168         159  0.964900106607099     
         169         160  0.971600171764658     
         170         160  0.963915924446531     
         171         161  0.959148013312633     
         172         161  0.965567283405744     
         173         162  0.896849095125206     
         174         162  0.899029926194190     
         175         162  0.896439043883040     
         176         156   1.32654197783664     
         177         176  0.972602770563323     
         178         177  0.935330065187716     
         179         178   1.59609389907251     
         180         177  0.968991675940340     
         181         180   1.01407759375998     
         182         181   1.26464022957263     
         183         181   1.57133039910383     
         184         182   1.53157917184690     
         185         183   1.19159361079867     
         185         184   1.30011368151802     
         186         176  0.897896945107132     
         187         177  0.953806379313972     
         188         180  0.956922835100063     
         189         180  0.956490127951476     
         190         183  0.967501719566483     
         191         184  0.965087145277440     
         192         185  0.925581318851428     
         193         178   1.32844314160636     
         194         193  0.982152702742723     
         195         194  0.926907025700270     
         196         195   1.57697783465077     
         197         194  0.981909882973996     
         198         197   1.00000565873172     
         199         193  0.873143566160530     
         200         194  0.939150499558145     
         201         197  0.966032467750731     
         202         197  0.963038336235167     
         203         198  0.867693063484161     
         204         195   1.35687309009695     
         205         204  0.973893534172786     
         206         205  0.947507478079515     
         207         206   1.62060014755633     
         208         205  0.959166153521736     
         209         208   1.00661103728671     
         210         208   1.01129702423959     
         211         204  0.872412546895325     
         212         205  0.954483383808539     
         213         208  0.950018795662860     
         214         209  0.981270264641258     
         215         209  0.980971325623656     
         216         209  0.987565347242400     
         217         210  0.981778970135250     
         218         210  0.985613860640422     
         219         210  0.968737096830051     
         220         206   1.29199334306190     
         221         220  0.975703322204855     
         222         221  0.941792792904663     
         223         222   1.61914290221911     
         224         221  0.976242474316420     
         225         224   1.00819350406894     
         226         224   1.00619634857724     
         227         220  0.900255234806125     
         228         221  0.953587140976967     
         229         224  0.939549149577874     
         230         225  0.982920747667800     
         231         225  0.973383430922780     
         232         225  0.986487218252700     
         233         226  0.982817876219907     
         234         226  0.985529582175168     
         235         226  0.977089595074174     
         236         222   1.30065894889839     
         237         236  0.971893094410630     
         238         237  0.936136823987496     
         239         238   1.61761928458210     
         240         237  0.979003783485990     
         241         240   1.00597384326955     
         242         241  0.999211714183517     
         243         242   1.01263549888228     
         244         243  0.954337058569139     
         245         236  0.896476546935331     
         246         237  0.952216898633770     
         247         240  0.973700442316531     
         248         240  0.953301163938983     
         249         241  0.971253041618214     
         250         241  0.978341474376961     
         251         242  0.975945228572731     
         252         242  0.965479801600565     
         253         243  0.961211924601549     
         254         243  0.965796695847691     
         255         244  0.892003340652957     
         256         244  0.897360325673043     
         257         244  0.898032542255567     
         258         238   1.31731323892149     
         259         258  0.971725950498446     
         260         259  0.971370748109008     
         261         260   1.89126948880520     
         262         259  0.969693673738479     
         263         262   1.00551180967178     
         264         263   1.00194593252625     
         265         264   1.01127409147698     
         266         265  0.952663701806827     
         267         258  0.880528419607110     
         268         259  0.930851943213308     
         269         262  0.963917564291823     
         270         262  0.969568398337715     
         271         263  0.971465792154454     
         272         263  0.966913620366370     
         273         264  0.972455314544335     
         274         264  0.954802214951593     
         275         265  0.962687290367149     
         276         265  0.962691329466898     
         277         266  0.892252123701427     
         278         266  0.900268957424249     
         279         266  0.898623319124076     
         281         280   1.00604756303319     
         282         281  0.970703354304550     
         283         282   1.89172517302717     
         284         281  0.968617378847460     
         285         284   1.00837930279640     
         286         285  0.994134469075992     
         287         286  0.987503019885270     
         288         287   1.30800748787119     
         289         288   1.32189197170058     
         290         288   1.31932710634567     
         291         280  0.941549788730920     
         292         281  0.960958332167593     
         293         284  0.963780377361029     
         294         284  0.970560065011721     
         295         285  0.972111403847988     
         296         285  0.971527298970757     
         297         286  0.965205585323880     
         298         286  0.955502574398309     
         299         287  0.918795391309856     
         300         289  0.910688029267184     
         301         289  0.915126172567363     
         302         290  0.918369488508124     
         303         290  0.912085344282202     
         305         304   1.00550754145370     
         306         305  0.951095594531585     
         307         306   1.61488372157531     
         308         305  0.958620739185856     
         309         308  0.995918190627712     
         310         308   1.00770400579374     
         311         309   1.02251688983671     
         312         304  0.952737876124496     
         313         305  0.965387221835135     
         314         308  0.962177592908712     
         315         309  0.974639608164088     
         316         309  0.973194173844302     
         317         310  0.974242427880836     
         318         310  0.981137632112955     
         319         310  0.985686440666187     
         320         311  0.978821454945175     
         321         311  0.987338100201744     
         322         311  0.976759645082889     
         323         306   1.29861319217950     
         324         323  0.975775773828094     
         325         324  0.968103041294351     
         326         325   1.89936993743378     
         327         324  0.989305369278116     
         328         323  0.915992440974479     
         329         324  0.937076036217375     
         330         327  0.979557874673251     
         331         327  0.968855019564551     
         332         327  0.982005431636185     
         334         333   1.00917829163408     
         335         334  0.974540843757353     
         336         335   1.86612081811813     
         337         334  0.952324369494854     
         338         337   1.00644856617946     
         339         338   1.41176514199267     
         340         338   1.40329002667693     
         341         339   1.44875867062447     
         342         340   1.45111615536607     
         343         341   1.37041167588138     
         343         342   1.37856893822703     
         344         343   1.05985904031655     
         345         333  0.941928502701939     
         346         334  0.963992882182461     
         347         337  0.958742621301977     
         348         337  0.959149422884359     
         349         339  0.961899779451245     
         350         340  0.967824053143718     
         351         341  0.951913992317425     
         352         342  0.964499376972923     
         353         344  0.863825658663518     
         355         354   1.01460243464068     
         356         355  0.931846080107889     
         357         356   1.59132461680164     
         358         355  0.975781194111862     
         359         358   1.00201075334029     
         360         354  0.956480550118295     
         361         355  0.963617308265457     
         362         358  0.971021353938760     
         363         358  0.966599282993163     
         364         359  0.866774634073223     
         365         356   1.33961972768379     
         366         365  0.968990677432964     
         367         366  0.987384644949179     
         368         367   1.87258618970441     
         369         366  0.946655163604773     
         370         369   1.00580186509243     
         371         369   1.00988371811683     
         372         365  0.889867629368547     
         373         366  0.949308654130946     
         374         369  0.961192901014918     
         375         370  0.982179762619328     
         376         370  0.974906854318692     
         377         370  0.986082341454853     
         378         371  0.980347609221509     
         379         371  0.982357777151178     
         380         371  0.965790184179145     
         382         381   1.00715851344316     
         383         382  0.975973896936945     
         384         383   1.88121030732386     
         385         382  0.962503788395909     
         386         385   1.00600657205225     
         387         386   1.00121794061681     
         388         387   1.01101163429572     
         389         388  0.954132595270366     
         390         381  0.923050022761524     
         391         382  0.944881733064004     
         392         385  0.966243458176334     
         393         385  0.969989506149236     
         394         386  0.973847258033652     
         395         386  0.967468444877801     
         396         387  0.970644211780500     
         397         387  0.954967046227604     
         398         388  0.963882950798108     
         399         388  0.959625142938911     
         400         389  0.891879866628420     
         401         389  0.897645612406877     
         402         389  0.896889189573395     
         403           1  0.964731982458709     
         404         260  0.956975513429055     
         405         280  0.960850306018081     
         406         282  0.953140083266289     
         407         304  0.956969685140956     
         408         325  0.955614001724640     
         409         333  0.956358417238282     
         410         335  0.954732929340331     
         411         354  0.957176209316482     
         412         367  0.955570276323407     
         413         381  0.955531414010897     
         414         383  0.957033057069888     
