   -0.11844512
   -0.05181285
    0.25461702
   -0.46016714
   -0.13766380
   -0.05652412
   -0.23984062
   -0.11508670
    0.30370566
    0.27450994
    0.27244495
    0.15708485
    0.11941077
    0.12031659
    0.10556202
    0.07679368
    0.09984889
    0.09547839
    0.07848327
   -0.15537170
   -0.01244465
    0.25584782
   -0.45245723
   -0.10843889
   -0.03937334
   -0.15966251
   -0.15573675
    0.24447662
    0.10111454
    0.10036931
    0.07066220
    0.06805776
    0.05448430
    0.07149604
    0.05194495
    0.05062716
    0.04513632
    0.05373540
   -0.20922483
    0.00030194
    0.26151764
   -0.53100736
   -0.09487701
   -0.13261403
    0.27767651
   -0.50714291
   -0.28995939
    0.22933013
    0.10435746
    0.09367266
    0.07398593
    0.09578396
    0.09918856
    0.22456874
    0.22190281
   -0.18415118
    0.00356451
    0.26825274
   -0.51784081
   -0.11886010
   -0.09512138
   -0.12329805
   -0.08131823
   -0.14127711
    0.24688640
    0.07882195
    0.07786402
    0.10124445
    0.07667973
    0.06217711
    0.11306497
    0.09975992
    0.12059535
    0.12801340
    0.29181612
    0.29961308
    0.29128152
   -0.18748619
   -0.00506109
    0.26241109
   -0.47975882
   -0.11785509
   -0.11169148
   -0.12596186
   -0.08518624
   -0.13696253
    0.25846117
    0.11290680
    0.11163927
    0.08892440
    0.08824923
    0.07933727
    0.09698552
    0.10648446
    0.14667101
    0.12641016
    0.29850617
    0.28467900
    0.28425736
   -0.19309478
   -0.00260105
    0.27944217
   -0.48612467
   -0.04576223
   -0.10397501
   -0.14387200
   -0.15411200
    0.21620930
    0.11714202
    0.05326678
    0.07988594
    0.07231986
    0.06575140
    0.02625857
    0.05659866
    0.07465802
    0.04432644
    0.04822064
   -0.20163465
    0.02990538
    0.28224555
   -0.51613405
   -0.07130822
   -0.09951253
    0.36920347
   -0.64722612
   -0.67204004
    0.20511957
    0.06175276
    0.07928903
    0.04262912
    0.03178160
    0.04629199
   -0.20426731
    0.01406635
    0.27641243
   -0.52112370
   -0.08704211
   -0.12919830
    0.34420312
   -0.61504813
   -0.63125040
    0.23814872
    0.07314135
    0.06487031
    0.08069681
    0.04511290
    0.05014937
   -0.18506532
    0.00551469
    0.27578864
   -0.48434624
   -0.04965513
   -0.11113552
   -0.16262470
   -0.18016160
    0.22937393
    0.10503130
    0.05533604
    0.07221251
    0.07551111
    0.08478051
    0.02540624
    0.08246278
    0.10067544
    0.05542017
    0.07807032
   -0.20322062
    0.02462246
    0.26635452
   -0.51512331
   -0.15258291
    0.21717865
    0.08082917
    0.07464472
    0.07562323
    0.06530320
   -0.19937803
    0.02100003
    0.27104911
   -0.50564274
   -0.14681402
    0.24029929
    0.07987919
    0.07236634
    0.07845501
    0.07372313
   -0.18374383
    0.00982081
    0.28350574
   -0.51125544
   -0.10881723
   -0.10187246
   -0.12304688
   -0.08354774
   -0.13803617
    0.22457474
    0.10175386
    0.09190953
    0.09236281
    0.06349418
    0.08717384
    0.11603295
    0.08099745
    0.11770998
    0.14580704
    0.28692927
    0.30606430
    0.27069331
   -0.18005370
    0.02081811
    0.26034331
   -0.51538658
   -0.09493095
   -0.01519922
   -0.05562522
   -0.05979816
   -0.07435256
   -0.09469130
    0.12527203
   -0.43962208
    0.21034754
    0.09994459
    0.07165391
    0.07324245
    0.06198614
    0.05713500
    0.07516922
    0.09073003
    0.36116389
   -0.17971305
    0.01766787
    0.26556722
   -0.47552459
   -0.10123572
   -0.10471826
   -0.12286088
   -0.06639876
   -0.13801606
    0.24100680
    0.07913265
    0.08023080
    0.08028770
    0.07519119
    0.08017665
    0.08267263
    0.10424557
    0.13626035
    0.11943333
    0.28134138
    0.27742248
    0.29676806
   -0.20016231
    0.01455242
    0.27323546
   -0.47486361
   -0.08999827
    0.04954376
   -0.32818792
   -0.04539380
    0.07630215
   -0.10243058
    0.21208279
    0.10018818
    0.07915834
    0.09106908
    0.05922476
    0.07059666
    0.21922585
   -0.20171480
    0.00659970
    0.20100413
   -0.36532000
    0.06117716
   -0.45122217
    0.21660357
    0.11546023
    0.06925086
    0.10049542
    0.31718233
   -0.43026179
    0.02428728
    0.26253997
   -0.52048682
   -0.15397422
    0.19991338
    0.04883274
    0.06807378
    0.07115690
    0.08078418
   -0.19068418
    0.00521714
    0.26244030
   -0.50476900
   -0.10027827
   -0.11133171
   -0.04765362
   -0.15432339
    0.22513078
   -0.24111892
   -0.26422890
    0.23251408
    0.10209938
    0.08175083
    0.08460662
    0.08420468
    0.08453272
    0.10937709
    0.09427828
    0.24320980
    0.23019967
    0.24733250
    0.25758792
    0.26160389
   -0.17624915
    0.00586770
    0.27170058
   -0.49726756
   -0.04499051
   -0.09245714
   -0.15049559
   -0.14995355
    0.21755587
    0.08773224
    0.07101542
    0.06107694
    0.06326216
    0.07493827
    0.04863535
    0.05675060
    0.06517171
    0.05433528
    0.05400427
   -0.17134872
    0.00935014
    0.19298525
   -0.34758160
    0.06114456
   -0.49418698
    0.22715934
    0.12143643
    0.08322522
    0.05448301
    0.34289135
   -0.41653190
    0.03311552
    0.26670165
   -0.50609362
   -0.01644872
   -0.38086811
    0.19292693
    0.06469214
    0.07193434
    0.05858039
    0.21774067
   -0.20814269
    0.02070090
    0.26518548
   -0.47041364
   -0.08504496
   -0.12336868
    0.35030356
   -0.62610065
   -0.62789822
    0.25566233
    0.08594739
    0.05970340
    0.06325409
    0.05669434
    0.04539893
   -0.18774259
    0.01549640
    0.20520794
   -0.34235433
   -0.09368980
   -0.12787903
    0.28175664
   -0.50704392
   -0.30403238
    0.21252276
    0.10780098
    0.08428174
    0.08792773
    0.09573747
    0.08809146
    0.24057388
    0.24015095
   -0.43070184
    0.02983321
    0.25890841
   -0.49897456
   -0.13860127
    0.18876586
    0.05532531
    0.07803122
    0.05044117
    0.05553353
   -0.17840623
    0.01836969
    0.19997447
   -0.36194630
   -0.16295361
    0.22054442
    0.11684864
    0.08265045
    0.08964773
    0.08202170
   -0.33085274
    0.00944115
    0.16745798
   -0.37450150
   -0.09836775
   -0.09056195
   -0.00884795
    0.07873130
    0.06573864
    0.09535791
    0.06172032
    0.07652237
    0.03575337
    0.04129079
   -0.40220682
    0.02234830
    0.27052276
   -0.54503940
   -0.05334268
   -0.08430347
   -0.16172946
   -0.15493564
    0.21537891
    0.03899623
    0.08903304
    0.03556022
    0.04082489
    0.08056001
    0.06156323
    0.03998541
    0.04782387
    0.06933069
    0.06494010
   -0.17494921
    0.00789133
    0.20291490
   -0.38407456
   -0.11314763
   -0.11224496
   -0.12943842
   -0.08054049
   -0.14910657
    0.26314167
    0.10357696
    0.07590226
    0.09803581
    0.10757040
    0.07503304
    0.08824053
    0.10468381
    0.15317781
    0.13050475
    0.30253711
    0.28167470
    0.29527018
   -0.42211499
    0.02064492
    0.26528556
   -0.50975444
    0.10083743
   -0.48918209
   -0.15704984
    0.21005600
    0.04513346
    0.06546833
    0.33123890
    0.08904362
    0.05391694
    0.04751648
   -0.18973957
    0.01850469
    0.20967728
   -0.38157798
   -0.08554378
   -0.11209774
    0.36702605
   -0.63357044
   -0.65250240
    0.24330137
    0.08850417
    0.09896242
    0.06655612
    0.02950711
    0.04189893
   -0.42562714
    0.02641131
    0.26322835
   -0.51167526
   -0.02990510
   -0.15137941
   -0.14888525
    0.19243599
    0.05076080
    0.04998395
    0.07074926
    0.04264517
    0.06067937
    0.06336889
    0.05163852
    0.04778490
   -0.18892857
    0.01286277
    0.20335420
   -0.35867447
   -0.02250434
   -0.15062666
   -0.15479837
    0.23482266
    0.09189459
    0.06485755
    0.07488217
    0.05189807
    0.06091927
    0.06772456
    0.06339987
    0.06121238
   -0.42072757
    0.02733862
    0.20776618
   -0.38567211
   -0.06873323
   -0.11706295
    0.28115659
   -0.49932745
   -0.31030051
    0.19126050
    0.07789053
    0.06560194
    0.06193402
    0.07483649
    0.10297259
    0.24093701
    0.21325521
    0.08577613
    0.16952912
    0.08508848
    0.18610455
    0.07442580
    0.16581968
    0.06862649
    0.17316262
    0.07098278
    0.15771255
    0.06674533
    0.17183787
    0.06215362
    0.16844545
    0.06493041
    0.18055997
    0.06860943
