$grad                                                                           
  cycle =      1    SCF energy =  -852.91696924857   |dE/dxyz| =  0.785287
   26.91536675631149     65.60721811950121    150.90582456509944      n 
   28.42957720046398     63.99939845903431    152.53078381391521      c 
   31.04854556259655     63.73406645950735    151.28051466837408      c 
   31.19533612479871     62.96644228381998    149.09563266153955      o 
   27.21923371253708     61.36011139613218    152.68567231687166      c 
   29.03025399107286     59.57191527315441    154.02091744267321      c 
   24.60860086108008     61.41542754312610    153.90236299364037      c 
   26.73602087909069     65.04532636436419    149.07933583710684      h 
   28.59652794547521     64.90393498503697    154.37763556298697      h 
   27.00240420724050     60.71557694448170    150.72853221111581      h 
   28.16231170534425     57.72670266556806    154.25695766121922      h 
   30.75928360356982     59.34146687368992    152.94098150230417      h 
   29.51885633823343     60.30100811512574    155.88210992853323      h 
   23.76989054102589     59.54565732265215    153.81706158650886      h 
   24.74247150737354     61.99540022770442    155.87053009061651      h 
   23.38875447992607     62.73821497431693    152.91180031583369      h 
   47.49579514697967     46.05718916946658    159.37352165094924      n 
   45.16285660744379     45.74124106353323    158.02119752745989      c 
   45.54073356950373     46.13676764114921    155.18442341588906      c 
   47.09081503351071     47.62485197436489    154.29301055925947      o 
   43.17670169330405     47.61466405604806    158.95902764963861      c 
   42.27418796907487     47.07657779720164    161.65721612413958      c 
   41.09885663813294     49.46395525669414    162.75475389966684      c 
   40.38583690217528     44.90159067700680    161.63834494097500      c 
   47.67359859737737     47.51406524630330    160.61090648396345      h 
   44.55971298521029     43.79060547291847    158.34841772320300      h 
   44.00959421139903     49.49716759484336    158.86988000769347      h 
   41.56303549759489     47.61290070873416    157.67463758401109      h 
   43.90616182297781     46.55595674613834    162.82001294821325      h 
   40.51139186574269     49.16564107800097    164.69607463158943      h 
   42.43377094132882     51.03174053643198    162.73905932220143      h 
   39.45472378896251     50.00322191395753    161.65504905010471      h 
   39.65922188152983     44.56638324840338    163.53369344914785      h 
   38.79733793114995     45.34757607876045    160.41245138481577      h 
   41.29184812722301     43.17602816644087    160.99339916514930      h 
   43.93435499911693     44.81296577294346    153.76111745070074      n 
   43.59548231399815     45.45550907554116    151.09667447879374      c 
   42.37319431658874     48.06303771008604    150.77036731226886      c 
   41.69953338697888     49.40103009622901    152.52189541289059      o 
   41.83600725851296     43.41399547988891    149.98941602781647      c 
   40.38920982224369     42.49418138545862    152.34076444535808      c 
   42.23627771760260     42.80564091983091    154.56136195062501      c 
   45.46408096863421     45.49258031042378    150.21265797173521      h 
   40.58169325038646     44.17837209331331    148.55694994622408      h 
   42.95519951518703     41.88558598152914    149.18863306201027      h 
   38.74890264653474     43.69857258416585    152.66322345994234      h 
   39.76815280384497     40.54849039620486    152.15170081363664      h 
   41.19067894017215     43.30174837425932    156.26109318586367      h 
   43.34915135204412     41.09586299721194    154.88784415358288      h 
   36.52787996275577     52.15507233606373    146.32819932814195      n 
   34.07444728709620     51.44487817654901    145.37716405784329      c 
   33.78844138332777     52.00010404150776    142.57323911008575      c 
   34.32838180499290     54.02916941480063    141.58684887083015      o 
   31.80536629899781     52.78499464319385    146.52567030677017      c 
   31.33037817970485     52.44143156812899    149.33799518237046      c 
   28.71360540757175     53.52812867450125    149.85272059422962      c 
   31.50249816649340     49.67462922443040    150.11575672053633      c 
   37.01344195232426     53.99356867999204    146.39226428607307      h 
   33.93524511880953     49.40841632877422    145.68656255202654      h 
   31.92060920645003     54.79426877432338    146.06501655040884      h 
   30.16492596790724     52.02983034078222    145.51984062126934      h 
   32.73204963437016     53.50611343068672    150.42510286912179      h 
   28.33722575399404     53.59982954426273    151.86991556496588      h 
   28.57436545043527     55.42798690310314    149.08661670098977      h 
   27.29377749527635     52.34073854458523    148.96320383683911      h 
   30.79492552854596     49.43698241965274    152.02778491974505      h 
   30.38824909199613     48.48712619869569    148.85847117164482      h 
   33.45281378625378     49.02780451280163    150.08066956391892      h 
   17.81535832775581     64.17293178848993    144.57044297973047      n 
   15.65903802952531     62.62391316456041    145.25957378856378      c 
   13.35798107802289     64.30378928187504    145.86072400389995      c 
   13.51440662227247     66.14129146535889    147.28560163696378      o 
   16.15466832796254     61.10041477651554    147.69252908316582      c 
   18.35055741265224     59.34599231002481    147.43207252953388      c 
   20.79548424170759     60.29828227577277    147.35145622867469      c 
   17.94445155088486     56.76239268161297    147.33838791712253      c 
   22.82802050280846     58.67211920670968    147.17436718520369      c 
   19.98670862330706     55.14741173099540    147.24640989051571      c 
   22.42568907099296     56.08959136641662    147.14846588891595      c 
   18.25121871393340     65.61759990253549    145.75462520989660      h 
   15.26344014801392     61.36823192893815    143.67078889860082      h 
   16.50960442102142     62.45630119782547    149.21250748775563      h 
   14.43623842150738     60.06130358379346    148.16200123244147      h 
   21.12929368034447     62.30746541565298    147.50351925515469      h 
   16.04730818724146     56.02549679345632    147.41217616134907      h 
   24.72695837005543     59.41908021671227    147.09418215079762      h 
   19.67801918396872     53.13344946228415    147.23855950027030      h 
   24.03018087700896     54.83691826383470    147.06606238937783      h 
    0.44302838372155     61.02930163042154    163.36345648545066      n 
    2.32931190108207     59.05932959023976    163.71349492077570      c 
    3.97989861771460     59.79041258594521    165.98701232475486      c 
    4.80642965610427     61.95664191314646    166.20373403913842      o 
    3.88668346708625     58.96376597361724    161.28946073155149      c 
    6.00346258284039     57.00572759173363    161.12353021613211      c 
    4.95710899066222     54.37348156589344    160.61266591727696      c 
    7.80518653692716     57.77455291389506    158.98581378118934      c 
    0.77124805022801     62.43487294106327    162.10530874304766      h 
    1.35321330531097     57.28242595004934    164.10572621865876      h 
    2.54561920385619     58.63685076339070    159.75549576544543      h 
    4.67449274539877     60.85612405094657    161.03318353967063      h 
    7.05203316332981     56.98926794057628    162.90715923734138      h 
    6.49609602612176     53.02190009430867    160.46261672619869      h 
    3.70276365806044     53.79217558347084    162.12742762377962      h 
    3.90634801332922     54.36726437526813    158.84491957383054      h 
    9.34565559789927     56.42523355784412    158.85529656924410      h 
    6.80423695379503     57.79161784899828    157.19415174529610      h 
    8.60123297928562     59.63332543635757    159.33144262567143      h 
   10.65726631998510     59.00583363842959    170.13217670124376      n 
   13.34308952183622     58.72192109577800    169.64579089849781      c 
   14.24918448309740     56.02658348225319    170.03238468845015      c 
   16.16960326432017     55.28206159009932    168.98491409060173      o 
   14.73967952402188     60.37378893529930    171.50743330391785      c 
   14.95573531296488     63.02877737338903    170.53175971828421      c 
   17.68753658367709     63.38712877798264    168.56589409888855      s 
   19.80283718351768     60.89317998358433    169.56560879940307      c 
   10.07776894740337     60.19866118358903    171.51238159024447      h 
   13.78181307734199     59.25723453687334    167.69218629802802      h 
   13.65011218773838     60.39150032769738    173.27197958468585      h 
   16.56982319232690     59.57605694091995    171.98578928297110      h 
   13.31464744743567     63.58928316024011    169.42185661039179      h 
   15.14632256514575     64.34821084866724    172.11158108211228      h 
   21.53133070986459     61.28485954517396    168.52830465220671      h 
   20.18452651593532     61.01473246639511    171.57833569794741      h 
   19.09671666446891     59.04322796731666    169.02796438796332      h 
   12.95587955631351     54.60262486354762    171.65602233493556      n 
   13.88101329429764     52.04664413092883    172.02034547686347      c 
   13.29469489051740     50.61187369294743    169.60926829546682      c 
   14.84402984890167     49.20114579942457    168.63914145441549      o 
   12.94915472898439     50.68428996741092    174.48735440729257      c 
   14.31078008321824     51.58351583361689    176.60150793384432      o 
   13.34509825762354     47.81782725848802    174.38729078985747      c 
   11.36626672317703     55.20995427241148    172.52284830776742      h 
   15.94938538534328     52.14428503220263    172.16929288722648      h 
   10.92843138044141     51.09949825054841    174.70967438831369      h 
   13.51296941727995     53.14582399043376    177.16957889894968      h 
   12.79351346163288     47.02488379035789    176.19573125685713      h 
   12.22842898313507     46.97682421463084    172.88656339030896      h 
   15.32741348220443     47.40278037948948    174.05753163713044      h 
   10.94861923091707     50.99935133361551    168.73378718371231      n 
   10.02793838911370     49.74734545169232    166.46876092578131      c 
   11.89070243059953     50.46687111592815    164.31146609682358      c 
   12.90304135007615     48.88716714905701    162.95015876324692      o 
    7.32439092942127     50.59606633040128    165.87546455114114      c 
    5.20328431743269     49.60260817670057    167.57583169579132      c 
    2.76694767628526     51.15067888140167    167.25268944417607      c 
    2.66134505420736     53.24300807426987    166.25305584200652      o 
    0.67136641037825     50.09758660075454    168.19750143269576      n 
    9.80335288500492     52.29630153722025    169.55374598938738      h 
   10.14453726923186     47.69326026991410    166.71150738506790      h 
    7.28380204980841     52.66156269602364    165.92311926744549      h 
    6.90527329046603     50.03590542628382    163.93390265144802      h 
    4.80252919314787     47.62546412103952    167.16812661791252      h 
    5.75264918469853     49.76318584627012    169.55837523158121      h 
    0.67367217990433     48.38508618926672    169.02679979767083      h 
   -0.96513702327269     51.06873346390584    168.08871782340003      h 
   12.39002281050399     52.94504837717328    164.18523208064536      n 
   14.07989569468650     53.91096204096148    162.29980502128907      c 
   16.60425073046412     52.55587702861609    162.36073279698377      c 
   17.61884002517417     51.76339647323470    160.42525314447565      o 
   14.61545063349850     56.72526545604020    162.53749760259919      c 
   15.76172248879326     57.72160225516872    160.11444704917969      c 
   14.86051370045644     57.03136716494583    157.70781997491730      c 
   17.76907663114624     59.40196627194449    160.20174911446497      c 
   15.92382781111947     58.02225955438826    155.53878640722394      c 
   18.76482813320436     60.46428770200745    157.98521897010465      c 
   17.86952910448193     59.78423859275435    155.64215865870730      c 
   11.38911791258755     54.19918566946735    165.24021191311206      h 
   13.25895036249290     53.49848518415172    160.43986175804304      h 
   12.81509158273354     57.67108389559294    162.89494683010378      h 
   15.88138000620057     57.09437993178317    164.11831884574937      h 
   13.30217939315835     55.73367861649989    157.51127909615769      h 
   18.53630766012130     59.98187019752134    161.99865856064943      h 
   15.20411928415064     57.44259368949452    153.71867155232636      h 
   20.29094041985100     61.80414845906267    158.17019142715998      h 
   18.64107528581255     60.57320979684577    153.93033949210138      h 
   17.65586752216072     52.48244708606716    164.64277195660299      n 
   20.08135488210510     51.26001061799217    164.99637132857902      c 
   19.91136430692430     48.57449053158483    163.90305580496789      c 
   21.55259834823590     47.72959738122534    162.49161293911231      o 
   20.83778712562214     51.33152688571690    167.74742119738858      c 
   23.69629730423413     51.28792192808891    168.16311588937137      c 
   24.13954257048007     51.10918183842594    171.03268234485361      c 
   25.08373199577775     49.09830898818290    166.88503697097642      c 
   16.83436170159693     53.27461931697519    166.18234459054420      h 
   21.48586285472660     52.26685088697878    163.84041774357425      h 
   20.09368429512637     53.06558238462477    168.57760547174686      h 
   19.95444826899780     49.74874304103695    168.73562667394287      h 
   24.49087618447550     53.06434695719918    167.47224363628172      h 
   26.15310418667650     51.11698436210204    171.44504903630971      h 
   23.25624249065427     52.69536978327451    171.99443013991194      h 
   23.32628190712503     49.37363447552527    171.76807860715709      h 
   27.06797873457374     49.15270839170225    167.41237456235368      h 
   24.26469718918005     47.31336666072915    167.49547697004215      h 
   24.94006775971440     49.21271166338479    164.84517970008767      h 
   17.86321358272274     47.23302645336650    164.52428335866134      n 
   17.65123586848762     44.66824118405995    163.60471278263168      c 
   17.70095082997331     44.61084685517288    160.66565461750946      c 
   18.91402629357127     43.06649530688451    159.43151736300990      o 
   15.19297363817183     43.38344956584114    164.43768696920199      c 
   14.62022747028094     41.63021876488041    162.46077468219252      o 
   16.60097850935620     47.88560138336255    165.81132347580470      h 
   19.28590063941901     43.55849261228648    164.23776818905634      h 
   15.42476476313438     42.41712853987717    166.24972722429533      h 
   13.69715737785105     44.80808399400988    164.57279659655066      h 
   13.13060310528083     40.68339063435946    162.92583763085361      h 
   16.25782350057899     46.37372017251838    159.63821377415198      n 
   16.06814331345229     46.44974701634004    156.92851038837159      c 
   18.66479299072677     47.02997034528657    155.80099108189194      c 
   19.29572733699857     46.12653912906235    153.76889068570333      o 
   14.10049374419453     48.31338149413299    155.89248221267104      c 
   11.53287845607727     48.08964742589279    157.17903562277036      c 
   13.82765605234057     47.66465730405725    153.12302593142419      c 
    9.60044041404954     49.90647841859267    156.07414779520195      c 
   15.24499105176968     47.57214432324624    160.72409158114618      h 
   15.59441507274897     44.53935412549662    156.26501132437173      h 
   14.83221880528275     50.23424524099921    156.13895400512865      h 
   10.84577351736543     46.15289899834320    156.98361658586765      h 
   11.72647669327287     48.46567985328773    159.19111280688819      h 
   12.90125566695742     49.18332880554996    152.09751402450667      h 
   15.65761982591618     47.33410817842022    152.25900428601184      h 
   12.71206495475637     45.95195751268677    152.91257793314855      h 
    7.86280049637810     49.85902436397210    157.17175909543053      h 
   10.32056051255869     51.83188442583493    156.08833388985764      h 
    9.13648407832189     49.39983749112726    154.14197780531990      h 
   20.19384994718027     48.60912877492128    157.04758334759131      n 
   22.64340321709970     49.02755576420650    155.90751658395149      c 
   24.17258965663037     46.61531016922383    156.21898453289549      c 
   25.34581691435494     45.63661268116472    154.47157843611799      o 
   24.08766345477506     51.26545426290616    157.03280241010359      c 
   23.44574454352026     53.73596980338876    155.64098299367589      c 
   26.93312076335253     50.81843781080087    156.92207688761985      c 
   21.60042187111366     55.21252868878001    157.27940197203486      c 
   19.62360423216221     49.57942961664679    158.59153135302907      h 
   22.38084492708549     49.29212256248502    153.86807659289821      h 
   23.53425076485713     51.42889052337586    159.01546600471835      h 
   25.15149521768944     54.85436431527690    155.36575700512907      h 
   22.62111571801101     53.36924232817563    153.79334275947534      h 
   27.93609270114895     52.47686503082162    157.60541188825837      h 
   27.49143765814880     49.22603465103546    158.07854737541064      h 
   27.51225816317202     50.44634519404708    154.98622892620139      h 
   21.08019622233957     56.95318462286154    156.34264045284183      h 
   19.89591010656807     54.12980401784461    157.63078342179708      h 
   22.46147352987164     55.68241998229478    159.08058337087277      h 
   24.25984301366238     45.75443334923349    158.58215234494392      n 
   25.72698827893701     43.54485895822508    159.14653271797812      c 
   25.18535340917711     41.40527290382811    157.29109023619043      c 
   26.85431289829045     39.93984004565880    156.62710248906012      o 
   25.16387095904310     42.54079832285311    161.76767212445978      c 
   26.77647077484018     40.17649691126184    162.15060222183396      c 
   26.53427856121407     38.98983190264072    164.75799499679940      c 
   27.50283356185789     40.71508438571227    166.63413276602247      n 
   28.76097833550142     40.09826791423351    168.69003855324397      c 
   29.49336367779674     37.74092827798383    169.07386408856647      n 
   29.21521363824289     41.95205135420974    170.36871706921045      n 
   23.13486357199098     46.49225841979680    159.94651066733294      h 
   27.75037359863120     43.98208687652225    158.96065604463050      h 
   25.58670202249432     44.02093706369772    163.13826151675528      h 
   23.15638204464795     42.08264453483886    161.88147736507045      h 
   26.24243429753577     38.74176415384894    160.77927347539463      h 
   28.75628117088781     40.63569319494190    161.80491795112286      h 
   24.54800151219650     38.57952723648783    165.16373119340011      h 
   27.56997463855495     37.21901811030202    164.74134629084404      h 
   26.96414354388547     42.53622277060810    166.41572907668029      h 
   29.38039826579094     36.45202682235439    167.67380755061168      h 
   30.59245742626961     37.27937702084931    170.55717337834963      h 
   28.39377777042045     43.65462663569482    170.12924710219031      h 
   29.68775125427726     41.47019940652779    172.15084061945521      h 
   22.78974615254631     41.14221825367175    156.55403400044062      n 
   22.10025829983700     38.99016867183597    155.01971289261374      c 
   23.12872607110895     39.17913759710687    152.27135189236969      c 
   23.30731450251660     37.32325713788231    150.89352481453946      o 
   19.21968655323549     38.62791138587475    155.05166906718554      c 
   18.07751211493857     40.39474813789240    153.39282660615461      o 
   21.37390861769079     42.23070589597899    157.24698760241515      h 
   22.99376327282091     37.28784578819582    155.80852051125555      h 
   18.81277926379527     36.69184865256682    154.43458356071463      h 
   18.53726013094365     38.90496149248742    156.99025874316669      h 
   16.31993152672509     39.95287344206741    153.20589298754069      h 
   23.78286712546945     41.47931918503075    151.51416203882232      n 
   24.94998208407519     41.78721299702107    149.10898164010297      c 
   27.78812050861747     41.23339665975065    149.17587780208092      c 
   29.06319659597618     41.43776132349300    147.25417469734055      o 
   24.50243551584208     44.42387021449108    148.06017237078555      c 
   21.73463969521291     44.95879578612278    147.51072654558135      c 
   21.57805796265698     47.70489427814793    146.57641599848793      c 
   19.68989484657750     48.06798434743776    144.62786316441489      n 
   20.14012886872728     48.06932661373242    142.15367115850745      c 
   22.42806042780447     48.46662570647877    141.18585714076224      n 
   18.18075333036798     47.93756961249620    140.56735908568709      n 
   23.75113941838695     42.93085293687790    152.76327090000052      h 
   24.14536330434910     40.35923564459289    147.83292596832300      h 
   25.20906050649267     45.77285625746654    149.45478246306351      h 
   25.63708070562216     44.60480160957786    146.34521508161558      h 
   21.07227525819987     43.65794137431379    146.05613522962039      h 
   20.61281676710749     44.67891748352906    149.21385776592140      h 
   21.10342764256348     48.93345671183982    148.16469778368784      h 
   23.41887326715437     48.28922834911689    145.86375945311784      h 
   17.89096075538091     47.76703144443509    145.20109125834318      h 
   23.98891003479628     48.47715397029721    142.29996941969881      h 
   22.82350658246351     47.79002180876027    139.44835551040120      h 
   16.42671403982855     47.55875134600456    141.20512854520621      h 
   18.47064766464077     47.83455721302159    138.69092321710878      h 
   28.79828947449480     40.58981053796605    151.40286661240887      n 
   31.41199046175945     39.84061419419270    151.61481371459539      c 
   31.63625057225626     37.00366891540276    152.19332444141685      c 
   29.94761124656037     35.71449153691903    153.07570033073608      o 
   32.73937377959136     41.33218738802193    153.68507132279265      c 
   32.71872035166439     44.14413814399357    153.14304410850912      c 
   34.70346169126769     45.80729370589356    155.47545205910777      s 
   32.42895170079682     47.69018678183564    157.21445009163850      c 
   27.71763101044818     40.25353882855813    152.94900549827105      h 
   32.26612440375840     40.22010858119640    149.76436549068643      h 
   31.76319155721091     40.95878417848114    155.46662818523231      h 
   34.68781959432648     40.68688975561800    153.86852945797409      h 
   33.50878311740001     44.53213488557691    151.28341337872303      h 
   30.81803512512991     44.91536964929294    153.25161011453895      h 
   33.23096241871769     48.05222697513495    159.06458050635055      h 
   32.11459931063553     49.46648645975453    156.24016600940109      h 
   30.69724370676850     46.60991277251785    157.37668304492146      h 
   33.92700401355116     36.02909310785577    151.61686254620994      n 
   34.30627859897079     33.31846752485169    151.31904252990765      c 
   34.89238164863698     32.19635096621499    153.93700379472091      c 
   35.76621266397578     33.53534609820535    155.60139703338726      o 
   36.29087589610333     32.81932172236577    149.22433693711631      c 
   38.94748474584868     33.61991408984581    150.02418029244117      c 
   36.28369418954246     30.05733288633756    148.37830398210988      c 
   35.23871714498843     37.16614032110903    150.82992134318093      h 
   32.48044785031012     32.53209542942189    150.72005759147700      h 
   35.70054016209994     33.97721793865443    147.61250813536472      h 
   40.23077280739539     33.43593294069363    148.43244217542531      h 
   38.99566639503746     35.56728943246730    150.67265492152856      h 
   39.61793042259601     32.40957862493940    151.54397694753550      h 
   37.48469025237404     29.84596477955232    146.72489455839431      h 
   37.02960313525188     28.84358363887367    149.85386804508570      h 
   34.39004742512935     29.44624865380648    147.86372648741559      h 
   32.85321935942599     31.27062412167900    159.78828052985497      n 
   33.29183741493352     33.26345275569854    161.63764426971034      c 
   31.45391492313937     32.86402469089469    163.87541188977016      c 
   29.44321951022612     34.00620669376458    164.04036109488152      o 
   32.92599311467012     35.87521427640334    160.38561093195881      c 
   34.79439326625638     37.93288867477034    161.19360963432177      c 
   37.32278289490368     37.81384825171815    159.80507744021352      c 
   39.02159391958755     35.89609248364150    160.79292715091347      n 
   40.68108519742515     34.51833563955488    159.51780766807704      c 
   40.74548136837929     34.55767037438457    156.98494950123140      n 
   42.48721242103261     33.30156239763591    160.79235804690475      n 
   31.21987973500600     31.41313607542395    158.81126398987743      h 
   35.22813349424728     32.98482855593606    162.29736706524389      h 
   33.06229741070128     35.63320568045574    158.34502382566478      h 
   31.00004601463790     36.48172585741874    160.80878253914389      h 
   33.96075370812419     39.75614259293757    160.72206876179828      h 
   35.08181414031283     37.88048128428648    163.23518995052811      h 
   36.95470601193256     37.42917978675047    157.81779746941507      h 
   38.27037161952122     39.64818255776902    159.95532438846675      h 
   39.20446578335585     35.83920790738438    162.69415985959034      h 
   39.08006860990210     34.89097215250708    156.09036870424100      h 
   41.84088747785572     33.23783214815391    156.15382711040911      h 
   42.14939158610104     32.82638987661715    162.63889515490521      h 
   43.53283234015007     32.01115663832569    159.85923366604985      h 
   32.19158556492016     31.19876886603177    165.61933493230606      n 
   30.51482683326188     30.47176451856605    167.68009212206135      c 
   31.54854025851375     31.14097092890953    170.33774957412194      c 
   30.64275935043014     32.75000130561166    171.73688499936677      o 
   29.99464962666763     27.63669330632235    167.43182271570024      c 
   33.94350994957720     30.35152237758668    165.51120932785361      h 
   28.75646083242504     31.53745495677574    167.42822545587089      h 
   28.92820753408792     26.94501671897239    169.04443378746095      h 
   28.90416289751377     27.30376015458412    165.72400598109601      h 
   31.75328738918222     26.58553349174528    167.28328528270472      h 
   36.17504021469101     34.07099700259229    172.79529182640994      n 
   37.95674448293565     35.93441136359488    171.77918554852491      c 
   36.34953216130263     38.28410836342439    171.29039637795472      c 
   34.77642452247476     38.31560897533654    169.59599565616256      o 
   39.32867115964130     35.01183568035407    169.33887145150570      c 
   37.57438070770464     33.78359715457161    167.35767138406516      c 
   38.59500954254913     31.31238277264598    166.00002059461136      c 
   40.81354051230395     31.33687118320239    165.22041172611989      o 
   37.06571472156608     29.51317418344847    165.78978664030274      o 
   34.32381718084409     34.32091895842237    172.37212680529774      h 
   39.40651621235576     36.27665760505280    173.21185098959091      h 
   40.32990911136280     36.62575567476199    168.54289842840186      h 
   40.74492365469371     33.62341219480973    169.91550871044612      h 
   35.79609100171841     33.25463114665963    168.24902540010885      h 
   37.10999418947065     35.15348128753681    165.88955469156028      h 
   36.64458613848978     40.14261914089052    172.98951700570052      n 
   35.13819782184140     42.40802075962221    172.91510570541146      c 
   36.49410815271995     44.65517765937259    171.75474799257248      c 
   38.78500327319432     44.89609841360152    171.58633684542681      o 
   34.39218423350241     43.31140669007584    175.53894557959654      c 
   38.09056469263249     40.06941183111308    174.22612675797899      h 
   33.50938906237203     41.95132864307132    171.72920688504266      h 
   33.07747171146395     44.88185203744394    175.43244921200886      h 
   33.53053803880386     41.78638752201862    176.61858763828968      h 
   36.06570061721851     43.93971950967810    176.55807597854829      h 
   34.86036410615981     46.45413131414604    171.06031111144119      n 
   35.84926041323091     48.90092484057233    170.50314929556876      c 
   33.85053209221424     50.81477655823684    171.23236408476811      c 
   31.64187907318618     50.17269458782111    171.38603421885514      o 
   36.56360105364317     49.03422447593459    167.70539197224764      c 
   34.27155147842143     48.88128234346276    166.02178577703813      c 
   33.32413548949553     46.55929219142939    165.24731529166615      c 
   33.05190401038775     51.07844743933252    165.27239114602168      c 
   31.19741710745469     46.44703051393403    163.74438400641026      c 
   30.90611887612102     50.97119943438235    163.79650414021947      c 
   29.99354198402252     48.65487411798458    163.01435877932471      c 
   32.96278803269060     46.33844776965663    171.25149823973916      h 
   37.56109063530054     49.19822793008907    171.63469023385474      h 
   37.55302890604181     50.81079290633162    167.36977259510360      h 
   37.83853829452158     47.45628516293387    167.34119196429569      h 
   34.26590774951290     44.84410860871082    165.82491227759863      h 
   33.76286863384870     52.87079825784653    165.94460923642112      h 
   30.49163964774299     44.63751279845246    163.12974833234520      h 
   29.96303020900785     52.68960237199157    163.23758704408425      h 
   28.31430540174761     48.55588169623918    161.86523935797999      h 
   34.78571262623795     53.08689340883620    171.77935271916260      n 
   33.29626873006599     55.22527868015342    172.50457117261615      c 
   32.45409355439801     56.69414494360548    170.20802471198405      c 
   33.75768071326421     56.83847198441597    168.28073911887296      o 
   35.01203131574475     57.02829485567842    173.94371851220515      c 
   36.40281657473339     55.68564949691905    176.03576006837483      c 
   35.50791766127669     55.63575359077222    178.52295242996649      c 
   38.71118191926842     54.54628367685339    175.52414894831273      c 
   36.87353431116825     54.52100607970192    180.44411918342826      c 
   40.08007712406236     53.42703994385549    177.45412914152811      c 
   39.17876770611799     53.37249419523432    179.92482174045048      c 
   40.45960248820972     52.20177875500546    181.79401624589840      o 
   36.56728809095085     53.47439335261686    171.19546284925397      h 
   31.69325690053272     54.56769219731778    173.62708864398294      h 
   36.39289913137991     57.79507690201957    172.61446602372899      h 
   33.90502354485150     58.59371536524453    174.70600942206022      h 
   33.72558204976533     56.53360893247756    178.94546796587593      h 
   39.51214822401855     54.59415474825960    173.65154403705858      h 
   36.15003387371559     54.44925321167429    182.34842280165253      h 
   41.86902460472319     52.52492444800065    177.03466362443467      h 
   42.07241669133704     51.49502569876113    181.22363842845402      h 
   30.25253632270593     57.89926712780515    170.40688906397830      n 
   29.36626133613527     59.58617345518589    168.36965028259152      c 
   29.25213473874520     62.13395411643351    169.71856008041618      c 
   28.26971860638910     62.19964036285309    171.82313437996183      o 
   26.85989046713761     58.51401606297294    167.44364484369567      c 
   25.86421988654615     59.77531487199582    165.08477419683530      c 
   27.94522904158807     60.04703814634816    163.09541723278133      c 
   23.71699142287407     58.20215711253352    163.93320023577732      c 
   29.26212761958063     57.97155434551364    172.03377012647897      h 
   30.81046098503930     59.57123854868593    166.90767438910734      h 
   27.19739543021936     56.51438233060129    167.04971066103636      h 
   25.48058993370199     58.64690692245544    168.97259454100507      h 
   25.14874108460367     61.66368996128065    165.54101559050363      h 
   27.11690135664560     60.66160464850663    161.31491123239121      h 
   29.37209281763166     61.41895446489897    163.62760831691824      h 
   28.83533070733236     58.22155675378039    162.78957148460992      h 
   22.90097403561899     59.21148089432264    162.34536056953772      h 
   24.45231336263391     56.40033356440902    163.27438307496436      h 
   22.25145253785093     57.84253403670445    165.32413257572711      h 
   16.26196452130237     60.56634793887402    180.67166866920925      n 
   15.61472757049311     58.44505648957781    179.06470163778391      c 
   12.76723698898173     57.77690168186744    179.23209480430057      c 
   11.92598140347150     56.04305977244751    177.95603773355643      o 
   17.41771962574507     56.18724447815464    179.44366422245733      c 
   20.19859380522134     56.85998577716662    178.98977914583858      c 
   20.74069522507449     57.74757249017088    175.65420364454059      s 
   24.13330300360979     58.42489008182250    175.43600040844538      c 
   17.10019163691955     60.19592011153314    182.34599318572381      h 
   15.84049507059317     59.09341789838059    177.10033515801493      h 
   17.23116031762212     55.49458064278878    181.37751416907071      h 
   16.87643322182817     54.67987111842259    178.15417173765178      h 
   20.80026264091545     58.46219765074562    180.13244693715674      h 
   21.37895139050382     55.22261918851162    179.38481081556679      h 
   24.40054971390872     59.45926955496916    173.68902034603681      h 
   24.68637360891131     59.56802395382599    177.03882080609438      h 
   25.16558662384699     56.65153120619734    175.39545431865307      h 
   35.74450832694512     61.32156230390550    161.19478839642505      n 
   35.94275364194599     59.12908038640965    162.81776261266404      c 
   38.66073922564247     58.32807420504049    163.28338184240948      c 
   40.37137896571746     58.65222490777476    161.75936914617233      o 
   34.30425670672243     57.00815019432241    161.79841690136118      c 
   35.31238599670742     56.03606934149060    159.36405703582199      c 
   34.97242940862576     57.45065845384210    157.18137729104234      c 
   36.49927335369627     53.69443332258835    159.27089513918267      c 
   35.71367708242037     56.50475367119895    154.87002909592147      c 
   37.31327709735675     52.76594503323896    156.98123047464284      c 
   36.90309732186905     54.16419513699437    154.77221159616724      c 
   37.64037638181958     53.15498539317431    152.50702984383722      o 
   36.93117966765995     61.57735596272599    159.72307854063874      h 
   35.16860524713402     59.69557372608944    164.65418749796618      h 
   34.20909005330275     55.51574397565761    163.20833533852155      h 
   32.41561092213222     57.78305904225741    161.52246671597339      h 
   34.00805466281752     59.24537399282804    157.26377369900590      h 
   36.70483210181784     52.61609400789445    160.98623416433279      h 
   35.31795799445351     57.55086031134444    153.16363818845883      h 
   38.23171194639014     50.95676176882582    156.79914447060708      h 
   36.86920385940243     54.12243421079734    151.16015767608761      h 
   39.05181771491844     57.26234667151041    165.53276219238901      n 
   41.59173248449868     56.84429211716316    166.47833860774745      c 
   41.66480325439533     54.49949731588995    168.07479475025062      c 
   39.83839318643435     54.03000541104129    169.42667505251455      o 
   42.38232040583150     58.95201800546003    168.30956336842593      c 
   37.61315477539605     57.02727370503411    166.77983570817085      h 
   42.87501815799870     56.75372970297325    164.86463277598136      h 
   44.33357414791407     58.71230410505547    168.90429784189897      h 
   42.20946438495864     60.80444322342953    167.43268929450974      h 
   41.18016365631433     58.93423858935284    169.97695333412474      h 
   43.76983304101163     53.13942538479450    168.12759431537177      n 
   43.86494723374923     51.14399457017484    169.97506939867372      c 
   45.24088419464586     51.83345059271821    172.45993560116321      c 
   45.16463011713693     50.35706369430916    174.21938003704091      o 
   44.90590791373008     48.67340269629122    168.89974535054662      c 
   47.55454669197237     48.75295861957485    168.76059425304859      o 
   45.27517970065456     53.44363076372557    166.93331088017652      h 
   41.90537413720310     50.78530682251917    170.55976949803173      h 
   44.41462487692687     47.14513071669029    170.20177916261935      h 
   44.05376488891454     48.30816663456022    167.05694061853680      h 
   48.02035553436291     49.44543024278859    167.11807467123589      h 
    6.50953088630453     55.74411312647864    144.31632499684511      n 
    6.75171849429055     54.17233426942799    146.53052219156206      c 
    4.43019189203255     52.53711112605255    146.99819225206315      c 
    2.38836052044262     53.11896040260687    146.12420425737872      o 
    7.00743565889434     55.98884470772610    148.76417080904045      c 
    8.61818087931443     54.85208932390632    150.86876289733237      c 
    4.33800225259113     56.89158318991259    149.44658641000561      c 
   11.25080496694057     54.24738288565159    149.84552759353267      c 
    5.83906897926793     57.51473908667202    144.55459484710286      h 
    8.40061786933173     52.96868260892391    146.23337806654806      h 
    8.05851395881977     57.62457790117437    148.05613183718438      h 
    8.77980679782045     56.22940902940539    152.39749575350234      h 
    7.72925937955081     53.17977239724927    151.68015212879706      h 
    4.30254725647130     58.91984203780790    149.65749111573692      h 
    3.01900900919287     56.45223662615435    147.94516035364032      h 
    3.65187860340031     55.93725255200876    151.12115647259674      h 
   12.57317771629114     53.97889383587648    151.39969525939193      h 
   11.26995973409742     52.53788740411862    148.71252589236354      h 
   11.91783031039543     55.81313363503186    148.69660004286655      h 
    4.74725034386398     50.48787491548674    148.49455144520005      n 
    2.55290855771089     49.20201166240591    149.51509287738480      c 
    1.04075706730104     50.82156495878149    151.43515885281997      c 
    0.82710824497636     53.10688727251810    151.28544880197612      o 
    6.40996567993114     50.24693105312198    149.38846216842350      h 
    1.27071392618043     48.83617392648354    147.93267548420354      h 
    3.15659849858250     47.42891731609934    150.36284467325751      h 
   44.32101366884133     44.36644836042274    181.70482180092171      n 
   42.80753986046189     42.74527899403689    183.31178883234705      c 
   43.65264611389386     39.94520240949129    183.14439566601936      c 
   42.57172276714990     38.34973274664146    184.42045273657453      o 
   39.95072127381286     43.17780991099278    182.93282624786261      c 
   39.14289523930034     45.92248824467628    183.38671132429238      c 
   39.64051717093815     46.83575520233050    186.72228682559037      s 
   38.53078752231341     50.11249851930523    186.94049006168558      c 
   43.58110020241611     44.90716042276647    180.03049728459612      h 
   43.25615356109596     43.26498008890254    185.27615531211603      h 
   39.44413645023220     42.66991289327134    180.99897630106025      h 
   38.91594085335413     41.95535545461648    184.22231873247918      h 
   40.22961700621830     47.24465467790510    182.24404353297419      h 
   37.13471538554019     46.12602460468540    182.99167965475314      h 
   39.29296306798974     50.86113069597889    188.68747012409415      h 
   39.24423519275942     51.16303864946880    185.33766966403658      h 
   36.47887187593813     50.11980292048075    186.98103615147789      h 
   25.33276294109841     65.70639506580461    151.52071566907469      h 
   32.60764053050957     64.18549691515467    152.24824272305278      h 
   47.80234135098701     44.67000736407306    160.30857140138639      h 
   42.08555179147343     48.76164191390235    149.03823622371831      h 
   36.68877357919727     51.62475475457884    147.93612920196156      h 
   33.12387205470621     50.66800383051230    141.40922845758718      h 
   19.20999714178950     63.20256650937723    144.49339899299528      h 
   11.67767934774824     63.91654505694369    145.08761846833704      h 
   -1.01663109975663     60.33103612199815    162.83964216357296      h 
    4.39246688359209     58.50344281857463    167.30783040752735      h 
    9.88339956142484     59.57610723710993    168.72915131481653      h 
   34.55782524404016     30.36795601345379    154.27775014103969      h 
   34.10638294226778     31.27731772922366    158.63845523766460      h 
   33.05917700280621     30.23349456059393    171.02004528085732      h 
   36.57409027345582     32.52529032464471    172.20868131767415      h 
   29.96242356597107     63.67554036335575    168.88785809503608      h 
   17.34453813812786     61.59019009830467    179.85170307922908      h 
   11.63154319121725     58.76107014556899    180.37781562382330      h 
   34.20818287486504     61.35124453722747    160.46582677721264      h 
   46.17351841422665     53.47097299910431    172.60056968132005      h 
    8.03443832148040     55.93888079979098    143.58880534794713      h 
    0.17421863838216     49.99196347515009    152.89527415407079      h 
   44.66640017996994     45.81590569386901    182.52478739090188      h 
   45.07280790391485     39.45374696165138    181.99867484649664      h 
  -0.1144287181957D+00  -0.8468964927301D-02   0.5000395242673D-01
  -0.9338581148827D-02   0.1067819112718D-02   0.1633032023746D-01
   0.7409727044570D-01   0.2795784762852D-01   0.6139241534299D-01
  -0.2110561844491D-02  -0.8615516165258D-02  -0.2193554465198D-01
  -0.4462032507249D-02   0.7931102010551D-02  -0.8376588530852D-04
   0.2494463095918D-02   0.3903659904836D-02  -0.6444803230892D-02
  -0.3846981650909D-02  -0.8406417733501D-03  -0.2606995484919D-02
  -0.1230971679768D-01   0.5851041181426D-02  -0.1887591811208D-02
   0.5589048862761D-03   0.2810771555379D-03   0.2458232845640D-03
  -0.5449257357126D-03   0.2870658390613D-03   0.2015400714015D-03
  -0.4111997746715D-03   0.6910598819423D-03  -0.2645710405363D-03
  -0.4473637291563D-03  -0.7173515276333D-04   0.4768577126709D-03
   0.6205250981343D-03   0.3217453831142D-03   0.3083319924755D-03
   0.3981713592021D-03  -0.6834396353893D-04   0.3293679001371D-03
  -0.9600801665755D-04  -0.1666093640116D-04   0.1983796740171D-03
   0.2045966798532D-02   0.1615652762549D-02  -0.8567205119791D-03
   0.1052806735117D-02  -0.9970338495203D-01   0.5382713278412D-01
   0.2602768225989D-03  -0.2291962768830D-02  -0.5345397173658D-02
  -0.1474397149057D-02  -0.8835876269308D-02  -0.4315956324626D-02
   0.4309871616352D-02   0.3337265807774D-02  -0.7645756813192D-03
   0.6532993370647D-02  -0.1910076058712D-02   0.3960129187929D-02
   0.3057104758800D-04  -0.2303865817943D-03   0.3560491894822D-02
   0.2111765884050D-04  -0.9929714416488D-03  -0.2339157400100D-02
   0.2023856030101D-02   0.8051459060869D-03  -0.4739998137038D-02
   0.8685536427184D-02  -0.7550597248607D-02   0.1277465967849D-01
   0.2113184966317D-02  -0.1300845187923D-02   0.2203703883945D-02
  -0.1649795248384D-02  -0.1122190759556D-02   0.1866864336330D-02
   0.8109397269246D-03  -0.1083877615348D-02  -0.1027888910692D-03
  -0.2618449912944D-03   0.1166413350074D-02  -0.2518704293109D-03
   0.3017764964459D-03   0.1076685173006D-02  -0.2151853291485D-04
   0.6535909100864D-03   0.2312830393095D-03   0.2244723353818D-02
  -0.8310256994837D-03   0.2537216113001D-03   0.3971036426758D-03
  -0.5492256041231D-03   0.4699684208305D-04  -0.4166114119345D-04
  -0.5195187126437D-03   0.1085834772597D-03   0.5404188171222D-03
   0.4605259826242D-03   0.1209611232002D-03   0.4003020384324D-03
   0.9163639302632D-02  -0.5084067259278D-03   0.1305598688333D-01
   0.3969581605681D-02  -0.2741987009512D-02   0.1327381560644D-02
  -0.7057081454274D-02   0.1134624209192D-01  -0.8883673119899D-01
  -0.7342550902233D-02   0.1598630388283D-01   0.4515794653721D-02
  -0.3052403935495D-02   0.2644024881166D-02  -0.1139232805424D-01
  -0.1496238905304D-02  -0.2287222505086D-02   0.1617741714938D-02
   0.4824048854363D-02  -0.1024097107678D-02   0.6530017260428D-02
   0.1162133233136D-02  -0.2930192810829D-02   0.3959174577330D-02
  -0.7808196493646D-03   0.1169292757086D-04   0.4202340188004D-03
  -0.1180058877644D-03  -0.4903959223839D-03   0.4500031564778D-03
  -0.4348441465002D-03  -0.8919860140327D-04  -0.7373100790564D-04
  -0.2530377283388D-03   0.4131533766003D-03   0.3310219799596D-03
   0.2050210904209D-03  -0.4639990754107D-03   0.1791704774047D-03
   0.5475262492345D-03   0.1086799216379D-02   0.5264958231373D-03
   0.2001706633307D-02  -0.3748536221973D-01   0.1134503543462D+00
  -0.6788782688032D-02  -0.9046119459818D-03   0.1110223081398D-01
  -0.3977361727266D-01  -0.7334338341110D-01  -0.2803596289727D-01
   0.2540324354351D-02   0.1332717503688D-01  -0.1474733500831D-01
   0.1244908321584D-01  -0.2766097122149D-02   0.6212667010708D-02
  -0.1500452955346D-02   0.1344904818495D-03  -0.2584792726433D-02
   0.8261826245440D-03   0.9006273341249D-03  -0.4300317619041D-02
   0.8955698568981D-03   0.7678681682604D-03  -0.2191054108371D-03
   0.7885066949273D-02  -0.9458607348323D-02   0.1475557478143D-01
   0.9719801540688D-03   0.5588808043070D-03   0.1976144244318D-02
  -0.1548113641709D-02  -0.1313978814287D-02  -0.7905354575560D-03
   0.2538921048098D-02  -0.1463030312829D-02  -0.1370219020986D-03
   0.5580496325483D-03  -0.9320375736029D-03  -0.2645891493791D-03
   0.2389819758985D-03  -0.9631994305114D-04   0.2677138360206D-03
   0.4867674201630D-03  -0.6834673778877D-03  -0.8914840552581D-03
   0.5747999436110D-03  -0.9181171919334D-04  -0.6541613034234D-03
   0.3748717445336D-03  -0.2862881786739D-03   0.2771547872339D-03
   0.2943560274290D-04  -0.3988937606588D-04  -0.8073698002316D-03
   0.5039596982449D-03  -0.1734542689078D-03  -0.5569769243439D-03
   0.1040380945757D+00  -0.7833866905639D-01   0.1668657672133D-02
   0.7028658986781D-02  -0.1994118311855D-01  -0.5489800987098D-02
  -0.7704768140359D-01  -0.3895062457957D-01  -0.4519774397288D-01
  -0.1415899372029D-02   0.2430071447094D-01   0.1734752201282D-01
   0.5861337436740D-02   0.1658859190856D-02  -0.6794162212317D-02
   0.3824878838862D-02  -0.2685032607159D-02  -0.1953529580026D-02
  -0.1664207663040D-02   0.1205814714304D-02  -0.3140853796866D-02
  -0.2977610197435D-02   0.1484264847688D-03  -0.9833131189080D-03
  -0.1819317503372D-02   0.1565978082947D-02  -0.6031380938532D-03
  -0.3124586713608D-02   0.5263924433057D-02   0.2026217145444D-02
  -0.1060352217390D-02   0.5468245432022D-03   0.8465227957042D-03
   0.1366528695464D-01  -0.1147589334486D-02  -0.3546372979682D-02
   0.1162986254071D-02  -0.5999365942724D-03  -0.3555194699453D-04
   0.6138056765587D-03  -0.8734582835923D-03   0.1619362994410D-03
  -0.3768134881801D-03   0.1335658397179D-02  -0.1384677013633D-02
  -0.8794791527303D-03   0.1221027276751D-02  -0.2174361590772D-02
  -0.6853668347958D-04  -0.6316072884653D-04   0.4093036952911D-03
   0.1690031689750D-03   0.1622683224680D-03   0.3138067125479D-03
  -0.1073915320568D-03   0.1377172048304D-03   0.1061045852528D-03
   0.9361318651616D-03   0.6952046724619D-03   0.8172454383894D-04
  -0.8786794684779D-01  -0.5597538273622D-01  -0.4480856302045D-01
  -0.6081432844477D-02  -0.9186223962866D-02  -0.5145180875182D-02
   0.8847405212680D-02  -0.8291360739813D-01   0.6095724738366D-01
   0.7574174615851D-02   0.2724178054884D-01   0.4478438057101D-03
  -0.6195308148005D-02   0.4379331613317D-02   0.4859437613901D-02
  -0.2672612499202D-02  -0.1858632426415D-02   0.4329659223308D-02
   0.4846162551271D-03   0.4792814255215D-03  -0.7083301280427D-04
   0.2629593958951D-04   0.3981955772784D-02  -0.3825530168686D-02
  -0.1689977386812D-01   0.1091606044662D-02  -0.3839575210698D-02
  -0.3712326272216D-02  -0.1425019556006D-03  -0.1092817730814D-02
  -0.1024317807860D-02   0.5756078212196D-03   0.2607249676690D-02
  -0.1610620316036D-02  -0.2013239600928D-03  -0.7633728450100D-03
   0.4474044665708D-03  -0.7104002068882D-03  -0.6685348189617D-03
   0.2085226332510D-04   0.4469050015022D-03   0.4207117788329D-03
  -0.7013594320250D-04   0.1359219176421D-03  -0.4194542815100D-03
  -0.1197913232618D-03   0.2613183741510D-03  -0.3245209992346D-03
  -0.1409159986242D-03   0.2471703191775D-03   0.6626543342277D-03
   0.3383357837411D-03  -0.1152819215070D-02   0.2844976939378D-03
  -0.1399485917800D-03  -0.1094781481814D-02   0.6538259447851D-03
  -0.3994470236240D-01   0.5211627496487D-01  -0.9438242183380D-01
   0.1005670972004D-01  -0.6782634801557D-03  -0.7295995479481D-02
   0.2501803580833D-02  -0.8707480250617D-02  -0.3216530608104D-02
  -0.2722685172478D-02   0.2272716112168D-02   0.6290035142039D-02
  -0.9749110857593D-03   0.1179586303343D-02  -0.1598191068109D-01
   0.9407564392338D-03  -0.5982804168602D-02  -0.1435318069809D-01
  -0.9656787011989D-02  -0.7238327426970D-02   0.1903404408571D-01
  -0.7823797767401D-02  -0.4820143525095D-03   0.1521424396638D-02
  -0.1234802468885D-01   0.1661786585384D-02  -0.6037807124655D-02
  -0.3083162901062D-02  -0.4941288831506D-03  -0.1405276540361D-02
  -0.1429142213377D-03   0.8645244368011D-03   0.7404136682027D-03
  -0.6694758700596D-03  -0.1033065563352D-02  -0.1053109115355D-02
  -0.5953496097564D-03  -0.3903185583892D-03   0.7442140048412D-03
  -0.1128968648126D-03  -0.1300309476082D-02   0.9838212690667D-04
  -0.8507054368377D-04  -0.2588453430324D-03  -0.2272024261002D-03
  -0.2838244106844D-03   0.6115205085940D-04   0.1220615440976D-03
   0.2039665975442D-03   0.1417338318523D-03  -0.2869598823939D-03
  -0.2078571809280D-03   0.5788349083631D-02  -0.7389153955717D-02
  -0.3640917506097D-02   0.3726634190002D-02  -0.9472560665876D-02
  -0.2896842934922D-02   0.9767311112829D-02  -0.6818827856192D-02
   0.6897192809170D-02  -0.2844978767965D-04   0.4667996419707D-02
  -0.1392522402424D-02  -0.3551731690650D-02   0.2499331500350D-02
   0.6081372690247D-02  -0.2282792021068D-02   0.6107188031377D-02
  -0.1238458182865D-03  -0.4930525224661D-02   0.4859514789306D-02
  -0.2523304228447D-02  -0.4067620534152D-02   0.6155106868966D-04
  -0.4481275385804D-05   0.2238446119923D-04   0.2977599849913D-04
   0.8274351355744D-03   0.5143619043665D-03  -0.8506712792300D-03
  -0.7940669444964D-03   0.1584415551815D-02   0.5843797485338D-03
   0.1203521334016D-03   0.1955261828821D-03   0.1549855527032D-03
   0.4998466362918D-03   0.4384563067382D-03  -0.3458830477810D-03
  -0.5907328569066D-04  -0.2365514854382D-03  -0.4184056333944D-03
   0.3103295279856D-02   0.3944571595858D-02   0.1132036570995D-02
  -0.2697240722008D-02  -0.2997571701624D-02   0.3456533393157D-02
   0.2972988513099D-02   0.5718277452028D-02  -0.5382728900521D-02
   0.7991853487083D-02  -0.9724211932705D-02  -0.8434406306140D-02
  -0.5863668063406D-03  -0.3627395374880D-02   0.8119460915662D-02
  -0.3633665252040D-03  -0.3396221129422D-02  -0.1272122804705D-02
   0.3621710534136D-03  -0.9119109686216D-02   0.4367092682184D-02
  -0.8256574328511D-02   0.7537429246853D-02  -0.3124081540862D-02
  -0.1199779315343D-02   0.6780702574571D-02  -0.2984694210297D-02
  -0.1672349253224D-02   0.3376543941317D-02  -0.4148571876800D-03
   0.4461357933311D-03  -0.3528745853815D-03  -0.2704002953444D-03
   0.2501348842686D-02  -0.2095383616134D-03   0.2621092983523D-03
   0.3192548802343D-03  -0.4608600769818D-04  -0.1479961339679D-03
  -0.2072474350565D-04  -0.1906171374018D-03  -0.2418100694264D-03
   0.7081242114874D-03   0.6320807221024D-03  -0.6671423016294D-03
   0.4463035931391D-03  -0.7143883693492D-03   0.5825796578389D-04
  -0.9650732982990D-03   0.9454722026660D-03   0.1974573770521D-04
   0.7254990878971D-02   0.8564034493466D-03  -0.8747197661715D-02
  -0.1428731499415D-02   0.1912860644583D-02   0.1251451871728D-01
  -0.6668818932195D-02   0.1307927148021D-02   0.3884177081754D-02
   0.5417301886217D-02  -0.9001573753142D-03  -0.1034598921685D-01
   0.5130772071836D-02  -0.2017509005951D-02   0.6476215539671D-02
  -0.1759694113640D-03  -0.3802972734825D-03   0.1120318756549D-01
  -0.4985567883256D-02  -0.5675923206075D-02  -0.8940486793442D-02
  -0.3623729837016D-03  -0.6569233522563D-02   0.1068568092914D-01
   0.2213370344849D-02  -0.1189126623316D-02   0.2676354826174D-02
   0.5350525193906D-03   0.1941628716045D-03  -0.1682713565958D-01
   0.8132519950150D-02   0.3997000823723D-02  -0.2308648374367D-02
  -0.3059241864745D-02   0.3697112561534D-02   0.2251128223401D-02
   0.3999245428155D-03  -0.3995394463828D-03  -0.4090951388106D-04
   0.7763188866418D-03  -0.3673308604020D-02   0.1215881335113D-02
  -0.2269073626257D-03  -0.3361995590300D-03  -0.2478599658661D-03
  -0.4687436158784D-04  -0.4070971812551D-03   0.5483548997806D-03
   0.7492241091653D-03  -0.1597739721120D-03  -0.5400116799925D-03
   0.3247080622552D-03  -0.5258422650844D-04  -0.3402488339173D-03
   0.1351310594503D-04  -0.9584664555685D-03   0.9587440235078D-03
  -0.1753291370597D-03  -0.2429272204945D-03  -0.1122910763412D-03
  -0.3289985345069D-02   0.5134424718224D-02   0.2544569309115D-02
   0.2524494294100D-02   0.1190037899932D-02   0.1180169679839D-01
  -0.1097164422202D-02  -0.7754631312297D-03   0.2103012340761D-02
   0.4340997918538D-02  -0.3653290278052D-02  -0.5379127309567D-02
  -0.1883475677344D-02   0.4704839040464D-02  -0.4840715518343D-02
  -0.4309296100359D-02   0.3343202669317D-02  -0.1171353880351D-01
  -0.2394203601184D-02  -0.3597833382833D-02   0.3936543263771D-02
   0.4447691300795D-02  -0.1122626424359D-02  -0.1838683365453D-02
   0.1126016445164D-03  -0.8628932871962D-04  -0.6147592114918D-04
  -0.1641806860592D-04   0.9719780426331D-04  -0.9366275276167D-04
  -0.2999589825991D-04   0.6384055809596D-05   0.1276985811685D-03
  -0.8635135238546D-04   0.1480234131009D-04  -0.1073631695384D-03
   0.3517147423011D-04   0.3860300246942D-04   0.1162885905854D-03
   0.3054631986500D-04  -0.1299075903101D-04  -0.1376638722171D-03
  -0.2764065417995D-04   0.4875594715080D-05  -0.1837261244655D-03
   0.2347820947648D-04   0.6531096628247D-06   0.1887964179471D-04
  -0.3100661186192D-05  -0.2411264399564D-04  -0.2009930314436D-04
  -0.3170167253062D-04   0.2806562848910D-04   0.3360021878039D-04
  -0.2483746005765D-04  -0.7705714718076D-05  -0.2954184344080D-04
  -0.6357676203949D-02   0.1025278673449D-02  -0.1487838981630D-02
  -0.3226646685518D-02   0.3245277867149D-02   0.4052253790645D-02
  -0.2270243991556D-03   0.3815032835154D-03  -0.8090701342450D-02
  -0.9638139899420D-04  -0.3975179040608D-02  -0.9294806045737D-02
   0.2697820723726D-03   0.3874208936308D-02   0.1257437881659D-01
   0.2953916724116D-02  -0.1847498444615D-02  -0.1123033443735D-01
  -0.1125978667423D-03  -0.1459992407765D-03   0.2338726247399D-04
   0.5901992292605D-05   0.2316755720744D-04   0.1446663667071D-04
   0.3554447216209D-04  -0.3313087489554D-04  -0.3014631932754D-04
  -0.2814230270314D-03  -0.1594680359266D-03  -0.4616925672756D-04
  -0.2750685899163D-04   0.1270556470742D-03   0.1982199128449D-03
   0.9745566210188D-03  -0.9569326406543D-03   0.2156488213058D-02
  -0.5324143187770D-03  -0.1912965560724D-02  -0.1634275237391D-02
   0.2264496552910D-02  -0.1885504544787D-03   0.3477952932937D-02
  -0.1957013561354D-02   0.4432623112746D-02   0.4427601270625D-02
  -0.4280864553813D-02   0.1462398740517D-02  -0.9552459506428D-03
   0.9019604960797D-03   0.2978874847038D-02  -0.5387539816027D-02
   0.2954770948757D-02  -0.4191706865354D-02   0.1447329995576D-01
   0.2576512222811D-02  -0.1856307095451D-02   0.3133690339394D-03
   0.6056590516896D-04  -0.9796254268659D-04   0.1246311881642D-03
  -0.7239813493198D-04   0.6793018058607D-04  -0.3700328853432D-04
  -0.8596704011962D-04   0.1093543970966D-03  -0.7736081037587D-04
  -0.1774931895054D-03   0.2032369716831D-04  -0.8372653858974D-04
   0.3271528383727D-03  -0.1389216281801D-04  -0.1392606480227D-03
   0.2453870244033D-04   0.9659818221448D-04   0.1771306050601D-03
   0.8206809778925D-04  -0.3788211901435D-05   0.5820452000737D-04
   0.6005294456839D-04   0.5239938495619D-04   0.1417795761768D-03
  -0.8683515227872D-04   0.4893154027109D-04  -0.8346926215696D-04
   0.1114625797250D-03  -0.9341660005729D-04   0.1572661067987D-03
  -0.4620757185989D-04  -0.4749141351558D-04   0.9644992076923D-05
   0.2804339507326D-02  -0.4190606689377D-03   0.4121465863020D-02
  -0.1782303150674D-02   0.3325083520486D-03  -0.1151134315453D-02
  -0.3088140834844D-02  -0.6098801807634D-03   0.2471567538942D-02
  -0.2456317978503D-03  -0.6020489211019D-04  -0.4108589889667D-03
  -0.4984028612917D-02  -0.9014467557976D-03   0.4131458419661D-02
   0.5161819426795D-02   0.1118773323714D-02  -0.1108031573239D-01
  -0.2095536998784D-02  -0.1389077851651D-02   0.9046902149574D-03
  -0.1366812050001D-02  -0.3528807724950D-02   0.5844369327455D-02
  -0.3064053166863D-04  -0.3419623891186D-04  -0.9609104213848D-04
   0.1039565716635D-03   0.3313154268301D-03   0.8772982980409D-04
   0.1278372541385D-03  -0.1117502554601D-04   0.8018866485040D-04
  -0.2273266080336D-04  -0.5736583030207D-04   0.2505368195347D-04
  -0.6494357027585D-04   0.2418619483117D-03  -0.8833067262647D-04
  -0.5546124405858D-04   0.1494729588305D-04   0.3039981239090D-04
  -0.1986892429228D-05   0.7259641180486D-08   0.1689703060718D-04
   0.1422245587805D-04   0.2049292281625D-04   0.2723406649867D-04
   0.3969721037666D-04  -0.1695683742932D-04  -0.7478529366388D-04
  -0.6716121246305D-05  -0.1541516589941D-04  -0.3740893860610D-04
   0.9684646750847D-04  -0.9550692182082D-04  -0.1433915052856D-03
  -0.3871729932938D-03   0.1121254668336D-02   0.3695646437588D-02
   0.1577357272174D-02   0.2271650336641D-02   0.4251014104488D-02
  -0.9283261811293D-03   0.9993028986798D-03   0.4396493874557D-02
  -0.3111054564243D-02  -0.3426310983860D-02   0.5821613942985D-02
  -0.4072078292494D-03   0.3472706527879D-02  -0.3281949756439D-02
  -0.4270513424619D-03   0.2292587967217D-02  -0.4613709557124D-02
   0.4022399551749D-02  -0.2866542859675D-02   0.4060650808785D-02
   0.3977809626120D-02  -0.2319820815471D-02   0.4844340380267D-02
  -0.2011554770949D-03  -0.1459517201773D-02  -0.3906284826132D-02
   0.4870540219363D-03  -0.1262728459468D-02  -0.6644594542800D-02
  -0.1502547887856D-02   0.6217001336474D-02  -0.4633038924517D-02
   0.3365363377306D-04  -0.1531954170473D-03   0.1246150774341D-03
  -0.3814653703728D-04   0.8792274557378D-04  -0.1480204402131D-03
   0.8654886913510D-05  -0.1383154439466D-03   0.1849752706425D-03
  -0.3819592275555D-04   0.1215851005059D-04  -0.7336334638182D-04
  -0.1559020410924D-03   0.8003171245436D-05  -0.6756348310546D-05
  -0.1146867475119D-03   0.1281111956693D-03  -0.1742961229020D-03
   0.1618333983254D-03  -0.4144819381577D-04   0.1174417459029D-03
   0.9080289334007D-04  -0.7127491617621D-04   0.8313775432428D-04
   0.3219725431139D-03   0.6766976976350D-04  -0.1982134561361D-03
  -0.2127761818483D-03   0.5838237973188D-04   0.1309714735081D-03
  -0.4405482908729D-03  -0.9554878454279D-04   0.3494060086594D-03
   0.6640177918516D-04   0.7274610764680D-04  -0.4090801985510D-04
  -0.1758591111966D-03   0.1390698757080D-05   0.3659492302922D-04
  -0.1538977116229D-02   0.3774657839586D-02   0.4239642042379D-02
   0.1868671098247D-02   0.1605842841611D-03   0.4596742917332D-02
   0.5939903122228D-02   0.5445962576117D-02  -0.6684963480365D-02
   0.4260489015844D-02   0.2696651370097D-02  -0.6079812419427D-02
  -0.2023744552726D-02  -0.2183904124607D-02   0.7247216764189D-02
  -0.2918290053351D-02   0.3886645027019D-02  -0.3418704779265D-02
  -0.7907656439185D-04  -0.7093031133118D-04  -0.8708112820204D-04
   0.1598834509425D-03   0.6572404010485D-05  -0.9860532605225D-04
  -0.3229370005228D-04   0.8057325012442D-04  -0.4891824192669D-04
  -0.2542013892283D-03   0.4487238598089D-04  -0.4944408292251D-04
   0.9667974055677D-04  -0.1089060861604D-03   0.1179442807572D-03
   0.5369262891815D-02   0.1260164072234D-02  -0.7772699128382D-02
  -0.4718387035120D-02  -0.1066788225446D-02   0.5197679606095D-02
  -0.4106214172684D-02   0.2017444831015D-02  -0.2498557031891D-02
  -0.3786793621537D-03  -0.1133180689779D-02   0.3761140812559D-02
  -0.5376064682495D-02  -0.1057497419608D-02  -0.2967948534858D-02
  -0.2062368694445D-02  -0.2505311460061D-02   0.3774546065069D-02
   0.4307543179126D-02  -0.5054677868148D-02  -0.2644914732754D-02
  -0.1884890117263D-02   0.1333138396189D-02   0.6043235113444D-03
   0.8411681910032D-02  -0.1583064068821D-02   0.1572724444761D-02
  -0.1179626245869D-01   0.8624572603265D-02  -0.1348490534517D-02
  -0.2130445900143D-02   0.4476847636409D-02  -0.3001729441751D-02
  -0.1731313480905D-02  -0.3173108684882D-02   0.2313002019940D-02
   0.4316377543887D-03   0.1510162126531D-03  -0.1709021361851D-03
   0.4010772080833D-03   0.2920110946416D-03  -0.8999173350225D-03
   0.2727257831952D-04   0.1258793450085D-02  -0.4685883296983D-03
   0.4731838205742D-03  -0.6894575165027D-04  -0.1863372860089D-03
  -0.3214398470460D-04  -0.1030153674603D-03   0.2683315163282D-03
  -0.1017359885355D-03   0.1313576530283D-03  -0.1633879468187D-04
   0.8459336860360D-03  -0.6172869816637D-03  -0.8661214295537D-03
   0.5068544311989D-04  -0.7178509632283D-03   0.3233643572433D-03
   0.5958919423553D-02  -0.1549712352855D-02  -0.4138525587865D-03
   0.3217379147169D-02  -0.4836457347906D-02   0.3984372522607D-02
  -0.7838710443181D-03  -0.1065554077909D-02   0.1632213560307D-03
   0.2829697814415D-03  -0.2179081490883D-02   0.1177107255195D-02
   0.7602571371830D-03   0.1467601837917D-02   0.2007888257601D-03
   0.7324349003382D-03   0.3750492378280D-02   0.1534278890211D-02
   0.5170316361389D-03   0.2612614722214D-02   0.2184344567172D-02
   0.1303239052027D-02  -0.9926248721852D-03   0.1475335981588D-02
  -0.1344088041431D-02   0.3688879206319D-03  -0.7692252512474D-02
  -0.2030329160287D-02  -0.4295524382291D-02  -0.2881680937503D-02
  -0.1875675629975D-02   0.1495634699136D-02   0.1911967939079D-02
  -0.1935637833549D-02   0.2157447237102D-02   0.1601824942948D-02
  -0.9104917639068D-04   0.1461917048207D-04  -0.8434527688384D-04
   0.1501859136792D-04  -0.8856397862753D-04  -0.9624538201886D-05
   0.5514196374496D-04   0.7072124728033D-04   0.5499887674614D-04
   0.2584193555568D-04  -0.5619516066854D-05   0.3159599788646D-04
  -0.1284178367515D-04  -0.6104178561883D-04   0.6215059454218D-05
  -0.2641598967936D-04  -0.5337076132433D-04   0.5828210371954D-04
   0.2010325104883D-04   0.2165696176402D-04  -0.3604468365426D-04
   0.2835417025009D-04  -0.4282754554881D-04  -0.5212111124719D-04
  -0.7242066092009D-04   0.6399096091176D-04   0.3481460789131D-04
  -0.1000007595432D-02  -0.6277066630432D-03   0.5306259674640D-02
   0.2708655318278D-02   0.1741946723984D-02  -0.1153371568935D-01
  -0.2380139382327D-01  -0.8814369382165D-01   0.1500934221802D-01
   0.5829522888697D-02   0.8947232397068D-02   0.1188476309353D-01
  -0.2575409237983D-03   0.5755461860630D-03  -0.4750284825061D-03
   0.8556094035755D-03   0.5874130721676D-03  -0.2676285767943D-02
  -0.1714349687462D-03  -0.2215144494497D-02  -0.4425138252883D-03
  -0.1381496205712D-03  -0.6279464946763D-03   0.7962070851571D-03
  -0.8299410385169D-03   0.2679606138300D-02  -0.1202970627835D-02
   0.4042607339188D-03   0.2124380389887D-03  -0.4747196584156D-03
   0.3918391439280D-03   0.8502255645023D-06  -0.1605467969206D-03
  -0.5088045776786D-04  -0.6836385878658D-05   0.3558328090365D-03
  -0.2989395554529D-03   0.3581350985170D-03   0.6734106394008D-03
  -0.2127448223826D-04  -0.2641909215628D-03  -0.6002335828730D-04
   0.1641212346141D-02   0.1527048969300D-02  -0.8333886905268D-03
  -0.6225612766289D-03   0.5636735159682D-03  -0.1412517656511D-02
   0.9479488615715D-01   0.1407954952639D-01  -0.9022149956066D-01
   0.7312483929961D-02  -0.1777964433785D-02   0.3967870163802D-02
  -0.5069477408687D-02  -0.1656133775804D-02   0.3824039319543D-02
   0.1240870044760D-03  -0.2293541185585D-02   0.5647678618289D-03
  -0.1245834549942D-02  -0.3102946329474D-02  -0.7054813885205D-02
   0.9521549437135D-03   0.8589539895184D-04  -0.1035133366156D-02
  -0.1596438721315D-02   0.1686049807470D-03   0.1696549915212D-02
   0.3891125408614D-03   0.2458215899828D-03  -0.1228463612864D-02
  -0.2212873755696D-02  -0.1592505298299D-02  -0.2443234977165D-03
   0.3806768363221D-02   0.2805389008340D-02   0.4427120927030D-03
   0.3132450636255D-02   0.2360933682655D-02   0.1348028084987D-02
   0.8155271469956D-02  -0.5720411238526D-02  -0.6769005143470D-02
   0.1067094375220D-02  -0.3514453733486D-03  -0.1633499136090D-02
   0.9760924968817D-03  -0.5019895104731D-03   0.2368151037503D-03
  -0.7866555160676D-05  -0.4928895111417D-04   0.8881208495108D-03
  -0.1433122226304D-05  -0.3182749556425D-03  -0.2787328461039D-03
   0.3077128236894D-03   0.1192998047695D-03   0.8307537817742D-04
   0.2726651097882D-03  -0.6497271133655D-03   0.2644360608753D-04
   0.6923748375980D-03  -0.5051264278415D-04  -0.3637191761959D-03
   0.3897475315916D-03  -0.4980639400760D-03  -0.5360723953087D-03
  -0.2443124583107D-02  -0.2155896699609D-02   0.1200018947279D-03
  -0.1939770893714D-02  -0.9824507969292D-03   0.1203504727343D-02
  -0.1163364949102D-02  -0.5979571987636D-03  -0.1133558221847D-02
  -0.1197219870493D-02  -0.6509806288277D-03   0.2456447147013D-03
  -0.1333343927735D-02  -0.4302141127232D-02  -0.4685930099102D-02
  -0.1883239026105D-02  -0.1358183747386D-02  -0.7315108668774D-02
   0.6429357273767D-01  -0.4751694802376D-01   0.1984049041368D-01
   0.6142821739600D-03   0.1043678001262D-01   0.2285853896218D-01
   0.5803235531880D-03   0.8416306119367D-03  -0.5174753296382D-02
   0.1892380888460D-02   0.6254688012777D-03  -0.8239600304854D-03
   0.3451157690684D-03  -0.4553949547565D-03   0.3846416218736D-03
   0.2255561183864D-03   0.3220845836533D-03  -0.4028994439429D-03
  -0.2767178840630D-03  -0.6150608122197D-03  -0.1536222200543D-03
  -0.1058190624912D-02  -0.1146355250236D-02  -0.1325714105532D-02
   0.2604426680318D-01  -0.1133275916157D+00  -0.4976087263670D-01
   0.1156397368417D-01   0.2948621651844D-02   0.1085140250906D-01
  -0.5914333134644D-02   0.4494119940338D-02   0.4953410623254D-03
   0.2030202243205D-03  -0.4526761748694D-02  -0.3845328011212D-02
   0.2811720799744D-02   0.3990995897278D-02   0.3790750453784D-03
  -0.1780814260319D-02   0.3004078437410D-02  -0.3573713883964D-03
   0.5071095809914D-02  -0.4601985909605D-02  -0.8946945326842D-02
   0.3176018074521D-03  -0.1566502094703D-02  -0.1363824940558D-02
  -0.6430561877926D-02  -0.7943107025925D-02  -0.1515277917112D-02
  -0.3138093455253D-02  -0.1216561693878D-01   0.6527820889809D-03
   0.7404333151356D-04  -0.1176500083786D-02  -0.1016098885375D-02
  -0.8205903541151D-03   0.4771784288136D-03   0.1106673320566D-02
  -0.3701190468337D-03   0.4514232682208D-03  -0.1037574755818D-03
   0.1267610060768D-02   0.6404554594197D-03   0.3734358186465D-03
   0.5045638627265D-03  -0.1870326215852D-04  -0.4611657318349D-03
  -0.2137204930664D-03   0.1549306101566D-02   0.1667235328415D-02
   0.1312864578786D-03   0.1987550520631D-02   0.3248677629983D-02
  -0.3138121997945D-02   0.2269303131891D-02   0.2358484916822D-02
   0.3059404990342D-02   0.3379147734196D-02  -0.1167187894260D-02
   0.3184921656619D-02   0.5482190680938D-02  -0.9417646138867D-02
  -0.3039621534866D-04  -0.3279167182655D-04  -0.2912985243699D-04
   0.5979404663363D-04  -0.8291854615201D-04  -0.8323430316525D-04
   0.5072197061592D-04   0.2748097050644D-04   0.5211358257197D-04
  -0.1255640881478D-04   0.1397932085175D-04   0.1697631782310D-03
   0.4437669040703D-04  -0.4137831333983D-04  -0.7274790327360D-04
  -0.6438952725677D-02   0.3529959654801D-02  -0.2465093333467D-02
  -0.2892862195229D-02  -0.5340194545228D-02   0.2715674438664D-02
   0.3022674486001D-03  -0.1880243072444D-03   0.1291514367165D-02
   0.7200493144321D-02  -0.3788915089851D-02  -0.4318714745481D-02
   0.1220160658835D-02  -0.5284593345760D-02   0.8911672610054D-02
  -0.3394009377238D-02   0.9229178903646D-03  -0.1826864152951D-02
  -0.3440572060309D-02  -0.2949486441095D-05  -0.1814326200271D-02
  -0.1357087874971D-02  -0.3813285967753D-03  -0.5453688926276D-02
   0.2049115614088D-02  -0.9273674658408D-03   0.1278758198299D-02
   0.3884945387777D-03  -0.9619219415821D-03   0.2021610597732D-02
   0.2773366713674D-02   0.3925773615207D-02   0.4642296757494D-03
  -0.7801411012748D-04   0.5283949442958D-04  -0.1587165693444D-04
   0.6704116907442D-04   0.6787165304915D-04  -0.1841012214071D-03
   0.7146227595094D-05  -0.6976310138719D-04   0.1092647495381D-03
   0.1446010219986D-03   0.1178707938037D-04  -0.7303112629993D-04
  -0.1007104774514D-03  -0.1967735836236D-04  -0.8762999329896D-04
   0.1815870299554D-04  -0.4073834846478D-04   0.1060789821451D-03
   0.1726642661027D-03   0.3346887439598D-04   0.5431256362439D-04
   0.2386751523554D-04   0.4484949723109D-04   0.7409927105951D-05
   0.2628601364565D-04  -0.1694008786451D-03  -0.4971922381139D-04
  -0.1842297418576D-02   0.6373568150758D-02   0.6482542083924D-02
   0.1641847117474D-02   0.8179974032053D-03   0.1171714328944D-03
  -0.2771621864130D-02  -0.4001278918693D-02   0.2044021637163D-01
   0.2498723834672D-02   0.4175989383344D-02  -0.1110949293574D-01
  -0.3973201534564D-02  -0.5378385192335D-02  -0.1312351154296D-01
  -0.2576596844644D-02  -0.3660972196288D-02  -0.6981306223962D-02
  -0.7357541808379D-03  -0.2654558811511D-02   0.9102781096356D-02
  -0.2376633731176D-02  -0.1352574461152D-02  -0.8333335149654D-02
   0.2603698654659D-02   0.3619010489433D-02  -0.1283283823536D-02
  -0.1797716161721D-02   0.3906305004199D-02   0.1957181737120D-02
   0.1067459437102D-02  -0.2193254078592D-02   0.1373698187888D-01
  -0.1057795419963D-01   0.5513513050602D-02  -0.5159609396602D-02
  -0.3147533697240D-03  -0.1986633373535D-03   0.1084602701749D-03
  -0.1582582188355D-04   0.1010423566003D-03  -0.3343666452868D-03
   0.1797376410858D-03   0.4547615146427D-04  -0.1285356175086D-03
  -0.1224341523061D-03   0.3633782153197D-03  -0.2196788441783D-03
   0.5851905639946D-04   0.3741732476672D-03  -0.9814503402912D-03
   0.2075753578470D-03   0.2148673370478D-03  -0.1590218716191D-03
  -0.5462869972953D-05  -0.1630182867273D-02  -0.3334074227277D-03
   0.8235173430571D-04  -0.4632103029420D-03   0.1672088222446D-03
   0.8275560954257D-02  -0.6925554538896D-02   0.8783851844283D-03
  -0.4890048291151D-03  -0.8731137357165D-04   0.1027508233096D-01
  -0.1047500515203D-01   0.1419770877875D-02  -0.2164465262136D-01
   0.5241369486677D-01   0.6559089310701D-01  -0.5290447973609D-01
  -0.1309563591637D-01  -0.6947955836134D-02   0.2323575171798D-01
   0.9887935949319D-03   0.2246298488310D-02  -0.3986501629084D-02
   0.2971568457090D-02  -0.4865217565986D-02   0.1352647982207D-01
   0.3486873965457D-02  -0.2265036621503D-03   0.3950158242853D-02
  -0.2231082959743D-02  -0.2238026643652D-02  -0.4276135800345D-02
   0.2826279221557D-03   0.9042968062723D-03  -0.1733972255782D-03
  -0.5597272968184D-03   0.5699418583236D-03   0.4075362882932D-03
  -0.1611470956801D-03  -0.2303619627800D-03  -0.2003698179036D-03
   0.4494125724802D-03   0.4053987702831D-03   0.6347467062937D-04
   0.3287412895881D-03   0.1525487032605D-03  -0.6067499631066D-03
  -0.4025998427690D-03   0.2032926835126D-04  -0.4502088738008D-03
   0.2145455352238D-04  -0.1078779963095D-02  -0.3270250289828D-03
   0.2197628756391D-03   0.7944710743479D-04   0.2772570193207D-04
   0.6215221333469D-03   0.1011516786248D-02   0.1842307509694D-03
   0.9819528761798D-04  -0.1136583411912D-03   0.1336125781371D-03
   0.8816642768519D-03   0.1529178887257D-03   0.1904265192681D-03
   0.8377682204365D-01   0.6628327726713D-01  -0.6054789646700D-01
   0.7052312054332D-02  -0.3421242220598D-02  -0.6682740174554D-02
  -0.6140030468962D-01   0.5695817940175D-01   0.5295854340759D-01
  -0.5562512329585D-03  -0.1108157727740D-01  -0.6612938026544D-02
  -0.5541667770629D-03   0.3163866551506D-02   0.3837634417007D-02
   0.1722968225539D-02  -0.1344267933291D-02   0.5309780611869D-02
   0.2312079614184D-02  -0.7377235046412D-03   0.2078078372254D-02
   0.6926177805882D-02   0.5039084614566D-02  -0.4802028838252D-02
   0.7099257235552D-02   0.1266554674586D-01  -0.4118064013772D-02
   0.3096459348486D-03   0.1431736085765D-02  -0.2452982874883D-03
  -0.7878360476411D-04  -0.2109736138423D-03  -0.4512516149879D-03
  -0.1730097004188D-02   0.1780905658271D-02  -0.2914322212216D-03
  -0.8512026439862D-03   0.4119773994160D-04  -0.1426740195846D-02
  -0.1248783575873D-03  -0.2179560984325D-03  -0.5979852757755D-03
   0.4329584366271D-04  -0.7639586776299D-03  -0.4897968576496D-03
  -0.1131775031236D-02  -0.1390126800992D-02  -0.8394813798852D-03
  -0.1022960632998D-03  -0.1527804985195D-05  -0.7201032356123D-03
  -0.1140146717641D+00  -0.1766257183949D-01  -0.5285708431693D-01
  -0.4984855991828D-02  -0.1051202619642D-01  -0.4399262580168D-03
  -0.4087408774604D-03  -0.5335369763320D-02   0.1159561659529D-01
   0.1246832399332D-02  -0.1759425704857D-02   0.3175527670569D-02
   0.3179332819408D-02   0.1042889903957D-01  -0.5564989374590D-02
   0.2911517230224D-02   0.2990638089063D-02   0.1069945046086D-02
   0.3465237727481D-02   0.5523278819275D-02  -0.3129744917133D-03
   0.2457174998988D-02  -0.5805298890908D-02   0.6561281560122D-02
  -0.1940685742179D-02   0.4465149079800D-02  -0.1934747364589D-02
  -0.7038657354336D-03  -0.1494662804726D-02   0.8963825898988D-02
  -0.1811047663515D-02   0.3066110105740D-02   0.9088827995791D-03
   0.5093695813383D-02   0.9286441001198D-03  -0.3181632361168D-02
  -0.1742492641594D-01   0.1127464367250D-01  -0.7473932781063D-02
   0.4800050396715D-03  -0.1293572859881D-02  -0.2216399897739D-02
   0.3343325677363D-03   0.1055495146078D-02   0.9722245763787D-03
   0.6232521829967D-03   0.8495221509010D-03   0.2109403563790D-03
   0.4501776625200D-03   0.1600067528961D-02   0.2260499943739D-02
  -0.2041401226047D-03   0.1077144719254D-03   0.2063988941524D-03
  -0.2209734678693D-02  -0.6674127251306D-03   0.1733454377862D-02
  -0.3735501280193D-03   0.7245560952597D-04   0.2566563137753D-03
  -0.3746294554750D-02  -0.2170074023224D-02  -0.4408347200962D-03
  -0.4946837460387D-02   0.3267385513228D-02  -0.1081254526086D-01
  -0.7494993213038D-03  -0.3715121972551D-02   0.3190967504530D-02
   0.1616135388458D-01  -0.7330912706614D-02  -0.9993887671582D-03
  -0.3938064552991D-04   0.4127214029602D-02  -0.1217716149433D-02
  -0.1986585565632D-02  -0.7246094977357D-02  -0.6161759027200D-03
  -0.3453477472663D-03  -0.2434870042226D-04   0.5965103507029D-03
   0.1050910446573D-02  -0.1270711840149D-02   0.1549827673884D-02
  -0.1019789612580D-04   0.9173029361245D-03   0.4491418990832D-03
   0.2460596264733D-03   0.1502239609242D-02   0.2436837096648D-02
   0.6606653195676D-03   0.1070376878433D-02  -0.8382553222015D-04
  -0.1556091593137D-01   0.3298641178665D-02   0.2468463201704D-02
  -0.2889634251998D-02  -0.1685670250658D-02  -0.1222841698645D-01
   0.4196586390564D-01   0.8479094237170D-01   0.3367315748167D-02
  -0.9097967025162D-03  -0.1205576670701D-01   0.7908575846792D-02
  -0.3865175922053D-02   0.4301205086318D-02  -0.3842810100181D-02
  -0.5154393687503D-02  -0.7060394720322D-03   0.1363274729737D-01
   0.1299747873537D-01  -0.1867103030846D-03  -0.1107741425280D-01
   0.8391418684290D-03  -0.2156687284772D-03   0.1281085621519D-02
  -0.4335485552624D-03   0.7527151103838D-04   0.5427519424305D-03
   0.9320642575849D-03   0.7888017446374D-03  -0.6449695419269D-03
  -0.1927389194178D-02   0.2908385816046D-02  -0.9188841695294D-02
   0.1125384835049D+00   0.1714994958195D-01  -0.2680572152412D-01
   0.2772398902023D-03  -0.2624816974233D-02   0.1014278166910D-03
  -0.6271754312522D-03  -0.3271447138012D-02   0.6057674468937D-02
   0.1049934339669D-01   0.8556334329227D-02   0.9195867804413D-02
  -0.1903737002239D-02   0.1390689447747D-02  -0.9116209726833D-02
   0.5000838321419D-03  -0.3078423317617D-02  -0.4109845065656D-02
  -0.8498201860342D-02  -0.4185501902024D-02  -0.4348933627002D-02
  -0.3408717258467D-02   0.1394494574723D-02  -0.8094697805596D-02
   0.1168924572502D-01   0.4375578580338D-02  -0.9328931848308D-02
   0.1551593923109D-02   0.5267216752575D-03  -0.1997824335414D-02
  -0.1646472855511D-02  -0.1295043324371D-02  -0.6612009157324D-03
  -0.2397661764018D-03  -0.1174365576481D-02   0.3414910496562D-03
   0.3305439798038D-03  -0.2722781224639D-04   0.6950248250632D-03
   0.4452362157126D-03  -0.5105096583649D-02  -0.8367088498383D-02
   0.7490915600505D-03  -0.3580850732611D-02   0.2056815026059D-03
   0.1468715778488D-04  -0.4630836815276D-02  -0.3163231027525D-02
   0.2722076268748D-03  -0.1586018381243D-03   0.1014853746765D-03
   0.6628012820295D-04   0.6629715500818D-05   0.1968099712973D-03
  -0.2582886539582D-03  -0.5027016541245D-04  -0.1269740342179D-03
   0.2115965926776D-02  -0.1844109660197D-02  -0.6049552335010D-03
   0.2258605849781D-02  -0.6890135072748D-02  -0.1018497477685D-01
  -0.3652452152073D-01  -0.4729694401990D-01   0.6260249332264D-01
  -0.3732692063086D-02   0.1532800749913D-01   0.1355362918178D-02
  -0.1626053822101D-03   0.3395953596040D-03  -0.6987084180150D-03
   0.2241088865143D-02   0.1891637885958D-03  -0.1170582518472D-02
   0.1889805137217D-02   0.1796901374389D-03  -0.1003676731987D-02
   0.1583858193993D-01   0.1043278723372D+00   0.6195528836138D-01
  -0.6309052559296D-02   0.2985615342402D-02   0.5668260805547D-02
   0.8232315794470D-01  -0.2011542817536D-01  -0.5704049884898D-01
  -0.9011321946791D-02  -0.8357688890231D-02   0.9422067383867D-02
   0.2793451600778D-02   0.7749778137683D-03  -0.3109294735187D-02
  -0.1237401255075D-02  -0.3690443359623D-04  -0.2977382584174D-02
  -0.2523278299867D-02   0.1809110089130D-02  -0.5017835920735D-02
   0.1206391561684D-02   0.7071556635765D-02   0.5292611426502D-02
   0.7756270629352D-02   0.1249232649077D-01   0.4363224396581D-02
   0.1151494491530D-02   0.1700047602182D-02   0.3490595715285D-03
  -0.5105357823191D-03   0.1615067332392D-03   0.5127129750123D-03
   0.4881110127330D-03   0.1910253162676D-02  -0.7266063788727D-03
   0.1102791679762D-02   0.2095176084316D-03   0.1062070678643D-02
  -0.3369937919353D-04  -0.5566139740909D-03   0.6100580035514D-03
   0.5382923417471D-04   0.1520055168159D-02  -0.2552934011587D-03
   0.1183779231058D-03  -0.5450939413177D-03  -0.1495309675707D-03
  -0.5026846194341D-04  -0.3034183338057D-03  -0.4397983297112D-03
   0.1273464452127D+00  -0.1340406737363D-01  -0.5385155824182D-01
  -0.5975067987632D-01  -0.1872190236366D-01  -0.4149376784906D-01
  -0.3048555043105D-01   0.1153681250722D+00  -0.7106549806184D-01
   0.5915609282284D-02  -0.1651384934053D-01   0.7691024915572D-01
  -0.1512478953974D-01   0.5185467343698D-01  -0.1311273935418D+00
   0.3119881526668D-01   0.6077870210360D-01   0.3902916136644D-01
  -0.1116078242651D+00   0.8115134477870D-01   0.1499695371098D-01
   0.6487140379435D-01   0.2256598346647D-01   0.3282754391723D-01
   0.1212072206665D+00   0.5828987829877D-01   0.3657330034853D-01
  -0.1306227263078D-01   0.5606947271809D-01  -0.4942005761035D-01
   0.6743318946069D-01  -0.4154765612412D-01   0.1165726518636D+00
   0.1594271596516D-01   0.7304692216468D-01  -0.6358170078431D-02
  -0.1043787935445D+00   0.7143055391106D-03   0.8801942998086D-01
  -0.6164413991584D-01   0.4752751945559D-01  -0.1587314014293D-01
  -0.3859196503605D-01   0.1279019037417D+00   0.4127934260971D-01
  -0.2791954547292D-01  -0.5959006017822D-01   0.3337337078811D-01
  -0.8351784441130D-01  -0.8726044202704D-01   0.6832610593812D-01
   0.3891194101966D-01  -0.4333033121490D-01  -0.4513737003325D-01
   0.1301066821371D+00  -0.5256935225299D-02   0.5069343177991D-01
  -0.3564883481024D-01  -0.6659403085069D-01  -0.4172561852073D-03
  -0.1228890192552D+00  -0.1121483727606D-01   0.6290634331385D-01
   0.3284095268692D-01   0.4623364893988D-01  -0.5448786942766D-01
  -0.3384546780244D-01  -0.1149850455500D+00  -0.6910766416194D-01
  -0.5752983298440D-01   0.1193020180159D-01   0.4604873758963D-01
$end                                                                            
