           2           1   1.00846560091737     
           3           2  0.975334071878076     
           4           3   1.89527037063765     
           5           2  0.968751226993654     
           6           5  0.948901546951485     
           7           1  0.954397589859727     
           8           2  0.957632262640781     
           9           5  0.969625791096179     
          10           5  0.968540752768037     
          12          11   1.03257221751178     
          13          12  0.976653606235380     
          14          13   1.89401569627832     
          15          12  0.963961020753417     
          16           6   1.23883371022204     
          16          15  0.966037512689451     
          17          11  0.942677591763544     
          18          12  0.935357393007310     
          19          15  0.958619059034310     
          20          15  0.958614089756018     
          22          21   1.02253969895182     
          23          22  0.949377369428235     
          24          23   1.62030604734939     
          25          22  0.961968988507519     
          26          25   1.00827387904846     
          27          26  0.965073251878483     
          28          27   1.65282086336500     
          29          27   1.29282681121310     
          30          21  0.946376348699907     
          31          22  0.958578619000875     
          32          25  0.969407730751768     
          33          25  0.976128536528644     
          34          26  0.958685149344656     
          35          26  0.950732966085698     
          36          29  0.927894880983578     
          37          29  0.923992647573870     
          38          23   1.28400320686349     
          39          38  0.983329892581656     
          40          39  0.925988228688745     
          41          40   1.65185264740663     
          42          39  0.975230308315693     
          43          42  0.959044824909346     
          44          43   1.63773610018974     
          45          43   1.33035134905764     
          46          38  0.920726802406987     
          47          39  0.946463220778731     
          48          42  0.970667289994227     
          49          42  0.954548676027875     
          50          45  0.913929364444526     
          51          45  0.926260829428718     
          52          40   1.29001833770123     
          53          52   1.00315167357953     
          54          53  0.964736585142251     
          55          54   1.60889820581018     
          56          52  0.899827747403400     
          57          53  0.947349214710527     
          58          53  0.945491757340279     
          59          54   1.31497876220797     
          60          59  0.971649428060236     
          61          60  0.929397459669364     
          62          61   1.57480228856051     
          63          60  0.978838553591952     
          64          63  0.992807280785388     
          65          64   1.00861311752245     
          66          64   1.00791626381883     
          67          59  0.891699008971597     
          68          60  0.951644191630739     
          69          63  0.971970903036299     
          70          63  0.968533639620484     
          71          64  0.964638406845491     
          72          65  0.978154419388166     
          73          65  0.983614133654871     
          74          65  0.985026678563250     
          75          66  0.983502860357216     
          76          66  0.985726351325682     
          77          66  0.984107168134570     
          78          61   1.35102840778082     
          79          78  0.985019696852449     
          80          79  0.979858194059068     
          81          80   1.88356848828595     
          82          79  0.928654737053361     
          83          82   1.00882430515911     
          84          83   1.40712421770483     
          85          83   1.39797998251343     
          86          84   1.45172075237557     
          87          85   1.46314121692734     
          88          86   1.36607422164109     
          88          87   1.35446561331922     
          89          88   1.08459563718587     
          90          78  0.877938456841141     
          91          79  0.944195590588741     
          92          82  0.966561200671516     
          93          82  0.964275202048696     
          94          84  0.965331282611825     
          95          85  0.966550923320426     
          96          86  0.966062703407619     
          97          87  0.965270043906084     
          98          89  0.821572107937351     
         100          99   1.02032006983469     
         101         100  0.937045854288336     
         102         101   1.63699771708546     
         103         100  0.954552713631104     
         104         103  0.989188344415685     
         105         103   1.00009859232219     
         106          99  0.957601346179952     
         107         100  0.962303368576586     
         108         103  0.960502928455589     
         109         104  0.877870383434942     
         110         105  0.980157651929418     
         111         105  0.980486717198946     
         112         105  0.983326148441212     
         113         101   1.29862112537878     
         114         113  0.993332631118380     
         115         114  0.942661891487247     
         116         115   1.61269849848368     
         117         114  0.940223249490515     
         118         117   1.00898882562154     
         119         118   1.40445636549054     
         120         118   1.40669267431466     
         121         119   1.45931433253569     
         122         120   1.45277808659029     
         123         121   1.36220087144669     
         123         122   1.37134742736846     
         124         123   1.07744109563415     
         125         113  0.889857035801925     
         126         114  0.955307541473607     
         127         117  0.968697249479264     
         128         117  0.968441785038365     
         129         119  0.968668014756492     
         130         120  0.968438643735632     
         131         121  0.968468268366447     
         132         122  0.965314894853072     
         133         124  0.855113016785206     
         134         115   1.29949318392490     
         135         134  0.970805729533754     
         136         135  0.925445002888797     
         137         136   1.63242167613349     
         138         135  0.982575854359050     
         139         138   1.00355554182620     
         140         139  0.934714636627484     
         141         140   1.58661616396034     
         142         140   1.38879718080495     
         143         134  0.922228918669373     
         144         135  0.952975820672337     
         145         138  0.969551604392984     
         146         138  0.973209246732792     
         147         139  0.978271539634599     
         148         139  0.963628231618271     
         149         136   1.31212198310743     
         150         149  0.986379930244496     
         151         150  0.943649394023728     
         152         151   1.61244506823635     
         153         150  0.961610766580960     
         154         153  0.992028225803148     
         155         154   1.00697117925971     
         156         154   1.00892167220729     
         157         149  0.903316577795209     
         158         150  0.947389817108962     
         159         153  0.973511027166202     
         160         153  0.970339825147322     
         161         154  0.967638702348440     
         162         155  0.984732619528086     
         163         155  0.985724333062494     
         164         155  0.985763962934022     
         165         156  0.983171770067476     
         166         156  0.985055188391808     
         167         156  0.981709316853036     
         168         151   1.31119959311319     
         169         168  0.988987788445899     
         170         169  0.987873881225671     
         171         170   1.89245251123249     
         172         169  0.934005132532227     
         173         172   1.01823851275264     
         174         173   1.19176373489018     
         175         173   1.55263242821666     
         176         174   1.26603214409789     
         177         175   1.28858045497545     
         177         176   1.55190863231422     
         178         168  0.919302227451790     
         179         169  0.923880988653467     
         180         172  0.969571271926118     
         181         172  0.954691883079450     
         182         174  0.934667820369435     
         183         175  0.970728201924842     
         184         176  0.963897638304543     
         186         185   1.01906615504527     
         187         186  0.949197514163554     
         188         187   1.62169146924761     
         189         186  0.948607166540072     
         190         189  0.996841451241857     
         191         189   1.01294086179173     
         192         190   1.01822757307182     
         193         185  0.953837005715011     
         194         186  0.956479929152822     
         195         189  0.964712318230101     
         196         190  0.975810390589507     
         197         190  0.976003108649972     
         198         191  0.981024207741338     
         199         191  0.980470609056393     
         200         191  0.984770193843291     
         201         192  0.987023862215575     
         202         192  0.986595400555466     
         203         192  0.984806268783746     
         204         187   1.29617697593372     
         205         204  0.977593412504479     
         206         205  0.928321700931213     
         207         206   1.62374964083164     
         208         205  0.984521516789858     
         209         208  0.995716429329759     
         210         209   1.00717516938658     
         211         209   1.00866555237490     
         212         204  0.900192921563000     
         213         205  0.955814928768031     
         214         208  0.965959899027385     
         215         208  0.971240639375824     
         216         209  0.966779371069425     
         217         210  0.986293425822548     
         218         210  0.981817110555125     
         219         210  0.986169593776437     
         220         211  0.984219747644624     
         221         211  0.985874785680703     
         222         211  0.979004587486691     
         223         206   1.31349910182489     
         224         223  0.982780978350596     
         225         224  0.932514853600653     
         226         225   1.64671704647402     
         227         224  0.973526826774171     
         228         227  0.990487326319930     
         229         228   1.00609155674183     
         230         228   1.01081124099687     
         231         223  0.875919250861217     
         232         224  0.950969735060600     
         233         227  0.969530924287394     
         234         227  0.970382360192727     
         235         228  0.968373837602998     
         236         229  0.983778894760453     
         237         229  0.984022786311655     
         238         229  0.984551823063890     
         239         230  0.984688134536667     
         240         230  0.985551064706647     
         241         230  0.983977573156063     
         242         225   1.28550186280544     
         243         242  0.987454565060220     
         244         243  0.948454034368372     
         245         244   1.60258557972733     
         246         243  0.975440521642676     
         247         242  0.912973293564503     
         248         243  0.948777781240560     
         249         246  0.976598919097778     
         250         246  0.975714625396341     
         251         246  0.982630645094612     
         252         244   1.30195023722440     
         253         252  0.986998347924815     
         254         253  0.846249605739107     
         255         254   1.51810893362253     
         256         253  0.964372323765760     
         257         256  0.968926716394257     
         258         257   1.65711425076176     
         259         257   1.28487682622934     
         260         254   1.52925720273257     
         261         252  0.918486035426332     
         262         253  0.959474279859746     
         263         256  0.970635288055513     
         264         256  0.965481950835016     
         265         259  0.929394289157550     
         266         259  0.930954165185115     
         268         267   1.02871726882142     
         269         268  0.994533990978683     
         270         269   1.87328733277225     
         271         268  0.944006958816243     
         272         271   1.01584571126069     
         273         272  0.986284091328509     
         274         273   1.00939311976774     
         275         267  0.951309744590415     
         276         268  0.932718071056049     
         277         271  0.974196882003547     
         278         271  0.963399765002339     
         279         272  0.963994363941678     
         280         272  0.974786718170210     
         281         274  0.982054229914261     
         282         274  0.984797531443824     
         283         274  0.984378016099225     
         285         284   1.01050536990222     
         286         285  0.991771188660451     
         287         286   1.88720903957028     
         288         285  0.949474757325229     
         289         288   1.00735465180032     
         290         289   1.00327846370722     
         291         290   1.00930808785252     
         292         291  0.970401986180317     
         293         284  0.952795788653930     
         294         285  0.957944392773507     
         295         288  0.970548718764503     
         296         288  0.974927507485516     
         297         289  0.974288080568930     
         298         289  0.976779651918837     
         299         290  0.974345654070854     
         300         290  0.971286380003187     
         301         291  0.967823211847081     
         302         291  0.967072849158342     
         303         292  0.916428614580364     
         304         292  0.678105210996315     
         305         292  0.916901869317952     
         307         306   1.00669790720190     
         308         307  0.982309917093870     
         309         308   1.88851677978404     
         310         307  0.956430003973466     
         311         310  0.995080457461237     
         312         311   1.00959419981541     
         313         311   1.00732463052938     
         314         306  0.932261941416408     
         315         307  0.961690700138062     
         316         310  0.969035395165057     
         317         310  0.967192401318338     
         318         311  0.969229031884271     
         319         312  0.984063070832993     
         320         312  0.983896855281828     
         321         312  0.985715555593791     
         322         313  0.981782440271704     
         323         313  0.985495109122151     
         324         313  0.984522705905558     
         326         325   1.03168747049333     
         327         326  0.994653753044707     
         328         327   1.88276600141194     
         329         326  0.928501675093092     
         330         329   1.01445425422910     
         331         330   1.39325894112212     
         332         330   1.41461103038376     
         333         331   1.46850437990070     
         334         332   1.44059156264283     
         335         333   1.35707949111502     
         335         334   1.37881007296732     
         336         335   1.06873037863873     
         337         325  0.948443559874361     
         338         326  0.938359438043231     
         339         329  0.972676494161689     
         340         329  0.962930273422294     
         341         331  0.968595160371220     
         342         332  0.966401379941025     
         343         333  0.962675258690471     
         344         334  0.965433049131166     
         345         336  0.872160922560504     
         347         346   1.02867905440112     
         348         347  0.995918744869436     
         349         348   1.87105552046848     
         350         347  0.924575854595288     
         351         350   1.01794260572124     
         352         351   1.39514557295464     
         353         351   1.41110160372532     
         354         352   1.46301740319028     
         355         353   1.44577796907317     
         356         354   1.36058926429615     
         356         355   1.37426894040584     
         357         356   1.06738023872841     
         358         346  0.950738096948488     
         359         347  0.941296340784197     
         360         350  0.969550452558680     
         361         350  0.964615111992118     
         362         352  0.966839328817069     
         363         353  0.965474578629769     
         364         354  0.968439329181690     
         365         355  0.965443819772871     
         366         357  0.858795130776002     
         368         367   1.01925652264572     
         369         368  0.990209107891553     
         370         369   1.87456654958168     
         371         368  0.929559611030162     
         372         371  0.996231433211119     
         373         371   1.01221083008548     
         374         372   1.01854409677848     
         375         367  0.933561285210647     
         376         368  0.954885771958346     
         377         371  0.962186521788250     
         378         372  0.974080435156290     
         379         372  0.974972485702000     
         380         373  0.978284947566211     
         381         373  0.974613139971904     
         382         373  0.981530382866810     
         383         374  0.985546055096133     
         384         374  0.983485649702185     
         385         374  0.984245034818124     
         386         346  0.946855401951697     
         387         348  0.955719910034121     
         388         367  0.952983517404916     
         389         369  0.956571545228502     
         390           1  0.945854019447064     
         391           3  0.952950642799420     
         392          11  0.952169278292384     
         393          13  0.951590880817738     
         394          21  0.945811262553091     
         395          80  0.951204869811430     
         396          99  0.950170672485100     
         397         170  0.951657088148329     
         398         185  0.949911841312227     
         399         267  0.948171619619823     
         400         269  0.955315640474723     
         401         284  0.952996773046773     
         402         286  0.955354035494239     
         403         306  0.950831154444624     
         404         308  0.956251373002299     
         405         325  0.951708774023078     
         406         327  0.956298729547794     
