$grad                                                                           
  cycle =      1    SCF energy =  -582.55081453709   |dE/dxyz| =  0.610507
   14.52195173371585    181.74762339201803     -6.32707244203955      n 
   11.82107024137810    182.06184587429172     -7.01164552819220      c 
   10.59710353521238    183.20178150077729     -4.60538682123264      c 
   11.67708280340693    182.87912027871340     -2.56734200086376      o 
   10.64818304323961    179.47805091284536     -7.69760177563186      c 
    8.02342621071813    179.80703940018134     -7.91205172554089      o 
   15.33389191308032    180.15139126273112     -7.08313262138286      h 
   15.57072289274108    183.29221666138869     -6.88589957134590      h 
   14.50940749041257    181.69623229992914     -4.32017431210102      h 
   11.53373116977854    183.34540871843211     -8.59759694020110      h 
   11.49276258016076    178.81155350231793     -9.46617035546841      h 
   11.07184640719444    178.10143994396134     -6.19061842377732      h 
    7.38545216946775    178.61489043614614     -9.15941507917404      h 
    8.48006458006151    184.46660173719482     -4.95090482232740      n 
    7.06656338974203    185.48940484177271     -2.84122727665962      c 
    5.51592228830846    183.44476426727030     -1.30736055268135      c 
    4.71769831908499    184.02291613343326      0.78071663944894      o 
    5.43418239041489    187.77406578582006     -3.69709379613175      c 
    3.74606781175744    187.33265793526351     -6.03261225661889      c 
    4.87730613008579    187.67351072096335     -8.75851138463509      c 
    3.62527381486499    189.01013836195457    -10.23200524489658      o 
    6.87465329802721    186.49335398047904     -9.29893400823762      o 
    7.84560241288524    184.96792911396079     -6.75799221020949      h 
    8.41670502054454    186.20969264854656     -1.43981653463340      h 
    4.20728234807369    188.27443894433409     -2.11420516520305      h 
    6.67486455804998    189.37741448054666     -4.06990172083358      h 
    3.01275958721280    185.39708362241416     -5.98381904751538      h 
    2.13066154070944    188.61075206689722     -5.96335350143353      h 
    5.35288819156742    181.10313937601930     -2.38864231845488      n 
    3.59563892654798    178.99530458905207     -1.78940044097889      c 
    4.83594801276986    176.69785535927983     -0.46019560912349      c 
    4.19576015227865    175.80302776993858      1.57589228229497      o 
    2.37360068136715    177.96805127548376     -4.24493269381984      c 
    6.09259017706090    180.97197489136252     -4.15777810652710      h 
    2.14196142649818    179.72367534954168     -0.50979267911097      h 
    1.27730683193000    176.28509324002323     -3.80558472089296      h 
    1.10111958835873    179.36566075193784     -5.04702171177953      h 
    3.78605969425066    177.49494450309527     -5.65624006481307      h 
    6.70228359378103    175.65604736000938     -1.78537833579621      n 
    8.02485952854437    173.48828403813118     -0.79504867518306      c 
    8.98489058713521    174.22444165571289      1.85736320245507      c 
    8.87662421472911    172.69426813068273      3.58054142594865      o 
    9.94697250804012    172.62739723982094     -2.78677715724217      c 
    8.95707624662481    170.72795031441828     -4.81692150906107      c 
    6.31587149171905    171.30024192233807     -5.83560831752294      c 
   10.84028938979729    170.66266187949952     -7.03212014401375      c 
    7.08149171640520    176.21642789355690     -3.56877934494011      h 
    6.70710667045670    171.93222454249076     -0.40439990902103      h 
   10.67856204327450    174.30293502596845     -3.74345595670532      h 
   11.53428871943590    171.72151640321809     -1.82777147869128      h 
    8.91637338686851    168.85995951753483     -3.93080660136454      h 
    5.75338737420425    169.79831219448093     -7.11587568558785      h 
    4.92430783968306    171.40351379876000     -4.33244073072981      h 
    6.30654319783129    173.05881236487750     -6.90409738865196      h 
   10.38546619085635    169.15092105507333     -8.34139360523542      h 
   10.79841357733324    172.43662969191081     -8.07264800664337      h 
   12.75531484629555    170.36154596344522     -6.34688430961678      h 
    9.79000320686494    176.59770172871754      2.18011902608967      n 
    9.88899404747665    178.02273163948882      4.56718815184916      c 
    9.22859634595788    176.37030400928418      6.91302380869503      c 
   10.76128467878608    175.79218580651030      8.54753686127783      o 
    8.06309540134056    180.30777535678686      4.25113016666665      c 
    8.71235726928251    182.73070852591059      5.69621960663994      c 
   10.42260910984724    184.37615996537721      4.04853467210590      c 
   11.01636291854265    186.87725353239858      5.32475401796366      c 
   12.98036970485088    188.27076243790219      3.85574095455273      n 
    9.90550798252366    177.73680718404265      0.64752412773746      h 
   11.83531921477503    178.67973212737829      4.83658691475140      h 
    8.04608702119966    180.78707252972285      2.24632336525572      h 
    6.14679184948348    179.72765426106935      4.70600752364151      h 
    6.97110466972825    183.74612629046078      6.10433776065888      h 
    9.63031718974470    182.27674543138912      7.48367789991581      h 
   12.16670114925195    183.33797887687010      3.68630429395247      h 
    9.47264280025941    184.69855373055904      2.25247496254847      h 
    9.31918130646808    188.03107068432988      5.47829056807921      h 
   11.74615657048453    186.52074338360649      7.22063543471237      h 
   13.43868320059709    189.94275940428733      4.74531387724408      h 
   14.58700333929693    187.17367784303505      3.71818595190579      h 
   12.34602153217997    188.66823518512496      2.06072217577906      h 
    6.74902820200551    175.83205584306478      6.99589362040992      n 
    5.39592827382643    174.56967191201682      8.98869899417069      c 
    4.59828380437209    171.86864036825770      8.44822565637080      c 
    4.20973214381888    170.53626555872793     10.31741612555309      o 
    2.88666960500155    175.96388695500636      9.60898251825863      c 
    0.82260630341523    175.39432416408070      7.59461360112111      c 
    3.45649304582740    178.80272915279846      9.87856136731953      c 
   -0.90923728241837    173.09684379748290      8.04189062092351      c 
    5.73253605171923    176.12415369246972      5.40103200617502      h 
    6.60348268782374    174.57660440076356     10.66502271375002      h 
    2.25607043072864    175.23666212111988     11.42905876756685      h 
   -0.41014633055094    177.04613225405794      7.48714329334560      h 
    1.70448769227158    175.19864737668433      5.74083465510215      h 
    1.88219670134730    179.74000558810860     10.80634282470868      h 
    5.13926185887126    179.07671566688259     11.01350970542460      h 
    3.72997065236703    179.67883258626799      8.04467075947292      h 
   -1.87127507482086    172.61246069719627      6.29409150971453      h 
    0.09714657504368    171.44188712379668      8.70376815473893      h 
   -2.33710491471232    173.53863612525603      9.45643878839389      h 
    4.14572877696974    171.06583850409598      6.05583395665944      n 
    3.90987390104405    168.34867395265624      5.73696742713396      c 
    6.17481175457162    166.91898177238380      6.96367797871738      c 
    5.99705998874555    164.65887601424902      7.36902178260646      o 
    3.42106031615947    167.45003219507203      3.01587969123995      c 
    2.05139253999690    164.85276958934330      2.94868939417389      c 
   -0.78549347660933    165.24069814791363      3.24096206874044      c 
    2.47836465913142    163.40096531358887      0.51029020672581      c 
    4.90805965301684    172.05155548936477      4.60262244356456      h 
    2.30899767027026    167.75130538281257      6.91800236691955      h 
    2.27506409081146    168.86233859406582      2.05049984404092      h 
    5.23635259572567    167.26342551756667      2.04750001181079      h 
    2.76879041949006    163.71168490497874      4.51616986754117      h 
   -1.76173150524269    163.44162331918801      3.36607678209755      h 
   -1.21961236826390    166.31321577820634      4.93917513934745      h 
   -1.50864560960159    166.26760536422145      1.61619277215351      h 
    1.31577909394671    161.70973430169695      0.48846021293508      h 
    2.01435513782282    164.54601854036588     -1.12083569237272      h 
    4.44626436668877    162.81407705860227      0.33999721227628      h 
    8.19666156554044    168.34535632275660      7.68555655641741      n 
   10.12825305116097    167.56814418612771      9.44868998131174      c 
    9.61767016235732    168.12089839990480     12.24327242255270      c 
   10.77762335573528    166.83619843074891     13.80808375892796      o 
   12.66287545802705    168.92283538808906      9.03658977277293      c 
   14.43641301895701    168.18637993174536     11.23426895403631      c 
   15.20666497139352    166.03657793439575     11.55156057801879      o 
   14.97813511128577    170.09063839950343     12.88686720136084      n 
    8.48418605383761    170.01606230982034      6.79743141702650      h 
   10.41585427442593    165.51787712344253      9.33015040593392      h 
   13.53644585332333    168.31151122725873      7.27456060337891      h 
   12.35097310908636    170.96263309103648      8.99367783887766      h 
   16.45153113514364    169.75463276502094     14.05558816699720      h 
   14.73813634244223    171.88923451378091     12.30505448816905      h 
    5.06422130837595    148.44298148752654    -13.25548571078054      n 
    7.04384758464489    149.99127649306021    -14.31625164259704      c 
    9.54218219940139    149.36768943548330    -13.06312221012672      c 
   11.50585274677147    149.23386888299021    -14.30066708100798      o 
    6.67070600161466    152.82753151240854    -14.37504752018256      c 
    8.67677593156592    153.96024689987624    -16.22610277168751      c 
    3.92276886822385    153.11285078482021    -15.26623295849863      c 
    3.64706615964564    149.11389956099021    -12.18119314594131      h 
    7.23973434421577    149.39357136075728    -16.29670241971471      h 
    6.90411146125213    153.64036881970327    -12.49374471627900      h 
    8.44515091464815    155.99067624277734    -16.30281364490228      h 
   10.55577575706862    153.50211799917483    -15.55925627454211      h 
    8.42233078817484    153.15239157158794    -18.09408875260437      h 
    3.48646286539221    155.08311410906055    -15.67823498027863      h 
    3.65153770402001    151.99771694082247    -16.96192530703228      h 
    2.62163780507122    152.46459051131563    -13.82597392242441      h 
   16.51367657068257    147.39614603847491    -16.34395990901045      n 
   19.08987140622785    148.19943864689122    -15.84023631306455      c 
   20.66459298931326    146.04763819556419    -14.67332645227424      c 
   22.84850645245036    145.65539914337970    -15.32605879908748      o 
   19.13540842061127    150.73539587169714    -14.38795942743269      c 
   17.96435390704431    153.03148308470398    -15.91526641696584      c 
   19.84728614396620    154.89416494144137    -17.19024231143266      c 
   22.21468865895712    155.43009347907355    -15.81118424646592      n 
   23.19780070330309    157.71432292517633    -15.29395570569302      c 
   21.74014886845289    159.76077927573834    -15.38829000626369      n 
   25.68490516429221    157.95324057141082    -14.76063261731995      n 
   15.07825688824951    148.01162773169807    -15.23893029681585      h 
   19.98132942069355    148.53020359340459    -17.69389263533358      h 
   18.06795246606024    150.46381374418849    -12.64611064088431      h 
   21.09240857553101    151.13310149721852    -13.89182459597754      h 
   16.73076318321010    152.27810717622296    -17.37423379530708      h 
   16.80471704868800    154.06239412649745    -14.55848375570787      h 
   20.40978574589543    154.04481152043459    -18.99158337812929      h 
   18.87290115565435    156.65766871218165    -17.57632378571974      h 
   23.47052484681598    153.98900786836532    -15.89127643353382      h 
   19.83888628925589    159.58719770309102    -15.37515113026588      h 
   22.28774719344516    161.37375594692034    -14.51489882029322      h 
   26.82120373048532    156.41910887724089    -14.69428678322270      h 
   26.40199828390207    159.68372920125103    -14.44606788092142      h 
  -10.23180093528585    178.92324428944661     -2.21337972100313      n 
   -8.23183823337382    177.04984860970785     -2.39909179014986      c 
   -9.26721537826474    174.50226345875106     -3.32534182553498      c 
   -9.27226550135582    173.97671248722972     -5.57361708116483      o 
   -6.95754940546765    176.97802168143056      0.17974278410981      c 
  -10.74171220414876    179.33245795558184     -0.41910286451084      h 
   -6.91026588330723    177.66566699842699     -3.87427578860815      h 
   -5.47688358641866    175.55480562448960      0.24172564255690      h 
   -6.11164985188517    178.80715832309198      0.58428680079715      h 
   -8.33347970300160    176.57646051948643      1.65554097146956      h 
  -11.60121990956301    171.64912801638528    -10.24327070951613      n 
   -9.69474672891273    171.71403456414586    -12.19752245003876      c 
   -8.27850060790594    169.13189809743525    -12.46488997316325      c 
   -7.57655964732876    168.16653814262540    -14.45396200528345      o 
   -7.85345129928675    173.99017402032732    -11.54669180833659      c 
   -5.73260862021924    173.28214236813579     -9.62087156447350      c 
   -9.36844369087213    176.35994847473228    -10.73675163989473      c 
   -3.75791623453359    175.29446175427117     -8.95219253941486      c 
  -11.03547290070628    172.50724034513505     -8.62982734084227      h 
  -10.58491786400648    172.09687827950128    -14.02563310052288      h 
   -6.90326839327903    174.42574518262558    -13.33713568436407      h 
   -6.65312820566024    172.73559868691260     -7.88506145105328      h 
   -4.71313177837612    171.65882653933394    -10.38404820740030      h 
   -8.19281671173852    178.00486030446586    -11.09759722554972      h 
  -11.08097884062516    176.54624019350342    -11.85022829174481      h 
   -9.81439526747616    176.32293366517678     -8.74411998448308      h 
   -2.35383795157789    174.47468476328706     -7.69881710393225      h 
   -2.78005611919152    175.95965549521159    -10.63591767019618      h 
   -4.60618805142912    176.90810306115574     -8.01460175083865      h 
   -1.64186506937203    163.55230348125693    -23.72931132395976      n 
   -0.91729951472216    165.93751183431428    -22.69057897385840      c 
    0.72322436606592    165.51674287194427    -20.38658014575305      c 
    1.88539307717040    167.15394708344044    -19.23644595990387      o 
   -3.42990771069792    167.21390309080931    -21.84899427745629      c 
   -4.16965261470230    166.29789171874091    -19.46142222929232      o 
   -5.50927487265798    167.15836322879784    -23.94264821186761      c 
   -3.44211720208839    163.08131625383905    -23.30842332661839      h 
    0.02773042666270    167.10623349952718    -24.10200608922613      h 
   -3.00034882583579    169.21303460885679    -21.50288115611771      h 
   -3.98819871076849    164.46876504292720    -19.32235527146424      h 
   -7.04967211327259    168.35357319813784    -23.30671441153764      h 
   -4.71137451786949    167.99422589946514    -25.63894311539389      h 
   -6.25231442919524    165.31689839827962    -24.39448237344893      h 
    0.69214996521203    163.14057599791801    -19.67312803293929      n 
    1.81303511360258    162.47890551797335    -17.33933416621115      c 
    4.30236065529347    161.33961043979858    -18.06182221095442      c 
    6.28736402391894    162.29714473463960    -17.38791120200441      o 
    0.00731470415036    160.88889478357405    -15.80182819798417      c 
    1.10548502046365    160.48142649156921    -13.14452472579793      c 
    2.33349934065572    162.90340318062798    -12.12830213357997      c 
   -0.85733793379557    159.44009888028825    -11.25762315561330      c 
   -0.39532786858604    161.79792079765485    -20.46267101519064      h 
    2.20629045794598    164.25011993334709    -16.35093970270000      h 
   -1.76320943458530    161.92288283268257    -15.64209592226242      h 
   -0.34221311248333    159.08312111540849    -16.71552463800126      h 
    2.60710302120692    159.06095490951370    -13.30118900215025      h 
    2.76766615405961    162.63858023434341    -10.13369429026485      h 
    4.10404120577668    163.30558817002077    -13.08128476363478      h 
    1.07459255429835    164.51734273086490    -12.28946877762661      h 
    0.05268503695718    159.05556255365170     -9.46364810233909      h 
   -2.37712874906983    160.79012469337781    -10.95388414196030      h 
   -1.67527853464452    157.69467149514327    -11.96797963899658      h 
    4.16372831629235    159.46563079675798    -19.70453285577691      n 
    6.33617735690305    158.85436970836577    -21.20913912476134      c 
    7.62565510090135    161.26780137321094    -22.02418144328424      c 
    9.91958617155998    161.30366724847551    -22.30263559605717      o 
    5.56164539836803    157.50311797298320    -23.60810665938291      c 
    5.17235164659192    154.68488966249231    -23.12079975734407      c 
    3.35098886713310    153.83848100124334    -25.15689763974363      c 
    3.30635001681667    151.11599613275143    -25.45820939546798      n 
    2.90610842914905    150.10591193393307    -27.73866605152308      c 
    1.90821480178494    151.49385191362910    -29.65544674652120      n 
    3.66365229356227    147.74361568616914    -28.31488718373878      n 
    2.49787869645041    158.66316773608148    -20.16221175339243      h 
    7.69808132760656    157.71315497702983    -20.14808543605974      h 
    3.82762838883137    158.36166030849475    -24.30416288863206      h 
    7.01297508211143    157.76387272215743    -25.04192900314727      h 
    6.93935517637323    153.64435650466160    -23.30077471507374      h 
    4.45247083557597    154.35154155679328    -21.23273759212556      h 
    1.46230542162753    154.55515817780986    -24.75843432142190      h 
    4.00600590206767    154.64866629397491    -26.94764927842893      h 
    4.54825817798747    150.10083854245741    -24.33900212813377      h 
    0.78786092886909    152.96275969492717    -29.20305322927142      h 
    1.36437906496587    150.51723107338364    -31.20174734020128      h 
    4.54850209776588    146.71557801520044    -26.97948858100970      h 
    2.77366457829273    146.79611746222807    -29.70280436918246      h 
    6.02561416187839    163.20312171747517    -22.43325104635071      n 
    6.98791333512706    165.68992653936039    -23.06913033545697      c 
    8.37138840055221    166.90406297069532    -20.80279593987089      c 
   10.66006375481819    167.29557054284609    -20.91406710390390      o 
    4.94023187598802    167.37861403624942    -24.18416166541246      c 
    4.21728090375614    162.78915178082295    -22.89151853823046      h 
    8.49810180486592    165.43644371623228    -24.47987282030978      h 
    5.84292569487963    168.94383630241404    -25.16489831101208      h 
    3.86366139202580    166.28845385136165    -25.54903906150465      h 
    3.74436092416367    168.16929479471588    -22.72940853070671      h 
    7.02795774519865    167.50277915060070    -18.73741171342094      n 
    8.34306629993889    168.90764757824252    -16.79163245582397      c 
   10.25895674844380    167.17932035873955    -15.45121342988170      c 
   11.68251215481179    167.91315461136784    -13.78189076454268      o 
    6.53986087894253    170.46563700960999    -15.16141950015010      c 
    7.93725825028838    172.69432409283800    -13.88410886949299      c 
    6.51790614642058    175.09319847285198    -13.01017462579552      c 
    6.81145583882422    176.04410444810122    -10.89809738423000      o 
    5.04730504424926    176.22706283845227    -14.73600012971079      n 
    5.10694638654730    167.38506354921603    -18.69526702148917      h 
    9.59190669965675    170.26931875908650    -17.77421581513159      h 
    5.05145560506512    171.18886990816651    -16.39425251927870      h 
    5.65343713163336    169.29569028684264    -13.71405277203333      h 
    8.99458909175349    171.98546921044945    -12.26413238675449      h 
    9.34247515435565    173.45378728330087    -15.20497291247927      h 
    4.64326166339801    175.43013429280768    -16.40762141271906      h 
    4.09062598324803    177.79344019998138    -14.21793481790960      h 
   10.39428130320642    164.89565582636715    -16.49190458751006      n 
   11.96670738969396    162.84046204574250    -15.62609980462879      c 
   14.68833958813725    162.99142727561650    -16.49476827141061      c 
   16.44141632616640    162.24399054392475    -15.17890301503130      o 
   11.08634474599305    160.29341089089883    -16.73173308524255      c 
    8.83362090729296    164.28568673189019    -17.41070286240191      h 
   11.96044633323813    162.77530351039650    -13.55077088365437      h 
   12.40072471613765    158.84507585076503    -16.10386248626784      h 
    9.22164543616254    159.87500913002197    -16.00198477330640      h 
   11.09370838176229    160.39035440203912    -18.76980757960008      h 
   14.83147282935023    163.60612038903562    -18.95118663092212      n 
   17.23705552672464    164.00305939979359    -20.19437610603298      c 
   19.03733505838856    165.58161148477922    -18.49264891975895      c 
   21.34257568078417    165.39357288425435    -18.58558504649274      o 
   16.83944749232044    165.46109897050377    -22.67967050965115      c 
   15.72847403684731    163.80067879957653    -24.75747188815332      c 
   17.66727716550027    161.85276544536325    -25.69258132029332      c 
   16.34269451620049    159.75628954823190    -26.86333646744382      n 
   15.98535112827789    159.29282961913370    -29.31673903447779      c 
   17.33294091265373    160.40301803860584    -31.13078648069647      n 
   14.28209554072675    157.54538948612418    -29.98700453738318      n 
   13.28140557872801    164.39185513375992    -19.76093452749651      h 
   18.14755253655458    162.17543148774004    -20.50805551168242      h 
   15.56744801297773    167.03523251603823    -22.28022288164839      h 
   18.65414553603456    166.24197479498648    -23.26690491688929      h 
   14.06266861996300    162.84964155281352    -23.99229512847926      h 
   15.11116219978916    165.00079065188856    -26.30995186452268      h 
   18.98254114887703    162.72739711982334    -27.00562172985287      h 
   18.75099536117633    161.11132880936722    -24.10825391230908      h 
   15.13852130456248    158.88362436038921    -25.65608135882483      h 
   18.60362333143340    161.76221803899887    -30.74171493291303      h 
   16.94162449327471    160.03721329295217    -32.95529984035973      h 
   13.12203109181222    156.75188824667183    -28.70460796841497      h 
   13.89751503002983    157.21440968003802    -31.82057840448397      h 
   17.66964035264856    167.17020942661068    -17.04380892784395      n 
   18.76345133141209    168.92900876371749    -15.29812052694781      c 
   20.23308310262614    167.35763911642766    -13.36991857700008      c 
   22.36497301055605    166.55989655980306    -13.80386977248418      o 
   16.73846226971280    170.80099191998539    -14.43351741342778      c 
   15.95490756103163    172.39318392933211    -16.78122523915711      c 
   14.21403666816673    174.89150414305408    -16.80291066381046      c 
   13.06459288367758    175.16150927800641    -18.85447285017501      o 
   14.16088515897301    176.38938195076639    -14.98346212439287      o 
   15.79263514101116    167.31196004151806    -17.31918191382600      h 
   20.26009299738239    169.99398519713415    -16.29732744902908      h 
   15.08310268604513    169.84846955441736    -13.67538883265695      h 
   17.51644526637445    172.06492971032051    -13.00456076627329      h 
   17.67713203870476    173.11905831025317    -17.67618857526115      h 
   15.01606069429363    171.19341665361813    -18.17256151388667      h 
   19.13444580592900    167.03572539284852    -11.10437248890854      n 
   20.87385932702399    166.30825203694508     -9.13852839443630      c 
   22.20029816606254    163.72096510212853     -9.49695984215195      c 
   21.72735929261209    162.02327960729076    -10.96152361762484      o 
   19.82686436072480    166.93438783083764     -6.51489690524495      c 
   21.85695203210357    167.21756261484100     -4.83927489079935      o 
   17.27625525310744    167.26808019358202    -10.80585388741005      h 
   22.49239823324986    167.60109532616727     -9.38547149928551      h 
   18.83935358654679    168.75026171438284     -6.65129590753768      h 
   18.53429895702623    165.49084064534446     -5.84518874809549      h 
   21.76735425857112    165.82631349389430     -3.63110537157247      h 
   18.51878686283685    158.78832208700729     -1.11746567152186      n 
   16.15371689365488    157.63871450447436     -1.85780863334906      c 
   15.50216352059421    155.47225686209572     -0.06935736599868      c 
   13.55029705792725    155.49160897692391      1.19695829030900      o 
   16.40011324390621    156.98865613839871     -4.65704268036763      c 
   17.34051677107214    159.36315059626713     -6.14366824662874      c 
   17.21618263736427    159.05281266148890     -9.04143569566840      c 
   15.87347482769762    161.73765638379851     -5.33760245876779      c 
   19.89727128146058    158.83854743588191     -2.43653183056279      h 
   14.63433639155243    159.02508726338695     -1.58627275556021      h 
   17.73565299385692    155.44154920734877     -4.89327754862331      h 
   14.56197968427442    156.38018763410204     -5.36722033633872      h 
   19.32547676784146    159.65891322559855     -5.69619115360324      h 
   17.93636502766578    160.71866947476164     -9.98128921091583      h 
   18.34752460035792    157.43818807841441     -9.62323869056656      h 
   15.27621227110175    158.72468382560507     -9.63429263135759      h 
   15.95095460262219    163.10454649241731     -6.86326338418246      h 
   13.88877798868379    161.28150246308769     -5.03886530800662      h 
   16.64013967361334    162.54139487229668     -3.61842567082342      h 
   13.25778264810548    157.04473299967577      6.07717763911473      n 
   11.05782251244129    158.59895870317635      6.63984625303060      c 
    8.51215118295144    157.25066727394901      6.14518001567188      c 
    6.48354259345914    157.91100753875932      7.06051998171652      o 
   11.08899157061284    161.10831446196312      5.20818480937749      c 
   10.02910885550902    160.84828295418438      2.51972015672026      c 
   10.02117982620795    163.94396644198204      0.93515717587713      s 
   13.40078817937113    164.35027583630483      0.35221726043179      c 
   14.10420689940456    157.13194266416514      4.36790371245355      h 
   11.16793142358385    158.98925522971263      8.66328710383360      h 
    9.87379221567457    162.43329107660446      6.22730119260983      h 
   13.02662881658974    161.82437094575832      5.17929285396731      h 
   11.11639767249258    159.51832747726161      1.38541220913385      h 
    8.06070177826613    160.26044556922193      2.58783920174499      h 
   13.61459498750948    165.50796420484889     -1.32096612843870      h 
   14.27170116172415    165.25052478842346      1.98055929633106      h 
   14.24727223974061    162.50561359968492      0.08567963483540      h 
    8.39012666114942    169.47262091458731     12.73014751843267      h 
    4.21222351863721    147.67271466559239    -14.50981850618449      h 
    9.61340687201865    149.05701590295092    -11.20047002435441      h 
   16.06146643867501    147.88720027085066    -17.90822769614099      h 
   19.90607866672124    144.93217123502248    -13.34990148423989      h 
   -9.71832316131649    180.37528193256074     -2.93482911680672      h 
   -9.94773487092019    173.25106846163422     -2.08338028716502      h 
  -13.00241541463819    172.44269775481283    -10.79050027659919      h 
   -7.87046858230454    168.11423992293246    -10.92575194500988      h 
   -1.50043547392796    163.60429828466175    -25.42337631155957      h 
   23.68298003016985    163.26192663154120     -8.41899772034800      h 
   18.24807909584021    160.40702394392383     -0.67127784591500      h 
   16.67130985843950    153.99645690973193      0.09243109029288      h 
   14.51189458292293    157.42190098947188      7.16230875302540      h 
    8.44847713032869    155.73700846801316      5.01564613056124      h 
  -0.4015790102808D-02  -0.3277387236186D-02  -0.7380145179998D-03
  -0.2853602777890D-02  -0.2765093092851D-02  -0.2745039504330D-02
   0.7907258346621D-03   0.3148414725478D-03  -0.1076580491726D-03
   0.1176635167552D-02   0.2451779130041D-02   0.4488064315677D-02
   0.8989663880694D-03  -0.3431780323822D-02  -0.2604584637991D-02
  -0.6145296350676D-03  -0.8463063957373D-03  -0.6987075506949D-02
   0.7205220647671D-03   0.7009959922880D-03   0.3060933403836D-03
  -0.3061023114458D-04   0.1004735671692D-02   0.1155888914356D-03
   0.9246454642320D-03   0.6460311327795D-03   0.4980974468207D-03
   0.8830526614133D-04  -0.1243654842555D-03   0.4409720501065D-03
   0.1554525892119D-02   0.2279456381966D-03   0.3596133079876D-03
   0.5586923978660D-03  -0.6456349217865D-03   0.2636620926634D-03
   0.9971314525925D-03  -0.8401597151489D-04   0.5290140144520D-03
   0.4827560581594D-02   0.1334038575091D-02  -0.2693508874983D-02
   0.4164573623433D-02   0.4783384961549D-02   0.1126359306479D-02
   0.2668824820220D-02   0.3380991645296D-02   0.4286210105912D-02
   0.7503502524123D-03   0.6504772139892D-02   0.1264036630780D-01
  -0.7006746260746D-03   0.7310710708579D-02   0.1593798824222D-02
  -0.1993340564649D-02   0.5441657648094D-02  -0.5848292326463D-03
  -0.3423723488957D-03   0.1776698987025D-02  -0.2370139054926D-02
  -0.3708672154762D-02   0.2218424343195D-02  -0.2856708563182D-02
   0.3678558638336D-02  -0.2578781584728D-02  -0.5634959254588D-02
  -0.3920788181760D-04   0.6721801332639D-03   0.1792846923903D-03
  -0.3697271138279D-03   0.3035672903583D-03   0.2244568139657D-03
  -0.5162514393635D-03   0.4773480247593D-03   0.7707826767472D-04
  -0.9109984356594D-03   0.7980606736593D-03   0.6691879848957D-03
   0.7943360774180D-03  -0.4682591375319D-03   0.4493153426389D-03
  -0.1906798403249D-03  -0.5711497000103D-03  -0.7534820460528D-03
   0.3194637554417D-02  -0.1597174827048D-02  -0.6180148368230D-03
  -0.3457067606393D-03  -0.4989215755430D-02   0.2490243671678D-03
   0.1831810755219D-02  -0.6770932409457D-02   0.3602813948077D-02
   0.4109025414719D-02  -0.9494570256924D-02  -0.1719755412438D-02
  -0.7749465034805D-03  -0.5866797039458D-02  -0.8811896440889D-02
   0.4215848123621D-03  -0.3715715562764D-03   0.1103558955985D-02
  -0.7678810560428D-03  -0.7900643062225D-03   0.7740009724857D-05
  -0.5728254458489D-03  -0.6936750230316D-03  -0.1878055695368D-03
  -0.5449877409373D-03  -0.9932775967239D-03  -0.4657885490705D-04
  -0.6036241821163D-03  -0.7721523172264D-03  -0.3377841342697D-04
  -0.2369824264853D-03  -0.2367613185693D-02   0.5337792167896D-02
  -0.3926045581610D-02   0.2698898116770D-02   0.6128251012307D-02
  -0.2616173494249D-02   0.3006326487395D-02  -0.6922922628915D-03
  -0.9674818997563D-03   0.6854828146068D-02  -0.5244630079151D-02
  -0.4439137932622D-02   0.4105682563561D-02   0.1504006530324D-02
  -0.3952416021038D-02  -0.3699011585367D-02  -0.3818888727726D-02
  -0.2882048421612D-02  -0.2797894884459D-02  -0.8329504196065D-03
  -0.3165346498631D-05  -0.1326801085232D-02  -0.6508760650594D-02
   0.3571187992472D-04  -0.4696658127323D-03   0.3912721656983D-03
   0.7099605390737D-03  -0.2631565668921D-03   0.8482991070225D-03
  -0.4304065175917D-04   0.2809676955161D-03   0.2685714019091D-03
   0.8300024118183D-03  -0.7891849531069D-04   0.1943125766457D-03
   0.7984074465185D-03   0.2871591192618D-04  -0.2466192878722D-03
   0.2051289271098D-03   0.4245727664365D-03   0.1314002118281D-03
   0.4679828458986D-03  -0.3075172194023D-03  -0.7020172921953D-04
   0.2147492446996D-03  -0.3637387509257D-04  -0.7496352461425D-04
   0.8896055178581D-03   0.4184738830357D-03  -0.5058478188891D-04
   0.5140477158245D-03   0.7795495553882D-04  -0.3117454868451D-03
   0.7668636113756D-03   0.6936271153585D-04  -0.6448482421781D-04
  -0.1136856729789D-02  -0.2244229171007D-02  -0.2859911889748D-02
   0.8850265504619D-04  -0.5149442183662D-03  -0.1872239986248D-02
   0.3772919928589D-02  -0.6966177525593D-03   0.3287930045365D-02
   0.4859391408749D-02  -0.3588046435195D-02   0.8649735084741D-02
  -0.1766378663846D-02   0.4613396149239D-02   0.3593036484404D-03
  -0.4101053600181D-02   0.3868058766288D-02   0.1708851935383D-02
  -0.2756168117271D-02   0.1079339929931D-02  -0.1969780862055D-02
  -0.3415085644689D-02  -0.1046245518878D-02  -0.1862593932605D-02
  -0.5205749511074D-03  -0.7208752832228D-03  -0.2689264771203D-02
  -0.1846537037785D-03   0.5926278792768D-03   0.5641277406873D-03
   0.3127937059891D-03   0.2933171011585D-03   0.2345951181240D-03
   0.6899914333230D-03   0.9133790921744D-04   0.2157169953278D-03
   0.3301245491724D-03   0.3829095530898D-05  -0.1878969720252D-03
   0.3266223851690D-03   0.3021363473610D-03   0.6057821609816D-03
   0.3622344982142D-03   0.3191417741057D-03   0.2893307139636D-04
   0.7976598720163D-04  -0.8779643106182D-04   0.3441171041370D-03
   0.4235900148400D-03  -0.2338280044072D-03  -0.1992758177360D-03
   0.3716239432175D-03  -0.2732156804122D-04   0.5313649790534D-03
   0.2604364524903D-03  -0.6977449427572D-03  -0.8853856374003D-05
   0.2752077474326D-03   0.1424791530670D-03   0.5375947714795D-03
   0.1175491592164D-03  -0.3259171053472D-03   0.3693852102145D-03
   0.6402850974130D-03   0.1045199808496D-03   0.3298857352696D-03
   0.3292583832158D-02   0.1323221552528D-02   0.3510318760627D-02
   0.3086084398673D-02  -0.3500226259750D-02   0.8579566169888D-02
  -0.1458195670699D-02   0.7681708304755D-02  -0.1152380072970D-01
   0.8445567440996D-03   0.2526595878734D-02   0.5928439778393D-02
   0.2165047955054D-02  -0.1467811026240D-02   0.5645581051101D-02
   0.2284846384024D-03  -0.6317091533351D-02  -0.7072497404533D-03
   0.7574986868673D-02   0.4235563322649D-02   0.1208999446856D-02
  -0.2272871872593D-02  -0.6458171955661D-02  -0.4190674921521D-02
   0.1125141707420D-02  -0.2855187239184D-03  -0.2407988724518D-03
  -0.5359781412967D-03   0.2297095854317D-02   0.1649479155959D-03
   0.1443149559449D-02   0.1253336373886D-02  -0.1574421002267D-02
  -0.2198406288092D-03  -0.8350942140940D-03  -0.2941554472564D-03
  -0.7421381534070D-03  -0.3991143884286D-03  -0.7000103474892D-03
   0.1505761927616D-03   0.6064703921433D-04  -0.7774710435378D-04
  -0.9613994698441D-03  -0.4429065009648D-04  -0.7320819831433D-03
   0.7192576176322D-04   0.5363961497348D-03  -0.1051187025908D-04
  -0.2466612700374D-03  -0.5605963610719D-03  -0.7102333055388D-04
  -0.7360845244622D-03  -0.4147873171437D-03  -0.2943233055101D-04
  -0.6628081529674D-03  -0.5441489736376D-03  -0.1688072197686D-03
  -0.1047032827636D-01   0.1758616338091D-02  -0.3624024491409D-02
  -0.5045600688461D-02   0.5208147425158D-02  -0.3178999118992D-02
  -0.1357785316054D-03  -0.5318722870361D-02  -0.4225952940356D-02
  -0.4326192162593D-02  -0.9347921402498D-03  -0.3391463838600D-02
  -0.4606281929727D-02   0.4635824948587D-02  -0.6112837275868D-03
   0.1549280619356D-02  -0.6676354296801D-02  -0.3812521473763D-02
   0.2182740050261D-02  -0.3193849523125D-02  -0.3765418288378D-02
  -0.9750744180382D-02   0.1102889816509D-02   0.3564345905737D-02
   0.4913270787391D-04   0.2580847893659D-03  -0.4941545686180D-03
  -0.3802977050561D-03  -0.3886914347639D-03   0.3640256135854D-04
   0.1634826743595D-03  -0.1956156213208D-03   0.2792799779673D-03
   0.3985953014091D-03  -0.1103209683295D-02   0.4335022012095D-03
   0.2688076440132D-03  -0.5984171325429D-03  -0.3191023262914D-03
   0.1227380764070D-03   0.1041472551954D-02  -0.2925144306941D-03
   0.5756689566394D-03  -0.2560496409734D-03  -0.4904555423755D-03
   0.1218623542823D-02  -0.3645082856737D-03   0.3399358036646D-03
   0.2982476279589D-03  -0.4897705947053D-04  -0.4858720469495D-03
   0.1655280449931D-02  -0.1966139529871D-02   0.1995851936729D-02
   0.3397914071248D-03  -0.1280812370176D-02  -0.6985774334837D-04
   0.2248696688954D-02   0.2389211418814D-02   0.7202126298717D-02
   0.1041433993675D-02   0.1816474478703D-02  -0.2244226825147D-02
  -0.5877830925223D-01   0.8472677536910D-01   0.2771073044174D-02
   0.2909792620721D-01  -0.2423575040926D-01   0.1553525028420D-01
  -0.6263587894661D-02  -0.6556463942168D-03  -0.2995531268851D-02
  -0.3036206704835D-02  -0.3516075437284D-02  -0.6634553186199D-02
  -0.2377234220762D-02  -0.6604041389319D-02   0.7997727095209D-02
  -0.7012857111623D-02   0.6340560937183D-02   0.1750674634735D-01
   0.1547767035072D-02  -0.1108295159837D-02  -0.1847799492388D-02
   0.7330535834425D-03  -0.6771971291569D-04   0.1353151493987D-02
   0.1197066076978D-02   0.2427579439182D-03   0.3125947687747D-03
  -0.1920116243339D-03   0.6467073552537D-03   0.1746631212158D-03
   0.4162002860729D-02  -0.2342672542604D-03  -0.2855835582971D-02
   0.1798931343991D-02  -0.3334692499637D-03  -0.2335048311108D-02
  -0.5327469470274D-01  -0.4128940000896D-01  -0.9253912416690D-01
  -0.1243781632174D-01   0.1762733974420D-01  -0.2805574271211D-02
  -0.2083441484928D-01  -0.8019053604459D-02   0.8761678074362D-01
   0.1915051828328D-01  -0.3657085193341D-02  -0.1260843760661D-01
  -0.2737358489970D-03  -0.1072580920065D-01   0.1263495576213D-01
   0.1965242748616D-01   0.3827623751832D-02  -0.1076839820284D-01
  -0.5383458592888D-02  -0.1685519923662D-01   0.5088499296293D-02
  -0.1057191217528D-01  -0.1663625551887D-01  -0.1372295568711D-01
  -0.2815147026904D-02   0.5584470938135D-03  -0.1286819275496D-02
   0.2447288829791D-04  -0.1305632866520D-02  -0.2806176384693D-04
  -0.7573239461020D-03  -0.5278323966854D-03  -0.3185855976265D-03
  -0.5191632070267D-03  -0.1211146214877D-02  -0.1854059988643D-03
   0.4761605391749D-04  -0.2260205829015D-03  -0.4423029942004D-03
  -0.5389934550939D-03   0.2834122276744D-03  -0.9628369535522D-03
   0.1837090588494D-02   0.2601346180194D-03   0.2173938120780D-02
   0.1196975730538D-02  -0.1694917353835D-02  -0.9437437711773D-03
  -0.2805587609087D-01   0.4501286443290D-01  -0.1089646408265D+00
   0.3727974277637D-02  -0.4160858944948D-02   0.7282902756116D-02
  -0.4283470179271D-01  -0.5243243340282D-01   0.5411454156316D-01
   0.1462891180686D-01  -0.5799764609261D-02  -0.2230369376737D-02
  -0.5351955657303D-02  -0.9732384649343D-02   0.5663390179041D-02
  -0.1295829757527D-01   0.8675172596308D-02  -0.1771457741342D-01
  -0.6954620447751D-02   0.1061679811893D-01  -0.2281788990477D-02
   0.1048208323271D-02  -0.2824588960796D-03   0.4258718261462D-02
  -0.1595291849008D-02  -0.2821931189803D-03  -0.7036731773481D-03
  -0.2626869236241D-02   0.2222710690188D-02  -0.2020009559514D-02
   0.2025171230753D-01   0.9088893969951D-02   0.4378194453925D-02
  -0.9582505124713D-02   0.6097609216727D-04  -0.1449553859862D-01
  -0.1532298087315D-02   0.1028874469247D-02  -0.2589166417304D-02
  -0.1858650284772D-03  -0.1187712715975D-02   0.1010391232786D-02
   0.8396696927917D-03  -0.2144884275826D-02  -0.2440024116901D-02
   0.3133631311374D-03  -0.1651310865619D-02   0.1523931640651D-03
  -0.9594290258974D-03  -0.8317195266583D-03   0.1630911463281D-02
  -0.9770693730883D-03  -0.1747899638065D-02  -0.2589762838394D-03
   0.1065131017199D-02  -0.4371265350911D-03  -0.6179937741738D-03
   0.1007541851259D-02   0.2562239241583D-03  -0.1128922131382D-02
   0.9013937208492D-03  -0.1121305574786D-02   0.7019683625740D-03
  -0.1973103513029D-02   0.8537382793460D-03   0.6059611795444D-02
   0.1124731315946D-02  -0.4366638860118D-02   0.5184109888949D-03
   0.5492829736591D-04   0.3118507247813D-03  -0.1421710451297D-02
   0.5161115277946D-01   0.1029442010704D+00  -0.4265147249868D-01
  -0.3046597750576D-02   0.4361356252003D-03  -0.7814253148562D-02
  -0.2659955405903D-01  -0.5078583063636D-01   0.6189063683716D-01
   0.3132453721815D-02  -0.5557498480465D-02  -0.2446092456497D-01
  -0.1034976966655D-01   0.1175759343325D-01  -0.2044781396726D-02
   0.9545432574235D-03   0.8009014042918D-02  -0.3062056720124D-02
  -0.8714065585566D-03   0.7529314101669D-03  -0.1036931243607D-02
  -0.1056028257831D-02   0.8511864720909D-03  -0.1633147555768D-02
  -0.2603687626893D-03  -0.1655608179611D-04   0.1216595468378D-02
   0.2420329796595D-04   0.2173516022077D-02   0.1498490041041D-02
  -0.9582186472335D-01   0.7461640432059D-01  -0.4326938523843D-01
  -0.2168789247978D-01  -0.5690258953517D-04  -0.1114498650675D-01
   0.1056641651467D-01  -0.3907195156319D-01   0.7390443366778D-01
   0.1214341423593D-01  -0.2105823239359D-01  -0.1041252281198D-01
  -0.1593613897678D-01  -0.8090940272786D-04   0.1084730424991D-01
   0.6745708541888D-02   0.9569197440238D-03   0.7329716690653D-02
  -0.1129848259974D-01   0.6858932643123D-02   0.7538143168136D-02
   0.4707986246615D-02  -0.8314495439113D-03   0.8080619610940D-02
  -0.5228784965976D-02   0.5806353923845D-02   0.7505553408369D-04
  -0.2062321757143D-02   0.2759367234757D-03   0.5322432662140D-03
  -0.1354906961959D-02  -0.2367317485964D-02   0.7573448360896D-03
   0.6196831272700D-03   0.5220779176681D-02  -0.3596978834268D-02
   0.1517904224897D-02   0.1448690414178D-02   0.5673505164541D-03
   0.5551723958114D-03  -0.1312130167071D-02  -0.3456739445986D-03
   0.6965728801245D-03  -0.1889221141245D-03   0.3304208372396D-04
   0.1841284312075D-02   0.3189209061890D-03   0.2046162048198D-03
   0.1108937501117D-02   0.7612408240266D-03  -0.5774514920401D-03
   0.1126692278535D-02  -0.5015710102212D-03   0.5208031650371D-03
   0.1328646029415D-02  -0.2593353947239D-03   0.2205942180023D-03
  -0.3506559658346D-03   0.3232401792867D-01  -0.1109781301140D+00
   0.2127064476473D-01  -0.1112341146434D-01   0.1930382689543D-02
   0.1158232052260D-01  -0.1760826083918D-01   0.7556738271801D-02
   0.1532952948828D-02  -0.6969757856813D-02   0.3589955080209D-02
  -0.3042602822172D-02  -0.1756725148429D-01  -0.2537508607743D-02
   0.3595116339345D-02   0.5059097258717D-02   0.5547031293478D-03
  -0.1240228269673D-01  -0.7425317865280D-02  -0.1064960758870D-01
   0.2750797167181D-02   0.7680400717853D-03  -0.3934119570255D-02
   0.1948411895183D-02  -0.2325233285771D-02  -0.2717024719760D-02
   0.2605681732957D-02  -0.1850232117543D-02  -0.1499775787730D-02
   0.4444701428395D-02  -0.6286141259657D-02   0.5672022536920D-02
   0.1197395342518D-02   0.1267278240497D-02  -0.6403154891485D-03
   0.4453417648755D-04  -0.4159667273308D-03   0.8261538722993D-03
   0.1716644711126D-02   0.4802593784592D-02  -0.2230995450609D-02
   0.4453446987781D-02   0.1100973666634D-01  -0.3341168127726D-02
   0.6925996250094D-03  -0.4436587398233D-04  -0.1632124638116D-01
  -0.2669669092715D-02  -0.5213299594301D-02  -0.1532639629220D-01
   0.1075426588881D-02   0.3468123121913D-02  -0.1846549513130D-02
  -0.1124155566734D-04   0.2195456263559D-02  -0.1344879379560D-01
  -0.2172706947922D-02   0.5191347152922D-02  -0.5779653090923D-02
   0.1661334833881D-02   0.5433349188200D-02  -0.7971456760707D-02
  -0.3008504795882D-02  -0.3568842952705D-02   0.1018740582307D-01
   0.6590146889029D-02  -0.3088721198293D-02   0.1138987139378D-01
   0.1990644028756D-03   0.4168363946069D-03  -0.1193871434867D-03
   0.2619638597278D-02  -0.5106350947424D-03  -0.8933305223156D-03
   0.1690167104941D-02   0.2645558122855D-02  -0.7043018635864D-03
  -0.3049377385600D-03  -0.3692992105795D-03  -0.8462842457852D-03
   0.4405593152507D-03  -0.1015135752978D-02  -0.3811657745245D-07
  -0.6234726108920D-03  -0.5171249104690D-03  -0.2294188350592D-03
   0.1035935261311D-02  -0.1453209434991D-03  -0.2625972546562D-03
   0.3241064219336D-03   0.1280632972873D-03  -0.1390750894076D-02
  -0.8786190295393D-03  -0.4636234261086D-03   0.2587407836997D-04
   0.1692584919907D-03  -0.1179793984699D-03  -0.1681722609303D-03
   0.1154021375008D-02   0.1377973407698D-01   0.4104631648571D-02
  -0.4825819680420D-02   0.3823749428847D-02   0.3016036407495D-02
  -0.1512145741029D-01  -0.1445521383758D-02  -0.1135677899701D-02
   0.7791899084849D-02  -0.1022528531211D-01   0.1653573621362D-02
  -0.2068811939583D-02   0.5592439708046D-02  -0.7185232264612D-03
   0.4719762107986D-03   0.1516790597825D-02   0.3964544398659D-02
   0.9549515085610D-03   0.2484040849653D-02   0.6700170927478D-02
  -0.1560311365184D-01   0.1702611741778D-01   0.8045102081495D-02
   0.1908236471768D-02   0.3727113072849D-02   0.1732154110174D-01
   0.6699055724680D-03   0.1279565677038D-01  -0.1970973038762D-01
   0.6359254091007D-02  -0.1453274429910D-01  -0.1298407508933D-01
   0.1615276994209D-02   0.1127829132684D-02  -0.6169642343692D-03
  -0.4755955863409D-03  -0.1073705899822D-02  -0.1015651839882D-03
   0.1628818588378D-02  -0.2649521561528D-03   0.1051466600976D-02
  -0.5284117213840D-03  -0.4035154634539D-03  -0.3363582094830D-05
  -0.2053288573269D-02  -0.2833347852197D-02   0.2213579600495D-04
   0.3937927798639D-02  -0.1690565714612D-03  -0.2229768354499D-02
   0.3076012281962D-02   0.2258048763581D-02  -0.9213499398932D-03
   0.1308659704761D-02  -0.1221105772647D-02   0.4042454906949D-05
   0.1343629415228D-01  -0.8563060579901D-02   0.4115791404010D-02
   0.9313869848468D-04  -0.3984405420301D-02   0.1003102879529D-02
  -0.1609284081089D-02  -0.1995779624579D-02   0.1994822447051D-02
  -0.1375392292472D-03   0.3194550100138D-02   0.3286731232444D-03
  -0.3249722732436D-02   0.1177883570519D-02   0.2523637243167D-02
  -0.5596540496513D-02  -0.2887795452898D-02   0.8080573125437D-02
  -0.7339253251604D-02  -0.1761513095486D-02   0.2928259090619D-02
  -0.1284780329678D-02  -0.3922877244102D-02   0.5641056480489D-02
   0.4230940760529D-02   0.2684120600772D-02   0.5213795285573D-02
  -0.9623157992437D-02  -0.1276824955044D-02   0.1793264872346D-02
   0.1175090265781D-03  -0.4576517754180D-02  -0.3651026694010D-02
  -0.1101958821202D-03  -0.9597464516728D-04  -0.2057076031283D-04
   0.7301135978129D-03  -0.4506136546898D-03   0.1491356811818D-03
   0.6794844545965D-03  -0.1519526733079D-02   0.6492988887503D-03
   0.5121722159080D-03  -0.3251764894623D-03   0.3972874488750D-03
  -0.6847799250205D-03  -0.3622059185508D-02   0.6993363036512D-02
  -0.3215628851367D-02  -0.6055417651872D-02   0.2743383088164D-02
  -0.1789490981149D-02  -0.7884686250949D-03  -0.2800101744342D-02
   0.1659054805700D-02  -0.2018790776464D-02  -0.3007415933515D-02
   0.2167997197078D-02  -0.9157793394631D-02  -0.7601690235633D-02
   0.8456734775464D-04  -0.7324304682877D-02  -0.4202599215621D-02
   0.1207461758573D-02   0.4090514165101D-02   0.5029899905453D-03
  -0.8692800696309D-03   0.1579047435685D-01   0.1434914956317D-01
   0.7641873270574D-03   0.5846606463851D-02  -0.7185114786317D-02
  -0.4469325342425D-04   0.1045064917247D-03  -0.2039976588678D-03
  -0.8290497783062D-04   0.3478122456145D-03   0.1700241603805D-03
  -0.1110483791191D-03   0.7983199857583D-03   0.5034828741068D-03
  -0.4115938904760D-03   0.4290265017490D-03   0.3686819915961D-04
   0.2995711946213D-03   0.1229514619031D-03   0.6819046727038D-04
  -0.1644956017137D-03   0.4111981045557D-03   0.1872310702835D-03
  -0.2030113678097D-02  -0.2884757320805D-04   0.2052542802389D-02
  -0.1267383113691D-02  -0.2734269708238D-03   0.1653272737411D-02
  -0.2540496361513D-02   0.1106317386900D-01  -0.4070964476644D-02
   0.2487760897028D-03   0.8192237472437D-02  -0.9091821296138D-02
  -0.1741829851942D-02   0.4833816016739D-02  -0.1955640658333D-02
   0.2407753042830D-02  -0.2914560695104D-02   0.7961164629632D-02
  -0.4356658409975D-02  -0.3043152798132D-02  -0.1327810583459D-01
  -0.3267266570642D-03   0.3215772299768D-03   0.1315566956567D-02
   0.5105501672379D-04   0.1546924568554D-03   0.3740937264932D-04
  -0.1961340840994D-05   0.3396780140450D-03   0.6037829217612D-04
   0.6192725163336D-04  -0.7537483351359D-04   0.5648533994851D-03
  -0.6398571896350D-04  -0.4227805628704D-03   0.3979947335326D-03
  -0.7416037535730D-02   0.9445235778061D-04   0.2181151638438D-02
  -0.3984392886267D-02  -0.6027190376436D-02  -0.1393037360540D-02
   0.2980771410857D-02   0.2377537580584D-02   0.5043834112650D-02
   0.2042409765457D-01  -0.2378041956008D-02   0.1638673271307D-02
  -0.2584608005991D-02   0.1849752529952D-02  -0.4394008742442D-02
  -0.6835950423608D-03   0.9952945193388D-03  -0.2531145799045D-02
   0.5064186142910D-02   0.1399114125108D-02   0.3820263824996D-02
   0.1774108919013D-02   0.3061763457529D-02   0.5836082193564D-02
   0.1771230064218D-02   0.7340998020540D-03   0.1122373081975D-02
   0.3502612790031D-02  -0.3091434747437D-04  -0.5047694328809D-02
  -0.6286610380256D-03  -0.4448521109721D-02  -0.2225027125365D-02
  -0.5787131503756D-03  -0.7363828382373D-03   0.3174431797484D-03
  -0.7365634291255D-03  -0.2596581969232D-03  -0.1862354705495D-03
  -0.1666594185717D-03  -0.6624659870357D-03   0.1014743729513D-02
  -0.6743613139783D-04  -0.3530381503259D-03   0.6765680453070D-03
  -0.5594786904130D-03   0.3185965105139D-03   0.3359688169118D-03
  -0.3570100731607D-03  -0.3855673088999D-03   0.3037273250557D-03
  -0.6686192741800D-03  -0.2443165388629D-03   0.8333843283404D-04
  -0.7151648422183D-03   0.5704642524447D-03   0.1874419410238D-03
  -0.1199052027556D-02   0.4671543652721D-03  -0.2687745976390D-03
  -0.4793725439423D-03   0.6233651005820D-03   0.6277049754502D-04
  -0.1745288786330D-02  -0.9441758615513D-05   0.5454641677093D-03
  -0.1721900635587D-02   0.4349568765784D-03  -0.9532212477591D-03
  -0.1882234475221D-02   0.7507492229062D-03   0.6016985457555D-03
  -0.9267000998203D-02   0.4281740611307D-02   0.9884689670413D-02
  -0.7433292246991D-02  -0.5426453045804D-02   0.5086812000620D-02
  -0.3722710253089D-02  -0.3075008787376D-02   0.6562351120799D-03
   0.9955941118730D-02  -0.9893055852544D-02  -0.5269837012426D-02
   0.1509872046103D-02  -0.1432462232548D-01   0.6333650905631D-02
   0.1895691722505D-02  -0.6899960307625D-02  -0.2473328430678D-02
  -0.8112515676233D-03   0.4134381096595D-02  -0.4101827957253D-02
  -0.2186183826221D-02   0.3235566245077D-02  -0.6583141379450D-02
  -0.4781574358033D-02   0.1261823962510D-01   0.2524608177816D-02
   0.1279603292269D-03   0.1612168182948D-04  -0.4063436854724D-03
   0.3439984932480D-03   0.4646396411889D-05  -0.2535792750128D-04
   0.1061642574079D-03   0.4690089505893D-03   0.2288594318782D-03
   0.6208937525725D-03  -0.6190633903031D-05  -0.1212633598355D-03
  -0.4685330505484D-03   0.7085461113644D-03   0.2519416570686D-03
  -0.2491213225468D-03   0.9686415777316D-03  -0.5756415186667D-04
  -0.7739364481138D-02   0.8631858888801D-02   0.3202815456848D-02
  -0.1193249610915D-01   0.9509050736072D-02   0.4750402174180D-02
   0.5928286866366D-01  -0.2968753699848D-02   0.3792485938849D-01
   0.1734620148469D-01  -0.1529959074435D-01   0.5880364866358D-02
  -0.1704138612781D-02   0.2548064207389D-02  -0.1098069812443D-02
   0.1746084144108D-03   0.9858318321810D-02  -0.1558616076095D-01
   0.1350384220642D-02  -0.1904954077387D-02  -0.3460672271417D-03
  -0.3445479957993D-02   0.1151272104856D-02  -0.2271785518642D-02
   0.4116743936487D-04   0.5389025357324D-03   0.7446961862055D-03
   0.2339205854597D-02  -0.9757403679026D-03   0.1894647324479D-02
  -0.6631157944742D-02  -0.1059141856600D-01   0.4580907081357D-02
  -0.3236002049235D-01   0.1133484358561D+00   0.1163226570274D-01
  -0.2731106466651D-02  -0.1815305899691D-02   0.3222178366063D-02
   0.6655168953484D-01  -0.5424394515349D-01   0.9986299606510D-03
  -0.2060070721851D-01  -0.2459564776385D-02   0.2066074834735D-01
   0.7275831274101D-02  -0.1561138725179D-02   0.1352306866269D-01
   0.6680186460063D-02   0.2650405744419D-02   0.5780318568949D-02
   0.5849841210880D-02   0.1107205458188D-01  -0.1127787697129D-01
   0.4741104071946D-02   0.7644543146653D-02   0.8225773941331D-02
   0.1538571178642D-02   0.1344902400182D-01   0.6193664496313D-03
   0.2648316263291D-02   0.3283769634089D-02   0.1844965576142D-02
  -0.7556348235289D-03   0.2992516380990D-03   0.2234091800172D-04
  -0.4377309376364D-03  -0.5194186916791D-03   0.2437217421043D-02
  -0.3914045947459D-02  -0.3790597715334D-03   0.1966236823573D-02
   0.9901962134884D-03  -0.1156038330549D-03   0.6317175887718D-03
   0.1464769412145D-03  -0.3720687635883D-03  -0.6649251613860D-03
   0.6030059604248D-04  -0.1316588472401D-02   0.1774065689684D-03
   0.1069971249202D-02  -0.1324442100668D-02  -0.3396730184708D-03
  -0.3781199520703D-03  -0.1285737451485D-02   0.2590344101345D-03
   0.1123365362500D-02  -0.2424608069422D-02   0.3822081200766D-03
   0.9025183163219D-01   0.3532408013304D-01   0.7143170818710D-01
   0.2521498865227D-02   0.1251394705255D-01   0.8283079554755D-02
   0.1431178807905D-01  -0.6606226124522D-01  -0.5584181133600D-01
  -0.2472616323001D-01  -0.5761389918705D-03   0.4142764957410D-02
   0.1181654232957D-01  -0.7321916803596D-02   0.7365374188747D-02
  -0.6838648524378D-02  -0.1073590265673D-01  -0.4383053095040D-02
   0.5681559241618D-03   0.8927437661540D-02   0.2594628567660D-04
  -0.1319725380687D-02   0.2561351981381D-04  -0.5417042426808D-02
   0.1823091549312D-01  -0.2770405111893D-02   0.8203466683273D-02
   0.4716970658530D-02  -0.1487967291397D-02  -0.1964816035585D-02
  -0.9999828729359D-03  -0.1499861020632D-02   0.8801559749371D-03
   0.1608356306691D-02  -0.7674245840517D-03  -0.4706007242393D-04
   0.5291653225677D-03  -0.1581697069023D-03   0.2868592573158D-03
   0.3775991910948D-03  -0.9091463967803D-03   0.2934813313959D-03
   0.1066049566263D-02  -0.4412124745549D-03  -0.2948127883569D-03
   0.2798885991646D-03  -0.1741910792013D-02   0.6965089150399D-03
   0.1890701037736D-02   0.3150004666363D-03   0.8038442504263D-03
   0.4718852617583D-01  -0.5427483504250D-01  -0.1750632450400D-01
   0.6253010751406D-01   0.6999015686992D-01   0.1031043461002D+00
   0.4636855017325D-02   0.1136248058409D-01  -0.7525223342473D-01
   0.3397600401110D-01  -0.3315299517601D-01   0.1292269557319D+00
   0.3867407376402D-01   0.4155673956543D-01  -0.5177517259254D-01
  -0.3674299314150D-01  -0.1168840901611D+00   0.6168447830511D-01
   0.2723160680138D-01   0.4579002602217D-01  -0.5492599073711D-01
   0.1144945946179D+00  -0.6029578873247D-01   0.4249336854662D-01
  -0.8138575801728D-02   0.3039279678984D-01  -0.7316415114033D-01
  -0.1104550149173D-01   0.4202919965348D-03   0.1384202418227D+00
  -0.6152882118866D-01  -0.5619276855350D-02  -0.5755519248538D-01
   0.1941907555955D-01  -0.1279889944271D+00  -0.4544730606291D-01
  -0.5226852855907D-01   0.5529233323440D-01  -0.3094826771268D-02
  -0.9841268760980D-01  -0.2735507691395D-01  -0.9483501273009D-01
  -0.1137845095512D-01   0.6119668281522D-01   0.4874946442448D-01
$end                                                                            
