$grad                                                                           
  cycle =      1    SCF energy =  -694.61737985769   |dE/dxyz| =  0.669822
   96.22829953048247     25.36821393931402      3.44640707520198      n 
   95.94360414051050     25.70075113545129      6.15190157566484      c 
   98.42932010532728     24.99367311418484      7.43313071238171      c 
   99.55907834815125     26.42923351619455      8.86262633243160      o 
   93.75465940240895     24.10262390829115      7.18370605097430      c 
   91.19842191744975     24.87896132781670      6.04688195709695      c 
   93.73179083451167     24.23275834811949     10.06929728235110      c 
   90.38546081893240     27.59002545252984      6.58282811113236      c 
   95.12895938291076     24.06464821957769      2.57984918834192      h 
   95.64044809710833     27.71293191642438      6.55262390507861      h 
   94.11016205836208     22.14295601931194      6.61726374334377      h 
   91.23651082625888     24.58213020208011      4.00687985742245      h 
   89.77681962146296     23.59621988896500      6.81113492424070      h 
   92.11372708116748     23.21064130344528     10.80881658387966      h 
   95.43314657077292     23.38142074113313     10.84515916878212      h 
   93.64146059035116     26.17990870828426     10.71311373035947      h 
   88.52802277312522     27.91889519269970      5.77141772229593      h 
   90.28028564738402     27.95312812383510      8.59995494931131      h 
   91.67589494756446     28.94685095746556      5.74011228033495      h 
   99.33224632328306     22.71447789139692      6.86009497762621      n 
  101.75769907573127     21.95225051526213      7.85652912504215      c 
  103.68311374528831     24.09331360289367      7.51029153123473      c 
  105.01537928047021     24.79390592615412      9.27006150680020      o 
  102.72000681359589     19.62633668215448      6.48028453622516      c 
  100.79585444109976     16.82656710154174      7.06827833002499      s 
   98.38458410419980     21.51496365565671      5.69666831394078      h 
  101.61197229223342     21.60032847953444      9.90123796476062      h 
  102.56045334090886     19.97402721027733      4.46060109782495      h 
  104.68178551531108     19.23277385180913      6.96897587908445      h 
  101.87858329324280     16.12584069580012      9.22059660481253      h 
  103.51121487533308     29.50933948900223     11.84642267243305      n 
  104.40882892567986     29.05340182040324     14.39447270164255      c 
  107.28935748259478     28.78081111913237     14.45536108807850      c 
  108.57716901742906     29.89528096634387     16.03426290521252      o 
  103.05877928957115     26.85874470021633     15.76380726242847      c 
  100.26937754222470     26.84552392916506     15.03147856296773      c 
  104.23139043729884     24.26182957257083     15.32473660073753      c 
  102.54764992414830     28.15846763710141     10.89815796128503      h 
  103.99012859792956     30.79208478724124     15.44157760822905      h 
  103.21720414535577     27.27264006658185     17.78665590732300      h 
   99.20416416514196     25.71094638495993     16.36660756718836      h 
   99.51903297979963     28.75246194233668     15.02483824531689      h 
   99.99928965201566     26.04929709489029     13.15873547457425      h 
  103.09407631216051     22.83512327381566     16.26924748901720      h 
  104.29427794289575     23.82223768534574     13.32203216404273      h 
  106.13657691394374     24.15862685199285     16.09127076416700      h 
  108.95231811869620     33.32688411762063     20.35497969678440      n 
  110.74999354828664     32.40551618998141     22.21754873461494      c 
  112.91859530755347     34.32944217009628     22.53714670978114      c 
  113.46305097048200     35.09216258140042     24.67411201607567      o 
  111.55027316876769     29.69073992578593     21.62958441751636      c 
  109.37080611683881     27.86266474999323     22.10340558587117      c 
  110.01053842033954     24.70176601315030     20.81630496480518      s 
  111.26185374254366     23.11589751324537     23.56224851706591      c 
  108.69546348817029     32.26927277014889     18.77029756418483      h 
  109.80630081761262     32.40918837895642     24.07436415578402      h 
  112.08460656623832     29.50742938783878     19.64987236242918      h 
  113.15892114921947     29.16386864186114     22.80728241081259      h 
  108.95568210338442     27.61100517886955     24.10426399652926      h 
  107.67216995530005     28.49106017764256     21.12753905468274      h 
  112.03121339152027     21.32093468094226     22.93430875393247      h 
  112.74632147704155     24.23506738460379     24.42855136537802      h 
  109.76753107474801     22.74131948716013     24.92458747395911      h 
  109.77168602350751     39.19743570122420     27.26630262078911      n 
  109.37407844263755     38.38208131562570     29.84753139619038      c 
  111.89678583391887     38.26338460991313     31.26604803294080      c 
  112.16139902005617     39.24764739078169     33.34851612614646      o 
  107.99995413011513     35.82229146184400     29.95268249244119      c 
  105.32414944512166     36.09538611220747     28.86436180061857      c 
  107.92558237933355     34.85434447145367     32.67197873695480      c 
  103.83694558265789     33.62684915145447     28.84925539903207      c 
  108.94138916437944     38.21398257627321     25.84969629156022      h 
  108.21697520902542     39.80241879309024     30.83187670913901      h 
  109.06312784321081     34.47383746421757     28.79260499478001      h 
  104.28389473689781     37.48453199236112     29.97764576675120      h 
  105.45322905806648     36.78045802535053     26.92506926941645      h 
  107.15480543249346     32.95358245496037     32.74003074546325      h 
  109.80705662919077     34.77450746730879     33.49968148820303      h 
  106.75535695657067     36.07798167593219     33.83805512013120      h 
  102.05946976255179     33.89123830094287     27.85529593939846      h 
  104.89051485432311     32.12697942103559     27.91112800179660      h 
  103.40756336808577     32.99577746235732     30.75460097151567      h 
  116.86278026553900     23.67188000935641     35.51940459478550      n 
  116.09449460753473     21.10396767465027     36.05711376675558      c 
  117.60524267709464     20.07445356854526     38.28200660190878      c 
  119.67242497551767     20.90107393994973     38.86817495275591      o 
  116.53584893557219     19.34676303361940     33.78173801100222      c 
  114.17743140833376     19.41727022812734     31.98424976084574      c 
  112.22034347810033     18.46754217594309     32.88498512199863      o 
  114.49336734934529     20.36164826508229     29.85573470938642      o 
  118.74212319497630     23.99070910605645     35.65177700190670      h 
  114.06379096562087     21.10221645370778     36.47643316381358      h 
  118.23039030437552     19.89221248792891     32.74429281503896      h 
  116.71601855283805     17.38884209820354     34.40401749765287      h 
  116.48871137830072     18.09316888616869     39.42032807475514      n 
  117.48744082086975     16.88885474198192     41.67005034985819      c 
  116.37159129759280     14.22327120651405     41.70999160130199      c 
  114.24997797845661     13.76069650706457     42.43052042277856      o 
  116.87653148379809     18.35597748342399     44.12528105686174      c 
  114.27562154749431     19.49400667141290     44.09102325107470      c 
  112.25595567220709     18.28156970463924     45.24687087461015      c 
  113.85441731131833     21.77987898516274     42.86434294663380      c 
  109.85450196934011     19.31117006860801     45.13474274064611      c 
  111.45357451641064     22.80928106491197     42.74985207848879      c 
  109.44475870637375     21.57164072488678     43.87992560602472      c 
  114.66179487890315     17.74354229431552     39.00487211581994      h 
  119.54204465324153     16.80927957486307     41.44190323352141      h 
  117.04592332350035     17.04017483234257     45.70602883597077      h 
  118.27598661476875     19.85683793479712     44.31494178302371      h 
  112.58934579350596     16.52126714968818     46.22632351416613      h 
  115.41738032941930     22.76663946632930     41.99387175197212      h 
  108.29727859753460     18.34302975906410     46.03033712200710      h 
  111.15841239190816     24.57695777025642     41.77298970821234      h 
  107.57131385143045     22.37715584037001     43.79901816397024      h 
  118.01466226969013     12.42304349774970     40.83882945612591      n 
  117.17321325258763      9.80877656590913     40.76261646447166      c 
  119.35543554101324      7.93155180723374     40.86382828468480      c 
  118.97979650958547      5.64615384625560     40.81467518502212      o 
  115.48341153416155      9.30201355610028     38.48013227571419      c 
  119.12135087210665     12.98259481047995     39.38081328589215      h 
  116.05845802652216      9.53136955488223     42.49619024256636      h 
  114.95448108219919      7.32288580881197     38.42180690927649      h 
  113.78370887063440     10.44194160988702     38.68066432975597      h 
  116.43670610373546      9.81514636343217     36.72783283166779      h 
  109.29968145607769      0.69718194334352     35.75295226537134      n 
  106.57836861470578      0.39036585906961     35.53455293543793      c 
  105.20598700858764      2.85995509652097     36.16911806508843      c 
  103.70554036089911      3.84477130479870     34.69889709300812      o 
  105.67520935045471     -1.75505604341351     37.25119851673143      c 
  102.83217328121772     -1.85047784290655     37.39679689240615      c 
  101.36915809723193     -1.99155304746088     35.22027320013714      c 
  101.62714065075284     -1.78083670054152     39.72710307714281      c 
   98.75909204242828     -2.03567609292206     35.37266504762506      c 
   99.01708075532196     -1.86043353979345     39.88445972168192      c 
   97.57454375760592     -1.98099483016334     37.70540898072605      c 
  110.24839892553207     -0.47221948690690     36.94513818715490      h 
  106.12469566927348     -0.05113354795329     33.56273761045590      h 
  106.42586098144128     -3.52230977423331     36.49143169190604      h 
  106.45854280151796     -1.49730722537095     39.14032343774561      h 
  102.25953201125839     -2.06016078846623     33.38822746861798      h 
  102.74100504696669     -1.67675287369680     41.43328279469151      h 
   97.65766335102911     -2.10742960780288     33.65712653941328      h 
   98.11520797530115     -1.81823959064303     41.71379816661057      h 
   95.53970162928015     -2.03893711381324     37.83026846939720      h 
  105.61206928109496      3.77668830024933     38.49226116915909      n 
  104.37925991245353      6.11108482836167     39.21860832568656      c 
  105.11341928959685      8.26801835022163     37.45469230518334      c 
  103.53340179319120      9.84142550248663     36.80880056278307      o 
  104.77143999309419      6.81059442879310     42.02004493976178      c 
  102.45462555552747      8.24179133113165     43.02565806380267      c 
  107.16220095682117      8.37349925694086     42.44399104734773      c 
  100.21341826895586      6.51883697610135     43.58095152860499      c 
  107.18132933905740      3.26384257384756     39.45502704991519      h 
  102.35314336901023      5.80699072972259     38.89748893971748      h 
  104.94381715306513      5.03759445332175     43.07043668089592      h 
  103.00012500839512      9.20223704170508     44.76676635367892      h 
  101.92307665847169      9.70137915865848     41.66555644832508      h 
  107.46947384549368      8.68251239934233     44.45172986420467      h 
  108.82164627274423      7.43303675293984     41.69137131383915      h 
  107.00444616157543     10.22018220548631     41.54732097067059      h 
   98.64090711947827      7.63556388496361     44.28298287326255      h 
   99.60008608816638      5.52297562295099     41.89306237932447      h 
  100.72236850786068      5.13617622987050     45.01202258539983      h 
  107.47951812044985      8.29265867584711     36.56525395138861      n 
  108.20850813449543     10.28352258258414     34.83132283613245      c 
  106.25045647048401     10.41374229856362     32.71623515662786      c 
  105.25385348644801     12.40003617294515     32.07099210215495      o 
  110.77893054040153      9.82860663022444     33.61902622875367      c 
  111.36682268640946     11.89542681501469     31.68641458157140      c 
  114.02956787447745     11.66881708352321     30.66552046756507      c 
  115.86853853602855     11.33485862260975     32.02734305136241      o 
  114.20076851960721     11.73145930363675     28.13365432936404      n 
  108.81405546961713      7.12476009248772     37.29231721805279      h 
  108.19510000732080     12.12951003412354     35.79050759248423      h 
  112.24400803522813      9.83613114289907     35.06177604589434      h 
  110.76085938518976      7.98429835666030     32.69658421225432      h 
  110.01351632437873     11.89990107284656     30.13000651747583      h 
  111.23596426573584     13.76265816429829     32.57834989999381      h 
  112.68342448350862     12.27764486572987     27.12117741321689      h 
  115.92181030700375     11.88216466066588     27.32568651003636      h 
  105.74803521923826      8.18285267473512     31.64087766148531      n 
  104.22751922673322      8.08329633514486     29.36804840480107      c 
  101.53307146626067      8.98978006273361     29.87794071782299      c 
  100.23262805453885      9.88347254717635     28.17553972802989      o 
  104.27447355296410      5.41980557705749     28.22674929512278      c 
  102.85249131661479      3.60111275473175     29.50658424400172      o 
  106.76883643129337      6.64496089835758     32.16333113841664      h 
  105.04376599308142      9.40967832253412     27.98569764543548      h 
  103.49180339230753      5.54132165732141     26.31843008182173      h 
  106.27844824303298      4.87288648930228     28.10871704899035      h 
  103.16489939117943      3.68453751791980     31.32609942536080      h 
  100.68671019725980      8.62429919702143     32.21896233239501      n 
   98.24982052838023      9.54088817157412     33.06199994742782      c 
   98.28423229637646     12.43105846914132     33.19866814363868      c 
   96.55207314520659     13.71352896759018     32.34212320234622      o 
   97.52711461278591      8.34870941714313     35.61049284789751      c 
   94.96555606792326      9.35221047726049     36.48382158201583      c 
   97.45371941398238      5.47147574292969     35.37051039929418      c 
  101.86641353655295      7.90282815837551     33.53615112410537      h 
   96.85102836712976      9.02606626936312     31.62013031191098      h 
   98.97595041385566      8.90064261132461     36.97963979007715      h 
   94.48488829735427      8.54395575936124     38.30728774853251      h 
   95.00118320069159     11.39842953965936     36.65816948351107      h 
   93.50670385968589      8.84507525191086     35.12891588141940      h 
   96.83673844242665      4.63328915021783     37.14024610675825      h 
   96.13779657368497      4.91791351635178     33.89287054171603      h 
   99.29683056864539      4.70194006106763     34.89296790417638      h 
  100.27203342278919     13.45978174629046     34.35910943187544      n 
  100.63108917756594     16.17430313237572     34.31362199520819      c 
  100.50064191817313     17.10730770592826     31.57832494578471      c 
   99.24281119884101     18.96793987557213     30.98751424598253      o 
  103.11789257743239     16.93500020711396     35.60601890357118      c 
  103.07426812180101     16.12878882248266     38.39203232485841      c 
  103.54185954060083     19.77477638551589     35.32328841511444      c 
  105.63668711180070     16.39849486635159     39.68135671400544      c 
  101.74077935000457     12.36556380143773     34.91165735844356      h 
   99.03743262002605     17.07225459725915     35.30129838988168      h 
  104.65566730739715     15.94681079285229     34.63283078585048      h 
  101.67438775316990     17.25990227981452     39.39761898328738      h 
  102.50234916122436     14.15115721299135     38.49015675579106      h 
  105.33812260659123     20.31469914391257     36.15604560086350      h 
  103.61406048154829     20.29830967623212     33.33410490031262      h 
  102.03028238855163     20.83598955858383     36.22519502595406      h 
  105.56611746808622     15.58626537995983     41.56495426428566      h 
  107.09222358817914     15.42619453356707     38.59866913328815      h 
  106.20406857845707     18.36422877430523     39.84626721091530      h 
  101.72536966989097     15.69102190577879     29.88964658420885      n 
  101.75021794965265     16.39300675278450     27.24570927443103      c 
   99.03085545040238     16.50371249645157     26.28083772269429      c 
   98.22219531050899     18.30190481635587     25.05503856930663      o 
  103.29464787545859     14.53675131051550     25.69082298018627      c 
  106.18336088950610     14.71794984822288     26.34673926748100      c 
  107.09844336451646     16.87307684064126     26.50425954074444      o 
  107.32260870771357     12.66567872228675     26.59045280611642      o 
  103.01330992189651     14.40588635176803     30.48376651256708      h 
  102.60356209826553     18.27915225665593     27.02013628344499      h 
  102.65133009589263     12.60444602759385     25.98943425573503      h 
  103.09483630645806     15.01475422073126     23.69105123489245      h 
   97.61401295777526     14.50725580838451     26.85677190323711      n 
   94.97536526966408     14.31902637275079     26.13057041075423      c 
   93.55226122188245     16.71444952698837     26.90710487465013      c 
   92.09497645987284     17.80262062205772     25.46659432909117      o 
   93.86525027076938     11.96352530737999     27.40620104272810      c 
   91.12076138797046     11.54189181428544     26.81705407087977      c 
   90.40303155241403      9.87891121001685     24.91928758541136      c 
   89.25633889370076     12.76750038937803     28.20213314721801      c 
   87.87263612914886      9.46198015859563     24.40036663555800      c 
   86.72694703075489     12.34074813532237     27.69749860075242      c 
   86.02713428275433     10.68516291459690     25.79486825303113      c 
   98.43238239772435     12.96479734503331     27.65046625586292      h 
   94.82664030309995     14.16912717507929     24.06196896537088      h 
   94.99726744210437     10.35593761398591     26.77550652705674      h 
   94.12699274039100     12.19491697885884     29.43836935188787      h 
   91.84770154409129      8.89111899649656     23.86622321318191      h 
   89.80713223693702     14.03818489781666     29.70127091364433      h 
   87.35911448179009      8.18063509834115     22.90039974809197      h 
   85.30819064069382     13.29386323478828     28.80910821545885      h 
   84.05455416980692     10.33658531736606     25.41429084651143      h 
   93.91440005679760     17.46065106576953     29.27995618538106      n 
   92.64340818859073     19.68049246957438     30.25368736328542      c 
   93.30803319364102     22.01837815158573     28.69310003627140      c 
   91.66526185271076     23.45306925358055     27.90180619684981      o 
   93.28464690413946     20.07872576894177     33.05889218727955      c 
   92.23471774278435     17.86782394466459     34.61435980544591      c 
   92.23658882167386     22.60844724431281     33.97159623280109      c 
   93.05207869419786     17.92892813591423     37.37660957634499      c 
   95.21627304393240     16.58141236208827     30.37272234846222      h 
   90.59453981129121     19.40832900227043     30.03104955492608      h 
   95.34943589015900     20.09386517950526     33.20803519032545      h 
   90.17492356115227     17.89152784569768     34.50740759003892      h 
   92.90274047168997     16.10453395087310     33.78031393223511      h 
   92.76131444518232     22.92277413092165     35.92787148261058      h 
   92.99009933968063     24.15657771140808     32.85083767072682      h 
   90.18846019762830     22.63679230150593     33.81014339845216      h 
   92.42339415435198     16.21564229800804     38.31717762531973      h 
   95.10186673157499     18.02875524205254     37.51303390757948      h 
   92.25169996307098     19.54075166684222     38.36119613945618      h 
   95.76783772303443     22.46452924337679     28.33163816770963      n 
   96.51058547394875     24.79353226497299     27.11623258905721      c 
   95.85654541485778     24.81126202323962     24.30223549345261      c 
   95.55456918727008     26.83893014223627     23.20625225052188      o 
   99.28951690951347     25.53915780564721     27.55681225266558      c 
  101.07657370745675     23.89989261122067     25.98141004282762      c 
   99.89991867394302     25.45303496998341     30.37654926441850      c 
  103.83745971472773     24.68486099950704     26.21701384617321      c 
   97.10321777092237     21.24824370382053     28.95194171835729      h 
   95.33087236892985     26.29503834556307     27.94795776107235      h 
   99.47645427507599     27.49082250246354     26.88717514014113      h 
  100.87060542567534     21.92377033000247     26.53193227653055      h 
  100.52845956986134     24.03847407464184     23.99429984368565      h 
  101.71472771071079     26.33595849167820     30.74724847303530      h 
   98.46207967194206     26.45048147344805     31.45162369354269      h 
   99.99014512585066     23.50789782179983     31.03295523299697      h 
  104.98227405104294     23.62816993836810     24.87305441110603      h 
  104.04836713750701     26.69259448393531     25.82847504728378      h 
  104.57640825930427     24.28519789625881     28.09304852801120      h 
   95.55936356770131     22.58793122308393     23.15959691351817      n 
   94.85756776850162     22.49972963180618     20.51236561563511      c 
   92.04225452393779     23.14678888809394     20.26292847712315      c 
   91.25792207662136     24.38708781892858     18.46913875683169      o 
   95.62711631032671     19.99891580299577     19.23354839567369      c 
   96.10891971624027     20.45494823776063     16.41107306821915      c 
   93.64920258043591     17.94300881031812     19.62146400244032      c 
   97.09369873622310     18.12426937317753     15.03158317498375      c 
   96.09207784665577     20.97229721171314     24.03218343206963      h 
   95.85524555722594     24.05843648307941     19.56567125541260      h 
   97.39627128629829     19.39845400121691     20.13667257754046      h 
   94.35044103652528     21.09632979750490     15.54527963030762      h 
   97.49705354912643     21.96874377519548     16.21283412613006      h 
   94.37941187060835     16.13362184478600     18.98681953151199      h 
   93.17623666821964     17.77331334910347     21.60877977031742      h 
   91.94267396429696     18.38047211684795     18.56219041933132      h 
   97.64996073187272     18.62776122314855     13.12007116594542      h 
   98.73268449120432     17.35743079096029     16.01142326505111      h 
   95.65733055290396     16.66423393779241     14.91585628849584      h 
   90.55774930011165     22.39692452052834     22.15761028828034      n 
   87.92438585985347     23.16088952064947     22.24577156584544      c 
   87.81293369786904     26.04978569449489     22.35191897834008      c 
   86.46602442440553     27.30324196716239     20.94547480725079      o 
   86.64046150036758     22.01178956234817     24.54713758183789      c 
   91.16831716219249     21.17788703222055     23.49839609207697      h 
   86.98663822874778     22.55986898152048     20.49574989692490      h 
   84.68353062110039     22.62265343034582     24.64401663707167      h 
   86.70157394915269     19.96673489673385     24.40820596656024      h 
   87.61461195346905     22.58573930576684     26.26214221487900      h 
   89.30632000286634     27.08980224282503     24.10399856108707      n 
   89.47904552153281     29.81088857238499     24.35650430405872      c 
   90.08966565381135     31.00771900893852     21.79425400724891      c 
   88.89606136590223     32.81874535576227     20.97896141663382      o 
   91.54673494889029     30.56630588680247     26.24072957462307      c 
   92.19307402646137     33.31354516821074     25.87744113021788      c 
   90.51803628693342     35.19417428160084     26.61283446023361      c 
   94.43400598525342     33.99144337343596     24.69307027951277      c 
   91.06746000725731     37.70779271826609     26.15150824905061      c 
   94.99183851985629     36.50651147386795     24.24773767224994      c 
   93.30265345699097     38.37083471746310     24.96328355436135      c 
   90.27991019323090     25.97904048635801     25.32603090597657      h 
   87.63952137436895     30.57102687802572     24.94580098547697      h 
   90.89463981010825     30.19888397490852     28.16181032231053      h 
   93.21704499244734     29.42364839713634     25.85436352026919      h 
   88.78499381398211     34.67758483197105     27.55928922682732      h 
   95.74678701991087     32.53230684383528     24.12849750610977      h 
   89.75761894492595     39.14997626636489     26.74978793155246      h 
   96.75618393995238     37.00321806023940     23.35103333200675      h 
   93.74641276176531     40.32985264994192     24.61349759776148      h 
   92.02253398020164     29.98532534636882     20.55907126923784      n 
   92.83147973346398     31.01032401619072     18.15223841496893      c 
   90.58356547841832     31.21029866230458     16.35048913704266      c 
   90.16537263014666     33.12391363907059     15.11381371414184      o 
   94.85028799990387     29.32600890276351     17.00502427258495      c 
   93.10857622661261     28.62213987898876     21.36147313359611      h 
   93.57269307396164     32.92987319485346     18.42545942601540      h 
   95.45785158700888     30.10649457877309     15.20663664402359      h 
   96.45103972797320     29.22490500272064     18.28660297761094      h 
   94.09813194089256     27.43818165504693     16.70112078153170      h 
   89.17455591175631     29.13153729205975     16.15542164888189      n 
   87.00496617636216     29.10228122066319     14.48519555186479      c 
   85.21760528258528     31.27408262233340     15.16763229054854      c 
   84.39806923373843     32.73190785805875     13.55797283843981      o 
   85.68150530825909     26.54493471053537     14.64356762817057      c 
   83.36214268825536     26.33965124389510     12.92245091465193      c 
   84.06092292136665     26.61947576923468     10.13623890206469      c 
   82.08209705326341     23.79207992195281     13.36376854874679      c 
   89.59322362793897     27.54222107730026     17.14014279525163      h 
   87.65627265805034     29.46866089124843     12.54863325948662      h 
   87.05128122285528     25.08410923874544     14.14364485692375      h 
   85.11093380977862     26.22687099026138     16.60063434169488      h 
   82.03560536879458     27.84649209642909     13.42764529110718      h 
   82.41620635947206     26.26437548223444      8.95703179497925      h 
   84.73280269488527     28.51325906407997      9.71375968328647      h 
   85.53608313346648     25.27848460948606      9.63975067428257      h 
   80.43409177181952     23.61449397655523     12.15119618140810      h 
   83.38876862150124     22.26296095017386     12.93755055045260      h 
   81.48732063902368     23.61086932873873     15.32176088178846      h 
   85.22188830827690     12.98703035765369      7.89819009494097      n 
   87.32569789072191     14.09702929147031      9.27072728692083      c 
   87.62104198695160     12.83246596934267     11.84225959161586      c 
   89.58763605148113     11.84477850408765     12.56329120737350      o 
   86.93344809601230     16.94993405857992      9.61548430803697      c 
   89.03175062114347     18.04815866123953     11.26209803497603      c 
   86.88570079560864     18.26461159820057      7.05251466587963      c 
   83.69286414499369     14.07489060546555      7.52835664159114      h 
   89.08193773046862     13.75386647453445      8.21832719399167      h 
   85.10308932946212     17.23327769262043     10.54474774464043      h 
   88.78850871445233     20.07920911473029     11.45300032866114      h 
   89.02366236599056     17.23134115097841     13.14759343060206      h 
   90.85948317053533     17.67975567487537     10.39782912213575      h 
   86.76858492275349     20.29819409945923      7.31314329436605      h 
   88.60760232629801     17.84182711857271      6.01463154501386      h 
   85.26035098390284     17.65866153299936      5.95639677033741      h 
   85.55925099351397     12.97679161761411     13.29504609589611      n 
   85.60379533391136     12.01800891444202     15.84193087813335      c 
   85.65743145803356      9.13950755366926     15.89280249608609      c 
   86.63731079468532      8.00597168404402     17.66355347884753      o 
   83.41381085423059     13.07564501581191     17.39333335733286      c 
   83.59880493825453     15.93726834860591     17.68770202351477      c 
   86.70517488506593     17.07127472484362     18.66889367997408      s 
   87.01830048214846     15.46224045360528     21.68583422689025      c 
   83.88099655397136     13.56480502015525     12.58475173026143      h 
   87.39284797630950     12.63672310975721     16.70032508539766      h 
   81.63564670295924     12.63187514671360     16.44474635625877      h 
   83.42558851262808     12.16218987320052     19.24085228681217      h 
   83.25991416883636     16.86710286379275     15.88329547172908      h 
   82.21997431578977     16.60641242444923     19.06247966928889      h 
   88.68148364179520     16.22896048405406     22.60664216088953      h 
   85.34468697804589     15.81028399481868     22.81896179061058      h 
   87.27622899347566     13.45054661608097     21.38533029140368      h 
   92.41500476192043      7.72857409311201     15.09919410709372      n 
   93.59493190372542      8.30707501338965     17.50863668178032      c 
   93.18310444632485      6.09497706175054     19.33996041798924      c 
   94.92643275355408      5.11853753031640     20.51679810126384      o 
   92.49031933401675     10.74603416726562     18.55684026426230      c 
   91.29336327207258      9.06590137773494     14.29752865589878      h 
   95.64596721824367      8.48974841549314     17.23982812923594      h 
   93.50896439616471     11.33201839266487     20.23889698264812      h 
   92.62349187623822     12.22784348726550     17.13891831840998      h 
   90.51377152922255     10.46947282352987     19.04162697675255      h 
   90.78431210195994      5.36979831276197     19.56794775535139      n 
   90.03955461804992      3.29894040023564     21.19683954049726      c 
   91.57572980535861      0.94930633073689     20.53134848859530      c 
   92.64868346969406     -0.34341330974804     22.12853276782906      o 
   87.20935526330062      2.76147649201706     20.89175859559801      c 
   86.29790721033629      0.95427118277909     22.88483285751924      c 
   86.08138915965512      1.74675120506879     25.37939152128343      c 
   85.68228695182404     -1.52029487529377     22.27934953138387      c 
   85.27170247111525      0.09269384270216     27.23383973717994      c 
   84.85707949468576     -3.17208673724944     24.13312605949848      c 
   84.65407408285080     -2.37375699250569     26.61546190042256      c 
   89.39489106334615      6.25485016438537     18.58281967275011      h 
   90.46380925741217      3.78303674027867     23.17153296950062      h 
   86.20086749853915      4.55554680921096     21.04205992657357      h 
   86.87782664621682      1.99741548833750     19.00545437893533      h 
   86.54138219525912      3.67623139021507     25.86182749198256      h 
   85.84661298465471     -2.15024014694055     20.34561821023829      h 
   85.11505503033143      0.73263086229367     29.16421958456794      h 
   84.37518741886225     -5.08927992767490     23.63297308750569      h 
   84.01337269632486     -3.66063149595657     28.06271760430522      h 
   97.80922564548598      1.10381433208222     23.50036273610850      n 
   97.98547398389719      0.71650682665389     26.21534873116052      c 
   97.83121526348280     -2.11676792989933     26.79358443766083      c 
   99.10179254036730     -3.07351164598418     28.48319880393198      o 
   96.12377361075569      2.27621999403376     27.82167919649457      c 
   93.45680470169864      1.15487583971390     27.89885792428042      c 
   96.13780569558109      5.02455480551073     26.95011469786136      c 
   91.63391113423884      2.66636325907126     29.54357101966173      c 
   96.45548902365911      2.20926896896514     22.72482597249171      h 
   99.89822898493409      1.29198680117131     26.79441650572816      h 
   96.89533705189827      2.21647601429434     29.74374836533982      h 
   92.71029614273297      1.01254518287502     25.98709513046725      h 
   93.57351393406437     -0.75964816401975     28.66073907314158      h 
   95.05055875076719      6.16570714300913     28.26186615010630      h 
   98.05975187709315      5.74633974483333     26.90414441108070      h 
   95.32107825098154      5.23310420576273     25.07610922510162      h 
   89.88464141297379      1.61162609689615     29.74542275418260      h 
   92.43008652015773      2.97172356102377     31.41378890147320      h 
   91.19495865374110      4.49017207957878     28.70723742380767      h 
   95.88177124504557     26.83307493164011      2.65478696854812      h 
  103.86435036985527     24.93846052379499      5.82983203114208      h 
  102.44588436283148     30.83509532401298     11.84850528063130      h 
  108.16094220242948     27.67759481407044     13.19269801994137      h 
  107.41226742793143     33.45194615789046     21.06572953191526      h 
  113.86625374359436     34.94522568033253     21.02261103169853      h 
  109.19744304280951     40.78723124553765     27.07826778667700      h 
  113.37268826876651     37.36918123503644     30.49586851407787      h 
  116.40763576310896     24.08012567830296     33.93235042809663      h 
  121.13539905059415      8.55681937296399     40.97261495193501      h 
  110.02207710248170      0.45574789287053     34.23228921855032      h 
   84.68869447337931     31.53380247726443     16.96314422770170      h 
   85.75513457418786     12.45893891510002      6.37197588309067      h 
   84.88946312923576      8.15495536316130     14.47437174567932      h 
   93.61798321341321      7.41056581815326     13.93976512936327      h 
   91.73922057705202      0.40661546378618     18.72862234348468      h 
   99.24903794373175      1.80910648635960     22.93285459016134      h 
   96.67903899914369     -3.22532554214442     25.78628406575899      h 
  -0.3175682931716D-01   0.1052878033165D+00  -0.4443888433114D-01
   0.5310958441727D-02   0.4175422269778D-02   0.2335359369387D-02
   0.4734887038605D-02  -0.6943517579792D-02  -0.2439120643559D-02
  -0.3473139670360D-03   0.1924336866110D-02   0.4305103583898D-02
   0.9926379790133D-03  -0.1656607506793D-02  -0.6941790522834D-02
   0.4307480563618D-03   0.6756931575374D-03  -0.1272986099115D-02
   0.1940724480092D-02   0.1999929234552D-02   0.1541453924373D-02
   0.5328045321560D-03   0.4760993851106D-03   0.1320983687647D-02
   0.1223963617212D-02   0.8237200850373D-02  -0.1109189209306D-01
   0.1151472166881D-03   0.2530327803450D-02  -0.3424390893852D-02
   0.3219828800905D-03   0.7633684559823D-03  -0.7488999412062D-03
  -0.2917468248889D-03  -0.5463656596577D-03   0.7280138075635D-03
   0.1495532197887D-03  -0.6509240094084D-04  -0.4761741288852D-03
   0.4457822899578D-03  -0.2084632498566D-03  -0.1481628361325D-02
  -0.3682403161098D-04  -0.7252687983502D-03  -0.8070944704958D-03
  -0.2894130590197D-03   0.2437274409511D-03  -0.8855071652677D-03
   0.8108641938822D-03  -0.8744076469861D-04  -0.4067746571723D-03
  -0.2318735211844D-03  -0.2968997148687D-03  -0.1113798084728D-03
  -0.6594856641770D-03  -0.3266708011050D-03  -0.6275107607490D-03
  -0.1843084244928D-02   0.6586544318308D-02   0.5076226448850D-02
  -0.3807211221562D-02  -0.3040950332682D-02  -0.1508969330962D-02
  -0.4841805538591D-02   0.2056870158709D-01  -0.9487113394602D-01
   0.1032420314920D-01   0.1256487314671D-01   0.2056938641912D-01
  -0.2616854105957D-02  -0.2342137904123D-03   0.4577995318441D-02
   0.2425361765656D-03   0.1943522170640D-02  -0.1205523256686D-02
  -0.2964832905682D-02  -0.4738922488432D-02  -0.2972443542836D-02
  -0.3982657220202D-04   0.2995881337697D-03   0.7106146633730D-04
  -0.1968335500834D-02   0.1511140490238D-02   0.2688234162150D-02
   0.1883317673653D-02   0.8765605408081D-03  -0.2672976350843D-03
   0.1009824105810D-02  -0.8715150124599D-03  -0.5986166788126D-05
  -0.8248122105659D-01   0.8994288089237D-01   0.1269636337830D-01
  -0.3493709090253D-02  -0.1437448383222D-03   0.6699352120596D-02
   0.2743918941850D-01  -0.5196530462468D-01  -0.6740324729676D-01
   0.1421778989169D-01   0.1196481011116D-01   0.1619339049658D-01
  -0.1735574236094D-02   0.3626540200738D-02  -0.8414530107843D-02
  -0.1256547193818D-02   0.8690704158615D-03   0.2536355891975D-03
  -0.3727717902950D-03   0.1846452242030D-03   0.2216202901867D-02
  -0.9809627881415D-02   0.1202597606412D-01  -0.7459687472966D-02
  -0.1628918943684D-02   0.5405424634955D-03  -0.4101723507635D-02
   0.9850797420627D-03   0.1094210502840D-02  -0.1972860502564D-02
   0.6643643567706D-03  -0.1924375631720D-03  -0.1213272511115D-02
   0.4019130195891D-03   0.1352227132847D-03  -0.1368237991563D-02
  -0.4959250506078D-03  -0.1564782385568D-03   0.1633028404061D-03
   0.4518242975810D-03   0.7141554394215D-03  -0.1071966179818D-02
  -0.1104039918600D-02  -0.1694801143261D-02   0.5222713676520D-03
  -0.3548380980842D-03  -0.8717204505769D-03  -0.4262929771431D-03
  -0.1091598352852D+00  -0.1171083537057D-02   0.5631889140090D-01
   0.5310485926076D-02  -0.4941069276271D-02   0.8353598913199D-03
   0.3309655829492D-01   0.2607697984869D-01  -0.9291790065053D-01
   0.6114634048713D-02   0.1111116067192D-01   0.3341629367470D-01
  -0.7466197702267D-02   0.5372891365566D-02  -0.3116674616328D-02
  -0.6023886369120D-03   0.3264796567616D-03   0.4457392083936D-03
   0.9718615969367D-03  -0.1816508373069D-02   0.5425220456482D-04
  -0.4845754361536D-03   0.6229087132015D-03  -0.7831032471596D-03
  -0.1412612409567D-01   0.2275165082707D-02  -0.1903417579016D-02
  -0.2182972380809D-02   0.1719031930631D-02  -0.8216306037910D-03
  -0.8579654376379D-03  -0.2989976185135D-02   0.6750136816774D-03
  -0.1181636978112D-02   0.1239473370598D-02  -0.1861241039084D-03
  -0.3188173313927D-03  -0.3351151325867D-03  -0.9507183201333D-04
  -0.2413539244231D-04  -0.2375576871617D-03   0.7324669215457D-03
  -0.1034463407852D-03  -0.6541874072975D-04  -0.1817593457026D-03
  -0.1768997111540D-03  -0.1248740779977D-03   0.3541104613986D-03
  -0.1011043786499D-03  -0.1033858876505D-03   0.9573381732014D-05
  -0.4681926764510D-01   0.1086601645822D+00  -0.4055625642825D-02
   0.3771240041548D-03   0.2354446127900D-02   0.1412792703475D-02
   0.6016657418262D-01  -0.4500856701659D-01  -0.4990981129310D-01
   0.4022096379487D-02   0.6748952420696D-02   0.1781598387671D-01
  -0.1113612814855D-03   0.5314014194898D-02  -0.5819702842953D-02
  -0.2745455929720D-03   0.1804506376510D-02  -0.1690630278131D-02
   0.1417058217938D-02   0.2321137925619D-02  -0.1380604716890D-02
  -0.1715571080631D-03   0.1180047019973D-02   0.2284431065412D-03
  -0.3629386209526D-02   0.1312428571222D-01  -0.8052173175495D-02
  -0.1182181565616D-03   0.2391780220529D-02  -0.4120936579341D-02
  -0.1056006409201D-02  -0.1217508351476D-02   0.2409971181607D-04
   0.2855898409318D-04  -0.7876083099889D-03   0.1092936369638D-03
   0.6577508789200D-03  -0.7579955703714D-03   0.3889776077374D-03
   0.5823404984924D-03   0.5888380434085D-03   0.1033796216332D-03
   0.2246384885998D-03  -0.8703207018311D-03   0.1140832488421D-02
  -0.6124853846642D-03  -0.3523472613933D-03   0.8969406836905D-04
   0.2792797142462D-03   0.2423082075218D-03   0.4946654724575D-03
  -0.2122839692643D-03  -0.7653256413639D-03   0.3779592591435D-03
   0.1131072101320D-03  -0.4928183307314D-03  -0.3219576067378D-04
  -0.2851831898356D-01   0.1999819651041D-01  -0.1222149290651D+00
  -0.1056946657595D-01  -0.7948487688431D-03   0.1519248965158D-02
   0.4391310269100D-02  -0.2505838524182D-02   0.2540295257076D-02
  -0.2844425233850D-02   0.2840879938134D-02  -0.1038476548179D-02
   0.3206516607210D-02   0.5245378860023D-02   0.7760381606180D-03
  -0.5961644548321D-02   0.2913355021216D-02  -0.3048679187372D-02
   0.3034226277709D-02  -0.3462793985563D-03   0.3248511496134D-03
   0.1381072656005D-02  -0.1667706904946D-02   0.1611081334123D-02
  -0.4954375519232D-02   0.9507257938467D-02  -0.6981417566781D-02
   0.3879237637152D-03   0.7699257322628D-04  -0.1422181217156D-02
  -0.2058460462354D-03  -0.4135731889188D-03   0.1711159191833D-03
  -0.5115189175889D-03   0.1543874466740D-02   0.5839109153571D-03
   0.2514306338939D-03  -0.1883560753004D-02  -0.1154179464924D-02
  -0.1234558329217D-02   0.8820621634732D-03   0.4364115519838D-03
  -0.6522936812776D-02   0.2368695767941D-02   0.7758617151863D-02
   0.1075139344782D-02   0.2688532942359D-02  -0.5689758589880D-02
   0.9006073847574D-03  -0.1331676010834D-03  -0.9967887220783D-03
   0.6506314581242D-03  -0.3036391091439D-03  -0.4230236417078D-03
  -0.2155395851778D-03  -0.1279465319292D-03  -0.3761245153031D-03
  -0.2337981181660D-03   0.1755995459344D-03  -0.1937767035109D-03
  -0.4493820250663D-04   0.7579057804541D-03  -0.6336048049812D-03
   0.1679590843356D-03   0.2506542765447D-03  -0.3299299246923D-03
   0.2347547680665D-03   0.9265587320856D-03  -0.7166625592852D-03
   0.2221611501249D-03   0.6477076332997D-04   0.7576237958960D-03
  -0.6624115613867D-04   0.1769357993707D-03  -0.1253594275238D-03
  -0.1072806541880D-02  -0.1262164867163D-02   0.6578513835184D-03
   0.9948277770317D-04   0.1475241593707D-03  -0.5986320973976D-04
   0.1531112619616D-02  -0.6444963059741D-03   0.9131550519946D-03
  -0.1744826743252D-03  -0.4656434891932D-04   0.6815998296650D-03
  -0.8720132402504D-04  -0.5342539803878D-03   0.2003699616009D-03
  -0.1310797907821D-03  -0.3024257045587D-03   0.2305911565414D-03
  -0.7381569784561D-04   0.1156586348005D-03   0.4537598461857D-03
   0.4259159662375D-02  -0.2480539386842D-02  -0.3950186608489D-04
  -0.6411806974358D-02   0.1759885116285D-02  -0.3293265472764D-02
   0.7712506295100D-01   0.5078913545806D-01   0.5876515761243D-02
  -0.1395619055015D-02  -0.2430086014684D-01  -0.1031765578265D-03
   0.3548031952479D-02   0.1081057094994D-02   0.2119552920597D-03
  -0.3982588679250D-02   0.1307313671440D-02  -0.4774381582005D-02
   0.2225871794735D-03   0.5044959237034D-03   0.1710803069254D-02
  -0.1502043062082D-02   0.1768780800237D-02   0.4206937594840D-03
  -0.4006214919931D-03  -0.1111681477192D-02   0.2547683862820D-03
   0.4713759319650D-03   0.4886428284912D-03  -0.3298926089625D-03
   0.4020714606733D-01  -0.2559779884219D-01  -0.1132247534079D+00
  -0.4834653212985D-02   0.3859932828105D-02  -0.2163255567428D-02
  -0.8971140108794D-03   0.1057364945980D-01  -0.2865740243927D-02
  -0.1949012628211D-03  -0.4782073415972D-02   0.2325065915064D-02
   0.7452942821099D-02   0.1366453322272D-02  -0.1263692041073D-02
   0.3442846276593D-04   0.1739408351178D-02  -0.1264865333786D-02
   0.4829663725370D-03  -0.1839574236391D-03  -0.1002137930262D-02
   0.6416253658293D-03  -0.2328442974851D-03   0.1427821481367D-03
  -0.1095547196286D-03  -0.4061247083217D-03  -0.3231076791436D-03
  -0.7643942106534D-03  -0.2695143975029D-03  -0.1823113412585D-03
  -0.6199641745721D-03  -0.1971152580090D-03  -0.9767030823726D-03
   0.1207607461593D-01   0.6415653211849D-03  -0.5875285857219D-02
   0.4385657689719D-02  -0.9711633047004D-03  -0.7370833668276D-04
   0.1596176265166D-02   0.8356010614386D-03   0.5486006137853D-03
   0.3772638993413D-03  -0.1190593060984D-02  -0.2775707516563D-03
   0.7781081238169D-03   0.2016544214309D-03   0.1482467575775D-02
   0.5496940755187D-04  -0.9133660215281D-04  -0.2765625199622D-03
  -0.4985041387567D-03   0.6255539655052D-03   0.9121188761869D-03
   0.3421050452212D-03  -0.1363552485156D-04   0.1444487539562D-03
   0.1466588542060D-03  -0.3461757762256D-03   0.6710454347365D-03
  -0.6352855124038D-02  -0.5914237526664D-02  -0.4286855789450D-03
   0.1662872992156D-02  -0.5287250266632D-03  -0.7409449366410D-03
   0.1040177099331D-01  -0.8268173617564D-03  -0.1676441336876D-02
  -0.3767797914402D-02   0.2158269542215D-02   0.1695898877792D-03
  -0.7186209280996D-03   0.4125649182866D-03  -0.2041689481405D-02
  -0.7917447174377D-03  -0.7435461543869D-03  -0.1836079851300D-03
  -0.1047006629892D-02  -0.7260001123101D-03   0.6317105423238D-03
  -0.8352669548264D-03  -0.6798029478388D-03   0.3399109876922D-04
   0.1685861548300D-02   0.4232277928003D-02   0.3618481318208D-03
   0.5187132379826D-04  -0.6581057906787D-03   0.2957217526975D-03
   0.3882733483762D-03   0.1869463375972D-03   0.1892852672521D-03
   0.3613272678125D-03   0.2670245367117D-03   0.1059680573472D-03
   0.8121007996742D-04   0.5312235916849D-03   0.1055352083362D-03
   0.8224779031678D-03   0.8595604745590D-03   0.4086361339213D-03
  -0.1577070043869D-02   0.7992980401568D-03   0.3251461233065D-04
   0.2244771228300D-03   0.5462280903801D-03   0.3805088984202D-04
   0.3792632478573D-03   0.2781963848715D-03   0.2440626828669D-03
   0.5474576330093D-03   0.2937861669628D-03   0.9221497351105D-04
   0.2586765410122D-03   0.1125513621389D-03   0.2754111393054D-03
  -0.4921088030379D-02   0.1722305649002D-02  -0.1037597890989D-02
   0.1292625867706D-04  -0.2453950441120D-02  -0.1314247509463D-03
  -0.3050739299782D-03  -0.7800606973379D-02  -0.1252023386518D-02
  -0.4239027571840D-03   0.3869621638889D-02  -0.9866543754440D-03
   0.2981049117865D-03   0.1617072048407D-02  -0.1900646377990D-02
   0.4906657840289D-03  -0.1219467163942D-04  -0.9407059391316D-03
  -0.1973167055308D-02   0.1007224832524D-02  -0.1040004098122D-02
   0.1676630312914D-02  -0.9852913902579D-03   0.5848764833946D-03
   0.4501224913256D-03  -0.9930805372424D-03   0.5122147210779D-03
   0.9426527105661D-03  -0.2862438659232D-02   0.2835176188019D-02
   0.6842434263782D-04   0.9063259093428D-03   0.5265778149270D-03
  -0.8239244564748D-03  -0.1778797069076D-03   0.9144396558236D-03
  -0.2340167162407D-02  -0.3750010707798D-03   0.1950619998196D-02
  -0.1051885009936D-03   0.3855991318833D-03   0.1925588597714D-03
  -0.6569290338632D-03   0.8084808451626D-04   0.4431609973737D-03
  -0.4184323753172D-03  -0.9519425845531D-05   0.2565876837361D-03
   0.4575939023623D-03   0.1317159133150D-03  -0.3808864977194D-03
  -0.2347828159016D-03   0.3565278789088D-02  -0.1051807036915D-03
   0.3940819168648D-03  -0.7407941952616D-03  -0.2113732636446D-03
   0.7706365892365D-03   0.3903525731164D-02  -0.5298698323176D-03
  -0.1934355713470D-03  -0.2555921800276D-02  -0.6082575403734D-03
   0.7597562383973D-03  -0.1420088552965D-03  -0.8610624527070D-03
   0.6276559922663D-03  -0.2789000502577D-02   0.1464739733456D-02
   0.3804483274054D-02  -0.2325404061279D-02   0.2249085064072D-02
   0.9748637014639D-04   0.3155296890493D-03   0.5474524157742D-03
  -0.1159889449047D-02   0.1057449041305D-02   0.5070477939188D-03
   0.3581769603601D-03   0.2024474777092D-02   0.1879395937998D-02
  -0.7426075897905D-03   0.8966602319973D-03  -0.2117031372528D-02
   0.1286716949886D-03  -0.2518917091072D-04  -0.8838743874190D-04
   0.1123250524323D-03  -0.9633889864116D-04  -0.3074300618485D-05
  -0.1022514525153D-04  -0.6240372298687D-04  -0.3679464496489D-04
  -0.1197735598689D-03  -0.5185900240417D-04   0.5796336430097D-04
  -0.8938360017107D-05  -0.3393430378094D-05   0.4433828095389D-04
  -0.8031670465390D-04   0.4611383798024D-04   0.3697477275683D-04
   0.2223652760899D-04  -0.2101716867337D-04  -0.5075354846547D-04
   0.3685056076061D-03  -0.9401261845425D-04  -0.4033483523923D-03
   0.2384258446606D-03  -0.3010474870801D-03  -0.3892086490744D-04
  -0.1813964513834D-03   0.5559233922429D-04   0.1669470372410D-03
  -0.6714826425339D-04   0.1560557539934D-04   0.4630662689130D-04
  -0.1908572554858D-03   0.6282712770200D-06   0.1092990994980D-03
  -0.4422961367158D-04  -0.4034884997607D-04   0.1385484184830D-04
  -0.2999295887205D-04  -0.4762962298644D-04  -0.8328314677304D-04
   0.7539094767935D-04  -0.9612354409131D-04  -0.8434941197637D-04
   0.2945753762005D-04   0.1190504253109D-03  -0.9426522025173D-04
   0.4064108360169D-04  -0.4519749857919D-04  -0.1708896474114D-03
   0.4133729428972D-04   0.3200799091543D-04  -0.1069805030763D-03
   0.5667050577927D-04   0.9833157647324D-04  -0.7543385547272D-04
   0.1981780608118D-03   0.2060638716115D-03  -0.6491651333718D-04
   0.7325230330980D-04   0.3286171863160D-04   0.1890034711129D-04
   0.5451553809584D-04  -0.2068483820097D-04   0.6366597021573D-04
   0.1031819378693D-03  -0.3503420158574D-04  -0.5938042369579D-04
   0.3969948086277D-04  -0.4450551863895D-04  -0.1104597776490D-03
  -0.6220811616061D-04  -0.9902807783408D-04   0.9923901817446D-04
   0.1872819291638D-03   0.6833539300348D-04  -0.1829718821945D-04
   0.5618000737320D-04  -0.2611683880430D-03   0.3021671814380D-03
   0.5047219147656D-04  -0.6389083238865D-04   0.8093856199764D-04
   0.6519835403636D-05  -0.1632781490589D-04  -0.8543225896377D-04
  -0.2991282823375D-04  -0.2914132942181D-04   0.8962662220354D-04
  -0.7604669094933D-04   0.1306285003284D-04   0.2009157649067D-04
   0.1024195125850D-03   0.2009160464449D-03  -0.1487240270944D-04
  -0.2462011328583D-03  -0.1381270637062D-04  -0.1112061304177D-03
   0.8380025427751D-04  -0.1006840637021D-04  -0.4332653366575D-04
   0.2094727100671D-03  -0.7176791132612D-04  -0.5364923617240D-05
  -0.1351168479247D-03  -0.5381763175145D-04   0.1036120855391D-04
   0.1691615374746D-04   0.1015921299777D-04   0.9847512571402D-04
  -0.8661314210553D-04  -0.7454427639797D-04   0.1857124440612D-04
  -0.2414272137227D-03  -0.1341389646406D-03  -0.1425937214718D-03
   0.1167552106281D-03   0.2570224760958D-03  -0.1031712888672D-03
   0.5496801444683D-04   0.4629245879043D-04   0.2282102140664D-04
   0.3765903518446D-03   0.1591540102179D-03   0.2837522052951D-03
  -0.2714687536213D-03   0.5428748829793D-04   0.1946210110098D-03
   0.1781274675291D-03   0.2911242065506D-03   0.3928990447498D-03
  -0.5536872357564D-05  -0.1218255720294D-03   0.8192391515669D-04
   0.6068286531620D-03   0.1231221833857D-04   0.1367497318003D-03
  -0.7579267322786D-03   0.1528500129668D-03  -0.8667134935458D-04
  -0.1219384736020D-03  -0.8556452872943D-04   0.3728524455279D-04
  -0.6847323452699D-04   0.6530532333617D-04  -0.3573870955546D-04
  -0.1629947997153D-03  -0.1011385164183D-04   0.1589068575229D-03
  -0.2450606810490D-03   0.4201869302557D-03   0.4865198278933D-03
   0.8896891592688D-04   0.2084014274327D-04   0.4032206601315D-04
   0.6156896101949D-04   0.7912294471008D-04   0.4030716961012D-04
  -0.7623711676829D-04   0.1248539860256D-03  -0.2513165689998D-04
  -0.2950228177118D-04   0.7183442552954D-04  -0.1033655950240D-03
  -0.8838047887209D-04   0.1182973332983D-03  -0.1211050012011D-03
  -0.1830525518625D-04   0.6332339669811D-04  -0.1457733526395D-03
  -0.2255570114866D-03   0.9908152221901D-04  -0.1680146352049D-03
   0.1207576799608D-03  -0.3228365687375D-04   0.2565360108977D-04
   0.1509751207646D-03   0.1497408169730D-04  -0.4797810313431D-04
   0.3376808525918D-03   0.1004511635347D-03   0.1813530457852D-03
   0.2457755443218D-03   0.2434245772615D-04  -0.1656533635905D-04
   0.6674924590402D-04   0.6528872959685D-04   0.2036947499415D-03
  -0.7187088902090D-04  -0.1436943524129D-03   0.1757421352440D-05
   0.2377654937089D-03  -0.1294918993666D-03  -0.1266359612228D-04
   0.2131305138452D-03  -0.9157493385905D-08   0.2189721198829D-03
  -0.1917808124376D-03  -0.1506779075738D-03   0.7294161568705D-04
  -0.3667840013288D-03  -0.5404770180567D-03   0.3711079065386D-03
  -0.1192486161074D-03  -0.2357732835922D-03   0.3460396856284D-04
   0.2755646381728D-04  -0.2841762968103D-03  -0.3193751930508D-04
  -0.2756132520029D-03  -0.1208624988776D-03   0.3181895412883D-03
  -0.4371627665415D-04   0.7211157839942D-05  -0.1261348802663D-03
  -0.2309088754370D-04   0.3232569807929D-04  -0.1265922498258D-04
  -0.3999550828066D-04  -0.3371934511594D-04  -0.1248863497382D-03
  -0.1078933684980D-04   0.7566068681907D-04  -0.4117478365709D-04
   0.3783800674155D-03   0.7223940114252D-04  -0.1019515709872D-03
  -0.2444232038887D-03  -0.5319925725965D-04   0.4217765344266D-03
  -0.1211333512400D-03  -0.3232451323074D-03  -0.3160545762272D-03
  -0.5578251349973D-05  -0.7275839400679D-04   0.4672113457947D-04
   0.3872713111828D-04   0.9767024926248D-04  -0.1111105790356D-03
  -0.3664653122544D-06  -0.3521771205516D-03  -0.1091314079658D-03
  -0.1580037550904D-03   0.6188001667535D-04  -0.8596944645560D-04
  -0.1287660857650D-03   0.3384466937469D-03   0.5069294880246D-04
  -0.1356774622565D-03   0.4711610031467D-04  -0.2992022462526D-03
   0.3103338395682D-04   0.1031693585602D-03   0.1558755153214D-03
   0.5826628734208D-04   0.5220794280018D-04   0.6000709658030D-04
  -0.3723189787064D-04  -0.2180465568292D-03  -0.3372980528781D-03
   0.9176187213098D-04   0.1606201516759D-04  -0.2433128161324D-04
  -0.3591492090153D-04   0.7164519964547D-05  -0.7310693353943D-05
   0.6037684380154D-04   0.1694082536219D-03  -0.1092712501905D-04
   0.2188576247306D-03   0.1746542411279D-03  -0.6860361304581D-04
   0.4635727472348D-04   0.1372009788355D-03  -0.8635947010298D-04
   0.9152086538223D-04   0.4439799725768D-04   0.5463767897436D-05
   0.2158497885777D-04   0.1026856050332D-03  -0.4903195531683D-04
   0.2229358573899D-03   0.3954449381621D-03   0.3281663701927D-04
   0.2432771923186D-03   0.1078995324113D-04   0.2117207742845D-03
   0.5364201660739D-03   0.7097761024777D-04  -0.1879431305452D-03
  -0.3357379174485D-03   0.1152969373547D-03   0.3023432755626D-04
  -0.1997374034550D-04   0.7440065331349D-04  -0.5829483878790D-04
   0.9617866203320D-04   0.1798695703533D-04   0.4484280294207D-03
   0.9215684125077D-04  -0.2621617669737D-04   0.1549880486561D-03
  -0.9086467074032D-06   0.6777323824553D-04  -0.7679336782867D-04
   0.1463491655156D-03   0.5575230415547D-04  -0.1827690237548D-05
  -0.3781466646956D-04   0.4060902793205D-04   0.8614926923760D-04
   0.3505438793281D-04   0.4988191026574D-04  -0.3076096152298D-04
  -0.4410304168346D-03  -0.1184945137852D-03   0.8375240158389D-04
  -0.1102823856845D-03  -0.3056155273415D-03   0.3283268910418D-05
  -0.1702047908427D-03  -0.1014086021598D-03  -0.1308797699064D-03
  -0.1010634616345D-03   0.3140927679465D-04   0.5239592788419D-04
   0.1743504366946D-03  -0.2117437106987D-03   0.1204799971143D-03
   0.1796344815545D-03  -0.5568399248987D-04   0.7174199883828D-04
   0.1525154541527D-03  -0.8802264119213D-04  -0.4713286219585D-04
   0.2051022705713D-03  -0.1577901692704D-03  -0.6347039922789D-05
   0.4110679396694D-04   0.4795867688299D-04  -0.9101947309374D-04
  -0.1727892771892D-03  -0.2341763598280D-03  -0.5681122075112D-04
   0.6702220782787D-04  -0.1650818129610D-03   0.1833511121423D-03
   0.1918491212961D-04  -0.1570211826726D-03   0.2848489113004D-03
   0.1930570708228D-04   0.1036053605224D-03  -0.1127805592469D-03
  -0.1055690133932D-03  -0.1595623855750D-03  -0.8949661251874D-04
   0.1728858102279D-03   0.2532719915415D-03  -0.5511815473141D-04
   0.3768342185615D-04  -0.6626910371491D-04  -0.5093333704057D-04
   0.6619987668978D-04  -0.2329577945913D-03  -0.3086388494445D-04
   0.4293469737598D-04  -0.9820859667679D-04   0.1289642043071D-03
   0.8461721892762D-04  -0.3491828015719D-04   0.4814916875107D-04
   0.9333495569252D-03   0.2444820108132D-02   0.2311826547540D-02
  -0.5148735159342D-04   0.6062764194550D-03  -0.1857713351312D-02
   0.3280593459040D-02  -0.3971473214451D-02   0.4933336083289D-02
  -0.1062872135516D-02   0.3855702999972D-02  -0.2078770818195D-02
   0.1103592778828D-02   0.5823337381758D-03  -0.8748242589647D-05
  -0.1582127761826D-02  -0.1484517915844D-02  -0.2184512301815D-03
   0.2588100738286D-03  -0.6372557348462D-03   0.1436968350629D-03
  -0.1748313221049D-03  -0.6159998934548D-03   0.5286517441463D-03
  -0.5257626453177D-03   0.2520284353057D-03  -0.5637273338963D-03
  -0.4674665880500D-03   0.1219779646751D-03   0.5598295085527D-03
  -0.9842505220128D-03   0.2471335140787D-03  -0.3720542526416D-02
  -0.1141535035502D-02   0.1766723341580D-02  -0.1141534169006D-02
   0.7351806500842D-02  -0.6817605560175D-02   0.1130805508544D-02
   0.8456087406773D-03   0.1433727547440D-02  -0.1335231023877D-02
   0.5692832902202D-04  -0.4570521788081D-03   0.2740171879371D-03
   0.2415370162308D-03   0.7324091228360D-03   0.7225990120756D-04
  -0.9999445983115D-03  -0.6615677742077D-04  -0.5571432129905D-03
   0.2897750326225D-03  -0.2576207538085D-03  -0.7112435827048D-03
  -0.6442684081533D-03   0.2006285065035D-03  -0.1163686782282D-02
  -0.1117003433102D-03   0.8061989906794D-04  -0.5540310287097D-03
  -0.3458273653687D-03   0.5633910759259D-03  -0.7467238997911D-03
  -0.5624310987244D-03  -0.2015601999930D-03   0.5398281614573D-03
  -0.2227652169877D-03  -0.5225279140021D-03   0.9805570691952D-03
  -0.8420848901735D-04   0.1808098503236D-03  -0.1121062357202D-03
  -0.6044944072954D-04   0.4706566617379D-03  -0.2756365348745D-03
   0.4403182561505D-04  -0.3694545589119D-03   0.5431236884747D-03
   0.6577585140688D-04   0.3288573809078D-03   0.4585942989908D-03
   0.4895580063958D-03  -0.6482457419956D-03   0.6518269863967D-03
   0.1896709654237D-03  -0.3119676072088D-03   0.7095591765159D-03
   0.5993507124171D-03  -0.2740923282986D-03   0.1868627620210D-03
  -0.4200304544206D-02   0.3309597613698D-02   0.2349472272977D-02
  -0.2250930487899D-03   0.2125635162692D-02  -0.1098855061528D-02
   0.2548180412192D-02  -0.4312292181069D-02  -0.1738512550648D-02
  -0.1238385253474D-02  -0.3866274198528D-03   0.5181492586510D-03
  -0.1305136184079D-03  -0.2246433724546D-04   0.2755924946617D-03
   0.2715999106826D-03  -0.7335445058140D-03   0.3813150110737D-03
   0.1259443314300D-02  -0.1162817381569D-02  -0.2279365750600D-03
   0.2924394190515D-03   0.9843020285604D-04  -0.2907573535417D-04
   0.3896824411596D-04   0.5781569133745D-03  -0.1881228456712D-03
  -0.3686743790591D-03   0.7624796830896D-04  -0.3811683904209D-03
   0.6370998195063D-03   0.2796811447420D-02   0.1711595554333D-02
   0.3231485009729D-02  -0.5570634284229D-02  -0.2710508427819D-02
  -0.1431977289368D-01  -0.7727460821939D-02   0.9442976968105D-01
  -0.8183206574095D-02   0.1776457704004D-01  -0.1429853934236D-01
   0.2479361263385D-02   0.1119841340453D-02  -0.7497932180930D-03
   0.7034045297576D-03   0.4371946605160D-03   0.1095812731203D-02
  -0.1123624912961D-03   0.1949531333541D-03   0.1086690934075D-02
   0.5652768344687D-03   0.1400123294478D-02   0.2500922616087D-03
   0.8545275063776D-03  -0.1538457527402D-02  -0.1299218686036D-02
  -0.1421021216536D-03  -0.6461172468571D-03  -0.2224578034122D-03
  -0.5566628119176D-03  -0.4952203824126D-03  -0.1666709328574D-03
  -0.1132542873428D-02  -0.1541976845900D-02  -0.7469895971563D-03
  -0.3460216469287D-03  -0.4041941202815D-03   0.9817710193552D-04
  -0.1502901467625D-03   0.4052634586879D-03  -0.2747460762506D-03
   0.3657582604787D-03  -0.3089240031334D-03  -0.1225549505995D-02
   0.6282090909678D-04   0.2989044197714D-03   0.1041242118650D-04
   0.1568057315920D-03   0.3704240604641D-03  -0.5036441986468D-03
  -0.2543172191783D-04  -0.3974099385592D-03  -0.1107966693777D-03
  -0.2603158711806D-03  -0.2287923156139D-03   0.3226496583536D-03
   0.4547537264930D-01  -0.2546441808793D-01  -0.1068064394356D+00
   0.4671068940043D-02  -0.5683881974596D-02   0.3534180830969D-02
  -0.9741653873595D-03  -0.1490439271462D-02   0.2519987792399D-02
   0.1063015410193D-02  -0.2372746074967D-02   0.1903804772083D-02
  -0.4467314992921D-02  -0.4069108072340D-02  -0.4336336470867D-02
   0.1529208002155D-02  -0.1970313499813D-02   0.4568800110942D-03
  -0.2278810980747D-03  -0.9293462392716D-03  -0.2467735050711D-03
  -0.1974283971221D-02  -0.9031111656626D-02  -0.1179084826626D-01
   0.1865868267208D-03  -0.6859509130241D-03  -0.2561748634855D-02
  -0.1612329264862D-02  -0.1096800872754D-02  -0.6566451511987D-03
  -0.6326314265052D-03  -0.5212619302656D-03  -0.7272017355611D-03
  -0.2527247903242D-03  -0.1114262936760D-03   0.6116463160538D-04
  -0.6458962609098D-03  -0.5177954744313D-03  -0.9765517299642D-03
   0.9796659595656D-03  -0.2949962358767D-04   0.2715967096160D-03
   0.8989720514045D-04  -0.3424894834345D-03   0.1034067223171D-02
  -0.5527482589675D-03  -0.6962690463791D-03   0.2075224338661D-02
   0.7317665729511D-02   0.2925437136485D-02  -0.1729085229274D-02
  -0.3430614665413D-02   0.7864997877938D-02   0.2248193525767D-02
  -0.4038692040367D-01  -0.3127170076201D-01  -0.7727724094283D-01
   0.1198627400196D-01  -0.1183309076872D-01   0.1508840559806D-01
   0.2675097831063D-02   0.1799581065780D-02  -0.9924434863539D-03
   0.3445764655924D-02   0.1092212164844D-02   0.8448445432185D-03
  -0.3774907452655D-02  -0.7734614687959D-03  -0.2033312161660D-02
   0.1325640051910D-02  -0.5338124692259D-03   0.2486942519891D-02
  -0.4949960836486D-02   0.1207656727542D-02   0.1038682750241D-02
   0.4912549788806D-03  -0.7251502134395D-03  -0.2603659251453D-03
   0.3839716851961D-03   0.5326890230862D-03  -0.1393469115496D-02
   0.6201708752033D-04  -0.5020589685754D-03   0.1012668956800D-03
  -0.1052638551112D-02  -0.1436387893125D-02  -0.1292882353366D-02
  -0.1158937706654D-03   0.1622988506530D-03   0.3438304862782D-03
  -0.3355666656102D-03  -0.2609427587922D-04  -0.5952645820160D-03
  -0.1230739834764D-03  -0.5086534079141D-03  -0.1288433697084D-03
  -0.6813211831595D-03  -0.1109446547287D-03  -0.1403932638386D-03
   0.9442119554032D-01  -0.1118267239912D-01  -0.7599623353446D-01
   0.4859878203205D-02  -0.5776389392856D-02   0.5357740585997D-02
   0.2226958080653D-02  -0.6128975680851D-02   0.1825995128695D-02
  -0.1499541796313D-02   0.1309401742915D-02  -0.3802537080568D-03
  -0.6774328847724D-03  -0.1537924501818D-02  -0.6207013933758D-02
   0.5496305424913D-03  -0.5865827608948D-02  -0.1185315553521D-01
  -0.1795427054163D-02  -0.1788789172579D-02  -0.4734703865831D-02
  -0.2246025629242D-03  -0.1964934966380D-02  -0.1656320654486D-02
  -0.5595070079129D-03   0.1611648625396D-03   0.9569957910982D-05
  -0.4850961754104D-03   0.1541134791769D-03   0.5149712044515D-04
   0.1708223811068D-02   0.3419652224953D-02   0.5211511766295D-03
  -0.5254231814141D-02   0.3545184089989D-02   0.1034308604144D-02
  -0.1028993830099D-01  -0.4541371964684D-02  -0.9405907596665D-01
   0.1684156651833D-01  -0.1364380084660D-01   0.1545736864542D-01
   0.9319941205335D-03   0.8200581405238D-03   0.2119366127124D-02
   0.3281402713804D-03  -0.1640625497401D-03  -0.2227180433530D-03
   0.2059837926219D-03  -0.5089901558183D-03   0.3608501337545D-03
  -0.2242199670222D-04  -0.1175134832230D-04  -0.8529433323540D-03
   0.8074818467102D-04  -0.2193511713531D-03   0.4571948651668D-03
  -0.9583068793561D-04   0.3847470879568D-03   0.3987261098822D-03
  -0.1983064808938D-03  -0.4064381551489D-03   0.4856939868274D-03
  -0.3539987686143D-02   0.2612253863358D-03   0.1672948819603D-02
  -0.2007413127153D-03   0.5639844323193D-03  -0.9150657205240D-05
  -0.2853364947834D-03   0.6655940312100D-03  -0.5518857971047D-03
   0.2415996639074D-03   0.3431283663623D-03  -0.2608044714311D-03
  -0.1667401850132D-03   0.3768480513109D-04  -0.4797945515385D-03
   0.1477261231520D-03   0.6820249404298D-03   0.9189115887520D-04
   0.2824941946760D-03  -0.2113835374282D-03  -0.3288603984443D-03
   0.7089651493762D-04   0.5591111567985D-03  -0.5518013007349D-04
  -0.1256424181180D-03   0.2206404845853D-03   0.2101374216715D-03
   0.1014208821861D+00   0.5810305519133D-01  -0.3028402117709D-01
   0.3566663468114D-03   0.3364756019641D-02   0.6950150710777D-02
  -0.5608924457090D-01  -0.4264773207837D-01  -0.6027203209619D-01
   0.1014642338134D-01  -0.8833688576411D-02   0.1340225707379D-01
   0.1444590083613D-02   0.1107668868752D-02  -0.8114111061765D-02
   0.9480080440657D-03  -0.4481259717790D-03   0.7517245559792D-03
   0.1248382008992D-02   0.1548867040552D-02  -0.1172864825050D-02
   0.6996675679527D-03   0.7346489595717D-03   0.1240585810918D-03
   0.1103556106904D-01   0.4074673082938D-02  -0.1353430785847D-01
   0.1510780033580D-02   0.4045161113657D-03  -0.3648317370910D-02
   0.2005965643061D-03  -0.9918677741145D-03  -0.1700088625246D-02
  -0.1064467424458D-02   0.4549227366879D-03  -0.9776054005913D-04
  -0.1470157121074D-02   0.6124438460935D-03   0.4432578407675D-03
  -0.2090854506006D-03  -0.1316934747132D-02  -0.2894659934721D-03
  -0.6399104348674D-03  -0.1255657218072D-02   0.7899652726589D-04
  -0.4915440016550D-03   0.6119273248478D-03   0.2217070913226D-03
   0.4098735916466D-03  -0.3767240693141D-03  -0.6005512241031D-04
  -0.3653639418043D-03  -0.1755094921721D-03  -0.1654992603680D-03
  -0.1701318525517D-03  -0.6983117678251D-04  -0.1251003940739D-03
   0.2167463336686D-01  -0.1200543729083D+00   0.6505751348966D-01
  -0.8963491048200D-03  -0.2829575484503D-01   0.7000116247160D-01
   0.8175883176433D-01  -0.1108741290014D+00  -0.4357379570122D-04
  -0.2696821136877D-01   0.4453749588518D-01   0.5439464415847D-01
   0.1240832131420D+00  -0.1524583602889D-01  -0.5803066730684D-01
  -0.3261464982448D-01  -0.2206856855962D-01   0.6216097263546D-01
   0.3938675017785D-01  -0.1322673508062D+00   0.1394711510749D-01
  -0.5411747459630D-01   0.3728934070043D-01   0.3962245810214D-01
   0.4231438304819D-01  -0.3468766513541D-01   0.1290681048677D+00
  -0.6873889761341D-01  -0.3273770979358D-01  -0.4519902847329D-02
  -0.6004615796772D-01   0.1315111999279D-01   0.1242053016177D+00
   0.1449560631186D-01  -0.2223360364169D-02  -0.7559484710183D-01
  -0.4396436187413D-01   0.4922177025095D-01   0.1214881173336D+00
   0.3145698325548D-01   0.3356708502156D-01   0.5962853140304D-01
  -0.9644635749193D-01   0.3188938693637D-01   0.9361589450595D-01
  -0.5271587364650D-03   0.1291226127104D-01   0.7656393605454D-01
  -0.1199658794217D+00  -0.5157871268387D-01   0.4595863161630D-01
   0.4758834352179D-01   0.3719721278196D-01   0.4658178273835D-01
$end                                                                            
