$grad                                                                           
  cycle =      1    SCF energy =  -674.10435912142   |dE/dxyz| =  0.566110
   39.12666674962564     74.38121320519329    143.58173489352134      n 
   37.12126264363665     75.39380535645088    142.01930539305488      c 
   36.57836418140870     78.17126015241095    142.59250353822839      c 
   35.39626726382762     79.53091485998472    141.16422271376513      o 
   34.81522190711672     73.71817215501665    142.39231212996569      c 
   32.49257137920099     74.45326087387052    140.95395975499778      c 
   30.77689652612813     76.10233033464061    142.06532306830417      c 
   31.86925406469658     73.20236136866501    138.72709453690436      c 
   28.36628679792477     76.35365020258051    141.10341490713341      c 
   29.44431150915291     73.43601302671246    137.77921016503998      c 
   27.68315813249421     74.94940099070017    139.00281824544012      c 
   38.63020109896635     73.18161250901069    145.02479309352788      h 
   37.72591864642861     75.30005237299879    140.04488541778989      h 
   35.35537137612452     71.79309875447029    141.88506225324195      h 
   34.36113059450061     73.69996004023302    144.41081322863346      h 
   31.26892390519578     77.05222653917518    143.80290195652020      h 
   33.21338370189982     71.93843613480293    137.86475412794573      h 
   27.00856140398021     77.52897157806819    142.05869514649967      h 
   28.86683181643142     72.41362342573073    136.11220782578602      h 
   25.77173128187708     75.05083756679190    138.29336283535690      h 
   37.66463161058735     79.08573518484147    144.70130660848881      n 
   37.91158391386659     81.80381686223629    144.99416039929608      c 
   39.43744589742953     82.91092515143225    142.73787838748024      c 
   38.80561625645063     84.88751913432563    141.74850509978452      o 
   39.14940110294989     82.41240199418245    147.54946750999846      c 
   37.30923880062420     82.35992395572704    149.79601318072511      c 
   35.54807783142458     84.66421941260288    149.76220993377530      c 
   33.99413910661997     84.90345586354184    152.18539122864047      c 
   32.56818653375242     87.32306615480795    152.17266949698484      n 
   38.39480742861097     77.92310914078206    146.02463968463047      h 
   36.04469011990425     82.69029097395455    144.86722341753688      h 
   40.66329032373765     81.05273100378501    147.88260927973360      h 
   39.99891096435248     84.28697757193875    147.44182280602911      h 
   36.20669296125839     80.62122148275986    149.80628201956372      h 
   38.41086775384112     82.40119806735460    151.53538266988269      h 
   36.71314851548988     86.35493680057228    149.57076179123800      h 
   34.25098551627105     84.56420278339247    148.16780904228577      h 
   32.64491355051803     83.35428344407694    152.34700147281464      h 
   35.20970393758039     84.88964157719099    153.84911988470554      h 
   31.23154077350187     87.50133843468633    153.71670849575057      h 
   33.76340943070759     88.84256421846246    152.25529915684587      h 
   31.43147843257664     87.45836351584724    150.60375997109173      h 
   37.73179765472160     82.65396314611101    134.69546142496750      n 
   35.57216495357341     84.15455023615338    133.94662060743127      c 
   35.76180744199024     86.84859249998762    134.97691527409930      c 
   34.96136217928186     87.36136220025782    137.09735145875317      o 
   33.16830343541217     83.05641230293986    135.18145534333809      c 
   32.52688127037054     80.33108706220672    134.48825332876172      c 
   31.24934311330763     80.03747283509500    131.91913892501731      c 
   31.49400496442345     77.33993077007882    130.91909355798850      c 
   33.71199112410839     77.12802068044270    129.15661887493050      n 
   38.27262479173803     82.86795010465870    136.51358636499234      h 
   35.47260462137017     84.15561205086554    131.88428328345023      h 
   33.47515218511091     83.13350314259536    137.21666059119775      h 
   31.60178252557564     84.30359138089192    134.70320347325583      h 
   34.24963640576695     79.21168980031381    134.57876526685973      h 
   31.27272359794901     79.58459876129221    135.94622744730188      h 
   29.25526265641120     80.52167934427115    132.09368779981213      h 
   32.07294109784688     81.35575052525877    130.56767774563860      h 
   31.74776391997646     76.05109279846984    132.50481509069380      h 
   29.77556018317945     76.79369699389578    129.92562480235830      h 
   33.25335503872559     77.95130941454288    127.45555666885612      h 
   35.26327012351211     78.13138137001579    129.88716376134531      h 
   34.14298381396812     75.25895379329036    128.84364711798085      h 
   36.61064250436612     88.68239209088465    133.47682354472300      n 
   36.35571010553250     91.25291232847006    134.39907809322722      c 
   33.65198032753713     91.46023336622591    135.46669962537695      c 
   31.89374263739149     90.49667467683703    134.29943774927142      o 
   36.72663193709420     93.08608981572640    132.15519861983489      c 
   38.71639248122642     92.16678754506572    130.64901008123442      o 
   37.47860202288361     88.42767999724705    131.79792078574957      h 
   37.75054489019426     91.62976134386426    135.88159297434663      h 
   34.98470835783836     93.17687883016742    131.02818049286546      h 
   37.12425448629445     94.97223343440723    132.90015695742483      h 
   39.56512361113174     93.54087696304259    129.81199034081700      h 
   33.25487820565079     92.90788146263125    137.50868617426985      n 
   30.71217603738301     93.25785247499108    138.55132184912858      c 
   28.69738773960166     93.22483984591477    136.46401417664850      c 
   26.90010679124799     91.76671812787271    136.56997457732783      o 
   30.61493687824001     95.72645279787723    140.07543335327753      c 
   27.96924627675800     96.88059676203774    140.43656636360376      c 
   26.01856447157234     95.05661178335593    141.49038061291600      c 
   28.16945265372892     99.13621421657463    142.23556549916751      c 
   34.70978958657445     93.53830767841386    138.56970749083212      h 
   30.24108690611536     91.65156400598167    139.77711048278985      h 
   31.42586984066549     95.37567560102640    141.93699685375748      h 
   31.77572408969350     97.14729868683322    139.13098467250845      h 
   27.27995465338023     97.56692064054302    138.60897097864714      h 
   24.17115118476557     95.95113630147297    141.60946649597150      h 
   25.84151436552659     93.34870576562570    140.37136634499376      h 
   26.52298199794149     94.48411815560631    143.40457475364681      h 
   26.33884213486423    100.04780895063406    142.43305114981698      h 
   28.75707828450527     98.51500512229116    144.10417732972880      h 
   29.51482336731552    100.52723844312585    141.54590806169563      h 
   28.96886310194055     94.90741497867842    134.59500751468423      n 
   27.19108827238722     95.22937898748711    132.52665846431120      c 
   26.23500996206829     92.67582748208039    131.51284446784430      c 
   23.96537819236602     92.24494366500178    131.28269321134474      o 
   28.50527389895779     96.71561399293688    130.43359724244388      c 
   30.40763632322372     96.15993136647633    134.66586705313077      h 
   25.51375193106371     96.25880867197507    133.19077370614906      h 
   27.23988258527965     96.93873785638483    128.83088023340233      h 
   29.00413663372458     98.58750357753469    131.11813679673236      h 
   30.19531390313333     95.73182590952605    129.80694007372881      h 
   28.05883840454520     91.09504000719910    130.75239704914759      n 
   27.55075878978624     88.73670886160151    129.42172636159765      c 
   25.63465901539307     87.12703172373658    130.90593764686713      c 
   23.83143066162745     86.01904313159639    129.98089393882876      o 
   30.00090989435185     87.17601568612378    128.96899456053723      c 
   32.39281358688769     88.70748262387542    128.31134469856093      c 
   29.48849205708500     85.16962870097632    126.95282091259931      c 
   32.30303023414120     90.28388179888910    125.89810350146188      c 
   29.79465912254053     91.26129077353022    131.55309363936010      h 
   26.66291294830016     89.21205977388372    127.60902940557197      h 
   30.42240085921304     86.23139915819512    130.76331989076780      h 
   32.85200821384502     89.92277117671308    129.90397074091962      h 
   33.93180868807552     87.34905609832896    128.12758597147581      h 
   31.19594107842049     84.09323015013911    126.59243557045518      h 
   27.98099759067501     83.90883059581964    127.54860974430382      h 
   28.90011233381420     86.05817001112256    125.19718691048818      h 
   34.06517983954942     91.32070508717628    125.69575682484921      h 
   32.06935937836785     89.10138365223783    124.23785569848562      h 
   30.75708148721282     91.63855758503304    125.94466548033452      h 
   26.22501697691999     86.87942737127442    133.36186128954219      n 
   24.75140141528379     85.26842932687623    135.00152072596620      c 
   22.36989590557992     86.56791535222055    136.00358669474952      c 
   20.48810328036394     85.35301110501234    136.62333295860068      o 
   26.41556406977881     84.21898203713440    137.13406918468115      c 
   27.12182997338170     86.14841154909038    139.16762051906767      c 
   29.85059705003197     85.79137142533298    140.05427741358352      c 
   30.13728833661522     86.95346003813543    142.51761637754427      n 
   32.24341996555181     87.64590931647366    143.65979275810153      c 
   34.48101186320818     87.60682511678601    142.53953831614007      n 
   32.08288464663051     88.34326735600847    146.12542724341557      n 
   27.56150209818162     87.99524723303493    134.15232979039956      h 
   24.08907139622742     83.68023661523173    133.84039118744445      h 
   25.40503679693266     82.64132402722672    137.98358376643017      h 
   28.11716329099252     83.47309634809326    136.25066757233674      h 
   26.87751161926346     88.06798298777994    138.46937985562721      h 
   25.85514767112253     85.94628212066408    140.78459250081912      h 
   30.26385083743016     83.76865769458801    140.20863866089030      h 
   31.15238251186380     86.66589450990392    138.71439346618939      h 
   28.54032870913614     86.97075230311295    143.60806564495988      h 
   34.70398623799519     87.12527317878325    140.69634348573484      h 
   36.06141732054019     88.06092857353698    143.49707825578145      h 
   30.29711745020941     88.50088634099660    146.80396164075535      h 
   33.36228265836669     89.59460772086088    146.78453577918296      h 
   22.48928792990840     89.08675571225415    136.10435268287986      n 
   20.34843669680742     90.59835323176964    136.87970114286469      c 
   18.12193772479944     89.99897461523574    135.11155260035173      c 
   15.94523291817188     89.67135856177947    135.86426800558289      o 
   21.09581352305275     93.38853036919991    136.82784928966905      c 
   19.01269873520264     95.09750244974623    137.86259714466945      c 
   18.25028177042226     94.24847443765819    140.50061863712739      c 
   19.36105951604950     94.93935283575867    142.40296641620617      o 
   16.25341024782509     92.66863653116917    140.55508876609701      n 
   24.10565567273242     90.02679715696779    135.69263520639566      h 
   19.78886462883912     90.03844807106792    138.79862997646575      h 
   22.78310043027926     93.61030752606415    137.97907985426284      h 
   21.53146394348087     93.91912520144950    134.88208001719499      h 
   19.71493345575734     97.02899739909459    137.98685078493358      h 
   17.37127562983338     95.06017067456754    136.61652280523165      h 
   15.56597086806035     91.87671642239502    138.95542799836110      h 
   15.64255033842535     92.01627611813858    142.23435515955467      h 
   18.77400487201585     89.72905696571316    132.69716307650862      n 
   16.85555334804069     88.99108241291397    130.88850636968036      c 
   15.70567818295896     86.49908001186597    131.81890963833180      c 
   13.42558525757513     86.19174909575669    132.07968508302872      o 
   18.02494389422554     88.70991575563923    128.24069222929194      c 
   16.10786191171556     88.74888188846211    126.07730534547159      c 
   15.70449508941484     91.48983806976135    125.01145332284310      c 
   15.94088444597941     93.27479859716573    126.53557780374011      o 
   15.19575560295240     91.64717170405245    122.70894904894440      o 
   20.48990247124376     90.29078255592465    132.05918796246081      h 
   15.35586416903100     90.42445251634585    130.81564903884947      h 
   19.30292598287387     90.31270686726032    127.98034672559437      h 
   19.15626521479778     86.98358186196437    128.17765966436275      h 
   16.74485595545054     87.57477215517538    124.51007307532451      h 
   14.26678914623051     88.05478870501730    126.70048451704068      h 
   17.40046152644579     84.67700299744550    132.26145271794181      n 
   16.73258954249092     82.00739968796090    132.40495883761142      c 
   14.79867275797150     81.54082378974486    134.49496883804116      c 
   13.01128244172851     80.09956126232636    134.22620050264445      o 
   19.13255848541186     80.43754491396702    132.71940181103022      c 
   18.74880646023981     77.70577192735001    131.91139079710265      c 
   21.30364749290247     76.33198527805220    131.31533101327901      c 
   21.07633324209737     74.24243264818297    130.21248608434158      o 
   23.30517832247743     77.34607025403926    131.97783427315076      o 
   19.23908757795073     85.06958874517775    131.92312449348259      h 
   15.79354283950146     81.48493071565473    130.62203335683776      h 
   20.59497587613648     81.26709690095149    131.51400986240415      h 
   19.79087306680563     80.55264634047201    134.66847390796801      h 
   17.76226791170127     76.63967978215845    133.37553966113359      h 
   17.59998922081422     77.61009953318856    130.19774785636105      h 
   15.31641931514593     82.84951331752238    136.59452271475158      n 
   13.62724824891380     83.15615648771454    138.71698432657519      c 
   10.94356570688620     83.79462411914677    137.85508317231924      c 
    9.10559216735806     82.48691999614648    138.37364309380945      o 
   14.53864346306189     85.35601419909844    140.35160665615149      c 
   12.61546466773724     85.81349098353169    142.44763538195124      c 
   17.15195533099816     84.81819348454241    141.41334231028748      c 
   16.87347633399818     83.96235998292897    136.57221208844084      h 
   13.54196701989802     81.39816392166966    139.81635461225227      h 
   14.66890732114982     87.03702243743430    139.15651643931184      h 
   13.11619143195987     87.50261289137784    143.50548803778909      h 
   10.72646720288019     86.08599953709275    141.69607740759685      h 
   12.59055602521545     84.20771975254569    143.72983714492949      h 
   17.75378582670011     86.36752758140061    142.62014648702024      h 
   17.15976424024721     83.10359134536507    142.54776452922411      h 
   18.54811559457411     84.62374063352610    139.92815996741811      h 
   10.77291298741749     86.01494179908639    136.65278069034940      n 
    8.38300304060685     87.05339028003586    135.80556259560362      c 
    7.03865827057648     85.19156001317971    134.04223863833454      c 
    4.78591896654819     84.72305179553634    134.29728438841079      o 
    8.85169740929533     89.58533816116740    134.53388090731639      c 
   12.34039490491334     86.91971290262927    136.04415856815163      h 
    7.13792089970004     87.29624673308903    137.44966760344164      h 
    7.09327072671263     90.37331290293918    133.82713875989307      h 
    9.67511594167897     90.89305472404466    135.88576207715352      h 
   10.15695848797433     89.35289883941725    132.96346737480746      h 
    8.53319554434369     84.13745219229564    132.30029471787961      n 
    7.60432855296919     82.45188011896052    130.36285795217279      c 
    6.46188721714913     79.97355464140693    131.33331309909275      c 
    4.87789962195277     78.89828307399303    130.02511037265663      o 
   10.36283565907575     84.68798093799420    132.20177936670976      h 
    6.12587992216446     83.37652078624845    129.24702868978159      h 
    9.16830153869424     81.96901152592990    129.10975626484782      h 
    7.30560232822552     79.12488839826565    133.57548561005817      n 
    6.40164550683830     76.77008750678365    134.67587747855984      c 
    4.23811261466526     77.22694350811673    136.52212578616852      c 
    2.41582801082571     75.79988161547229    136.58442723011188      o 
    8.50899412892383     75.17485862449948    135.90761959461372      c 
    7.72664357402659     72.38877499441304    136.01808310980712      c 
    9.17966590155442     76.06919187287073    138.55256075289404      c 
    7.92550479757955     71.04800952255583    133.48304458169650      c 
    8.81916681642745     79.96539509161826    134.38677601679257      h 
    5.58783445191882     75.70205760693496    133.09574731537029      h 
   10.18511137553416     75.37902154336716    134.70823512994494      h 
    8.99566904518913     71.44324861729697    137.33786995231051      h 
    5.80378652533180     72.27720424532227    136.75183082583706      h 
   10.83429966359477     75.03808497761223    139.20640314967429      h 
    9.63673157251693     78.07073849847592    138.57590846893157      h 
    7.62842378582179     75.72619502225021    139.85628360447689      h 
    7.37179227240415     69.08315310922468    133.68028886672113      h 
    6.72661207626344     71.94988098978403    132.08010874560256      h 
    9.86836244777412     71.12334051844934    132.81435868068104      h 
    4.52511035451523     79.22834491659751    138.03351617112196      n 
    2.50028758567592     80.01694966389901    139.68452800409452      c 
    0.20002743126188     80.78137672336865    138.11431943277381      c 
   -1.92128312694313     80.70041281724768    139.01805685017533      o 
    3.25460994242270     82.20406099612067    141.42959472597141      c 
    4.11795100397927     81.41145247397820    144.08386083597017      c 
    2.01297527637526     80.31323685280807    145.75071228646522      c 
    2.74660799974663     80.52324836974287    148.39801802084239      n 
    1.25972762869667     80.20809669825950    150.39902118658691      c 
   -1.16651176564163     79.62038455299459    150.19017953076821      n 
    2.21762711628992     80.54905476342654    152.71892629626603      n 
    6.03806063435152     80.38217514051908    137.84829615845550      h 
    1.89071947819526     78.37266110376702    140.79557850634021      h 
    4.78755811200202     83.23393808229780    140.51222400618653      h 
    1.64496954460968     83.48156732358454    141.60203833550975      h 
    5.65955235793768     80.05648272168764    143.91035363084197      h 
    4.84664626027203     83.11006509992512    144.99847125668251      h 
    0.26189930383630     81.36620546487580    145.44410509211983      h 
    1.67179607661146     78.32593767237844    145.29588852722057      h 
    4.60979793368294     80.78989701447111    148.71990106717740      h 
   -2.04360602532316     79.32453143035663    148.50719174724176      h 
   -2.25730271856353     79.63275514012074    151.74506321322275      h 
    4.05455200493687     80.97992820987811    153.00537214864448      h 
    1.10859314532903     80.41045716703699    154.25377055128939      h 
    0.64158047928968     81.47006407455982    135.71305234336788      n 
   -1.49137593818752     82.20057759209080    134.14373193738521      c 
   -3.12808887195946     79.83133294748909    133.66726216372186      c 
   -5.32425694993016     79.66533942066975    134.35959754582046      o 
   -0.56930564174281     83.38560305463618    131.67873968526163      c 
    2.36089872285895     82.12245497378328    135.17453345482002      h 
   -2.69912172737733     83.53280441642562    135.18292124476400      h 
   -2.17579411518930     83.88701366910590    130.50437704730550      h 
    0.50940182879363     85.08033904707092    132.10593651643308      h 
    0.64765539660567     82.09307275751041    130.64469820226213      h 
   10.28118625411077     73.27450195082079    148.96004697631943      n 
   12.50797884757935     72.29338019834792    147.66031491564851      c 
   14.77771962272151     72.31999172942541    149.49425257786021      c 
   15.60452453550253     74.27087806607562    150.44578103734088      o 
   12.83524832151707     74.13961124822333    145.46664360256145      c 
   11.97339954611806     76.66254618537464    146.56191003804662      c 
    9.89923078554056     75.95126206500258    148.48816643878465      c 
   12.16408724006772     70.35039477074281    147.06367606253525      h 
   14.77676721879546     74.19718435538974    144.81292854742097      h 
   11.59995029888472     73.57372143220969    143.91746046324818      h 
   13.52104521063509     77.58509683617169    147.55281342115873      h 
   11.26813183525687     77.93656958955494    145.11410396452033      h 
   10.10811456580731     77.04933714574206    150.22187803610458      h 
    8.01697776431285     76.24971133604646    147.68918328142067      h 
   23.72033336523191     64.39462805109955    141.61091752109684      n 
   21.45161403458645     65.89893885066037    141.93867533593564      c 
   19.29829729191311     63.95307062608850    142.25276740500905      c 
   18.99682779037028     62.27723174404736    140.69268959554310      o 
   21.15112956894633     67.91825576499640    139.80176467295666      c 
   22.49505340667889     67.25121772333905    137.34182399239907      c 
   21.61979057357832     68.89385143326076    135.11070726243983      c 
   22.26816438937682     67.61190023717195    132.55893781112215      c 
   20.94583504419672     68.76643590996332    130.34530488044783      n 
   23.74359328686951     63.23349395059039    140.09892531190778      h 
   21.65023297977695     66.89699215363109    143.73520343674633      h 
   19.13437734644909     68.18290067453013    139.47789404839506      h 
   21.88706158764267     69.70589276511996    140.51525856231993      h 
   24.52921733277050     67.43695788968711    137.59931578125639      h 
   22.05871612113491     65.28473092966996    136.89671518330172      h 
   19.58452838090587     69.15488585431657    135.25752792079538      h 
   22.48310597038883     70.75921530547249    135.20377366310109      h 
   24.29741485773595     67.78953411660206    132.24482769233131      h 
   21.79890959732472     65.60940820321720    132.65752585022270      h 
   21.61272132177411     68.06519715208474    128.66046381017961      h 
   19.01295886977456     68.60265436727195    130.45318770424868      h 
   21.27670370113788     70.73278686597381    130.31253834055531      h 
   20.93956206753858     85.87196588114917    157.29699750949240      n 
   22.80708332289260     87.66253499536244    156.41557379449753      c 
   21.62001319463350     90.06153997584855    155.26918544043258      c 
   19.37831344963690     90.37459795759176    154.83178159979892      o 
   24.42552101350689     86.45442038325683    154.35507545297770      c 
   26.90400620200498     87.85827256466010    153.70146641807702      c 
   28.66977064792996     87.69795132939009    155.30572519839572      o 
   27.12450587030138     88.89448854567183    151.60170309604763      o 
   20.51759583830190     84.48732425973861    156.03873836698878      h 
   23.97725461105415     88.25585423436374    158.03142874317768      h 
   24.97726674366166     84.57225696981008    154.99879470652235      h 
   23.29264325984076     86.26739833831861    152.64219844367463      h 
   23.44642259363148     91.73287250041697    154.64329405160004      n 
   22.94450397792982     94.11968503484070    153.39341499141517      c 
   21.22334756448151     93.46747386877509    151.17226305831812      c 
   19.19337999463545     94.52503413544264    150.87864821326602      o 
   25.40464078993115     95.45903693046070    152.59489569468650      c 
   27.67467640351742     94.97206388630532    154.34749049968624      c 
   27.34882423178955     95.02877709408753    157.32808483777251      c 
   25.53532336404630     96.17466297588072    158.29851614655553      o 
   29.05948024429470     93.89058189631959    158.49066036341017      o 
   25.13330938615919     91.59176481336330    155.51017913487061      h 
   21.86362533303113     95.35337500084566    154.67290250907610      h 
   25.91534406977352     94.80557788518729    150.70554108560901      h 
   25.00386817339808     97.47659011708100    152.51687405312921      h 
   28.47843837847454     93.11496338410309    153.94081579129082      h 
   29.13172997078522     96.37449108470761    153.93822505713871      h 
   22.18370985064627     91.74458154702263    149.55605944027150      n 
   20.56409783406037     90.52399170232675    147.69247273815205      c 
   18.94146286161276     88.47863980304066    148.95385416731625      c 
   19.28534959722192     87.67696354204639    151.07527873514445      o 
   22.08932987237585     89.34679620435693    145.55328363108424      c 
   23.88871384231439     87.20260709369863    146.52669192871215      c 
   22.97340025816680     85.45140190850228    147.79745906730761      o 
   26.12597090150851     87.41645779601339    145.83120178765807      o 
   23.67306532540722     90.70820067967396    150.18876651332297      h 
   19.31738303531788     92.01713883661593    146.96702621178395      h 
   20.80542498198052     88.51090672811603    144.17330038955191      h 
   23.21514808100409     90.79850257189813    144.61863367579326      h 
   17.02778680512462     87.57575697640523    147.48771535553135      n 
   15.09823929263325     86.10332210571559    148.73226836599142      c 
   15.82122773548508     83.39496555955560    149.34894714542344      c 
   14.20754474275784     82.01736613890023    150.30960719589501      o 
   16.54383155220993     88.53567700225820    145.91767318289530      h 
   14.66437533200123     86.96879196830945    150.57225845078833      h 
   13.37644053582348     86.08793084457183    147.60243883155525      h 
   18.11808775853294     82.54402917578130    148.78718872141255      n 
   18.88448909331440     80.09825854969657    149.77175022316720      c 
   19.53041284616047     80.22891905615900    152.59260727908074      c 
   20.47710777915892     82.11418571406489    153.53213671993390      o 
   21.32088973872385     79.30420009166683    148.44237901624874      c 
   21.04194968997723     78.67757815519133    145.67896136580021      c 
   19.19627252520261     77.02438342456364    144.83412540365018      c 
   22.78128035169161     79.62497371617972    143.95857426507709      c 
   19.12921125144342     76.28020762135546    142.32777360501092      c 
   22.71040805060293     78.88062663520348    141.46131110924912      c 
   20.90962458553113     77.17105959674080    140.64235412912490      c 
   19.53872171963701     83.77307795161116    148.38331368736445      h 
   17.33789552502691     78.75698433848045    149.48127239216592      h 
   22.65161961910457     80.86365980994724    148.65058385199697      h 
   22.11065958729973     77.66527153302091    149.42729244336766      h 
   17.85926783531855     76.26717145630937    146.17383294134748      h 
   24.17596429540453     80.97222084070658    144.60060035761930      h 
   17.70832959545541     74.97748553216366    141.67861462622184      h 
   24.02836950155417     79.65957625938047    140.11484452317546      h 
   20.87172596532209     76.59627347252224    138.68395701281645      h 
   24.79757506265481     76.41149872672155    156.56293385414938      n 
   26.94598577913193     74.76527143003084    156.18797117623686      c 
   27.41856527149334     73.15841538466714    158.61626514657868      c 
   27.21338445004232     74.04359566490065    160.76841443148936      o 
   29.28928220781823     76.32744132750528    155.53368003020387      c 
   29.24887267396940     77.71844981736366    153.03677522877683      c 
   27.46961152563510     79.57223651012517    152.41509469964754      c 
   31.16645408270189     77.24457346825523    151.29982701221894      c 
   27.62664964741683     80.97046009497838    150.20798801898633      c 
   31.31294168914212     78.58452107522534    149.06148129570045      c 
   29.58408570825587     80.49389736323893    148.51321658436345      c 
   29.79902011378947     81.93753942903744    146.40309242993550      o 
   25.07875063301095     78.00312174204161    157.57178769851149      h 
   26.46360267068166     73.45540807894882    154.66243346057615      h 
   29.55417569001359     77.69386526510984    157.06638497032165      h 
   30.91457518752790     75.05704550267333    155.52590929228518      h 
   25.92106076005609     79.99202307389400    153.67870874893606      h 
   32.57140896284923     75.81297522270704    151.68357037866667      h 
   26.28606215089439     82.45643190487816    149.81246825685594      h 
   32.82084335974680     78.16293085704402    147.74898394519070      h 
   31.10359033247196     81.25962374762665    145.30610774714697      h 
   17.52293965806467     62.16569873127201    132.35275811417142      n 
   16.21316480039222     63.28202226301259    134.61091536435259      c 
   14.35807158682518     61.34829776642331    135.88422979059985      c 
   12.10856300552295     61.41598859482360    135.43917214450977      o 
   14.60065406665434     65.56719839246306    133.80425007680790      c 
   14.52297993984095     67.50437612058387    135.91476943189130      c 
   13.73513775591944     66.84353811745426    138.32981946767705      c 
   15.41769385366257     69.94873216547514    135.48033725561072      c 
   13.92604384001686     68.60299562758989    140.24671108921046      c 
   15.65537427855460     71.69770170925334    137.41044185383174      c 
   14.90503530310430     70.99357148850274    139.79989530559195      c 
   18.60392466184205     63.50068020080834    131.43282138710950      h 
   18.64691857469461     60.65445610153392    132.86876349769830      h 
   16.16851225712156     61.53052412872013    131.08641935369636      h 
   17.63037759748029     63.85172640695104    136.00518648968401      h 
   15.32540923168165     66.47162002577360    132.10566630848800      h 
   12.67892387042482     64.91349651154701    133.41562243226403      h 
   13.00086665099706     64.98640040938268    138.71802821685876      h 
   15.89479855313511     70.54188101298988    133.58431163746531      h 
   13.40512265455247     68.13367693162024    142.16350901265110      h 
   16.37835883745269     73.56974689237403    137.03551279735640      h 
   15.06186581486892     72.29096481791376    141.35754763762904      h 
   40.20556274224634     73.49093447382830    142.61429022346880      h 
   40.95659907664967     81.99601902111213    142.08505026727718      h 
   37.37719636951142     81.00398649197436    134.48475560703420      h 
   -2.39741488532595     78.34582438897696    132.75597515509267      h 
    9.06561768640625     72.08515474776826    148.98025242656877      h 
   15.64034526483621     70.70259962228914    149.95358245647216      h 
   25.06322676299432     65.42340570775849    141.43537314415212      h 
   18.13857520805032     64.05915825237842    143.74100605097809      h 
   21.50722110904766     85.10681921592777    158.70585370013822      h 
   19.17792787524543     78.74794623374406    153.71222239519514      h 
   24.21109504478708     76.93217453032658    155.05379507048357      h 
   27.90772155534424     71.33935945414586    158.46518300087197      h 
   15.02593348531265     60.04279382016529    137.07615432435628      h 
   0.6315689394202D-01  -0.6281475990784D-01  -0.8322159258793D-01
   0.3623103506750D-02   0.5696625012691D-02  -0.8014255472980D-02
  -0.9078159349465D-02   0.4071559084355D-02  -0.3833503311068D-02
   0.3964975158692D-02  -0.3711771220639D-02   0.9273884280902D-02
   0.9546824535035D-02   0.2317190630260D-02   0.6810784074269D-03
   0.2303877222706D-02   0.5201974535910D-02  -0.3402945621102D-02
  -0.2867922628901D-04   0.4612653045224D-02  -0.3528530709164D-03
   0.5351882177845D-02  -0.2172799026902D-02  -0.4972206178139D-02
  -0.1160481521321D-02   0.2938598881834D-02   0.2598209882103D-02
   0.2712459685694D-02  -0.3830953481755D-02   0.7905365224391D-03
  -0.3275400591721D-03  -0.8375139809184D-03   0.4734731746668D-02
   0.8674712116192D-02  -0.1214170515023D-01   0.6540385397931D-02
   0.1653718912688D-02  -0.3448985214974D-02   0.1152327952593D-02
   0.9835615715281D-04   0.9771967460908D-03   0.1858415052944D-02
   0.4953029451290D-03  -0.1529209353972D-02   0.1258319693074D-03
  -0.1660243277483D-03   0.1522151011809D-03   0.6794972849541D-03
  -0.4974867318731D-03   0.2059531990202D-03   0.5996431645793D-03
  -0.4852861722743D-03  -0.3116688328786D-03  -0.2282101655264D-03
  -0.1233382937918D-02   0.2106464690007D-03   0.6410156418505D-04
  -0.2741697799015D-03  -0.8819692627777D-03  -0.3077321777980D-03
   0.2213414340776D-02  -0.5272831099408D-02   0.8258989177848D-03
  -0.4493976773231D-02   0.8119006560837D-03   0.3624376518931D-02
   0.7147124112948D-01  -0.4928879496128D-01  -0.2740662483771D-01
  -0.5126466661315D-02   0.1209995548318D-01  -0.7741515584728D-02
  -0.1313042859872D-02  -0.1361493770232D-02   0.5876115338558D-03
   0.1010272618267D-02  -0.2035721962561D-02   0.3020636523006D-02
  -0.1175839673067D-02   0.3102569670518D-03  -0.1856511629091D-02
   0.2467478940042D-03  -0.1337884019260D-02   0.8786091273647D-03
  -0.3708072389768D-03   0.2484761902135D-02  -0.2145188456628D-02
  -0.4575248331451D-02   0.8785832823103D-03   0.4241511659919D-02
   0.6467195879272D-03  -0.3747586544859D-03  -0.5702816722185D-03
  -0.5126408142102D-04  -0.7505571947125D-03   0.7076791165303D-03
  -0.5465757535840D-03   0.1599073434747D-03  -0.3581136432227D-03
   0.3637434585909D-03  -0.9096798655539D-03   0.6181469569486D-03
  -0.5850059328348D-03  -0.2621930880562D-03   0.5275468559900D-03
   0.2557231788844D-05   0.2087285532316D-03   0.1810276658856D-03
   0.4945717412893D-04   0.1587885908405D-03   0.1202684562641D-03
   0.3210339431230D-03  -0.2432990499950D-03  -0.7665736367923D-04
   0.2988957111427D-03   0.1385651153996D-03   0.9493126149476D-04
  -0.1193147749328D-03   0.2257263942461D-03   0.2860360398482D-04
   0.3781251690761D-03   0.3972507169316D-03  -0.2079109784705D-03
  -0.6033748995693D-04   0.1402182852144D-03  -0.3324104073340D-04
  -0.4482463220333D-01  -0.1257239196469D+00  -0.1002824492439D-01
   0.2523895394252D-02   0.1077282877610D-02  -0.1315134369502D-01
   0.3785877995725D-02   0.5884266972916D-02   0.1013052701014D-02
  -0.2688113855481D-02  -0.1551263657261D-02  -0.2435555504323D-02
   0.6907716745886D-02  -0.6865115220322D-03   0.4266455111773D-02
  -0.2677285549563D-03  -0.1525414684205D-04  -0.2037053417134D-02
  -0.7917084714088D-04  -0.2932238430397D-03   0.3012935460257D-02
  -0.9365748573951D-03   0.3867230846277D-03   0.1703386776343D-02
  -0.1755553310788D-02  -0.8649060786977D-02  -0.6753759987261D-02
   0.3571813674905D-02  -0.9048437006864D-02  -0.3505392878671D-02
  -0.2390060523908D-03  -0.1843615640204D-02  -0.1707078803917D-03
  -0.2400958726500D-03  -0.1517901464961D-03   0.4355627904671D-03
   0.2468022681377D-02  -0.2081856727651D-04  -0.9179559100397D-03
  -0.6754497776699D-03   0.2029828009855D-02   0.3127494674944D-03
  -0.6651210371935D-03   0.2006493080561D-03   0.6818190892713D-04
  -0.9663264389987D-04  -0.9607510858460D-04   0.4677910865433D-04
   0.7417894354020D-03  -0.7460038325293D-03   0.2888465498653D-03
  -0.7955482033098D-03   0.2435325733407D-03  -0.2139195656525D-04
  -0.9216371986033D-03  -0.1855444182206D-03   0.1211646695117D-02
  -0.3122620599575D-04   0.8536946069321D-04   0.1072938327344D-02
   0.8948625829804D-02   0.1039437039207D-01   0.3463531933291D-02
  -0.2815361600917D-02  -0.9291069836822D-04  -0.4831266060800D-03
  -0.1659043940700D-04  -0.7121524401311D-03  -0.2005149976369D-02
   0.1386220623358D-02  -0.6689780868872D-03   0.4012645352034D-03
   0.1482337126404D-02  -0.1401775958445D-02   0.1474169418614D-02
   0.6533189017808D-03  -0.1999883607992D-02  -0.1780779211117D-03
   0.1518051025243D-03  -0.1377662498329D-03  -0.2481990299908D-02
  -0.7533507823462D-03  -0.6056716089674D-03  -0.1183074340631D-02
   0.3712579139478D-03   0.2026119151321D-03   0.4151026452360D-04
  -0.5279112527603D-03   0.1760639208429D-03   0.3108960964548D-03
   0.1922771562491D-03   0.1577691194812D-03  -0.2876856020113D-03
  -0.1513400485751D-03   0.5207752258443D-04   0.4279661031778D-04
   0.2478139608617D-03   0.6844112744917D-04   0.2221976633813D-03
   0.1897041087730D-02   0.3818731204772D-03   0.4513406676939D-02
   0.3306717934867D-04   0.1960322513810D-02   0.1924965818449D-02
  -0.2880005450242D-02  -0.4921670142340D-03   0.3750063788474D-02
  -0.3408645791008D-02   0.9645953844028D-03   0.3142035891054D-02
  -0.9789686005008D-04  -0.1208777704881D-02  -0.7362576503422D-03
  -0.6842816751188D-03  -0.3800304042819D-02   0.4665954581456D-03
  -0.1394786511357D-02   0.5133266886322D-02  -0.7022415684605D-02
  -0.1003667544656D-02  -0.1281599520631D-02   0.1896845397925D-02
   0.1644959280304D-03  -0.1107721076171D-03  -0.3339145619946D-04
   0.3769432747559D-04  -0.2580190430391D-03  -0.3147125770301D-03
   0.2757965399821D-03   0.4657585022214D-05  -0.1876734341938D-03
  -0.3185693190963D-04   0.7490961082912D-04  -0.4049950577556D-04
   0.3722482892634D-04  -0.8772428146374D-04  -0.4336999319513D-05
  -0.6719064837488D-04   0.4569427986686D-04  -0.1371200685679D-03
  -0.7260608458187D-04  -0.1648219197662D-04  -0.1660978583980D-04
  -0.1435950966190D-03  -0.2618353297487D-04  -0.7093592327488D-04
  -0.4622559111674D-04  -0.9809011236970D-05   0.8386627352987D-04
  -0.1361048212710D-03   0.2201944227229D-04   0.8905341844563D-04
  -0.3637520212910D-04  -0.9711760260130D-04   0.3154926977540D-04
  -0.3416231782168D-02   0.9149619298753D-03  -0.2926170982592D-02
  -0.9107117750001D-04   0.1089531801995D-02  -0.1585286426190D-02
  -0.3926612486246D-05   0.1362908703821D-02   0.6396834049741D-03
  -0.2491448448703D-03   0.5403869168417D-03   0.1459848816807D-02
   0.1362105375591D-02   0.3005650987755D-03   0.9915645060590D-03
  -0.1161794941611D-03  -0.2211901991709D-03  -0.1491278610543D-03
   0.4317948338548D-04   0.3144333987148D-03   0.8372750693805D-04
   0.2773601494436D-03   0.2072396284847D-03  -0.6326547089653D-04
  -0.2017645919007D-05   0.1184165732302D-03   0.2373839312381D-03
   0.7239559110961D-04   0.1003013831705D-03   0.2037421026244D-03
   0.3051407873033D-03   0.1724032361031D-02   0.6410931332204D-03
  -0.2405786594229D-03  -0.9450407604898D-03   0.5838286627640D-03
  -0.2548680863309D-02  -0.1325795271750D-02  -0.4905121628462D-03
   0.3610838251821D-03  -0.2367139640887D-02   0.4561327564303D-02
   0.1193510327368D-02  -0.1046161252864D-03  -0.1661592328511D-02
   0.3161916790675D-02  -0.2201621017930D-03   0.8980847481092D-03
   0.8536567677054D-03  -0.9831434995314D-03  -0.6599842987360D-03
   0.2231713796349D-02   0.2524880600830D-03  -0.1815038676855D-02
   0.4462107762977D-04  -0.1604166178386D-03   0.8581629905056D-04
   0.3239953572844D-03   0.1345367428015D-03  -0.2453601570194D-03
   0.3893888284742D-03   0.1125436439049D-03  -0.8875456939063D-04
   0.9888902775913D-04   0.2608166663469D-03  -0.6442791546446D-04
   0.2033712197255D-03   0.2479349891320D-03   0.1144119960462D-03
   0.2800641566310D-03   0.1122598382634D-03   0.1506169691749D-04
   0.2594044882136D-03  -0.4844947435988D-04  -0.1890876610866D-03
   0.2927129340945D-03   0.1305002715897D-03   0.1353151581305D-05
   0.3633177452330D-03   0.1251239585251D-04   0.3133567800505D-03
   0.4244683475540D-03   0.1403946997591D-03  -0.3117473920906D-04
   0.3163012581415D-03   0.1503402589810D-03  -0.1438611060069D-03
  -0.3043264803470D-02   0.8846088469944D-03  -0.2427365001166D-02
  -0.1721527659193D-03   0.3466591380399D-03  -0.2877838491204D-02
  -0.1883263168503D-03   0.5221763972555D-03  -0.8684802573869D-03
  -0.4475715178436D-02  -0.2814195173967D-02   0.3830634244050D-02
   0.2475256737955D-02   0.1437924557920D-02   0.2353296322582D-02
   0.5303610004489D-04  -0.5594680447574D-03  -0.7974316335336D-06
   0.1742579352800D-03  -0.4201295279985D-03  -0.4096434485896D-02
  -0.1324670613868D-03  -0.3540981217643D-04  -0.1261412358778D-02
   0.1754013448079D-02   0.1482762522684D-03   0.5970334175120D-03
   0.1934777004569D-02  -0.1619789620982D-02  -0.2268183670058D-04
   0.1110938659313D-02   0.1842040060403D-03   0.3401622214219D-02
  -0.2247162237722D-03   0.2860692622344D-03  -0.1075176313472D-03
   0.3212981708199D-03  -0.1518569871559D-03  -0.1724710153934D-03
   0.2227171830612D-03  -0.2275795257259D-03  -0.2521439533281D-03
   0.1941505005219D-03  -0.1345041175468D-04   0.5884253823442D-04
  -0.3345671234069D-03  -0.1197622063685D-03  -0.6074411276513D-04
  -0.1000482250075D-04  -0.1902758004490D-03  -0.1359179779234D-04
   0.4664927250959D-04   0.1304103991489D-03  -0.2979225643754D-03
  -0.2170032173369D-03   0.2621492290703D-03  -0.2243810629782D-03
  -0.9536797131202D-04   0.2179635957429D-03  -0.8103592082416D-04
   0.3012998265694D-03  -0.1458322800111D-03  -0.2118343136037D-04
  -0.1427697708554D-03  -0.1819919915842D-03   0.2956342416227D-03
  -0.8939928670500D-05  -0.4373254905503D-03   0.9216278934755D-04
   0.2710099812079D-03  -0.6339892817110D-04   0.2681275982076D-03
   0.2348485408997D-02   0.3304726008380D-02  -0.1893899916400D-03
   0.1571535118787D-02   0.2295028289555D-02   0.1571802030584D-02
  -0.1364673414897D-02   0.2007944466250D-05  -0.3908018335724D-02
  -0.5066147768963D-02  -0.1448008076675D-02  -0.2313935538064D-02
   0.2899034326584D-02   0.1548539937186D-02   0.2031372936192D-02
   0.2605483229398D-02   0.7453221092073D-04   0.2098588256017D-03
   0.1570837566140D-02  -0.3394424730851D-03  -0.9261160197046D-03
   0.2207982065833D-02   0.9702736945230D-03   0.9133095819953D-03
  -0.1907082069905D-02  -0.2371378569210D-02  -0.9497162816791D-03
   0.1588849809458D-03  -0.7304243782573D-04  -0.3013607023116D-03
   0.7789822642972D-04   0.7353097807824D-04   0.5831707789653D-04
  -0.1130722353623D-03   0.1587362108224D-03   0.7524075309899D-04
   0.1276537876318D-05  -0.1967594394107D-04   0.1241161540581D-04
  -0.6356161399876D-04  -0.1655004661494D-04  -0.4037955713624D-04
  -0.9853092182418D-04   0.1153546227482D-03  -0.1755284730567D-03
   0.2514034768253D-03  -0.1331166392804D-03  -0.1757461155279D-03
   0.4824638572868D-04  -0.3603441972560D-03  -0.2659047824980D-03
   0.1310038524359D-02  -0.8507557926911D-03   0.1688962803769D-02
  -0.2574874326559D-03   0.4191105094743D-03   0.4965207283476D-02
  -0.2058826999482D-02   0.1929783305346D-03   0.4671644774396D-02
  -0.2202145416549D-02   0.4319424117577D-03   0.4267686681666D-02
  -0.7716612897914D-03   0.9347509601584D-03  -0.4078224466727D-02
  -0.9626905406833D-03  -0.1575342580303D-02  -0.2572081607738D-02
   0.1686755953014D-03  -0.7785161351828D-03   0.1309810569455D-02
   0.9961869787107D-03   0.2138017909247D-02   0.2060045105705D-02
  -0.2388576101492D-03   0.8298705465783D-03  -0.5849532906989D-02
   0.6273134450518D-04  -0.7382493660871D-04  -0.2188482159111D-03
  -0.8122727262104D-04   0.2923026971904D-04   0.1681238762119D-03
   0.1816663791653D-03  -0.1734819827396D-03  -0.5229002127188D-04
  -0.2518611222240D-03  -0.1329093906665D-03   0.3610939625825D-03
   0.2852569584575D-03  -0.1269849603818D-03   0.2736700813893D-03
   0.1401130482070D-03  -0.1089062151970D-03   0.5783425281803D-04
   0.1332508589043D-02   0.2279766239183D-03   0.4406724864734D-02
   0.5301873531782D-03  -0.1758952960374D-02   0.3979747712814D-02
   0.1158739468340D-03  -0.2434262950867D-02  -0.1855766297568D-02
  -0.3170532630676D-04  -0.4209571815610D-02  -0.1746295761580D-02
   0.4712193801991D-03   0.1058069205341D-02   0.1483714855354D-02
  -0.1980232538252D-02   0.1787121314502D-02  -0.2631772837260D-04
   0.4638404745770D-03   0.3650314015325D-02   0.2453307722913D-03
  -0.1807518650772D-02   0.6482232071157D-03  -0.5283578610688D-02
   0.2600123690182D-02   0.2502774266935D-02   0.2726545181925D-02
  -0.2399906576714D-03   0.4106771173808D-04  -0.3609423055934D-04
  -0.2389341891486D-03   0.1297230449305D-03   0.2254973107997D-04
  -0.5661527334658D-04   0.5557279964308D-04  -0.1053251039027D-03
  -0.3453266554995D-03  -0.7404718604845D-04  -0.1748355535010D-03
   0.4788738919919D-03  -0.2480449408689D-03  -0.5443628241057D-04
  -0.2393743151521D-03  -0.4526409719933D-03  -0.2135462781912D-03
   0.9269990982446D-03   0.1997222485433D-03   0.3566046227769D-02
   0.1379200218531D-02   0.1921461136124D-02   0.1918941818375D-02
   0.1350091734695D-02  -0.1954742248865D-02   0.3907386760620D-02
  -0.1552115959427D-02  -0.1511765901246D-02   0.2157201699141D-02
  -0.5530938918501D-03  -0.5288819757102D-03  -0.3173574887746D-02
  -0.1264524495014D-02  -0.1955773993962D-02  -0.4000568431347D-02
  -0.1956326933272D-02   0.2093166174593D-02  -0.5834259875118D-02
   0.1933242487733D-03   0.8220821218403D-05   0.2385707128134D-03
  -0.1753307093287D-03  -0.1790458435528D-03  -0.1175573166501D-03
  -0.6681242510254D-04  -0.1286133537631D-03  -0.1736154927199D-03
   0.1033996758728D-03   0.6807051835938D-04  -0.2475596795111D-03
  -0.4174427845313D-04  -0.9856948666454D-04   0.1409015477158D-03
   0.1501767880756D-03   0.4282656643367D-04  -0.4378741988777D-05
  -0.1844675013604D-03   0.1455103567460D-03  -0.3654358889282D-03
   0.3680953707786D-03  -0.2382532036349D-04  -0.4773723384566D-03
   0.4726610054026D-04   0.2736694562683D-03  -0.3543169664910D-03
   0.2086446596916D-02   0.2324347442903D-02  -0.2019181146658D-03
  -0.3228601320332D-03   0.2966256918978D-02  -0.1498694548606D-02
   0.7011824854460D-03   0.1432937227093D-02   0.1483747066762D-03
  -0.2063370928179D-02   0.1224456670959D-02   0.2415912065610D-02
   0.1109341965346D-02  -0.5421815551229D-03   0.1094988428626D-02
  -0.2175115766734D-03   0.3760635481863D-03  -0.8682251299381D-04
  -0.1785516714264D-03  -0.5598462318212D-04   0.2998071436495D-04
   0.1590426433537D-03   0.1316498399248D-03  -0.1228358043802D-03
   0.3051388544164D-04  -0.3709584142687D-03   0.2912019934677D-03
   0.4737363477589D-04  -0.9725423325170D-04   0.6327745337080D-04
   0.3045371770480D-02   0.1325230279509D-02  -0.7716357883609D-03
  -0.1108211747660D-02   0.8267850284748D-04  -0.3379374067231D-02
   0.1734008851116D-02   0.2615303980518D-02  -0.2078372860695D-02
  -0.2371991935074D-02   0.3633311446941D-03  -0.7376265747521D-02
   0.1053998170238D-03  -0.6630451226077D-03  -0.4487029283975D-03
  -0.1421425446880D-03   0.6321439412050D-04   0.1420319604839D-03
  -0.1038770029982D-04  -0.6166619005762D-03  -0.4600256402326D-04
   0.1522730734905D-03   0.8873598464231D-03   0.4379477720692D-02
  -0.1598158114584D-02   0.1456874157734D-03   0.5286315432368D-02
   0.1100111509295D-02   0.2368133428101D-02   0.5027394191530D-02
   0.1423471614845D-03  -0.2023457354549D-02  -0.3658473240329D-02
  -0.1144406935120D-02  -0.1593917791419D-02   0.3707758106054D-02
  -0.2231042717420D-02   0.7446556205720D-03   0.6490719783255D-03
  -0.3208839036325D-02  -0.2503045088931D-02  -0.4004428310721D-02
  -0.2246871992142D-02  -0.4859675907054D-03   0.9408664978564D-03
  -0.1623535740274D-03  -0.5304322833241D-03   0.3965375979415D-03
   0.7727129484030D-03  -0.1372324387052D-04  -0.6067071917021D-03
   0.3550549801954D-03  -0.8288935603832D-04   0.1373998017700D-03
   0.1003842183956D-02   0.9830972338683D-03  -0.1591075097938D-02
   0.1141437489504D-03   0.8782872329678D-03   0.4959894700975D-03
   0.2271560708444D-03  -0.1926192822740D-03  -0.2376115012746D-03
   0.2246724373836D-03  -0.1964595864500D-03   0.1416648012049D-03
  -0.3467725224938D-03   0.2149373832300D-04   0.5219378089698D-03
   0.1465059624365D-02  -0.4061920861948D-04   0.6260957669080D-03
   0.7985753306809D-03   0.1606003253867D-02   0.4678679564674D-03
   0.5165703384341D-03  -0.4074595970224D-03   0.1914775230556D-03
  -0.8460285482184D-03  -0.1530713191992D-02  -0.5072983466946D-02
  -0.2414482078974D-03   0.2114026994301D-03   0.2338353256508D-04
   0.2757605080664D-02   0.1066862905854D-02   0.9676597326011D-03
   0.3444319750845D-02   0.1483963511325D-02  -0.3016529620632D-02
  -0.4112764379222D-03   0.6738272691233D-03  -0.2752363472908D-02
   0.9178826125070D-04   0.7615310590008D-03   0.5202505694814D-03
   0.9535134353565D-03   0.9957309953700D-04  -0.7172017699255D-03
  -0.1271580874087D-02   0.2583292994140D-02  -0.1051977652930D-02
  -0.4245062011296D-02  -0.5329209392770D-02  -0.4075924188163D-02
   0.6085756684778D-02   0.1693317664097D-02   0.8131234222663D-02
  -0.2533072566461D-02   0.1070287733644D-02   0.5972021271296D-02
  -0.1946328022017D-03  -0.6538191171785D-04   0.2054113284236D-04
   0.3987910887261D-03  -0.9195722183371D-03   0.1143313052885D-02
   0.2112027184649D-03  -0.1850916777785D-03  -0.2543993572249D-03
   0.1847458913205D-04   0.9437926418564D-05   0.6059330282572D-04
  -0.4210811814481D-03  -0.2027150033667D-03   0.1245211696299D-03
  -0.8089952400024D-04   0.1490769208131D-03   0.1780420180225D-03
  -0.7411203402563D-03  -0.8870235134799D-03   0.9062044721918D-03
  -0.1527256026404D-04  -0.7289293322007D-04   0.1882250702095D-02
  -0.3967914812487D-03  -0.7277175241528D-03   0.3360025627204D-03
  -0.5870681693722D-02  -0.2128903872985D-02  -0.5418360354499D-02
   0.1939158346820D-02   0.1221804514598D-02  -0.1208855372324D-02
   0.2755283111081D-02   0.1443696958395D-03   0.1703414189301D-02
   0.9031765401672D-03   0.7582626336741D-03  -0.1107352767178D-02
   0.2930285681751D-02  -0.2657400698266D-02   0.2760814786166D-03
   0.4963553839800D-02   0.6903988950157D-02   0.3838737029761D-02
   0.5012548713174D-01  -0.5995120558633D-01  -0.4315157705649D-01
  -0.1758597306613D-01  -0.7720190322012D-02   0.5288882915651D-02
   0.1796227820521D-02   0.2157105341860D-02  -0.1276665229616D-02
   0.1485330972041D-03   0.1278753477240D-02   0.1079603268886D-02
  -0.1379427065908D-03  -0.2030952742354D-03  -0.3684322308784D-03
  -0.9887257605385D-04  -0.5335132657681D-04   0.1825703517304D-03
   0.8791269028754D-04   0.4279131219203D-03  -0.6226391898816D-03
   0.5002712119443D-03   0.1967850107921D-02  -0.9018183633833D-03
  -0.1047524025571D+00  -0.7356873875081D-01  -0.7761939436098D-02
  -0.1681630793744D-03  -0.4824120445743D-02  -0.1047336948497D-01
   0.2765432261381D-01  -0.9227412119552D-01   0.1328258594534D-01
   0.9117316491683D-02   0.1671835653829D-01   0.1036134230443D-01
  -0.4016865817963D-02  -0.8269015177274D-03   0.4402036678224D-02
   0.2684101721742D-02  -0.2379880701914D-04  -0.3213983441154D-02
  -0.2568299801811D-03   0.9554462101811D-02   0.9097101736740D-02
  -0.1828332748028D-02   0.7129499453805D-03   0.8510614744655D-03
  -0.4514123557391D-03  -0.1637126019139D-02   0.5554671608532D-03
   0.7647662248695D-03   0.3019991243192D-04  -0.3288571391346D-03
   0.1509998204116D-03  -0.1276693695898D-02   0.1686328438621D-03
  -0.3207642270632D-03  -0.6014623767923D-03   0.6588129997918D-03
  -0.3170261923582D-03   0.1762190089530D-04  -0.7046283222493D-03
   0.1020608904187D-02  -0.1400512995767D-02  -0.5435466646972D-03
   0.8960803103245D-01   0.8025841136864D-01  -0.1861832205316D-01
   0.1064571110173D-02   0.1021025741672D-01  -0.7855103901802D-03
  -0.4692376893742D-01   0.9523119746676D-02   0.8659832780123D-01
  -0.1008125590072D-02  -0.1342767950183D-01  -0.9593513459255D-02
   0.1040463519685D-01  -0.2321643094913D-02  -0.4061243491497D-02
   0.2634250351567D-02   0.3971300315471D-02   0.6138524057234D-02
   0.1952384897882D-03   0.5072466127657D-02   0.7922407654687D-02
  -0.2547953286665D-02  -0.5178140574500D-02  -0.5348879419653D-02
  -0.3454833841579D-02  -0.9440478643941D-02  -0.6993234892144D-02
   0.1190257469611D-01   0.4274820144328D-02   0.1381409890513D-02
   0.9493266917507D-03  -0.2384660066331D-03  -0.1408753443617D-02
   0.6897324684806D-03  -0.8135070296837D-03   0.1408597296255D-02
   0.3187292820637D-03  -0.1591626038723D-03  -0.4871800590246D-03
   0.5160687257522D-04   0.2423887372830D-03   0.1374768580989D-02
  -0.9752280027281D-03   0.8116604402441D-03  -0.4051152399102D-03
  -0.2797886194462D-03   0.3032359510080D-03   0.1762321437119D-03
   0.2736327355038D-04   0.1433888483707D-03   0.2099406855334D-03
   0.1779527533533D-03   0.5304187308913D-03   0.3596775376817D-03
  -0.6052669658189D-03  -0.2296933885512D-03  -0.2652979737175D-03
   0.5809288813741D-03   0.4020677826594D-03  -0.5727913110483D-03
  -0.7371119206283D-03   0.1681665341324D-03   0.1346525341195D-04
   0.3300223587959D-03  -0.1673195034428D-02  -0.4434360285083D-03
   0.4993699352457D-01  -0.5763727518169D-01   0.9429587124522D-01
   0.5702462690795D-02   0.2621724578762D-03   0.5251791631185D-02
  -0.2995494286957D-02   0.4023366140208D-02  -0.1997624668196D-02
  -0.4172844621647D-02  -0.4362437005421D-02  -0.6880810469229D-02
  -0.1140372016636D-01  -0.3941748895646D-02   0.6535553479196D-02
   0.4167172089418D-02   0.5115784052491D-02  -0.1083617863804D-02
   0.2861879757188D-03   0.1845562687282D-02   0.4568890944565D-02
  -0.1770474541543D-03  -0.7664275572648D-03  -0.1956927906455D-02
  -0.2802035734458D-03  -0.1125964736112D-01   0.6251068461253D-02
  -0.8899365772441D-03  -0.1158335735944D-02   0.1672789652571D-02
  -0.6622271685929D-03   0.7001917820366D-03  -0.4562142916886D-03
   0.4508815313884D-03  -0.1144415256876D-03  -0.5106035656505D-03
  -0.1344412601763D-02  -0.2271160646324D-02  -0.1715571450656D-02
  -0.2260586450382D-02   0.2815246769651D-02  -0.4468136374405D-02
   0.5448783799670D-03   0.6842964581995D-03   0.1757138458824D-02
   0.1883229112300D-02  -0.1419370599182D-02   0.5614118290318D-02
   0.5959369827147D-03   0.2637346288210D-02  -0.5617498150230D-02
   0.2111078065846D-02   0.4073990317469D-03  -0.2869201051230D-02
   0.1623964929643D-02  -0.2973084149338D-03   0.4580979058386D-02
   0.2533277616199D-03   0.2477301686183D-03   0.5494743248174D-02
   0.1112501179931D-02  -0.2706391579795D-03   0.1846372538285D-02
  -0.1339897889021D-03   0.1420113915842D-03   0.2666432920851D-03
  -0.2797244129431D-03  -0.2248817353931D-03  -0.1378706336861D-03
  -0.3350101685439D-03  -0.1784143363713D-03  -0.3072258398018D-04
   0.3635243728466D-03  -0.9154249721753D-04  -0.2922409786298D-04
   0.1912041633399D-03  -0.1564806162258D-03   0.1180675566587D-03
   0.1165248983480D-03  -0.2678169755125D-03  -0.1555798567732D-03
   0.2025730749044D-02   0.2112278929635D-02   0.1465621904445D-02
  -0.7113046726019D-03   0.4105006819896D-03  -0.3738117877969D-02
  -0.1466271196443D-02  -0.1589473860928D-02  -0.7992843214406D-03
  -0.2083590109991D-02   0.1042381496765D-02   0.4706588285158D-02
  -0.1304338046268D-02  -0.7767462868863D-03  -0.2146411160991D-02
  -0.9761166509187D-03  -0.4579669183556D-03  -0.7223124630216D-03
   0.1136860428305D-02  -0.3678420322439D-02   0.5841658667224D-02
  -0.1099561306120D-02   0.1355576140135D-02  -0.2560800764528D-02
  -0.4650831055067D-04   0.1903846312698D-03  -0.5174388195231D-04
   0.3765810698291D-04   0.9203464004309D-04  -0.1533252023312D-03
   0.1594158298387D-03  -0.1572566298878D-03  -0.7777855310405D-04
  -0.2016555613205D-03   0.3339284107957D-04  -0.2473572743959D-03
  -0.7560523026651D-03  -0.1715515121182D-02  -0.2292444470830D-02
   0.9295399099761D-03  -0.1415873795307D-02   0.1111164711386D-02
   0.1255853594301D-01   0.7197046215390D-02  -0.8831883963468D-02
  -0.1895901077564D-02  -0.3946812054069D-02   0.3078167374088D-02
   0.9532411025852D-04  -0.3138220758680D-03  -0.2315670775162D-03
  -0.7740597747837D-04   0.5119341252840D-03   0.1143965947199D-03
  -0.7284281784210D-03   0.3229413890904D-03  -0.1133727307906D-03
  -0.6098877097540D-02   0.1772850845467D-02   0.6781641689024D-03
  -0.3037922046807D-02  -0.2086578413065D-02  -0.4957546688859D-02
  -0.1541505059454D-01  -0.7880401703723D-01   0.4363107474688D-01
   0.4055556196266D-02   0.1601970108965D-01   0.9326777461587D-02
  -0.3587019771771D-02   0.3021103744628D-02   0.2023647556867D-02
  -0.1448763573291D-02   0.8057719205531D-03  -0.3220938997035D-02
  -0.5825734777506D-03   0.3130218612668D-02  -0.2127059876368D-03
  -0.2977839032095D-04  -0.3084123302284D-02  -0.2636551290746D-02
  -0.1956931795849D-03   0.1227892057180D-02  -0.3651399513206D-03
   0.2770454473734D-02  -0.1255186981848D-02   0.5008478088016D-02
   0.3778471377902D-03  -0.2504746840676D-02   0.1942112752491D-02
   0.3814397752362D-03  -0.6967963897451D-04  -0.9879186544483D-03
  -0.4186562841620D-03  -0.3448436179431D-03  -0.1886796480177D-02
   0.9067783902564D-04  -0.3989049030993D-03   0.7598178730009D-04
   0.4890040488350D-03   0.6621418166693D-03   0.3260867686734D-03
  -0.3534741801120D-03  -0.8213327417622D-03  -0.2400380354620D-03
  -0.2626270517134D-03  -0.2103362581909D-03  -0.2424986338900D-03
   0.2689578129760D-04  -0.3801881749411D-03  -0.2939566581297D-03
  -0.1094080305500D-03  -0.3411104251111D-03  -0.2177542219867D-03
   0.1465639498949D-03  -0.2104380357058D-03  -0.3623582844461D-03
  -0.2636264444316D-01   0.4329174069696D-01  -0.1112355626508D+00
   0.2550065523730D-02   0.4422787115756D-02  -0.1575185231980D-01
   0.2372460083130D-01  -0.9843850031012D-01  -0.3396992045245D-01
  -0.2467259220396D-02   0.1007839896357D-01   0.3554142104659D-01
  -0.1463144926721D-01   0.1662420509718D-02   0.1354463193031D-02
   0.1523278347366D-02   0.9252103112542D-06   0.1394337684765D-02
  -0.2584320076358D-02   0.8021839893450D-03  -0.1377076977577D-02
   0.2529594854603D-02  -0.3293312368588D-03   0.1917830303386D-02
  -0.4480428590554D-02   0.3876160208010D-02  -0.1555960644617D-02
  -0.2337210404113D-03  -0.1093065018940D-02  -0.4468094546270D-03
  -0.1909869698363D-02   0.1563627635491D-02  -0.1063502204937D-02
   0.7306031613181D-03   0.8958613226837D-04   0.1654988295881D-02
  -0.9575960948956D-02   0.3643622124494D-02  -0.1169769302515D-01
  -0.7381837514803D-03  -0.6571768402093D-03  -0.3592899647009D-03
  -0.7306962140826D-05   0.2318787365438D-03   0.1530904373024D-03
  -0.2542940367562D-02  -0.1028155620684D-02  -0.6544438140074D-03
  -0.1592320511145D-02  -0.2953526831902D-02   0.1994762824929D-03
   0.1537740629015D-02  -0.8006999712171D-03  -0.9763596170157D-03
  -0.3974130793672D-03  -0.6317473980863D-03  -0.3548392152408D-03
   0.2307766132412D-03  -0.1174728109052D-02   0.6669360054673D-03
  -0.3055056386223D-03   0.4139443026797D-03  -0.6275542419811D-03
   0.9899262878160D-02   0.5014312840041D-02  -0.4224864162794D-02
   0.8039862719345D-02  -0.7097764721656D-03  -0.2804158262238D-03
   0.4295450837181D-01  -0.4804353648203D-01   0.5461831278169D-01
  -0.1806226609504D-01   0.6227087803810D-03  -0.2296501296860D-02
  -0.8069794739147D-03  -0.4959946674123D-02  -0.3531627842097D-02
  -0.3610500902998D-02  -0.2669026687595D-02   0.5849490193603D-02
  -0.3229169945613D-02  -0.2966361232836D-02   0.1399626973031D-02
   0.1367000289430D-02   0.3167719304312D-02   0.5347241919136D-02
  -0.1856479609260D-02  -0.1729601272790D-02  -0.4750579191092D-02
   0.5226488501179D-02   0.1845759816399D-02   0.4188829892679D-02
   0.1612218409154D-02   0.1213442605621D-02  -0.5622668106889D-02
  -0.6851840923219D-03  -0.1894343738157D-03  -0.8562298840622D-03
  -0.2153508465143D-03   0.8834846254192D-03  -0.4811742904186D-03
  -0.8479992592949D-03   0.6237267934030D-03  -0.4457408883177D-03
   0.5711003261097D-03   0.2595021692649D-02  -0.1536378359444D-02
   0.4772415545897D-04   0.2789644195958D-03  -0.6767069145777D-04
  -0.3243474888140D-03  -0.1132918071575D-02   0.5594854072554D-03
   0.4280123095481D-03   0.2534491154746D-03  -0.7190542106768D-03
   0.1677801141320D-03   0.2023267623853D-03  -0.8139099484045D-04
   0.2606459389908D-02   0.1677320838617D-02   0.1087894370697D-02
   0.5670972635527D-03   0.7025879374359D-03  -0.2546520772710D-03
   0.1037460917524D-03   0.2201546829668D-03   0.4321386397638D-03
  -0.9182443074827D-01   0.6818480219499D-01   0.7730180058362D-01
  -0.5916690425027D-01   0.4385857606786D-01   0.1995681117199D-01
   0.2623056257030D-01   0.1335072540863D+00   0.1966291470881D-01
  -0.4126985354359D-01   0.5515987224756D-01   0.3681293513199D-01
   0.1031486408449D+00   0.7742328387320D-01  -0.3125192350542D-02
  -0.2843757143590D-01   0.7059387403990D-01  -0.1513335048363D-01
  -0.1110736971682D+00  -0.8398176457057D-01   0.6670478132436D-02
   0.4169300048274D-01  -0.9499935739082D-02  -0.6164225019206D-01
  -0.4449520710430D-01   0.6012515085601D-01  -0.1161467807789D+00
   0.1578775327032D-01   0.6571515044987D-01  -0.3850345600226D-01
   0.5227366679545D-01  -0.3681285449200D-01   0.1231566264616D+00
  -0.2017353843686D-01   0.7123167941415D-01   0.1524192309645D-01
  -0.3522136340887D-01   0.4770506457488D-01  -0.4608277564134D-01
$end                                                                            
