   -0.39075149
    0.01309913
    0.26332315
   -0.46988736
    0.06833174
   -0.45277181
    0.16785068
    0.03424261
    0.04763355
    0.04349043
    0.34568463
   -0.17810560
    0.00914133
    0.28591088
   -0.49132357
   -0.01970907
   -0.12609029
   -0.11891680
    0.19524707
    0.07241180
    0.06124051
    0.06170004
    0.05365855
    0.04045253
    0.06076396
    0.03528919
    0.04402089
   -0.18063378
    0.01733536
    0.27048860
   -0.47933216
   -0.08461474
   -0.09255849
   -0.03026016
   -0.14680072
    0.22606126
   -0.24022676
   -0.26178968
    0.21607823
    0.06045421
    0.07812637
    0.07744713
    0.08415778
    0.08305533
    0.08810869
    0.09106417
    0.22760721
    0.24098842
    0.24943177
    0.24275251
    0.23667768
   -0.08564910
    0.02753248
    0.28071221
   -0.49201355
   -0.06199950
   -0.07264926
   -0.02172611
    0.04406267
    0.06910257
    0.03643833
    0.07561982
    0.04483486
    0.08988367
    0.05969070
   -0.19752052
    0.01992462
    0.26258016
   -0.43257527
   -0.06319823
    0.00757532
   -0.03628975
   -0.04803081
   -0.03414921
   -0.04150432
   -0.03552925
    0.21909103
    0.09568082
    0.05718137
    0.02348511
    0.01124263
    0.06517456
    0.03850151
    0.07481854
    0.04685755
   -0.18745731
    0.00197040
    0.26943118
   -0.45749006
   -0.07827071
   -0.07441157
   -0.10235986
   -0.03025097
   -0.17119875
    0.17967120
    0.09457992
    0.05311638
    0.07719874
    0.05323065
    0.05576315
    0.08439248
    0.08800556
    0.08154377
    0.09478480
    0.28394397
    0.26899520
    0.26382066
   -0.18367653
    0.01036260
    0.26691141
   -0.49061936
   -0.06829511
   -0.10073946
    0.28533044
   -0.48216671
   -0.29098252
    0.20779246
    0.08491054
    0.08144177
    0.06251454
    0.05681407
    0.06870784
    0.21961872
    0.23044711
   -0.18704144
    0.00668380
    0.26421691
   -0.46157407
   -0.09582064
   -0.09196423
   -0.03492573
   -0.13743710
    0.22646628
   -0.25540124
   -0.24392937
    0.22287464
    0.09313426
    0.06964748
    0.09500608
    0.07833757
    0.06721069
    0.08873385
    0.09865232
    0.22039252
    0.24178153
    0.25586458
    0.24553026
    0.25600043
   -0.13679166
    0.00726142
    0.26388118
   -0.46449741
   -0.09230119
   -0.09104510
   -0.10110892
   -0.05371057
   -0.15318304
    0.18759654
    0.09411104
    0.08008511
    0.06412603
    0.07470007
    0.06916614
    0.06950796
    0.08830231
    0.12043650
    0.11136458
    0.29676545
    0.29696427
    0.29305442
   -0.14784981
    0.02054238
    0.19256321
   -0.34734596
    0.07926220
   -0.47184636
    0.22140630
    0.10148515
    0.04652593
    0.04206178
    0.34685379
   -0.40345957
    0.02768713
    0.27307212
   -0.50222938
   -0.03478769
   -0.06098229
   -0.12421794
   -0.10621623
    0.18227950
    0.02769596
    0.05833412
    0.03439781
    0.05061592
    0.06780857
    0.04842832
    0.03426748
    0.03235030
    0.04342410
    0.02015982
   -0.17640646
    0.02089697
    0.19600115
   -0.36541550
   -0.08959619
   -0.08658921
   -0.03579930
   -0.13574277
    0.22141543
   -0.22835729
   -0.27247493
    0.22461827
    0.09937394
    0.07874197
    0.10893020
    0.06361142
    0.06111108
    0.09953717
    0.09805486
    0.21730428
    0.26212612
    0.25133717
    0.21372758
    0.23992241
   -0.38963693
    0.04527224
    0.20554869
   -0.39562515
   -0.04888228
   -0.09585534
    0.36383842
   -0.62370547
   -0.58672012
    0.16220233
    0.03068828
    0.05274670
    0.05264427
    0.01593715
    0.01464170
   -0.38648269
    0.02803948
    0.21136944
   -0.38896714
   -0.00771270
   -0.10610498
   -0.11342228
    0.14544792
    0.08447903
    0.01751630
    0.04900405
    0.00980715
    0.05150906
    0.05295546
    0.05650154
    0.03732453
   -0.37463114
    0.03857109
    0.20092178
   -0.37798196
   -0.04481159
   -0.07993219
    0.36674741
   -0.61142465
   -0.61206150
    0.15238434
    0.06110672
    0.01748378
    0.03805710
    0.02878661
    0.00336803
   -0.31680239
    0.03376922
    0.20147048
   -0.37725724
   -0.06527105
   -0.06917373
    0.01568942
    0.04329251
    0.05425351
    0.06692258
    0.05053614
    0.05624781
    0.03850924
    0.00985966
   -0.39323186
    0.02648341
    0.25894719
   -0.50518357
    0.11605614
   -0.48959571
   -0.12318433
    0.17562744
    0.04511996
    0.03319191
    0.34184915
    0.05901369
    0.04793765
    0.03031181
   -0.15603713
    0.01975295
    0.19866627
   -0.35124587
   -0.07120051
   -0.07831650
   -0.08565218
   -0.04364629
   -0.16123793
    0.22714031
    0.07705711
    0.05706616
    0.07244534
    0.06979926
    0.06538942
    0.05913121
    0.07586295
    0.12422476
    0.10930337
    0.29103678
    0.27252585
    0.30361721
   -0.40506141
    0.05241697
    0.27175289
   -0.48694964
   -0.09431472
    0.35266580
   -0.60094904
   -0.58474013
    0.19123893
    0.00367058
    0.04040729
    0.03759537
   -0.19128471
    0.04229174
    0.21091551
   -0.35650461
   -0.05908821
   -0.10155681
    0.36769002
   -0.65460028
   -0.65738349
    0.19501323
    0.05406590
    0.06882139
    0.05376788
    0.04294842
    0.04893992
   -0.38856169
    0.04351168
    0.19701414
   -0.37410833
   -0.06393204
    0.00833256
   -0.04159515
   -0.04131672
   -0.03229887
   -0.03068015
   -0.03114692
    0.15842321
    0.06049081
    0.05181642
    0.04032782
    0.02179134
    0.04651430
    0.03646603
    0.06176415
    0.04256886
   -0.37623637
    0.04605221
    0.20111439
   -0.37446425
   -0.06164549
   -0.00117245
   -0.03696666
   -0.03432517
   -0.06065726
   -0.06891827
    0.13828239
   -0.38785735
    0.15202380
    0.06134292
    0.04218669
    0.03478238
    0.01285638
    0.03847871
    0.04622126
    0.05119449
    0.33647127
    0.18393042
    0.09018996
    0.16530038
    0.06705031
    0.17686863
    0.07035872
    0.18722236
    0.06231293
    0.17426593
    0.07117188
    0.18614827
    0.07185196
    0.18972098
    0.06850218
    0.17686913
    0.08092346
    0.18729929
    0.06081972
    0.17416051
    0.06727437
