           2           1   1.02484719691806     
           3           2  0.954016634225145     
           4           3   1.64414525471745     
           5           2  0.957056308502865     
           6           5   1.00827027926847     
           7           6  0.967854154807032     
           8           7   1.60254648819126     
           9           7   1.33507821837865     
          10           1  0.913186314137308     
          11           2  0.958286607051377     
          12           5  0.962759291059515     
          13           5  0.971756052262821     
          14           6  0.964930253303579     
          15           6  0.938899650293255     
          16           9  0.925984375036904     
          17           9  0.923873785790422     
          18           3   1.26436625585281     
          19          18  0.991838863956403     
          20          19  0.950095789801433     
          21          20   1.63104835363568     
          22          19  0.943089070192978     
          23          22  0.984628084051019     
          24          22   1.01069010871611     
          25          18  0.923362032833147     
          26          19  0.937772967818880     
          27          22  0.956075348636664     
          28          23  0.865295814111716     
          29          24  0.981309223300432     
          30          24  0.977494419196919     
          31          24  0.983352786383095     
          32          20   1.29438201960318     
          33          32  0.967808995496285     
          34          33  0.964192712546908     
          35          34   1.91525483649454     
          36          33  0.962955418569845     
          37          36   1.00212749883747     
          38          37   1.42531340166199     
          39          37   1.40773188016316     
          40          38   1.44045340281483     
          41          39   1.43924680674721     
          42          40   1.43333451440330     
          42          41   1.44695443624475     
          43          32  0.924725083723847     
          44          33  0.956263959138625     
          45          36  0.956344125677281     
          46          36  0.969064142184951     
          47          38  0.965100380453682     
          48          39  0.967791226876539     
          49          40  0.966202863720194     
          50          41  0.970734824219121     
          51          42  0.968970409726480     
          53          52   1.00867204323899     
          54          53  0.985077960365488     
          55          54   1.88796412595713     
          56          53  0.941832068162370     
          57          56   1.00410785779273     
          58          56   1.00615922750181     
          59          52  0.955515353782663     
          60          53  0.955842254454448     
          61          56  0.969095644666269     
          62          57  0.983241010450012     
          63          57  0.983785416328398     
          64          57  0.982682657836188     
          65          58  0.979296027351367     
          66          58  0.978552001779240     
          67          58  0.976661501864294     
          69          68   1.00231700518660     
          70          69  0.953743705399756     
          71          70   1.63283901263059     
          72          69  0.958730649559741     
          73          72   1.00890583416785     
          74          72   1.00785367403192     
          75          68  0.952842382870255     
          76          69  0.959582496366618     
          77          72  0.965452844864024     
          78          73  0.981842963281120     
          79          73  0.983822064385387     
          80          73  0.976470176372748     
          81          74  0.984047802841104     
          82          74  0.985274030765164     
          83          74  0.985426878796906     
          84          70   1.26903736809402     
          85          84  0.989859070639172     
          86          85  0.978036507974520     
          87          86   1.85955969928014     
          88          85  0.959803912237986     
          89          88   1.00016336069137     
          90          89  0.932599415589700     
          91          90   1.50287297528525     
          92          90   1.47019321844160     
          93          84  0.922528285430012     
          94          85  0.938162692560456     
          95          88  0.972889278795497     
          96          88  0.967144549574386     
          97          89  0.976263429737068     
          98          89  0.961167194992643     
         100          99   1.00486430092814     
         101         100  0.953567359314880     
         102         101   1.60099232201062     
         103         100  0.988084803138541     
         104          99  0.953750896024850     
         105         100  0.963372891320172     
         106         103  0.976800939020970     
         107         103  0.984055192368412     
         108         103  0.974049887958578     
         109         101   1.30703344539649     
         110         109  0.988009243161787     
         111         110  0.939719579236298     
         112         111   1.59592262349974     
         113         110  0.967424943379862     
         114         113   1.00640195046735     
         115         114  0.998264715433116     
         116         115   1.01517609543288     
         117         116  0.955323458872772     
         118         109  0.893437954740194     
         119         110  0.946325683649322     
         120         113  0.967966966691184     
         121         113  0.970110799992797     
         122         114  0.972484448428523     
         123         114  0.966335596202753     
         124         115  0.970105576651846     
         125         115  0.973261036953193     
         126         116  0.963049508442815     
         127         116  0.961267005522311     
         128         117  0.857766816181220     
         129         117  0.868430914790484     
         130         117  0.906626196719446     
         131         111   1.30742373598783     
         132         131  0.981948893530542     
         133         132  0.944994414990996     
         134         133   1.61943313497270     
         135         132  0.971174812767973     
         136         135   1.00038811276549     
         137         136   1.00439039647566     
         138         137   1.00745923147472     
         139         138  0.955892462547290     
         140         131  0.904152298776421     
         141         132  0.946910253445643     
         142         135  0.973091906306183     
         143         135  0.971963657516847     
         144         136  0.974343351214664     
         145         136  0.963310364990992     
         146         137  0.971467914920303     
         147         137  0.973993367412561     
         148         138  0.964487651719247     
         149         138  0.951349439881999     
         150         139  0.894693627218891     
         151         139  0.899250437036990     
         152         139  0.896264942350351     
         153         133   1.29535836088941     
         154         153  0.972975710691671     
         155         154  0.946817541244359     
         156         155   1.56655808896325     
         157         154  0.972039581903747     
         158         157   1.00945248535189     
         159         158  0.938939023185700     
         160         159   1.50220385109317     
         161         159   1.47188819304266     
         162         153  0.922590756435287     
         163         154  0.953079708057472     
         164         157  0.971577506966228     
         165         157  0.973249057205588     
         166         158  0.965368797595256     
         167         158  0.963173453258794     
         168         155   1.34536466232372     
         169         168  0.977694633218664     
         170         169  0.917756342680938     
         171         170   1.61922285280511     
         172         169  0.964781880799985     
         173         172  0.994640832279292     
         174         172   1.00800374098086     
         175         173   1.01419646457878     
         176         168  0.875259487394524     
         177         169  0.952981303333841     
         178         172  0.961502417347450     
         179         173  0.969391045481447     
         180         173  0.970844956835925     
         181         174  0.975863927498108     
         182         174  0.982649246297795     
         183         174  0.983574537893929     
         184         175  0.986588442132513     
         185         175  0.985804722330585     
         186         175  0.981266448861075     
         187         170   1.32504664500743     
         188         187  0.977259472902692     
         189         188  0.928031570667253     
         190         189   1.63367314186720     
         191         188  0.994063664124685     
         192         187  0.903419683454925     
         193         188  0.948410242228289     
         194         191  0.982130610880692     
         195         191  0.974456987487708     
         196         191  0.981243380641660     
         197         189   1.30508806625981     
         198         197  0.971278744587697     
         199         198  0.951797619004331     
         200         199   1.61156484287406     
         201         198  0.976970452668694     
         202         201  0.989924965609002     
         203         202   1.01405809130735     
         204         202   1.00664964594404     
         205         197  0.904671638134512     
         206         198  0.952121234434094     
         207         201  0.970280693486337     
         208         201  0.967996660920442     
         209         202  0.967902690154069     
         210         203  0.983785137701601     
         211         203  0.984114324477608     
         212         203  0.984409369176328     
         213         204  0.985304929575986     
         214         204  0.985782679397259     
         215         204  0.986495487572929     
         216         199   1.30981294800837     
         217         216  0.972922281100391     
         218         217  0.946983603658544     
         219         218   1.61329374967566     
         220         217  0.959291751436784     
         221         220   1.01009706362995     
         222         221   1.60270841028060     
         223         221   1.18353530389727     
         224         222   1.19385628810426     
         225         223   1.25677582666102     
         225         224   1.17621643208680     
         226         223   1.34239833006774     
         227         225   1.32876772744393     
         228         226   1.49357702087533     
         229         227   1.49787415177838     
         229         228   1.37453300886461     
         230         216  0.890650153668419     
         231         217  0.950362614458705     
         232         220  0.967075064191170     
         233         220  0.968755707465091     
         234         222  0.957680704552939     
         235         224  0.940196237689426     
         236         226  0.968604098724799     
         237         227  0.968704145026790     
         238         228  0.971932952898211     
         239         229  0.971256414562212     
         240         218   1.31066738423824     
         241         240  0.983542040849579     
         242         241  0.987545578236092     
         243         242   1.90483680609673     
         244         241  0.923812498830009     
         245         244   1.01012602020833     
         246         245   1.38674381283624     
         247         245   1.43895563853812     
         248         246   1.46255352802523     
         249         247   1.41699708608719     
         250         248   1.42479231614754     
         250         249   1.45459913259261     
         251         240  0.910718424075749     
         252         241  0.950515471836462     
         253         244  0.965676142052622     
         254         244  0.965612943227821     
         255         246  0.969271168277045     
         256         247  0.967574102239306     
         257         248  0.969878106343128     
         258         249  0.964917817330833     
         259         250  0.970368837724468     
         261         260   1.01192544893225     
         262         261  0.967318245767988     
         263         262   1.90403871065806     
         264         261  0.967493836143199     
         265         264  0.985563847266118     
         266         265   1.00514949250632     
         267         265   1.01732697837728     
         268         260  0.954765351470313     
         269         261  0.960221455444601     
         270         264  0.970883616704603     
         271         264  0.972135862011017     
         272         265  0.965593827035790     
         273         266  0.983213762960736     
         274         266  0.976363316324201     
         275         266  0.985415678280509     
         276         267  0.980461789365720     
         277         267  0.979509330223666     
         278         267  0.982049799306201     
         280         279  0.830999295291702     
         281         279  0.893694797245028     
         283         282  0.842073666454964     
         284         282  0.861705006307631     
         286         285  0.848637367775829     
         287         285  0.876970782511154     
         289         288  0.871621226224919     
         290         288  0.869563182812506     
         292         291  0.847464921479480     
         293         291  0.913492851988012     
         295         294  0.879726053660552     
         296         294  0.829677548232519     
         298         297  0.883264227210540     
         299         297  0.910467024249181     
         301         300  0.869270930720529     
         302         300  0.896537758319053     
         304         303  0.871276602379589     
         305         303  0.823423050724101     
         307         306  0.895767276286545     
         308         306  0.893862836326353     
         310         309  0.899357403301739     
         311         309  0.809150096458311     
         313         312  0.879419314292343     
         314         312  0.854066387018053     
         316         315  0.872756323261411     
         317         315  0.878809242346839     
         319         318  0.881299445990418     
         320         318  0.897221376824451     
         322         321  0.893218712754996     
         323         321  0.891161786251412     
         325         324  0.821804922111577     
         326         324  0.889737770667510     
         328         327  0.858322365559384     
         329         327  0.858215667544857     
         331         330  0.821043883683128     
         332         330  0.908352789894339     
         334         333   1.02229983562357     
         335         334  0.989330780633312     
         336         335   1.87080061698205     
         337         334  0.932482866505070     
         338         337   1.01175050823803     
         339         333  0.951873638127371     
         340         334  0.953229306113910     
         341         337  0.968919944720853     
         342         337  0.966237074567689     
         343         338  0.870769966094693     
         344           1  0.945184523821132     
         345          34  0.953198715408963     
         346          52  0.948190253747823     
         347          54  0.956329414388844     
         348          68  0.960593570791401     
         349          86  0.953584602291827     
         350          99  0.961901311381824     
         351         242  0.952122073083278     
         352         260  0.943613639965849     
         353         262  0.955614788375295     
         354         333  0.952076895398453     
         355         335  0.955609695459354     
