$grad                                                                           
  cycle =      1    SCF energy =  -173.84864288107   |dE/dxyz| =  0.326695
    5.07377756708593     40.64669058530595     -5.50755287708319      n 
    5.31986127351731     38.82074266626650     -3.47861130880794      c 
    5.71692502603003     36.16246306804642     -4.56549852557912      c 
    5.11403379030308     35.67451876938174     -6.75116309344056      o 
    2.72921364024599     38.96057268503942     -2.18816198564542      c 
    0.92504618754782     39.43569719719249     -4.38556591188367      c 
    2.43715985433690     41.16823238133853     -6.12454279951486      c 
    6.82769283528926     39.31907516056151     -2.16404034746315      h 
    2.29139579372704     37.23784314994941     -1.16218834554607      h 
    2.73722066722973     40.55640760753779     -0.88852347113328      h 
    0.50811722559658     37.65291808873269     -5.32744254429981      h 
   -0.84200305130270     40.29165040160645     -3.78361250935084      h 
    2.10612938469805     40.77931723766815     -8.12275925575487      h 
    2.04993007220303     43.16572631843628     -5.74909209968698      h 
    6.69932988843852     34.43782132380367     -2.99022450794654      n 
    6.73183797599315     31.82107088785335     -3.83673125466502      c 
    4.12013530570078     31.21703553720354     -4.94424118697013      c 
    2.17693526210858     31.90816711492856     -3.88037576425714      o 
    7.36135716149254     30.01201609060072     -1.68137792976970      c 
   10.17428321258552     30.00861361975381     -0.99547130615552      c 
   10.54544759481917     28.60336372768550      1.49876673498782      c 
   11.76280103230437     28.78585464424529     -3.07338007646058      c 
    6.61395285182889     34.78655357299367     -1.10677606441365      h 
    8.14323095081599     31.70067774265281     -5.34033683212313      h 
    6.22676617661160     30.55594316600074     -0.04426783456266      h 
    6.77410760091996     28.10493185799405     -2.21591570469222      h 
   10.77046721489884     31.97510828866682     -0.77115478544940      h 
   12.52548215998548     28.59841171500831      2.03473803522850      h 
    9.44600858264393     29.48900442112724      2.98949172664751      h 
    9.91678218221244     26.65502607443865      1.31196004473057      h 
   13.72449656377903     28.67617973077679     -2.48371436028827      h 
   11.09991054245226     26.87677586996085     -3.45520237226369      h 
   11.67384720103052     29.86025071920135     -4.82319158706858      h 
    4.09199176604830     29.92335939662260     -7.12586158067336      n 
    6.14983967905197     28.47061770643735     -8.20666184824344      c 
    8.12725904397328     29.91822166167912     -9.75972967243528      c 
    9.93867817090251     28.76277587192617    -10.61691964314567      o 
    4.79543663119613     26.60257019113029     -9.98245415326426      c 
    2.50334590473521     28.11191796695875    -10.86370679344762      c 
    1.71421967451889     29.47696415034917     -8.45490945113552      c 
    7.18949417837796     27.44996053515225     -6.73741135796349      h 
    6.02172694420014     25.99975101027584    -11.51751428188732      h 
    4.18654359278401     24.94665043656638     -8.92053618687243      h 
    3.05245069015248     29.47106674481817    -12.31048216659953      h 
    1.00546069704507     26.91825650406822    -11.60355494603075      h 
    0.76583201250938     31.27858123192973     -8.78567477181465      h 
    0.47664740884746     28.30139997965899     -7.28376450057586      h 
    7.71214150925533     32.36959205730042    -10.23738322107794      n 
    9.45115302989399     33.71555148325913    -11.85148536390245      c 
   11.61264518320383     34.94012692778976    -10.35960124193545      c 
   11.51722306189045     35.25504882503833     -8.07509520722791      o 
    8.05071090394172     35.71590805394775    -13.41110285294572      c 
    9.46150143016350     36.17556625184537    -15.61802349141004      o 
    6.45817918838765     33.39666263493636     -9.20331391167489      h 
   10.25980487766991     32.32085395071587    -13.15480167628518      h 
    6.16912148095706     34.98496362050781    -13.88688379277673      h 
    7.80877250318731     37.45662071684638    -12.30445300446206      h 
    8.53518853928077     37.41641186149987    -16.60403140339024      h 
   13.59071267518185     35.58912561529949    -11.80575068418473      n 
   15.77005243252516     36.97096493073040    -10.86121546398271      c 
   15.87313950848908     39.55112159543666    -12.18780030967317      c 
   14.01733045501615     40.94088933640119    -12.07910443789667      o 
   18.18347688825480     35.38963378207144    -10.97859830163526      c 
   18.14549777101155     33.21461701831254     -9.06287698133514      c 
   20.84015199405961     32.40137451238929     -8.40562739298359      c 
   20.91357463262877     30.37725944119368     -6.35327399310394      c 
   23.47263408427641     30.28589622199564     -5.22165767572855      n 
   13.38784172282838     35.43133727477254    -13.69921981511451      h 
   15.34082225604328     37.39395051915118     -8.87132624784368      h 
   18.45568637737759     34.65157526610270    -12.88376223328266      h 
   19.75937834875974     36.62399112066910    -10.49404834497235      h 
   17.19893182371442     33.85832819573540     -7.34839680771619      h 
   17.06912660268130     31.62508840931676     -9.80840505202359      h 
   21.78862931203809     31.72907097255086    -10.10647123650022      h 
   21.86047626630820     34.05239623580953     -7.70448379414490      h 
   19.58240675723670     30.86814781780306     -4.85943265589304      h 
   20.40881554547525     28.53381261299853     -7.12512934323746      h 
   23.59015830272072     28.93769418285283     -3.84237876982847      h 
   24.81806317773368     29.94697569109452     -6.56927202087255      h 
   23.86985909579712     32.15732258411860     -4.35013438351451      h 
    5.41616279505283     35.10379674232411      9.01933983331030      n 
    6.58718683811168     35.62227979977825      6.59958582385041      c 
    4.90937831398878     34.89096808052561      4.35244965288191      c 
    5.50026205188787     35.51596060344694      2.21427072206391      o 
    9.19665428253663     34.40104761833492      6.39312471760408      c 
   11.10991931191450     35.61758528399350      8.19192148921895      c 
   13.80756088422998     34.93816993175407      7.42095025247306      c 
   15.74016714985070     36.01829529787429      9.27401718244658      c 
   18.31244299178691     35.90949170926203      8.16822989880555      n 
    6.28640809263044     33.86946792441535     10.19174610394256      h 
    6.80582152075091     37.68258838106536      6.40960497905749      h 
    9.04385409701846     32.38017063204870      6.76685753144419      h 
    9.82316980892187     34.65448847424018      4.44498993966596      h 
   10.90316613699538     37.66835684964997      8.12700356511918      h 
   10.77186157224519     35.01226174250194     10.13320463033502      h 
   13.99652219466120     32.88859817181109      7.33766717659032      h 
   14.15529075228970     35.70833595211555      5.54008030031374      h 
   15.30785770405176     37.98384468240378      9.71999379546279      h 
   15.71909959982030     34.94857040739053     11.03646109169544      h 
   19.79830786247316     35.82259293757257      9.64752291472237      h 
   18.53052241247102     34.27690843707079      7.15084023319521      h 
   18.65161996435750     37.44122812080020      7.03943718877867      h 
    2.77435888061403     33.61653146716849      4.86532617387981      n 
    0.85825984869418     33.20959083200211      2.95449420785768      c 
   -0.76224287302141     35.58581573195342      2.51815787945990      c 
   -2.32405535264308     35.63546122975882      0.81493676806898      o 
   -0.79674225835025     30.91737035884724      3.63620116839488      c 
   -1.53743457135705     29.29571042603002      1.34980009704121      c 
   -1.11999126285207     27.02260264509476      1.30411397477662      o 
   -2.72323792466063     30.54215191200771     -0.48693406194363      n 
    2.36386375956518     33.09597722320872      6.65418671826526      h 
    1.82596871282791     32.85126834475087      1.15046543628878      h 
    0.24054823330844     29.67931863587638      4.91624062719551      h 
   -2.53250487558744     31.52956905669000      4.56640640510516      h 
   -2.88471797181912     32.45587553894512     -0.42435510891001      h 
   -3.14705043561396     29.62860701799620     -2.10006012068621      h 
    6.30621351888779     41.81129721220447     -5.37581449437189      h 
   17.43248923224706     40.07320928888743    -13.11888410945701      h 
    5.29241573003345     36.54678978420199      9.91097861518086      h 
   -0.54049046419720     37.09789947531004      3.62968511080767      h 
   0.7609677499250D-01   0.9974792221039D-01   0.8937985286617D-02
   0.1027482673862D-01   0.5757022121416D-03   0.4395840048579D-02
   0.4754241877585D-02  -0.5591671100326D-02   0.2457460307214D-03
  -0.3926555506544D-02   0.2886487707707D-02   0.3186645369531D-02
   0.1991362775044D-02   0.5302917749148D-02  -0.4385708476362D-02
   0.4036473147236D-03   0.9030011600390D-03  -0.1882822029585D-02
  -0.1554308995439D-01  -0.6076844247326D-02  -0.5476816267634D-02
  -0.2449235938150D-02   0.2501466784626D-02   0.1071685224871D-02
   0.1504868254322D-02   0.3481289086706D-03  -0.1159889416555D-02
   0.1746413527328D-02  -0.5468818169649D-03  -0.1144936341565D-02
  -0.3460026956986D-03   0.2898942861362D-03   0.2090436200759D-03
   0.9291284191364D-03   0.5222922483688D-04  -0.3606512971783D-03
   0.1685536372871D-02   0.3125751598877D-03   0.8480644181214D-03
   0.4594289791244D-02  -0.1739469740178D-02   0.8738935311998D-03
   0.3746734617897D-03   0.2386195720897D-03  -0.6731281451128D-04
   0.3339402431192D-03  -0.2500122927271D-03  -0.4468196287316D-05
  -0.2822845246334D-04   0.6494807841070D-04   0.4614450670864D-04
  -0.9562199154501D-03  -0.1465449217433D-03   0.6127380944160D-03
   0.1789214895394D-03  -0.3935923544809D-03  -0.5572420514048D-04
  -0.3067656875515D-03   0.1964058804711D-03  -0.3006646495064D-03
  -0.2956850417726D-03   0.5645771818673D-04   0.5652311226209D-04
  -0.4090984812429D-03  -0.2006636968644D-05  -0.5115998766718D-03
   0.2188410863116D-04  -0.2290211721427D-04   0.2900352832682D-04
  -0.8166166196554D-04   0.9706725796485D-04   0.7353523833944D-05
  -0.4301415888172D-04  -0.8389875690142D-04  -0.5855019844094D-04
  -0.2086171734325D-04  -0.1485458030263D-06  -0.1694487356932D-03
  -0.3130271231298D-05  -0.7963650610085D-04  -0.9381059159323D-04
  -0.3052683561962D-04  -0.2836462731079D-04  -0.1220268154353D-03
  -0.1485510811051D-04  -0.2429064262449D-04  -0.7671718031776D-04
  -0.1259986225733D-04  -0.4955040627098D-04  -0.2781781851946D-04
  -0.1976871041651D-04  -0.3827117255795D-04  -0.1461146534266D-03
  -0.1456429575826D-04  -0.2893600269383D-04  -0.8052732544220D-04
  -0.4829812361665D-04  -0.9195604141115D-06  -0.9526262819702D-04
   0.9827637008069D-05   0.7779953086131D-04  -0.1698614350556D-03
   0.3767503789163D-03  -0.1730872800808D-03   0.1179822734305D-04
   0.5963683108056D-03  -0.3261706575025D-03  -0.1108539541451D-03
  -0.2210167917880D-03   0.3098416040618D-03  -0.1100847392412D-03
  -0.1638139346920D-03  -0.2183828373512D-03  -0.2495513301692D-03
  -0.2242842149372D-03  -0.1667425425430D-03  -0.4944682681882D-03
  -0.4633925845540D-03  -0.1671792455204D-04  -0.5406179563454D-03
   0.7606350294848D-04  -0.3191134230015D-04   0.5425720658645D-04
  -0.6049017673950D-04  -0.6445274430565D-04  -0.7076399183760D-04
  -0.3827424918892D-04   0.7708531055681D-06  -0.6031499035417D-04
  -0.1156091571292D-03  -0.3133318765020D-04  -0.1892605767838D-03
   0.6478765089875D-05   0.9043624878582D-05  -0.1463323504428D-03
  -0.6820871045400D-04  -0.5558473864633D-04  -0.1132907996588D-03
  -0.1511428578714D-03   0.2128377114886D-04  -0.1277300448038D-03
  -0.4222041074426D-03   0.2162980727508D-02   0.2050701993141D-03
   0.1130264637218D-02  -0.1832151185425D-03   0.8103402379943D-03
   0.2461677640280D-02  -0.2506578369981D-02  -0.5399169622303D-02
  -0.2059342691608D-02   0.2006659449769D-02   0.2456403717035D-02
   0.8115343069121D-03  -0.3612589370506D-03  -0.1258468574307D-02
   0.3362695112436D-02  -0.6033436634815D-02   0.2608836424974D-02
   0.6329178185627D-03  -0.1043647956056D-02  -0.1386389180162D-02
  -0.2398545227136D-04   0.2900408446451D-03   0.3101851690204D-03
   0.1583452313280D-03   0.7570706085921D-03  -0.3675061107277D-03
  -0.4596147515869D-03   0.9283612574279D-03  -0.8954071874809D-03
  -0.5486527436965D-02   0.3689152387018D-02  -0.5297812402844D-03
  -0.2374062638334D-03   0.4801542241640D-03   0.6986948965316D-03
  -0.1344782646550D-03  -0.3117472063656D-02   0.1041819576598D-02
   0.8824053022891D-01   0.1234762723593D-01  -0.4398476848039D-01
  -0.2234392260673D-01   0.1284902942173D-01   0.5029869309662D-02
  -0.1193035003006D-02  -0.3535502730538D-03   0.6699436635695D-04
  -0.6904187387073D-03   0.2249356500134D-03  -0.7398529796464D-03
  -0.2095152982300D-02   0.4836922503263D-03  -0.1028367408204D-03
   0.3438072100966D-02  -0.7047431647088D-03  -0.7303926033183D-05
  -0.6302151819836D-02  -0.3916798527174D-01  -0.1848912323930D-01
  -0.1952320540249D-03  -0.3321195628078D-03  -0.1452340156433D-03
   0.1796935456980D-02   0.7074731540677D-03  -0.1252736692265D-03
  -0.5082585043255D-03  -0.1598292934281D-02  -0.4005806589647D-03
  -0.3454679098030D-03  -0.2083270811898D-02   0.2741297493505D-02
   0.8208069483028D-03   0.2395888269349D-03   0.1682545428770D-03
   0.3723163467193D-03  -0.3319629301383D-03  -0.1818873238004D-03
   0.6193886165759D-03  -0.5108732284830D-03   0.4222905810006D-03
   0.9615858989785D-03  -0.1828458523876D-02   0.1659040089297D-02
   0.2054864090778D-02   0.8695433043861D-03   0.8104566946649D-03
  -0.3988843992175D-03  -0.5885905457372D-03  -0.5676297366567D-03
  -0.4848113272662D-03   0.3326034800414D-02  -0.3199248717371D-02
  -0.2888478488392D-02   0.3674176729444D-03   0.2783429276757D-02
   0.5891810647806D-02   0.3798853169386D-01   0.1788899456225D-01
   0.1534326171161D-02   0.1052282224907D+00   0.5798536897515D-01
  -0.3130811685328D-02   0.5066150288652D-02  -0.5608252442613D-02
   0.2374951840817D-02   0.2860051798261D-02  -0.1036033435504D-01
  -0.3577057070957D-02  -0.2151620128867D-02   0.8999629211538D-02
  -0.4627071669904D-02  -0.2149942233567D-02   0.6021525233050D-02
  -0.2243841261934D-02   0.1554836481377D-04   0.7723588887272D-03
  -0.3103851572785D-02  -0.5055944334288D-03   0.2829030348349D-03
   0.1000549296819D-02  -0.1347959816720D-02  -0.4312859185278D-02
  -0.3361964316303D-01   0.6457969950513D-02  -0.3188907668140D-01
  -0.5009046155828D-02   0.8068772938201D-02   0.1049216741097D-01
  -0.4796201473123D-03   0.1468776013651D-02   0.2839713744645D-02
   0.1080930797732D-02   0.7669115237812D-04  -0.1300630507687D-03
  -0.1349705950434D-02   0.7080397954624D-03   0.7768946124605D-03
   0.1215182085414D-02  -0.3608850672312D-03   0.1546805796164D-03
   0.9799913528955D-03   0.5023240862894D-03   0.4044717680128D-03
   0.1000236514371D-02   0.4030053018829D-03   0.2677610169689D-03
   0.1235477742961D-02   0.2467884645252D-04   0.2525838820530D-03
   0.1705349038370D-02   0.3790743312285D-03   0.7711226544486D-04
   0.1594381559301D-02   0.4948882897480D-03   0.8117044229653D-03
   0.3008004412667D-01  -0.5771643020020D-02   0.2812967056353D-01
   0.7300554770287D-03   0.3430264848272D-02   0.3881553179976D-02
  -0.1086133459514D-02  -0.2274256197448D-02   0.2767719602569D-02
   0.1495943064460D-02  -0.2466124456450D-02   0.2770639789333D-02
   0.1036992021763D-03  -0.6191081397626D-02  -0.1744312860887D-02
   0.2076054113748D-01   0.6930641289231D-01   0.6192468842918D-01
  -0.1074656565427D-01  -0.3205521791429D-02  -0.1541636955796D-01
   0.1308827330523D-02   0.2123691308190D-02   0.1790803675033D-02
  -0.7605703231669D-03  -0.9043054365172D-03  -0.1028837278494D-02
  -0.7510828110404D-03  -0.1370678773383D-03  -0.3057000403287D-03
   0.9923480519131D-03  -0.6027651528321D-03  -0.1520294233418D-03
  -0.2907900666633D-02  -0.4240259628073D-02  -0.3551709794927D-02
   0.3911746374141D-03   0.1498131784165D-03   0.1451121610296D-02
  -0.5385498620844D-04  -0.4662867332241D-03  -0.1057681032996D-03
  -0.7794343989087D-04   0.1680586086742D-03  -0.2007444895524D-03
  -0.1616464150941D-03   0.2114242489973D-02   0.1780333612026D-02
   0.4643129592282D-04  -0.4037254531432D-03  -0.6310878480415D-04
  -0.8236888816256D-01  -0.9968108379416D-01  -0.1183999189511D-02
  -0.6326293878579D-01  -0.1813838590618D-01   0.3576028033924D-01
   0.1737915137755D-01  -0.1172395263195D+00  -0.7132561400984D-01
  -0.1379321075004D-01  -0.5736242959546D-01  -0.4706516396854D-01
$end                                                                            
