   -0.39008336
    0.02779744
    0.26830498
   -0.51784949
   -0.04319724
   -0.08001869
    0.37213266
   -0.65048651
   -0.66838434
    0.16604382
    0.03339230
    0.04838744
    0.02231997
    0.00837742
    0.03357123
   -0.17438710
    0.01352194
    0.27559742
   -0.50223454
   -0.08025431
   -0.09676539
    0.28997466
   -0.50028316
   -0.29151956
    0.23026132
    0.08267350
    0.07570120
    0.07562385
    0.07198577
    0.07567962
    0.22549064
    0.23667355
   -0.17926369
    0.01527038
    0.28501620
   -0.48141929
   -0.08210002
    0.05328024
   -0.30487992
   -0.03374330
    0.08922828
   -0.09124801
    0.23139959
    0.10066764
    0.09628298
    0.05829882
    0.04271030
    0.05636123
    0.20941892
   -0.17500459
    0.01925304
    0.26960848
   -0.49929058
   -0.06338303
   -0.00469508
   -0.04195048
   -0.04235963
   -0.06073560
   -0.07576305
    0.14861811
   -0.42055725
    0.19647240
    0.10228260
    0.03932081
    0.06712811
    0.04154619
    0.03274452
    0.06622043
    0.05287708
    0.35596959
   -0.17182280
    0.03816454
    0.28419407
   -0.51849679
   -0.12807635
    0.22248553
    0.05679182
    0.06803004
    0.08407723
    0.06091370
   -0.18378113
    0.03977832
    0.27416522
   -0.51186872
   -0.10136587
    0.37199607
   -0.62459091
   -0.62929991
    0.23416843
    0.06427814
    0.05270525
    0.05217110
   -0.19319052
    0.02422890
    0.26558269
   -0.48332565
   -0.07081486
   -0.01118136
   -0.12272540
   -0.12854871
    0.21499708
    0.09898279
    0.03935580
    0.08269541
    0.01740758
    0.05437522
    0.03493826
    0.06306792
    0.06118507
    0.06591866
    0.03146299
   -0.18019695
    0.04407821
    0.30623898
   -0.49252323
    0.10983881
   -0.50353796
    0.20514897
    0.06098055
    0.00766690
    0.02421961
    0.34488458
   -0.19132523
    0.05331945
    0.26790118
   -0.49440622
   -0.09644661
    0.36554024
   -0.66392423
   -0.57155519
    0.18929210
    0.03531750
    0.03568759
    0.03862750
   -0.16974029
    0.02541747
    0.19115866
   -0.38346432
   -0.07757613
   -0.07566792
   -0.09824369
   -0.04943893
   -0.14742958
    0.20673201
    0.10448186
    0.06304720
    0.09343644
    0.04118763
    0.07954894
    0.10065550
    0.06505051
    0.09997361
    0.13061909
    0.30816112
    0.31116560
    0.28835888
   -0.38544878
    0.04749901
    0.20428859
   -0.39010544
   -0.07292681
    0.01104438
   -0.04409363
   -0.03698789
   -0.03777386
   -0.02559918
   -0.03844274
    0.17430147
    0.05531640
    0.06830677
    0.06503489
    0.04935758
    0.02521308
    0.03245952
    0.00997491
    0.01845999
   -0.65309676
    0.34163726
    0.33995585
   -0.62453549
    0.30426041
    0.30556975
   -0.64735865
    0.33016195
    0.31091749
   -0.63126696
    0.31088052
    0.33330959
   -0.62847213
    0.28713762
    0.32501986
   -0.64191272
    0.30244732
    0.32709652
   -0.63677888
    0.32800325
    0.30005319
   -0.66928060
    0.32201223
    0.33784509
   -0.60944395
    0.33239595
    0.30862658
   -0.66248646
    0.32707638
    0.30787137
   -0.63716594
    0.31302247
    0.30207690
   -0.64262035
    0.32176464
    0.28494681
   -0.63910965
    0.30922259
    0.30726353
   -0.62251567
    0.28505920
    0.32050767
   -0.39678732
    0.03469679
    0.28932214
   -0.49156086
    0.09942981
   -0.48939058
    0.17081921
    0.05537260
    0.02065573
    0.03675632
    0.33780445
   -0.18752325
    0.05053402
    0.19618594
   -0.37536647
   -0.08918471
    0.37167762
   -0.66777044
   -0.55557478
    0.20390899
    0.06755300
    0.02873482
    0.03478701
    0.18454164
    0.10158104
    0.19644790
    0.07522782
    0.20753722
    0.08668970
