$grad                                                                           
  cycle =      1    SCF energy =  -416.11746217066   |dE/dxyz| =  0.410061
   39.26726157828475     28.84450660634964     28.19963023581172      n 
   39.52551902419238     27.96882542326177     30.84421702247750      c 
   41.07250274511040     29.76781545110234     32.41114655663775      c 
   40.57553343694323     30.18849315218118     34.65951168820067      o 
   40.59901635134511     25.22083354148665     30.94669759259875      c 
   38.64118895245045     23.51967832688049     29.72163155631442      c 
   39.64485097829034     20.82621991579910     29.50130256598706      c 
   41.97114927311881     20.58398974419271     29.22470889697717      o 
   38.07455113358424     19.06484213342803     29.42549283693710      o 
   40.00124767530639     27.81345599714546     26.76542604759698      h 
   37.62714291861295     27.94799160379643     31.68384500157849      h 
   42.38164798181237     25.13828248345365     29.92515093203363      h 
   40.92544738638241     24.68053168460036     32.90459857364241      h 
   36.88356923424865     23.52356045420395     30.80046029415550      h 
   38.24075859797907     24.15285813339749     27.80005128772919      h 
   43.03279454090677     30.84653429892282     31.21880838549261      n 
   44.59003121317043     32.63836540065989     32.61284260665321      c 
   43.13938072225552     35.14534075727290     33.09240872141785      c 
   43.25837891201145     36.21176371543252     35.15490145476017      o 
   47.09838853468496     33.03072054437865     31.21786537671706      c 
   48.94767012872020     34.63883626688721     32.66504508583759      c 
   51.50682264200091     35.05190280663232     31.36372154030202      c 
   52.85022171190803     36.86180139543411     31.88341154379915      o 
   52.25716827287703     33.24966949600216     29.72296322124651      n 
   43.58705529693396     30.28697867912918     29.47653275444981      h 
   44.97243693162476     31.83875698456884     34.48940643707932      h 
   47.86549814612215     31.13881951049824     30.92646936661640      h 
   46.68946100083742     33.87571961897985     29.37631684286660      h 
   48.17520877881260     36.50606479310922     33.06839077646685      h 
   49.37516389801029     33.75988474825997     34.48539253727570      h 
   51.07528244902285     31.92551105672984     29.05717700152119      h 
   53.89353738556339     33.52369231417843     28.78963851734672      h 
   41.77851980052961     36.01002897894743     31.20332419707529      n 
   40.19325963326543     38.36271076217447     31.51951315954128      c 
   38.49150989103349     38.18228357620659     33.82697765130724      c 
   38.17619034876896     39.96893013845682     35.27823656046747      o 
   38.61918554852490     38.73316978341058     29.13195360511146      c 
   37.05389633862952     41.06771856730957     29.26879210191307      c 
   37.99046935633629     43.40101659338121     28.53952685306243      n 
   34.60116427735387     41.34447344241512     30.08321247269771      c 
   36.15965590131368     45.02474991310095     28.96858136553336      c 
   34.08387878420928     43.89291831153138     29.85749885699926      n 
   41.80166951523957     35.20990491730502     29.45872396822192      h 
   41.46302250232748     39.96998059969546     31.81062892819696      h 
   39.90610780572847     38.85405409238485     27.52433562848109      h 
   37.38664207358420     37.09233857308985     28.90686674631484      h 
   33.28651891012853     40.02484302197718     30.84288629560537      h 
   36.29882789710201     47.01327447366125     28.60993131828832      h 
   32.50373686163310     44.75363522140010     30.49376031180932      h 
   37.29515588349356     35.97788537247425     34.09670564396512      n 
   35.48071151923649     35.53649449864872     36.15030109192523      c 
   36.68927135342135     33.94558837694576     38.27195187865783      c 
   35.38168773389847     32.74980779616267     39.78916718605785      o 
   33.08691651999559     34.20844576314560     35.15625732953831      c 
   31.50332306569636     35.80943440029907     33.43887328661855      c 
   30.31768020303820     37.95438547208170     34.38496909882333      c 
   31.34273890397331     35.31393475108889     30.86183631851452      c 
   28.90064532799463     39.55124360389182     32.88075662000291      c 
   29.67328002680992     36.72567767670138     29.40294399309600      c 
   28.45074917939596     38.83979965503431     30.38455335987038      c 
   26.94422067720749     40.37021434311066     29.00017521085468      o 
   37.48625210784757     34.58865669662374     32.79517493438777      h 
   35.01583198491939     37.38653227030202     36.95484434743096      h 
   33.67613982826851     32.49275818503614     34.16901197096036      h 
   31.99266179181623     33.65132134570560     36.81511782535780      h 
   30.57228891902876     38.42781019917599     36.35386590440414      h 
   32.37082957022756     33.75434486924098     30.04659740254145      h 
   28.08845511143091     41.24864929494514     33.65082911329183      h 
   29.46866986310032     36.25481910050330     27.42835603215452      h 
   26.61886765126680     39.65602859899914     27.34371128343648      h 
   39.18144529377548     34.20784202140508     38.55035748909543      n 
   40.53104819791388     32.75673134801749     40.43478922506988      c 
   39.35676652016378     33.16172450947722     43.08902340701488      c 
   39.29829985249177     31.37957690604468     44.57431295365943      o 
   43.27683504805177     33.51719531882379     40.60381583044593      c 
   40.26195339705263     35.14410481225138     37.27663933631616      h 
   40.34087872596793     30.73206012990808     40.02888193343758      h 
   44.26817225725082     32.22153395499270     41.84924208496790      h 
   44.14419821157848     33.45673159519365     38.74433382776124      h 
   43.44136566204678     35.42228355182912     41.35620221964943      h 
   38.49964533887945     35.44021692031891     43.68014015133606      n 
   37.57047862657591     35.90447894435222     46.20172881710753      c 
   35.14386234397147     34.45788558374561     46.71628287031835      c 
   34.32513584351678     34.19993217905849     48.87092151654439      o 
   37.19301511501080     38.71736759890249     46.74618861059903      c 
   39.69299317831609     40.27822417482566     46.79900270242150      c 
   41.73352485479062     39.18286212733329     47.20488587869404      o 
   39.42460773654560     42.59690011755229     46.38161112384157      o 
   38.59380038401499     36.91101506421497     42.45238705778854      h 
   38.96178800294631     35.17139505446625     47.56168334576584      h 
   35.91603615128889     39.54022387451041     45.35829141599925      h 
   36.36254134937696     38.87811288716375     48.62773426242844      h 
   33.91732610789058     33.58645773176271     44.70289744876793      n 
   31.54622330407773     32.16496802167954     44.92771652772835      c 
   31.87223857332797     29.33217740308796     44.48769922350783      c 
   30.02656010294169     27.92392997329477     44.22693258191027      o 
   29.61600560519173     33.14455869343290     43.03946925893981      c 
   29.13893754372590     35.99946336129410     43.24127454683144      c 
   27.23191653020011     36.76344172895865     41.20623812708808      c 
   28.20625150559191     36.73254333888043     45.87383840000986      c 
   34.69075627777354     33.61159965244916     42.95012297051465      h 
   30.91331059652866     32.42073538723112     46.88265303123570      h 
   30.32993139538914     32.71474913925818     41.15070520131572      h 
   27.86146736369587     32.09883494105548     43.31716267475288      h 
   30.92198762546978     36.97659427485603     42.87193773708265      h 
   27.06113315073289     38.80808258011692     41.12458774230019      h 
   27.84166423988060     36.09931857635002     39.36161119602910      h 
   25.39041424436870     35.95827752821427     41.62163092779157      h 
   27.70213981209245     38.72193110130998     45.88650655321055      h 
   26.56154487609691     35.61097971141088     46.37393605745644      h 
   29.68042716801550     36.42957600445643     47.27191556643987      h 
   34.22767300507206     28.40041540768400     44.44497174122713      n 
   34.58672009394358     25.80800045602867     43.71170899841766      c 
   33.50733858291643     23.86877886438280     45.54878990302796      c 
   33.02659708601235     21.73049713984308     44.80663140400252      o 
   37.39585479920283     25.16067640094739     43.36295108334777      c 
   38.53180391047038     25.40453188823723     45.72228676493015      o 
   35.78447878278065     29.48253998518380     44.68635499152023      h 
   33.61112534257425     25.45598632545170     41.91038552299092      h 
   37.52726794533839     23.21457019581680     42.63665971360901      h 
   38.22405036187685     26.44857155861157     41.95796033223348      h 
   40.28292220077635     25.97253533664693     45.60350899923402      h 
   32.89997566221950     24.68620083485825     47.90015342855058      n 
   31.83485816964244     22.83557327066549     49.66683501838307      c 
   28.96470714916964     22.92648941509694     49.61402419729828      c 
   27.68155000726978     21.52981784251273     50.94581819728989      o 
   32.63593871569613     23.32293691399362     52.40924447433739      c 
   35.51295808572726     23.85359567472722     53.11454498517189      c 
   35.71707921954167     25.35787382095746     54.95539518629353      o 
   37.24717047856517     22.81894688917661     52.00062432387968      o 
   34.05873420467842     26.00341002804996     48.64227540767720      h 
   32.45243682202066     20.94416690524457     49.08552069244246      h 
   31.59633460855820     24.95584874282013     53.13556459002037      h 
   32.09988014583242     21.67065078514523     53.52524921781409      h 
   27.75560851518828     24.65321720116998     48.16279602264088      n 
   25.02857134715124     24.71087226953026     48.16961127090003      c 
   23.75481100435042     22.56385449877419     46.66036394175367      c 
   24.67318141259509     21.70616400882381     44.69783654724695      o 
   24.06229208696534     27.15138877641870     46.91425824420347      c 
   24.95425084006823     29.52898974173607     48.26890280319302      c 
   23.80363880791099     29.80616180597027     50.88672621155339      c 
   24.52101608920232     32.34779287416848     52.01764926595674      c 
   23.72633571499274     32.52056648314782     54.69896451729615      n 
   28.68618136822433     25.61068820568745     46.78350642977365      h 
   24.45427825526743     24.56456801941943     50.14600942886322      h 
   24.77005905752640     27.17124273858631     44.97634506838030      h 
   22.00453476969135     27.12007910903050     46.85422403487255      h 
   27.01023753590621     29.50277457557417     48.39571733127762      h 
   24.41118933625379     31.14022843158453     47.10397199456379      h 
   21.75437819342426     29.63812998616003     50.75072953456088      h 
   24.51363400044817     28.29641153892365     52.09667683622687      h 
   26.56846047598493     32.58521035522199     51.94677538071081      h 
   23.63327930909201     33.87843578577053     50.96507892138072      h 
   24.43488114889895     34.24163256429424     55.47792511208816      h 
   21.79996696381096     32.47201914950011     54.93148012898363      h 
   24.49519372979104     31.06809129307635     55.72487259316473      h 
   23.30298873009018     23.49457725356528     39.37324094689935      n 
   25.55420400831283     24.19317501832939     37.96170923142087      c 
   25.73827176851855     22.77793138314371     35.46731623180482      c 
   26.28387419557674     23.93914279914447     33.52231112557634      o 
   27.91202834226097     23.66615554171772     39.53202888858074      c 
   30.35950268781391     24.20950384262544     38.18426816224114      c 
   31.14799804511630     26.69451885706502     37.80090676723335      c 
   31.98838507610853     22.28362683026100     37.51138426620977      c 
   33.60106542654535     27.15675160210021     37.04086071990320      c 
   34.32049454468244     22.75690874037180     36.44986380045885      c 
   35.17983830389839     25.23486853422235     36.29747987961539      c 
   23.58176968602166     22.72804069453023     41.11139055578466      h 
   25.43559324242316     26.20751509257975     37.47482842800162      h 
   27.84879901982183     24.82816657390002     41.23965453409695      h 
   27.88474136265795     21.68533722972148     40.09948803374507      h 
   29.92936811551577     28.24704647229172     38.32064132649994      h 
   31.40765715764128     20.34945071298037     37.80198504278132      h 
   34.26610704700350     29.08636536687159     36.96555749863477      h 
   35.53831360478340     21.22465936177983     35.88085354499172      h 
   37.07427416930199     25.62402782065881     35.65104573163254      h 
   42.32588515368177     28.21927748350335     46.52575714251214      o 
   41.88239488012013     28.15868171716222     48.30632331839052      h 
   41.27721953679567     29.55969307354591     45.82919360915093      h 
   29.36247436917452     18.39610052744897     44.06319001349377      o 
   30.94645091041894     19.29653677805430     44.07621795766508      h 
   28.11875889451486     19.63072433290123     44.57293714397327      h 
   42.53858948530782     26.58918644331013     37.78005836645362      o 
   42.90939017258603     26.77685033801339     39.57629343842175      h 
   41.63883115990284     28.06247191706613     37.17733388770334      h 
   38.16934141557783     39.75007964231116     40.64121042502847      o 
   38.95406016256254     41.15293037516389     41.48885056020737      h 
   38.27162389120802     40.08269785836981     38.82641424803477      h 
   33.82687576824447     22.07216212257496     59.14764223844389      o 
   34.42248914588659     23.18446241794290     57.82125774206549      h 
   32.01944304541733     22.01465535064753     58.96879167143351      h 
   25.32079329448133     17.64946375001072     40.36571165170628      o 
   26.70271534343710     17.58818490348584     41.56799949037871      h 
   23.78338266840869     17.47032717845812     41.31211740844646      h 
   45.88381875082841     41.36702556341896     35.60849006852638      o 
   45.60145074941429     41.98794219464381     37.29008142394478      h 
   45.05148303292550     39.74310913738054     35.54108884950952      h 
   43.91237540214786     26.28429025710591     42.50484893984296      o 
   44.98198515710974     24.85239651038671     42.80001306594316      h 
   43.58094765504474     27.05128838227100     44.14167454814669      h 
   40.42329551046846     29.48318934736538     50.86877295275311      o 
   40.71480326252115     31.25680604302612     50.55833799528725      h 
   38.79413735616682     29.28584998701569     51.63300530752210      h 
   43.61131370025235     34.43053192988679     48.45624149949301      o 
   45.41492857157166     34.55681650606076     48.59883098151271      h 
   43.01902171400941     36.12495718788067     48.03098569144865      h 
   47.43146514799218     27.25244473468116     35.56804095946980      o 
   47.61146937417530     26.33648847722595     33.99354213368882      h 
   45.80234573099381     26.76022033826624     36.23375229256828      h 
   41.38931517541022     21.57334881283447     37.51095174611245      o 
   41.75277369779646     23.37370316328408     37.66477167291732      h 
   40.65261668651446     21.06747217709242     39.08786289607380      h 
   30.61272757185371     16.23059845787780     56.27181157123041      o 
   32.18451651021437     17.15214425634995     56.25878362705911      h 
   31.06008541429010     14.53619735927428     55.76206444075091      h 
   36.02849099864950     18.25885268463728     41.18735934628030      o 
   37.28957799981806     18.21851885283204     42.51374384265870      h 
   35.07497231211334     16.72232341710980     41.36620991329068      h 
   41.70931772370567     15.44182663102341     55.89002984349706      n 
   39.64374406281177     17.04897800691587     56.62329258630653      c 
   37.42463814525969     17.08381699376122     54.78621168169623      c 
   35.33246110292041     17.73662350702674     55.52837018072168      o 
   40.48771233933975     19.80542205196043     56.97205050137642      c 
   41.26687194173839     20.66725509595783     54.61271481998300      o 
   43.42486798657977     16.24899769464773     55.64864659320395      h 
   38.85109350749502     16.38009523368408     58.42461606173327      h 
   38.86804150012040     20.89228227758691     57.69834187111518      h 
   42.01716004444334     19.87871286967244     58.37704125249071      h 
   42.63433650247934     21.89976629626904     54.73149258549017      h 
   37.82886487714911     16.14911428998291     52.43484815617361      n 
   35.69361564724078     16.15200926528854     50.66816656634112      c 
   34.33727582757430     13.62092749677112     50.72097738742591      c 
   32.48614419429135     13.20801660128026     49.38918338743430      o 
   36.51622521629142     16.60208354701410     47.92575711038679      c 
   38.41429886896501     18.82832602840870     47.22045659955230      c 
   39.81910252454914     18.25296104277043     45.37960639843065      o 
   38.38537293288075     20.84752240884274     48.33437726084451      o 
   39.54898077158494     16.49402402778986     51.69272617704699      h 
   34.36439901196812     17.63255124984018     51.24948089228173      h 
   37.41056628850605     14.88530406616490     47.19943699470382      h 
   34.81727416933978     16.96398627219923     46.80975236691010      h 
   37.61850016835569     28.97470298988283     27.80314986135270      h 
   22.12721397665501     21.81937583958162     47.26678261306996      h 
   22.33990965881641     24.87361994353272     39.62479995398895      h 
   25.41758448218278     20.91645993877363     35.41121017388389      h 
   41.94468337471644     14.24394529708249     57.07419422917002      h 
   34.95041593000425     12.24398631415114     51.86078279100656      h 
  -0.1232644757904D+00  -0.4584678981236D-02  -0.3302363111557D-01
   0.2479578451213D-02   0.1246938760060D-01   0.1983024616224D-01
  -0.4647664531042D-02   0.3413757538112D-02  -0.6950630450867D-02
  -0.4770498759830D-03  -0.3396170983457D-02   0.1444491224579D-01
   0.1099913073585D-01  -0.2190072329626D-01  -0.2059691721266D-02
  -0.2097642954573D-03  -0.5412423002310D-02  -0.5658862170096D-02
  -0.3157185465086D-02   0.1377812178780D-01   0.7269338064124D-02
  -0.7399498319628D-02   0.1949256611018D-02   0.6273169673627D-04
   0.4543550271356D-02   0.8541548099394D-03  -0.2188037153509D-02
  -0.1221521236229D-01   0.9213466932373D-02  -0.1119529607490D-01
  -0.2003510734957D-02   0.2397464566708D-02  -0.2153680016138D-02
  -0.9485379956246D-04   0.2159449095720D-02   0.4575412845344D-03
  -0.1662201554324D-03   0.2951014555912D-02  -0.3236530627121D-03
   0.5534601072675D-03   0.1934229948883D-02  -0.1411441121658D-03
   0.1283687570810D-02   0.6903811207473D-03   0.1266806018524D-02
   0.4141465209598D-03  -0.9115799662403D-02  -0.8968955196788D-02
  -0.1864759771510D-02  -0.3947018907175D-02  -0.3453267186471D-03
  -0.1446236453370D-01   0.1308407108724D-01  -0.1362316882074D-01
   0.2374433183121D-02   0.8907957835513D-03   0.3690050283008D-02
   0.9474631908681D-02   0.5257232899748D-02   0.9208898522609D-02
  -0.1221138838032D-01  -0.5598579485004D-02  -0.1396862791780D-02
   0.5257292581102D-03   0.2783536222632D-02  -0.1125501893489D-02
   0.3049955873676D-02   0.4258693988496D-02   0.1124455977176D-02
   0.1893453111673D-02  -0.7759203522386D-02  -0.4439901001866D-03
   0.5554099592102D-02  -0.2233033744399D-04  -0.2133681890995D-02
  -0.6226289915965D-05  -0.3163078297193D-03  -0.6192722780417D-04
  -0.4810673371156D-03   0.4086335740942D-03  -0.1558764389030D-02
  -0.9446026805044D-03  -0.1133200598178D-02  -0.2828509520345D-03
   0.3062325365103D-03  -0.4835053945382D-03  -0.2874826601795D-03
   0.4394263935364D-03   0.1529752041797D-03  -0.2473920766329D-03
  -0.9348851771418D-04   0.1425698461700D-02  -0.1639176841559D-02
  -0.1144270608755D-02  -0.2712977549975D-03  -0.9613867678022D-03
   0.2401766001809D-01  -0.2513826568049D-01   0.1045082852670D-01
  -0.1743983190561D-01   0.1636288975519D-01   0.4095109900971D-02
  -0.1454866253859D-02  -0.8645427821258D-02  -0.5753886731572D-02
  -0.4146010071759D-02   0.6847455176796D-02   0.5470494704572D-02
   0.1212966829180D-02   0.3978716260741D-02   0.3737330378322D-02
   0.4104668332868D-02  -0.1699971609021D-01   0.3427829811354D-02
   0.8775767328396D-02   0.6893289313523D-02  -0.5835079241254D-02
  -0.1101237240902D-01  -0.1455400319462D-01   0.2474198503839D-02
  -0.1450512589925D-01   0.6936670478154D-02   0.5834296890690D-02
   0.9304817132872D-02   0.1298569715727D-01  -0.9286935930805D-02
   0.4510304014592D-03  -0.5773663887650D-04  -0.5213421605775D-02
  -0.9391895851068D-04  -0.3030530422703D-03  -0.1434634172083D-03
   0.1110929652687D-02  -0.1747814271956D-02  -0.1527275491158D-03
   0.1074713320080D-02  -0.6947081914707D-03   0.1195151045722D-02
   0.7320895754993D-03   0.5158357778490D-03   0.4299278553936D-03
  -0.1231912231437D-03   0.8704805931282D-03   0.1788077858296D-03
  -0.1010102382695D-03   0.1835745366543D-02   0.2352242077089D-02
   0.1562201776048D-01   0.4163405071548D-02  -0.7297318256029D-02
  -0.8162591262468D-02   0.8533631808037D-02   0.1063133049278D-01
   0.1597204722056D-02  -0.8107032382213D-02  -0.7435463465944D-02
  -0.3862824375576D-02  -0.2346641653766D-02   0.1002910192089D-01
  -0.4900627992610D-02   0.3604218627442D-03  -0.7313616812097D-03
  -0.7169754027575D-02  -0.5261553776698D-02   0.3389058628725D-02
  -0.5246097885522D-03  -0.4074035307980D-02  -0.3779773252715D-02
   0.1355720781159D-01  -0.3076013264921D-02  -0.5692918517438D-02
  -0.5660768964715D-03   0.1089134872437D-01  -0.2688478510699D-02
  -0.6773549414610D-02  -0.8148173464930D-03   0.3256845853747D-02
  -0.4051452067101D-02  -0.2622138676359D-02  -0.1292708861880D-02
   0.3497812938662D-02   0.1629014470933D-02   0.5371564365940D-02
  -0.1682462817705D-02  -0.8122758559632D-03  -0.3984100166291D-02
  -0.9484017143375D-03   0.5043457655565D-03  -0.1966901899186D-03
   0.7354094020069D-03   0.1054632419755D-02  -0.1154871881684D-02
  -0.2845522932862D-03   0.8403273603244D-03   0.3247030863346D-03
   0.7357813505688D-07   0.5307153597107D-03  -0.4535055724340D-03
   0.1556272624357D-02   0.4305522845110D-03   0.2786254510115D-03
   0.1836336591848D-02   0.7884024444732D-04   0.1442656718383D-02
   0.1613143298998D-02  -0.1357670717857D-03   0.6246370444718D-03
  -0.1531351282587D-02  -0.7038315225549D-03  -0.1240971960844D-02
   0.3536075430651D-03   0.3037341624641D-02   0.5813103791706D-03
   0.1068459613554D-01  -0.6044022814727D-02  -0.1205400021813D-01
  -0.5455838284144D-02   0.7537628358916D-03   0.1479141052717D-01
   0.1151964650951D-01   0.4446570694657D-03  -0.3972631429810D-02
  -0.5358694857437D-02  -0.1692306630012D-02   0.1443505515758D-02
   0.2951446814363D-04   0.8238211806458D-04  -0.9324661920017D-04
   0.4258521942042D-05  -0.1740105774087D-03  -0.5970322934631D-04
   0.1977115398429D-04  -0.9928505945390D-06   0.5208844820815D-04
  -0.7525074784699D-05  -0.4790496791794D-04  -0.5891284409353D-04
   0.8284036976393D-05   0.3512354489994D-04   0.2398019404303D-04
  -0.2819116060446D-02   0.7132871053426D-03   0.4668029563442D-03
  -0.3942986632167D-02  -0.2109417396378D-02  -0.4090860809739D-02
   0.2874516970947D-02   0.2427828632655D-02  -0.3465173013590D-02
  -0.5665924351766D-03  -0.2357260639419D-02  -0.3103132183537D-02
  -0.4512728199993D-03   0.7972495251171D-02   0.4959068172307D-03
   0.2683973831684D-02  -0.1430279754193D-01   0.7572052045738D-02
  -0.5361407532791D-03   0.3422239253253D-02  -0.1915192395155D-02
  -0.1816308003244D-02   0.1144699441258D-01  -0.2080826670142D-02
   0.4031657722810D-03  -0.2978193452561D-02   0.2729606711759D-02
  -0.7052514829351D-03   0.2197333447484D-03   0.9258857323764D-03
  -0.4944861950796D-03  -0.1698673498868D-02  -0.2991875774059D-03
   0.1197451610739D-02  -0.1002996253640D-02   0.6154032968899D-03
   0.1671045290747D-01   0.9492626079827D-02   0.1010857656301D-02
  -0.1445851376886D-01  -0.9324240455767D-03  -0.1046193106779D-02
   0.1069583324323D-02   0.1032732000442D-01  -0.1503041294219D-02
  -0.5503286805139D-02  -0.1053866822373D-01  -0.2040226722956D-02
   0.3103205364715D-02  -0.4905638010111D-02   0.3081489440423D-02
   0.1834182536050D-02   0.1980245011754D-02   0.8587657406252D-03
   0.1435310044025D-03  -0.1681902629125D-02  -0.1959045982564D-02
   0.6228858937234D-03  -0.3177819828421D-03   0.1822464526719D-02
   0.5484357643688D-04   0.3712031926622D-03  -0.3916286838364D-03
   0.7869113388800D-04   0.5785691279914D-04   0.1655174041550D-03
  -0.9034991897539D-04   0.7491893300712D-03  -0.1931453157648D-03
  -0.6631544153439D-03  -0.3103007396075D-04   0.1407436757078D-03
  -0.1393825110430D-02  -0.8920511709031D-04  -0.2728087255042D-03
   0.5241831285802D-03  -0.2200820337804D-03  -0.5462196931424D-03
   0.1894222399185D-03   0.7162116950897D-03  -0.5858891952388D-04
  -0.1014896985272D-04   0.2968721642538D-03   0.4665197588780D-03
   0.1802328382282D-03  -0.2628191085689D-03  -0.7746653631229D-03
   0.2012878373041D-04  -0.2066444500038D-03   0.4158850652578D-03
   0.6844351843250D-04  -0.3567018220954D-03   0.1429116484994D-03
   0.4131428542146D-02  -0.1945086658516D-02   0.1037414148161D-02
  -0.3237391317022D-02   0.6610834145859D-02   0.4093775389732D-02
   0.7491594923948D-03   0.9526161351296D-03  -0.4199181016162D-02
  -0.9860657545416D-03  -0.6542932221743D-02   0.1559981021593D-03
   0.2698398202559D-02  -0.4090579314068D-02  -0.1778387055766D-02
   0.8947680497258D-02   0.1995932849516D-02   0.1235381294487D-03
  -0.3311298746501D-05  -0.2221901600395D-04   0.1292504505807D-05
  -0.1208783717970D-04  -0.1167629552335D-03  -0.9365432071270D-05
   0.1912206715092D-04   0.1203601316258D-03   0.1673258303509D-03
   0.7670075913911D-04  -0.1840491067685D-04  -0.1652840012551D-03
   0.1511725557390D-03  -0.3854579876366D-03  -0.1747464853046D-03
   0.9871212942739D-03   0.6846288521530D-02   0.1648528926684D-02
  -0.9577944961022D-02  -0.1128828008887D-01  -0.6317977536101D-03
   0.1474916784850D-01  -0.6836229531642D-03   0.7233626329943D-02
  -0.3050490701707D-02   0.5599271274019D-02  -0.5743344149341D-02
   0.1044594422091D-04  -0.2685441777423D-02  -0.6933704476693D-03
   0.5399231553098D-02  -0.4055317299951D-02  -0.3858825253096D-02
   0.5889587385763D-02  -0.1831679119231D-03  -0.2598592386240D-02
   0.6721317963949D-02  -0.3102492111537D-02  -0.8654091790509D-02
  -0.1876931983792D-04  -0.5838223070315D-05   0.1763839592302D-04
  -0.1761388281146D-04   0.7879762965672D-04   0.7464645721916D-04
  -0.1220602326184D-04  -0.5229521610326D-04  -0.3999886844499D-04
  -0.3023938524214D-04   0.7151954058787D-04   0.1813257312223D-04
  -0.1141304285359D-01   0.3657352450730D-02   0.1891206767412D-02
   0.1200106562919D-01   0.4450960606286D-02   0.8334907280104D-02
  -0.8912862576322D-01  -0.1825081020407D-01   0.4403047598858D-01
   0.7333017368616D-02  -0.1173395101599D-01  -0.2579119947399D-01
  -0.1192382894817D-02  -0.1657615660208D-03   0.8276097182680D-03
  -0.1007918858525D-02  -0.1994898415768D-02   0.2270847439697D-02
   0.2512948954398D-02   0.9901479234610D-03  -0.4498766413271D-02
  -0.9614926542784D-03  -0.2226901412221D-02  -0.3782154977174D-03
  -0.1008331034797D-01  -0.2358963736523D-01  -0.1326091096157D-01
  -0.7732258770518D-03   0.9218813169080D-03  -0.3123140937841D-03
   0.3004295882879D-02   0.1883687407465D-02   0.1052853916021D-03
  -0.1081639528010D-02   0.2568830708311D-03  -0.7604407066636D-03
   0.6638220506803D-03   0.1506694538280D-02  -0.5089498776842D-03
  -0.4551433528938D-03  -0.1539520080876D-03   0.7068539534192D-03
  -0.2806312724540D-03  -0.2595587810877D-03  -0.1439087722436D-04
   0.3253962840043D-04   0.2346095955550D-03   0.3890087799356D-03
  -0.2555185604230D-03   0.7231507420841D-03   0.6287936008446D-03
  -0.1463190199756D-03   0.1735357179295D-03   0.1998645129412D-02
  -0.1697352477536D-03  -0.3984223247111D-03   0.8812707419080D-03
   0.9346021226116D-02   0.1825943653881D-01   0.7662951817999D-02
   0.3115941993030D-02   0.8409013382438D-04   0.2845090518385D-02
  -0.1896268649060D-02   0.3774761002968D-02  -0.1230979024350D-02
  -0.6062637184515D-01   0.1038708601625D+00   0.1698231198835D-01
   0.7571027684197D-02   0.2345630104848D-02  -0.2167400204483D-02
  -0.2016169629618D-01  -0.9320417058535D-01   0.1990797411765D-01
   0.5627677131048D-02   0.1579020306677D-01  -0.2052158777176D-01
  -0.1192113594513D-01   0.1653906858633D-02   0.1666211901698D-02
   0.2286941798486D-02  -0.8876076330668D-02  -0.5691217725893D-02
  -0.3583379388792D-03   0.5305078671236D-02  -0.8399237740897D-02
   0.3264347158413D-02   0.8590281981049D-02   0.3966934818090D-02
   0.4433272329553D-02  -0.1361035740857D-01   0.6640358038628D-02
  -0.6297222638286D-02  -0.6501137840942D-02  -0.2083366450311D-02
  -0.1051853287781D-02   0.1109206397420D-01   0.4649025216268D-03
  -0.1158352441227D-01   0.6314104651934D-02   0.6632135516558D-02
  -0.4500740762833D-02   0.1360270061892D-04   0.1288943801279D-02
  -0.1532302974959D-03  -0.1369101363275D-03   0.3492801197367D-03
   0.5543908190033D-03   0.1277993747777D-04   0.7528022010471D-03
  -0.3964185230169D-03   0.5888451112690D-03  -0.1055558954557D-03
  -0.3069404098916D-03   0.1201688613198D-02   0.3472949741357D-04
  -0.6740784320508D-03   0.2016406354195D-03  -0.3013602876323D-03
  -0.4284405303767D-03   0.1296327120434D-02   0.1542704508362D-03
  -0.5256503002972D-03   0.4547476314827D-03  -0.3434791823645D-03
  -0.1542287015017D-01  -0.2343578231867D-02  -0.9950855822253D-02
   0.8459149247122D-03  -0.5806872449788D-03   0.4869523105778D-03
  -0.7902054753688D-05  -0.1862244354813D-03   0.1080266893888D-03
   0.6968594662273D-02   0.2347981511343D-02   0.1496891170406D-02
   0.1655777679647D-04  -0.2681680426589D-04   0.2151288470501D-04
  -0.2662290502203D-04   0.5231092029311D-04   0.2717385169678D-04
  -0.2544129306379D-02   0.1457671929684D-02   0.5263811562371D-02
  -0.2954993448038D-04   0.1465944757693D-03   0.1877242471451D-03
   0.6765507605869D-04  -0.7192998173009D-04   0.7216915087784D-04
  -0.1547400793573D-03  -0.1253868605884D-02   0.4551201057239D-02
   0.9909124794796D-03   0.3034522822299D-03   0.1315131460419D-03
   0.4675141616171D-03   0.3856055465788D-03  -0.3295408951432D-02
  -0.2133604146750D-03  -0.4902565504309D-02  -0.4441554532025D-03
  -0.1374390726241D-02   0.8810896639894D-03   0.1424621856308D-03
  -0.8700500987952D-04   0.1079236399741D-02   0.5263438320569D-03
  -0.4302265645305D-02   0.2352878437924D-02   0.3227261656712D-03
   0.3019581862298D-02   0.5303603304348D-04   0.2330644310993D-02
  -0.7088940189687D-03  -0.5110360349162D-03  -0.1564106594285D-02
   0.2399985456340D-02   0.2914873584983D-02   0.3029003642577D-03
  -0.1226506434313D-02  -0.4757825075011D-03   0.5260348956015D-03
  -0.3637912743262D-03  -0.1861707638571D-03  -0.6170274650352D-03
  -0.7122942495677D-02   0.3763983648293D-02   0.6874304870366D-02
   0.6464854533951D-03   0.3619729843088D-03  -0.9685658742525D-04
  -0.1166976845947D-03   0.1641168932108D-03   0.8736163013094D-04
  -0.1096276329796D-02  -0.2709809672338D-02  -0.6591675785712D-02
   0.2989084118712D-03  -0.1213655346350D-03  -0.1905578472755D-03
  -0.3711785003455D-03   0.4432316246714D-03  -0.3266291138412D-03
   0.2096046265778D-02  -0.8570441590208D-03  -0.9750727834478D-03
   0.8242124983899D-03  -0.2252986648238D-04   0.5609954437768D-03
  -0.3273539362041D-03  -0.1718033833801D-03  -0.2743207280170D-05
  -0.4512001856889D-03   0.1334768814822D-02   0.9907732441687D-02
   0.1934134703697D-03  -0.1431049471202D-02  -0.7213612594502D-02
   0.1539188616608D-02  -0.4305471529286D-03  -0.3193793939598D-02
   0.6203744843136D-03   0.1506445541193D-02   0.5334119134014D-03
  -0.1214190883481D-04   0.5152360980891D-04  -0.1148748113008D-04
   0.3672860875511D-03  -0.3782267754362D-04   0.2090242901341D-03
   0.4279962295292D-02   0.7532423909503D-02  -0.1079550074674D-02
  -0.7043717435897D-03  -0.4651163857923D-03   0.9685786015901D-03
   0.2855635588349D-02  -0.4664565519077D-02  -0.1429328209012D-02
  -0.3009263994598D-02   0.9794914941429D-03  -0.7204635812690D-03
  -0.4895180687105D-03  -0.7105352445632D-03  -0.5372177293884D-03
  -0.9077998671934D-04  -0.6916066248546D-04  -0.8534534368384D-04
   0.9341368570689D-02  -0.7454907998118D-01   0.9074982601061D-01
  -0.1651093672387D-02  -0.6245440605707D-02  -0.4250983918535D-02
  -0.9073270741954D-03   0.6221986728988D-03   0.7916872236577D-02
  -0.3578996119648D-02   0.1252785726095D-02  -0.1208032175122D-02
   0.4510788953977D-02  -0.5478665171272D-05  -0.8674409577033D-02
  -0.1823203241403D-01  -0.6268380757064D-02   0.7958916439838D-02
   0.6051425511965D-02  -0.1295026284283D-01   0.6423509135257D-02
   0.2077065085282D-02  -0.2840715649359D-02   0.3979670568292D-03
  -0.7802042085530D-03  -0.2180112218561D-02   0.1305082653712D-02
  -0.1392464373212D-03   0.8832417704825D-04   0.5050138286541D-03
   0.1114752331549D-01   0.4082334577714D-02  -0.1799269211950D-02
   0.9288692996528D-02  -0.2015642033469D-02  -0.2268786532049D-02
  -0.1315153983683D-01   0.1240543128917D-02  -0.2473182557756D-02
   0.4593828773122D-01  -0.5878181153285D-01   0.6006198005756D-01
  -0.1366908067168D-01  -0.2443120738990D-02  -0.1087315644170D-01
  -0.1570311205454D-02   0.2213818349307D-02   0.1504627695229D-02
  -0.3171037328614D-02   0.4017110442140D-02   0.5507826848653D-02
   0.5007560130844D-02   0.4863772853083D-02   0.2227084819289D-02
   0.1305523788060D-02   0.9496779164622D-02   0.8535453963839D-02
  -0.8270802440295D-03   0.2414075833980D-02  -0.6662419168226D-03
   0.1126539704758D-03  -0.1053585397930D-02   0.4352785160556D-03
   0.2621083226025D-04  -0.7573980504132D-04   0.6456658507725D-03
  -0.2994423525692D-03  -0.2200791027904D-03   0.9155100250610D-03
   0.1349856402345D+00  -0.1406340787955D-01   0.2838639924776D-01
   0.6573005523755D-01   0.2206610541998D-01  -0.2937884177057D-01
   0.8080249229162D-01  -0.1109190709409D+00  -0.1622161609260D-01
   0.1348580374451D-01   0.7333497243610D-01  -0.4132625529536D-02
  -0.1534822974275D-01   0.1014274448563D+00  -0.9315133283794D-01
  -0.3258160844343D-01   0.5118244307642D-01  -0.4762160617645D-01
$end                                                                            
