$grad                                                                           
  cycle =      1    SCF energy =  -703.77997813263   |dE/dxyz| =  0.578782
   39.18809346248174     74.28983270369555    143.47790381355389      n 
   37.15477365448395     75.32015226788091    141.96502376084717      c 
   36.71106730587781     78.14072567876406    142.48942399206649      c 
   35.74603157853004     79.53580475472435    140.93349480040015      o 
   34.84623421497741     73.63325340453973    142.41043841245181      c 
   32.51142153236139     74.36023336206851    140.98282234501158      c 
   30.76403195405638     75.95757727023266    142.11314774996191      c 
   31.96759640351893     73.28284134148169    138.65098132278021      c 
   28.45300245838228     76.41502996254980    140.99204999984315      c 
   29.64384063555566     73.72262955176873    137.53656343679623      c 
   27.88037381065845     75.26169025384802    138.71328130502056      c 
   38.70508248634872     73.07309519951784    144.91619787139004      h 
   37.69929433607937     75.20797998349363    139.96806260420186      h 
   35.41082500767323     71.71402006692426    141.90519404896574      h 
   34.43783007569147     73.61884509398610    144.43650051402437      h 
   31.16882261815257     76.75394734441159    143.94975547343060      h 
   33.32180725339558     72.03224740345041    137.78102921807334      h 
   27.09655001747430     77.61685465358055    141.92434858500911      h 
   29.16184260336508     72.84615170538508    135.76122246050409      h 
   26.06100648089073     75.58985947846664    137.85254362592980      h 
   37.66200000941084     79.00308940448424    144.68969593818150      n 
   37.92255498204893     81.69654398206757    145.15867891734428      c 
   39.57775511385353     82.96713675659458    143.09659497310977      c 
   39.24258504532111     85.17455085825118    142.52190829666415      o 
   39.10911633088693     82.18322269705996    147.77016346261743      c 
   37.24631150325696     82.17775225054078    149.99296881143383      c 
   35.52907703554760     84.51526310900057    149.97147577694477      c 
   34.08026857994616     84.80698474023619    152.45434768757826      c 
   32.54518575080116     87.15460451191724    152.44629906470283      n 
   38.24177637773022     77.77857971599157    146.03488403262077      h 
   36.06922849557066     82.61634159185148    145.04672088328212      h 
   40.55916632566562     80.75641319111105    148.11173030205418      h 
   40.04047764618608     84.02270603785961    147.72479428802365      h 
   36.11221330202284     80.45905091292094    150.01196219977405      h 
   38.35008149178595     82.19546464090313    151.73296408409539      h 
   36.71223525175667     86.18134144634259    149.69522093957704      h 
   34.16388755801790     84.39217220539673    148.43516848210751      h 
   32.81121032846347     83.20658813211286    152.73806767509245      h 
   35.37734462966153     84.90442918295469    154.05444939867598      h 
   31.22658718517119     87.29209911665518    154.01527458757394      h 
   33.65636087650478     88.73765072104572    152.48733023996536      h 
   31.34984241027288     87.23161436150905    150.91461002235812      h 
   38.00876998210392     82.81199838292372    134.64927884486193      n 
   36.04294170577171     84.55319950653210    133.88960381838783      c 
   36.54007476001520     87.15161571871022    135.06407452750332      c 
   36.24133036158810     87.43817701274618    137.34642632206078      o 
   33.51764920548551     83.72751929929869    135.10549548992336      c 
   32.61125497078238     81.06998409890102    134.46800521511452      c 
   31.45619762459181     80.87558141500639    131.82949737390453      c 
   30.87233796422015     78.13892831543821    131.14996475245366      c 
   33.20025218959712     76.89023112349916    130.10073962002829      n 
   38.72063347128711     83.12052218041266    136.39109061224590      h 
   35.96942930408613     84.61999496614803    131.82980739346209      h 
   33.84064908193523     83.80767189655883    137.13799452058842      h 
   32.08515043220111     85.12175417552902    134.60470586472292      h 
   34.18130484877601     79.76530757992134    134.70440745696442      h 
   31.19710913636009     80.53141427694759    135.86832982543507      h 
   29.71728267083888     81.97616841094042    131.76919482556752      h 
   32.73842911636075     81.68326588863627    130.43578698355256      h 
   30.22882974865549     77.15127014717149    132.83983150560931      h 
   29.35422910595214     78.05915265671091    129.76645686702412      h 
   33.05534990524725     76.74314296120737    128.16875449617771      h 
   34.78042640929053     78.01077104824951    130.50656923220777      h 
   33.40472919622434     75.11267277395858    130.85693212478554      h 
   37.09036515590258     89.13943959024242    133.59963388751814      n 
   36.78358511134813     91.60213680705026    134.76976764421056      c 
   34.05172478688900     91.63320431210518    135.76824638401885      c 
   32.40638910768767     90.46315846829850    134.62894231169344      o 
   37.18787361346556     93.73681713288285    132.84437487808907      c 
   39.57143745575915     93.40581439667307    131.72267851419014      o 
   37.49397063698466     89.03683843141711    131.74331003225649      h 
   38.13150375773895     91.80155752554447    136.32891593489865      h 
   35.68994054128478     93.67423640728629    131.40536282341384      h 
   37.05768326099273     95.54398095923472    133.85066893841963      h 
   40.09225279540546     94.94562257172578    130.90787315086064      h 
   33.51542768126507     93.04064407264968    137.79195123709587      n 
   30.93558253863743     93.21711400448312    138.77133453278020      c 
   29.04169198181343     93.16337315231573    136.58210267897758      c 
   27.37793053994800     91.55175773596167    136.47828918385497      o 
   30.77444911294942     95.57266503742055    140.47311669326078      c 
   28.23482142788978     96.97011727714830    140.65404803335653      c 
   25.97592805745281     95.24655989885129    141.10706591983941      c 
   28.41616178499432     98.86628777056671    142.83477218767868      c 
   34.88870574880713     93.85887095677543    138.83548115295054      h 
   30.48687661370785     91.52913754627325    139.89264715040855      h 
   31.29171184944720     94.99100147576259    142.38284347781686      h 
   32.16452607581815     96.96194270214862    139.84473127643469      h 
   27.90301472194781     98.03557199169897    138.91039642368608      h 
   24.26397668372976     96.36441305414371    141.32305055171872      h 
   25.68906599463477     93.92256522549741    139.57398655452428      h 
   26.20983709768632     94.16341182272271    142.83945707058541      h 
   26.80734043333608    100.14700402356671    142.83515290075013      h 
   28.41708116633735     97.88361092009133    144.64319784791962      h 
   30.11427004705380    100.01919434954556    142.71855586972882      h 
   29.32801609143220     94.93172090973827    134.79903898837227      n 
   27.54480567040995     95.24787615590286    132.73227603260958      c 
   26.91430469102168     92.73212200123641    131.43335981765355      c 
   24.72304100066583     92.19778529712332    130.89025959184264      o 
   28.64461707727199     97.08593504490349    130.80230939137482      c 
   30.54732643726981     96.37167731111499    135.09288810558488      h 
   25.74793989182377     95.98935059870109    133.46165676412477      h 
   27.34076620601573     97.29396311228491    129.22890662875423      h 
   28.89934527213055     98.93166035063564    131.67009287643992      h 
   30.44218702084818     96.39790951032175    130.08914046363219      h 
   28.90586101772400     91.31539822459493    130.76345093683730      n 
   28.54017144141833     89.05069229033010    129.24335259738862      c 
   26.47238726584737     87.39431054482576    130.44246342652744      c 
   24.81472496059260     86.34480273547658    129.22911002071405      o 
   30.97262944575510     87.44996463415680    128.89115429355374      c 
   33.43920549382640     88.92692439542849    128.42186602670722      c 
   30.53104543589043     85.53150558434805    126.77342290313081      c 
   33.86552512933002     89.94512684823231    125.75762609810559      c 
   30.51505073649612     91.42739174827733    131.80392482794898      h 
   27.81063264358714     89.65669782597990    127.40037165863855      h 
   31.24336101895233     86.44512556132892    130.67743974485978      h 
   33.55764138050830     90.47694083963472    129.76706859002218      h 
   34.98006094555159     87.62029286065695    128.83688618894925      h 
   32.19541496870066     84.35671827111392    126.53523814590976      h 
   28.90345599204320     84.35399084873754    127.19140299792929      h 
   30.15484898500741     86.49913669230610    125.00236824046445      h 
   35.56142423769306     91.10718145768396    125.73720933322042      h 
   34.14014245245534     88.41433234016897    124.41936028902678      h 
   32.29136417842294     91.09846988341866    125.12374509668085      h 
   26.77313711515117     87.00057975903954    132.94985442363870      n 
   25.04041806085923     85.38489785747787    134.31419788635665      c 
   22.63297691212204     86.68563248787372    135.21192491094573      c 
   20.70989851396865     85.46388639734822    135.66372683795973      o 
   26.30516245841705     84.08236983407035    136.57984901467611      c 
   26.81809910293576     85.79955738309692    138.86959240482105      c 
   29.62178364882875     85.85937122883928    139.56559765795680      c 
   29.94227340059927     86.90777672286977    142.07957982793894      n 
   32.11525856496555     87.18350085602697    143.29704182847919      c 
   34.32768474045918     86.89788613403381    142.16660212213202      n 
   32.03852834171295     87.65539333474005    145.80907438709667      n 
   27.93007506577286     88.13192245241227    133.96908357721193      h 
   24.43165993395106     83.92643227356369    132.96722313672362      h 
   25.04119172694609     82.55174937486922    137.12263472697219      h 
   28.06011701674407     83.24929672129146    135.91098745418500      h 
   26.18544159796285     87.72421340062874    138.50790937312763      h 
   25.74584120262462     85.12195900613719    140.49753103676451      h 
   30.37706704743889     83.93338806376526    139.54418266820463      h 
   30.63951250739686     87.02770148210830    138.19559903084271      h 
   28.35409254981970     87.11194958566436    143.15998275776252      h 
   34.52270559812037     86.76780244260685    140.26197225028150      h 
   35.98788397048656     87.07221417809980    143.10358568695867      h 
   30.28724969493209     87.91791011578994    146.54515770235480      h 
   33.47194541825173     88.64933936050087    146.57515194870621      h 
   22.75489414341047     89.19083049411459    135.47591623438242      n 
   20.57076742469999     90.59418020041149    136.32666417978731      c 
   18.29748380155262     89.83695098746307    134.69836690922813      c 
   16.17796766040173     89.48494231838306    135.56694423471637      o 
   21.09616415981291     93.42468354800432    136.12421085497891      c 
   19.00442525629314     95.01654101330810    137.32548649785141      c 
   18.58274341871758     94.24334045306483    140.06161486890048      c 
   19.78212647629643     95.13188290120404    141.82073739960029      o 
   16.77799949774864     92.48143245497738    140.38110466538188      n 
   24.41206598238934     90.13843252712712    135.29998857868534      h 
   20.15959646206264     90.07992564986635    138.29411291596318      h 
   22.86864979647841     93.81720370089222    137.09537886246287      h 
   21.30193274707231     93.93284163212154    134.13406749658895      h 
   19.56932411645958     96.99761446344085    137.30307951743808      h 
   17.24957746238000     94.80584532525076    136.26794123466303      h 
   15.94957849587112     91.61369385940735    138.89299844724999      h 
   16.38534032717128     91.89044876701618    142.14569487963257      h 
   18.86700363711774     89.58060450991414    132.25723457693553      n 
   16.98319369203431     88.78627832836203    130.43495357888207      c 
   15.73425401121734     86.36045382600153    131.40975233402887      c 
   13.44627931366514     86.19019690226297    131.71581575822060      o 
   18.18566326754101     88.36508770331515    127.83230380194341      c 
   16.21472651583706     88.27386538567437    125.72827521518971      c 
   15.39753752287088     90.98346863563260    124.86367081212070      c 
   15.44439447662585     92.69635725560089    126.48233136491920      o 
   14.77528997617925     91.19568497387813    122.59990863817542      o 
   20.59097113526760     90.10320677385117    131.61740883839190      h 
   15.51942355440595     90.24626050767941    130.24883915646714      h 
   19.45059843992540     89.95569526135723    127.45930280639799      h 
   19.32011097510124     86.63896925427220    127.84288882953892      h 
   16.95529031425122     87.30708052647614    124.06727831105214      h 
   14.51194281912265     87.28238325679376    126.34646251333628      h 
   17.32963978610873     84.44464587423882    131.81153776071179      n 
   16.59094815790082     81.82263886641691    132.21729474656564      c 
   14.83868064871117     81.55633725228481    134.49289702811492      c 
   13.01397639668039     80.13238333143795    134.49739418488997      o 
   18.97867021591215     80.21394304377327    132.47123651364006      c 
   18.46030649673042     77.39935684783583    132.17718159884649      c 
   20.93046580667507     75.91682469235356    131.46846334099845      c 
   20.62490583382211     73.83599214013846    130.38434535225494      o 
   22.97832258627289     76.89709235502676    132.04082858794803      o 
   19.20112010708850     84.77314053536618    131.64694729191501      h 
   15.50779355768235     81.18919036297970    130.56010919913680      h 
   20.27418423667714     80.77717779142665    130.96187879067216      h 
   19.90054592670894     80.61957078068700    134.27055875511357      h 
   17.69117606546434     76.61251255052042    133.92476871776387      h 
   17.07405819857036     77.06517921008171    130.68476272223035      h 
   15.50982411508008     83.01365455820985    136.43402175010317      n 
   13.95921980434307     83.32111147576522    138.66368537907317      c 
   11.21783805505928     83.88554414318560    137.89013064884915      c 
    9.42236645524035     82.58247994632272    138.54295879475245      o 
   14.94701272443189     85.52537011189786    140.25849744639441      c 
   13.23391702130209     85.83580292943805    142.55617984359344      c 
   17.69172673557439     85.11657096168494    141.03172852703460      c 
   17.04362411907118     84.13857872369648    136.23661626710870      h 
   13.96715072639365     81.56581906637484    139.76824391282423      h 
   14.86545482434374     87.23089895812983    139.09483903182084      h 
   13.63811111686848     87.60585591829854    143.51492509031851      h 
   11.26098631297951     85.85544225615440    141.99435402893164      h 
   13.53747038506530     84.28097112525205    143.86493572531822      h 
   18.34319594685531     86.73035094875392    142.12506703368172      h 
   17.90266075473462     83.43669895509116    142.19742153470466      h 
   18.92540865871674     84.94571872381667    139.40156161717908      h 
   10.96295285402098     86.02541607192268    136.56446133645275      n 
    8.51985699158728     86.94959141006929    135.73750871891207      c 
    7.21280861048338     85.03348866861739    134.00629955981103      c 
    4.97597165040690     84.51185503776183    134.27657159190855      o 
    8.81849099846052     89.47322700582410    134.38877010569200      c 
   12.50014692014544     86.93115928356407    135.87915890320002      h 
    7.29314092464971     87.17059348525295    137.39781926475828      h 
    6.99092659556081     90.12448085599900    133.71935685520577      h 
    9.59776012880826     90.87803224556552    135.66767568961677      h 
   10.08468464763584     89.27003594239859    132.78238619626248      h 
    8.69787140362003     84.02739509913938    132.23324321853892      n 
    7.76288064740348     82.33829629772829    130.29981512225226      c 
    6.51621397809120     79.93770663539095    131.32729044857297      c 
    4.70882014506821     79.00953861018141    130.21647087253899      o 
   10.50597370453900     84.64500175990177    132.07618316913317      h 
    6.35884273825372     83.29281787373101    129.11145775122688      h 
    9.35194581036986     81.77631930801411    129.11034653151953      h 
    7.53866115921157     78.96371616384272    133.43996633944550      n 
    6.60248655866278     76.61053816711626    134.51811048645592      c 
    4.51156875335119     77.14011470504232    136.45100232972976      c 
    2.64543225270111     75.77389101678330    136.57573830666874      o 
    8.71824831399596     74.89707937015282    135.58749914669426      c 
    8.22111031093815     72.12045947458137    134.90182415415961      c 
    9.02062001171403     75.17465083117895    138.43598657848602      c 
    8.79814526988556     71.55647278456372    132.13401305415127      c 
    9.20207362992129     79.65244226858880    134.09178940984728      h 
    5.65885819526712     75.61803942614617    132.95896559066048      h 
   10.49633217515809     75.47137796586347    134.69363670294524      h 
    9.43551606979484     70.92009502732601    136.06139529616220      h 
    6.25889331941437     71.66029805608049    135.33964274579751      h 
   10.54310115423327     73.94463779830600    139.06830125825891      h 
    9.49941449090235     77.10707659924768    138.93704147850195      h 
    7.28911463636967     74.63212217490222    139.40173938521093      h 
    8.42462002921290     69.58156184923745    131.71800900873936      h 
    7.69279149844799     72.75052578827746    130.87792919937641      h 
   10.79004206737833     71.90843524058461    131.75447569931484      h 
    4.85130301593081     79.20314503366983    137.86421443941109      n 
    2.89459415489623     80.08532872878929    139.55371357019388      c 
    0.54134282338587     80.84694552691097    138.06584920485813      c 
   -1.51655598995316     80.94564328501191    139.10420274710972      o 
    3.75373447301949     82.31841740005986    141.19245010263668      c 
    4.46628957053068     81.63889185147525    143.91669082586807      c 
    2.23242402290680     80.75625541656873    145.54374673998652      c 
    2.77107820959653     81.24573881217043    148.20235516923006      n 
    1.35613822067864     80.54599584211158    150.15635562268869      c 
   -0.88596702416880     79.47250724568173    149.85771045925142      n 
    2.16879843684137     81.02367784284608    152.50165284804567      n 
    6.46278260823226     80.22563982038835    137.73755346270929      h 
    2.29454385209221     78.49531220880505    140.74458266744116      h 
    5.39159892641645     83.16492573528197    140.27352325967297      h 
    2.24369571965356     83.72189790317142    141.22830341046779      h 
    5.93821912680073     80.19903331560393    143.89516066147667      h 
    5.25426877186673     83.34983340724052    144.75645054305622      h 
    0.51434404777711     81.76030334863597    144.97614436002030      h 
    1.90564077866838     78.73026462493873    145.29706662565206      h 
    4.43341696013166     82.10838594802809    148.57928425476939      h 
   -1.71405520732316     79.22386989456048    148.14228074842066      h 
   -1.88290111408037     78.95733482462947    151.38956371065530      h 
    3.91426525943311     81.71286559970473    152.84987219613330      h 
    1.09301465599637     80.57902704813884    154.00325844708448      h 
    0.84111314344838     81.36195498064298    135.61143020072331      n 
   -1.35401031461556     82.06956543049488    134.12549430619904      c 
   -2.98076315051784     79.71124912378131    133.60945066857184      c 
   -5.22376925966169     79.61433623716182    134.13647369711239      o 
   -0.53526244306114     83.28533742304045    131.64568218823311      c 
    2.56397692410290     81.81292788544997    134.91060364064020      h 
   -2.53523906752909     83.36587772327934    135.23464859260960      h 
   -2.18523239150526     83.77137669766839    130.52687836737354      h 
    0.55021711817322     84.98303434561795    132.04116881175128      h 
    0.65374035649227     81.98872919803848    130.58208831309190      h 
   10.31593841579663     73.30238959965891    149.00007913114030      n 
   12.53590886634093     72.37095103217398    147.65612856928132      c 
   14.86231812266461     72.35340357784838    149.40564788328206      c 
   15.78398632681231     74.30750660468669    150.25475088706571      o 
   12.82730285878120     74.28303465288739    145.51294966454151      c 
   11.97615878184184     76.76738737507353    146.70427326280046      c 
    9.87811228547500     75.98309066757706    148.54831042928791      c 
   12.20160550965474     70.44473560882038    146.99565339032145      h 
   14.75655486556622     74.36337517167688    144.81835224627758      h 
   11.57240166366937     73.75315229947712    143.96524235621919      h 
   13.52716581018618     77.62336170662361    147.74956934789680      h 
   11.30988942230813     78.10293951954776    145.29289079409801      h 
   10.00528920517106     77.05962771548423    150.30194522701146      h 
    8.01105126493909     76.23427442176938    147.69905621171250      h 
   23.75769969952980     64.29149911241463    141.66638012374153      n 
   21.52423256736316     65.84195611655724    142.04711463999794      c 
   19.29795909427401     63.99321951589530    142.33405378454850      c 
   18.92780029493331     62.33460376207398    140.75968890783403      o 
   21.22086490073288     67.79131753564015    139.87334660109923      c 
   22.20120092310845     66.76817629842976    137.35797672485020      c 
   21.56642877473609     68.42806742281407    135.07382469855185      c 
   22.25077582075239     67.04529547603765    132.61757157762221      c 
   20.99777893101453     68.22410414857963    130.39606682683228      n 
   23.67191035287495     63.05835912733667    140.20987008209690      h 
   21.76202703116910     66.85642894443347    143.83041835924695      h 
   19.22859391482544     68.30376774863683    139.71346221623355      h 
   22.25693400695261     69.50174743412066    140.37888818238335      h 
   24.24876513968118     66.56398214182522    137.47209658952465      h 
   21.34822263413209     64.91246457812643    137.06397555839797      h 
   19.54827731221859     68.84881768237736    135.09371091380609      h 
   22.56989141200059     70.22498530265642    135.18220819447157      h 
   24.28959838561468     67.09143444920517    132.32620555539367      h 
   21.64063739114565     65.07934836353323    132.70684813591575      h 
   21.48842488696510     67.28955115134767    128.76434534412911      h 
   19.06950264926350     68.17570490273903    130.61496538966924      h 
   21.44578942942484     70.14049493944619    130.24666206650679      h 
   20.60687954032643     86.03364292449000    157.22004784313671      n 
   22.65842296397997     87.66452609150288    156.46989062889818      c 
   21.68084954236318     90.04159485859238    155.11633967396861      c 
   19.47153382611339     90.41521149000243    154.57244564023782      o 
   24.40935887872430     86.19187240755583    154.71387849338046      c 
   26.90512297958533     87.49807855707935    153.97900185487941      c 
   28.66424704474263     87.45734064404053    155.59572304958834      o 
   27.14710522557224     88.36291404207354    151.80766817512151      o 
   20.15368509221277     84.67076648607312    155.95407996462282      h 
   23.67187014309723     88.28554882214705    158.17938959621961      h 
   24.92361525304394     84.43168321783139    155.66391709953675      h 
   23.37433623130367     85.75832897808193    152.98479742648050      h 
   23.59288427492141     91.61052603072929    154.50836936965129      n 
   23.21699154551728     94.01073360881003    153.25686998171466      c 
   21.50602725049070     93.49603842292845    150.99512273788940      c 
   19.68505409586194     94.82827077036531    150.49167779261720      o 
   25.74063607325077     95.19402791023182    152.41201696478794      c 
   28.04439550577060     94.49167938641205    154.02379989041856      c 
   27.94204693111719     94.71231029598665    156.99509943870225      c 
   25.89650778209933     95.15238597459764    158.07752180053996      o 
   30.02189070558323     94.35038038029073    158.04421254099242      o 
   25.20371055003384     91.47265040206000    155.50601861179751      h 
   22.22528504701808     95.32429172485605    154.52768196955404      h 
   26.13064877579962     94.57885851633156    150.47674192821515      h 
   25.48551012188241     97.23958230707042    152.39030018712447      h 
   28.55147865650916     92.52498772358435    153.64650561760723      h 
   29.63969464560892     95.65610804704647    153.42746627736801      h 
   22.28421554017646     91.55062282192549    149.55686672703965      n 
   20.62493746122047     90.37330160313390    147.72518977780717      c 
   19.14803241394009     88.23332851679984    149.00062165161822      c 
   19.77634521672379     87.25231576258587    150.97095270363658      o 
   22.11465893678047     89.34999271491749    145.48628776999979      c 
   24.09501113105276     87.33256803703168    146.36963610700127      c 
   23.29820036654636     85.43139449680812    147.48132563141507      o 
   26.32694594321759     87.79604356354996    145.76692681352182      o 
   23.65364267051082     90.42075169688887    150.28770726448073      h 
   19.30083708755739     91.85356963411466    147.12413613086852      h 
   20.81464405518862     88.44456238520152    144.16728792295422      h 
   23.08786207385404     90.89679141768111    144.53308904203482      h 
   17.05111400384060     87.48523126333886    147.72204611910198      n 
   15.17374236092458     85.98544917349624    149.01011215410128      c 
   15.85574858545509     83.22816806810633    149.42573650273636      c 
   14.23354326809130     81.81135090838937    150.30388704722498      o 
   16.46453327983141     88.52005950161201    146.23746121309145      h 
   14.88385348531417     86.75269730146758    150.92020650736202      h 
   13.38250879034371     86.08238310297007    147.99520388366653      h 
   18.15400439448211     82.41609710628912    148.80779476994155      n 
   18.98117362752889     79.97842407230425    149.74578502258393      c 
   19.50464362319726     80.11358351925402    152.59007056387875      c 
   20.28381573142429     82.02831986865800    153.62205397091327      o 
   21.45853457875344     79.23531212168869    148.45478096337700      c 
   21.16649023788362     78.58133825554032    145.70332641788124      c 
   19.43707966967439     76.76920116125171    144.92812044172118      c 
   22.72167528986412     79.69356378975922    143.90860291672399      c 
   19.27372619979929     76.07614969150413    142.40997834657520      c 
   22.55435056241835     79.00228466657845    141.39278628072569      c 
   20.84001909511380     77.17919408158242    140.63317738445528      c 
   19.54797613884618     83.67556954903921    148.43557611678173      h 
   17.48153326240814     78.59747493401362    149.39990440235474      h 
   22.75321211535054     80.82701651503318    148.64250013350915      h 
   22.27593778557302     77.62192594538172    149.45757339780624      h 
   18.25788847049097     75.86118111783564    146.32465355673071      h 
   24.06030389949107     81.11831767657590    144.49830941696172      h 
   17.94727842519159     74.64682458955248    141.82107014330131      h 
   23.75229825219625     79.89372687499838    140.00345410364008      h 
   20.72019170362687     76.63741639786261    138.66887631641617      h 
   24.66575923292698     76.30887138498734    156.56283736134091      n 
   26.87366776550451     74.73674286721996    156.19520051485205      c 
   27.38983404691275     73.18841027579305    158.62026763602805      c 
   27.40264833829028     74.20315567150411    160.71471179638368      o 
   29.19682138873466     76.38191040786597    155.63866403499654      c 
   29.26179613708269     77.65547894631754    153.08733755925189      c 
   27.54480880622119     79.53049040542672    152.38533561022635      c 
   31.21747158447436     77.08710635071508    151.42985559224522      c 
   27.79069509600621     80.84675147964597    150.14212401776300      c 
   31.45662815367388     78.35800976859815    149.16432890067875      c 
   29.77277372481954     80.26895570947248    148.51192469589492      c 
   30.06087915361292     81.61750494985368    146.35151293103561      o 
   24.89577891517863     77.88970842397877    157.60285492502078      h 
   26.46401026586063     73.42759010128289    154.64833596591055      h 
   29.29167877092829     77.82440984009781    157.11913221157690      h 
   30.86717846946031     75.18261403598484    155.80723004499478      h 
   26.00379338390315     80.03918838405868    153.62787693995017      h 
   32.59548657929859     75.65894410258673    151.91136631041178      h 
   26.50742716230852     82.36418471118733    149.67613779530134      h 
   32.99742397604160     77.87674681995973    147.91244104914864      h 
   31.47296510794889     80.94690094827583    145.39008060890600      h 
   18.95473654574651     62.43914184861232    130.46868817435580      n 
   15.65139611044511     63.11303237898016    134.66990869978051      c 
   14.19211323876616     61.26384759277071    135.84200553610336      c 
   11.88198766685477     60.81192909876739    135.38672256494922      o 
   14.21861552516448     65.44108269410519    133.79978266583112      c 
   14.31007064740461     67.45356406754894    135.82910681687270      c 
   13.54319044661896     66.85319458115038    138.24848387343781      c 
   15.33492824257036     69.83452071920098    135.33763921091395      c 
   13.79419113512172     68.66001599275071    140.21656238100633      c 
   15.55706047383820     71.67024804145969    137.30319828236762      c 
   14.76523822641207     71.02520936802917    139.68394368609114      c 
   17.61900634600210     63.81526321388036    130.47385499463829      h 
   19.19707058084847     62.10289372751959    132.34608708488344      h 
   18.00565534070757     60.88329565257585    129.85209141375424      h 
   17.37028157823713     63.59157593298700    135.71544656661928      h 
   14.94307516804482     66.29969246864464    132.05052223615959      h 
   12.24005040673894     64.89866982908525    133.49459975396525      h 
   12.71108470477360     65.01906662070098    138.69964543620034      h 
   15.60723741851643     70.50099171324936    133.42212744194640      h 
   13.18930453908772     68.25596387002722    142.16302593973899      h 
   16.18109777279545     73.60037262504440    136.93100377933851      h 
   14.81513676400230     72.40220294764745    141.22554447558841      h 
   23.59288427492141    110.43736994537521    147.47203935539483      n 
   23.21699154551728    108.03716236729447    148.72353874352046      c 
   21.50602725049070    108.55185755317605    150.98528598734572      c 
   19.68505409586194    107.21962520555023    151.48873093242898      o 
   25.74063607325077    106.85386806587269    149.56839176044716      c 
   28.04439550577060    107.55621658969247    147.95660883481654      c 
   27.94204693111719    107.33558568011786    144.98530928634389      c 
   25.89650778209933    106.89551000150686    143.90288692450616      o 
   30.02189070558323    107.69751559581378    143.93619618405370      o 
   25.20371055003384    110.57524557385554    146.47439011324866      h 
   22.22528504701808    106.72360425124845    147.45272675568108      h 
   26.13064877579962    107.46903745958396    151.50366679701997      h 
   25.48551012188241    104.80831366903409    149.59010853811066      h 
   28.55147865650916    109.52290825252015    148.33390310762789      h 
   29.63969464560892    106.39178792905803    148.55294244767813      h 
   40.24834295317225     73.41023655211488    142.48053547652447      h 
   40.93143748920730     81.97527139280324    142.22779621010170      h 
   37.39503393834422     81.22584857104404    134.64494120268887      h 
   -2.20403858113631     78.18323304066392    132.81388171744192      h 
    9.11178411937051     72.10134443683390    149.00813638099265      h 
   15.67197859314665     70.71448188268710    149.88465703023596      h 
   25.09898289072362     65.29258995256146    141.36415751859786      h 
   18.13498683938157     64.13754198942715    143.81652831094820      h 
   21.01393213570817     85.23829065481765    158.66721228591720      h 
   19.20960311635463     78.59702432451463    153.67821736973355      h 
   24.08531612469516     76.83449223800736    155.05307894050475      h 
   27.72051650254208     71.33152638059315    158.50323996197417      h 
   14.95758959275763     60.15542680027483    137.16734076233737      h 
   0.6258027075876D-01  -0.6153040974657D-01  -0.8660928768829D-01
   0.4431588753088D-02   0.5295288278966D-02  -0.5577307475097D-02
  -0.7431661853958D-02   0.4590203501113D-02  -0.4295864729206D-02
   0.2493859755122D-02  -0.3084072480703D-02   0.4777303771354D-02
   0.7831928452023D-02   0.4585382281697D-05   0.1164016530138D-02
   0.1019027730055D-02   0.3697817684009D-02  -0.3309935639730D-02
  -0.1994593076387D-03   0.2224578264965D-02  -0.8589710275002D-03
   0.2240398312643D-02  -0.1347994771345D-02  -0.2951009106548D-02
  -0.1129405374111D-02   0.3577490993605D-03   0.1385987766630D-02
   0.6205805242468D-03  -0.2310880681507D-02   0.9121114928124D-03
  -0.2938178500612D-03  -0.2103601444288D-02   0.1622015986827D-02
   0.7703125702966D-02  -0.1287370866258D-01   0.7344104282139D-02
   0.2191379645317D-02  -0.2569726047090D-02  -0.3934404055476D-03
   0.1224020658977D-02   0.8675198939084D-03   0.2222914239711D-02
   0.1255877225619D-02  -0.2298735380917D-02   0.1334098893375D-03
   0.4820297298383D-03  -0.4707354086212D-05   0.1020204962425D-02
   0.5729994328622D-04   0.2075642264829D-03   0.4140680495375D-03
   0.3063502688469D-03   0.2051896104489D-03   0.2268854218617D-03
   0.9246051861995D-05   0.5284870813502D-03   0.5405847276913D-03
   0.7557397698754D-03   0.3414687991836D-03   0.8388077827600D-03
   0.2913224213764D-02  -0.3500555631552D-02   0.5901023835126D-03
  -0.5342572833672D-02   0.3917077937172D-03   0.5503476445087D-02
   0.6586946070259D-01  -0.5458156834424D-01  -0.3599772944208D-01
  -0.4222355033183D-02   0.1617127774582D-01  -0.7045598994572D-02
  -0.1813474114665D-02  -0.6699182768480D-03  -0.5073548292509D-03
   0.5977556699109D-03  -0.5956929864025D-03   0.1241904756899D-02
  -0.6651141279904D-03   0.1012471524206D-02  -0.1538948460422D-02
   0.3283482358129D-04   0.3050844531103D-03   0.3319973219375D-03
  -0.5752273745777D-04   0.1667983961308D-02  -0.1083651265814D-02
  -0.4072123728849D-02   0.4898828943795D-03   0.3896155098300D-02
   0.1600543768647D-03  -0.3813089351807D-03   0.2480195400019D-03
   0.2351916245532D-03  -0.6387825163343D-03   0.1201065504402D-02
  -0.4418129610006D-03   0.2448744400908D-03   0.2461585448060D-04
   0.6556960763148D-03  -0.1303940919238D-02   0.9865536153990D-03
  -0.3495787345880D-03  -0.4836717424107D-03   0.5052234926822D-03
   0.4061030906645D-03  -0.9285165894872D-04   0.1410143064159D-03
   0.7120133580160D-04  -0.1503959832421D-03   0.1028823047035D-03
   0.4050347070216D-03  -0.4732832449273D-03   0.2105032008872D-03
   0.6542710786357D-03  -0.2469234007606D-04   0.3179966920134D-03
  -0.2433003553324D-03  -0.3383839572026D-04   0.1118644216307D-03
   0.2666013542431D-03   0.3777352935938D-03   0.1847652730327D-03
  -0.1681534068292D-03  -0.6038646497900D-05  -0.1322863341359D-03
  -0.6295282391928D-01  -0.1163356648669D+00   0.7606295100770D-02
  -0.1542648303246D-02  -0.2343716145982D-02  -0.1381895566324D-01
   0.4980359909352D-02   0.4934105693239D-02   0.1926017831354D-02
  -0.6345775601752D-03  -0.2625616067051D-02  -0.2109055664035D-03
   0.4591100056820D-02  -0.3278489007554D-02   0.3748274386945D-02
   0.7222471450596D-03  -0.1210904186681D-02   0.1155341613993D-02
  -0.5273922408391D-03   0.2260134341622D-03   0.2517695276123D-03
  -0.8200853985979D-03  -0.4088491347663D-03   0.9187972141814D-03
  -0.2666228104620D-02  -0.6479551628238D-02  -0.2893058410754D-02
   0.1923189989365D-02  -0.9316048428541D-02  -0.3497827802358D-02
   0.5750210487874D-04  -0.1295964693604D-02  -0.2053571818350D-03
   0.6928504735233D-04   0.1734818757943D-03   0.1014925508354D-03
   0.2059181049285D-02   0.2574167973274D-03  -0.1037939506889D-02
   0.9582794831460D-04   0.2842318000736D-02   0.5129986828498D-03
  -0.5755856216691D-04   0.8230458525298D-03   0.1179032382184D-03
   0.3047860919446D-03   0.2071071053736D-03   0.6904573717756D-05
   0.7756185943714D-03  -0.1020616602486D-02   0.6692371130215D-03
  -0.5165316229069D-03   0.4535356684470D-03   0.4500430342461D-03
   0.2913294141882D-03   0.6270629535981D-03   0.3682243938449D-03
  -0.8770500335196D-03   0.5550033769960D-03   0.9234030907690D-03
   0.7173775210481D-02   0.8660303582590D-02   0.7486546029777D-03
  -0.2211630723052D-02   0.2286051966701D-03   0.9405355332802D-03
  -0.1166795700068D-02   0.1324269291165D-03  -0.1544217629985D-02
   0.3861855786309D-03   0.2642274096095D-03   0.3783182255542D-04
   0.6366516813408D-03  -0.3823768556739D-03   0.9283553207902D-03
   0.1842299089951D-03  -0.1362879584305D-02   0.8223818982906D-04
   0.4173876260207D-03   0.5574584181982D-03  -0.1611844618723D-02
   0.6067734807279D-03   0.1453631634687D-02  -0.1555399762728D-02
  -0.3749910189848D-03   0.2401324617007D-03  -0.2018190564837D-03
   0.1480129137505D-03   0.4449512551223D-04   0.2556458071394D-03
  -0.2945751405019D-04   0.1807768199932D-03   0.2420872137344D-03
   0.2625768663977D-04   0.2099936812792D-03   0.3718798969632D-03
  -0.3721128580314D-03  -0.9104623203760D-03   0.1025946376517D-02
   0.1297876744534D-03   0.3443300251472D-03   0.1894582486625D-02
  -0.4274490378276D-03   0.5932196306063D-03   0.2330599511108D-03
  -0.1100164837378D-02   0.2978918830816D-03   0.1589590560997D-02
  -0.1970432141338D-02  -0.1840822736022D-03   0.2580332871140D-02
  -0.3717056998668D-03  -0.3307163894802D-03  -0.1463256205704D-02
  -0.2711217743985D-03  -0.1592967023751D-02  -0.6466349378093D-03
  -0.7839692122487D-03   0.8435919860670D-03  -0.3302186721256D-02
  -0.2931423344058D-03  -0.2543436113242D-03   0.6188080014685D-03
  -0.1758648112123D-03   0.4913446307830D-03   0.3610883032742D-03
  -0.1556826854789D-03  -0.2180523372004D-03   0.9765825986568D-06
   0.9774515294554D-04  -0.4746091770011D-03   0.4312874331089D-04
   0.8778478488759D-04  -0.9553214695286D-04   0.3872849478725D-03
   0.4023872900196D-03   0.2456830704102D-03  -0.1552657698766D-04
   0.1025635015777D-03   0.6018386173193D-03  -0.1936175184736D-03
  -0.2214879221091D-03   0.4646898383130D-03  -0.8607144490745D-03
  -0.6095764376887D-03   0.2662108594170D-04  -0.8257449465093D-03
   0.3455946894488D-03  -0.5559321717889D-04   0.6135068980364D-04
  -0.2356872262549D-03  -0.2895474673826D-03   0.3820098006778D-03
   0.1434991885087D-03  -0.2294583936952D-03   0.7240568386804D-03
  -0.1746094130115D-02  -0.2456763153776D-03  -0.1074167240390D-02
  -0.1598364752528D-03  -0.1181520310946D-03  -0.9947054239026D-03
   0.3085310017645D-03   0.6171870608199D-03   0.3875513276002D-03
  -0.3025017483591D-03  -0.5783252414843D-04   0.7136824115369D-03
   0.3608903621229D-03  -0.7575539158502D-04   0.3029680975558D-03
  -0.1522411315302D-03   0.3442499150411D-04   0.8794848178489D-04
   0.2158556917684D-03  -0.2108527971429D-03  -0.1408480248150D-03
   0.5413342881536D-04   0.1669299663809D-03  -0.9164501170411D-04
  -0.1972210995334D-03   0.9238835138934D-04   0.3020654091054D-03
  -0.5736141972029D-04   0.3749581513903D-03  -0.5088142892043D-04
  -0.8820760504283D-04   0.7669113100290D-03   0.1101169142607D-02
   0.3769644885584D-03  -0.2627637460641D-03   0.9516901579941D-04
  -0.6898875739304D-03   0.4536412171353D-04  -0.6281478701629D-03
  -0.6672156426002D-03  -0.1006856186467D-02   0.1199529779135D-02
   0.1302972984697D-02  -0.1101153121403D-03  -0.7887948958958D-03
   0.1822707628259D-02  -0.5493849515736D-03   0.1094548385832D-02
   0.4235393469614D-03  -0.2159866230123D-03  -0.1205627015961D-02
   0.8861836600578D-03  -0.5310929243029D-04  -0.4559430573727D-03
   0.2883192287556D-04  -0.3530923614421D-04   0.6378646936020D-04
   0.2981183366642D-03   0.2830677808244D-03   0.1932627330949D-04
   0.2488106989044D-03  -0.7345133710208D-04  -0.2811176101267D-03
   0.3796742237373D-03  -0.1127161030733D-03  -0.1447982520763D-03
   0.4136529291088D-03  -0.4098583793393D-04   0.4802462332025D-03
   0.3390603353907D-03   0.4491189617565D-04  -0.2834717188112D-04
   0.3334831406739D-03   0.3309457560586D-03  -0.2798362985012D-03
   0.4984303336352D-03   0.9251601866358D-04  -0.3325350497687D-03
   0.5850097397794D-03  -0.1553913761956D-03   0.2927888667777D-04
   0.8318926775446D-03  -0.4692749836004D-03   0.2223696216374D-03
   0.1172780307712D-02  -0.4820615057295D-03  -0.3038939299513D-03
  -0.9925516432407D-03   0.1087345944447D-02  -0.1107938652742D-02
  -0.5063529837409D-03   0.1110861772228D-03  -0.1116713263205D-02
  -0.1424778045362D-02  -0.3331271165332D-03   0.1235747043535D-05
  -0.1582499072433D-02  -0.1381952528210D-02   0.9973764072166D-03
   0.5086555237714D-03   0.2507794188674D-03   0.1374473914923D-02
  -0.7226611714922D-03   0.3055466933404D-03  -0.2394166059065D-04
  -0.1918733249054D-03  -0.3103783662874D-03  -0.2535195383954D-02
  -0.5450584308008D-03  -0.1760739054638D-03  -0.1435971049457D-02
   0.1532313570396D-02   0.4658525993721D-04   0.4046663058926D-03
   0.2094054006058D-02  -0.7320601204997D-03  -0.7400583214617D-03
   0.1214174736984D-02   0.2545365876130D-04   0.3748311626830D-02
   0.1767614561851D-03   0.1286315175797D-05  -0.2912346271319D-03
   0.4918177415431D-04   0.2182966240590D-03  -0.4306886773276D-03
  -0.2345885027109D-03   0.3087894391768D-03  -0.4707739297002D-03
  -0.1822832491349D-03  -0.3584120003350D-04  -0.3657003734697D-03
  -0.1834345006540D-03   0.1124882634372D-03  -0.1802432280273D-03
  -0.2237838572261D-03  -0.1538455900670D-03  -0.2136044822552D-04
   0.2691382610013D-04  -0.5750019367278D-04  -0.4135894172907D-03
  -0.2205508019915D-03   0.1557535223946D-03  -0.4302072278526D-03
  -0.9781113740976D-05   0.2005993415703D-03  -0.2287174452383D-03
  -0.2612629296329D-03   0.1714675535400D-04  -0.3638769523663D-03
   0.3814073698656D-03  -0.9209622509505D-04  -0.1663347253304D-03
   0.7222466078629D-04  -0.1010955664604D-03   0.3418790310168D-03
  -0.9590542529664D-05  -0.3012127925804D-03  -0.3574820911158D-04
   0.7593662262582D-03   0.2042980969953D-02   0.4243111962093D-03
   0.4498121626990D-03   0.6737414430915D-03   0.9254984112355D-03
  -0.2570574784835D-02  -0.2256418255458D-03  -0.3318714496180D-04
  -0.1145318130643D-02  -0.3883275064418D-03  -0.1832222692968D-02
   0.1186334024031D-02  -0.1674748270563D-04   0.5173657055330D-03
   0.1204415179228D-02  -0.3791695321843D-03   0.2959146730182D-03
   0.9050221449496D-03  -0.8854474032332D-03  -0.4281466324274D-03
   0.1284535632746D-02   0.3612924627253D-03   0.3179246049417D-03
   0.3483565083280D-03  -0.1122437777475D-02  -0.4508430152514D-03
   0.1927963260433D-03   0.3568399651815D-04   0.9397724942357D-04
   0.3970582993379D-03  -0.5822219883572D-04  -0.1842435720485D-03
   0.2092355547764D-03   0.6320031806845D-04  -0.2152587154850D-03
  -0.8608174495065D-04  -0.5703067750999D-04  -0.7819756810410D-04
   0.1771528884394D-03   0.5031619469000D-04  -0.3834764688050D-04
  -0.1014449779410D-04   0.1916788183727D-03   0.1960763414322D-03
   0.1120754036769D-03  -0.2002514196499D-03   0.1657399603047D-03
   0.1155876476873D-03  -0.4946006080437D-05  -0.9790292346182D-04
   0.9428887925929D-03   0.5091676176950D-03   0.1022077627880D-02
   0.1276710112392D-03   0.1039484895411D-02   0.1088390784958D-02
  -0.1626263482972D-02   0.8449134293359D-03   0.2622691659850D-02
  -0.1254307694053D-02   0.8888248409989D-03   0.3603032893434D-02
  -0.5334236524492D-03   0.2263827786596D-03  -0.2512503841042D-02
  -0.1031640496853D-02  -0.3745898273024D-03  -0.1114752657743D-02
   0.1381243719886D-03  -0.5674812126271D-03   0.4807315250554D-03
   0.8803448187403D-03   0.5117227448329D-03   0.8680609360685D-03
   0.6217641113200D-03  -0.4940676263348D-04  -0.1545279924732D-02
   0.2321926559886D-04   0.4582290540735D-04   0.5287734782370D-03
  -0.6605716835364D-04   0.2351169024431D-03  -0.1018206503242D-03
   0.1894403197875D-03   0.1859241008706D-04  -0.3673402076689D-03
  -0.1311216374153D-04  -0.1920109731802D-03  -0.1688550751268D-03
  -0.7156293423097D-04   0.1810864059810D-04   0.1375404455015D-03
  -0.1101140750679D-03  -0.1298398725506D-03  -0.2982447403854D-03
   0.1072345572777D-02   0.3458564442087D-05   0.2988186894159D-02
   0.5930124426003D-03  -0.1596040442681D-02   0.3013906995368D-02
  -0.2295652545251D-03  -0.1660818669045D-02   0.7611328908523D-03
  -0.1684543861039D-03  -0.2365609412381D-02   0.6692756131578D-03
   0.9897585248596D-03  -0.1509830987603D-03   0.1765758872329D-02
  -0.9446491629240D-03   0.1271103042189D-02   0.1151448165911D-03
   0.1606327844881D-03   0.2073100769042D-02  -0.2468233315388D-03
  -0.6778843998731D-03   0.7032929664120D-03  -0.4181209444181D-02
   0.7242415215887D-03   0.2297994336710D-02   0.1331313356106D-02
   0.1385476110831D-03  -0.1275187282581D-03   0.7241151014061D-04
   0.1616027774950D-03   0.3294311380611D-04   0.1926328016056D-03
  -0.4685940363650D-03  -0.4760816473451D-03  -0.1612324921184D-03
   0.4124773942559D-03   0.5711115338487D-03   0.2783058784895D-03
  -0.2725408417779D-03   0.3064227462533D-03   0.6390394460166D-03
  -0.2647034966046D-03  -0.1014754561880D-05   0.8060255134226D-04
   0.1311939524594D-02  -0.1876223465679D-03   0.7115671011779D-03
   0.4767796656208D-03   0.3325865607067D-03   0.1076094028825D-02
   0.1244800896663D-03  -0.5304761675244D-03   0.1694079667760D-02
  -0.1893251747282D-02  -0.2878271010667D-03   0.1184574127945D-02
  -0.2487875984916D-03   0.1049350722556D-04  -0.1039913013742D-02
  -0.9023766337614D-03  -0.1063803592206D-02  -0.1839495923085D-02
  -0.7732569267911D-05   0.1156385697809D-02  -0.3029314995680D-02
   0.2274729704753D-03  -0.4265111281015D-04  -0.2166367067585D-03
   0.4138428412779D-03   0.3626987864975D-03   0.2396042191804D-03
   0.1336540225402D-03  -0.1152161801536D-04  -0.1669422195617D-03
  -0.1560574325304D-03  -0.1771544891013D-03  -0.1904326994128D-03
   0.3029971854616D-03  -0.1471427353360D-03  -0.1424531044371D-03
   0.2594017445531D-03  -0.1859544946223D-04   0.1093939146082D-03
   0.4150855403991D-03   0.2824953752814D-03  -0.4134305746456D-03
   0.3633987546065D-03   0.3458886600862D-03  -0.3226855731953D-04
   0.1564419466937D-03   0.9113226378064D-04  -0.3849839102626D-03
   0.3589775449768D-03   0.6451287871505D-03  -0.4036403210145D-03
  -0.2640063157592D-03   0.1165762073465D-02  -0.6315715901149D-03
   0.1073755841183D-02   0.1270833571252D-02   0.4737612231047D-03
  -0.6656699404540D-03   0.1172547208258D-02   0.1535483266921D-02
   0.4871377763821D-03   0.1608259557658D-03   0.3476380230538D-03
   0.2499708957005D-03   0.6408791719609D-04   0.2446736998607D-03
  -0.4646417645693D-03   0.3319426565506D-03   0.1365682010584D-04
   0.5621771139184D-05  -0.1897758447481D-03   0.1523079812772D-03
  -0.7932603081338D-04   0.3643143636669D-03  -0.1478000530910D-03
  -0.1337363811471D-03  -0.5939097214694D-04  -0.1071225275307D-03
   0.8420407443732D-03   0.1518665131968D-02  -0.1937914748044D-03
  -0.1192411670347D-02  -0.1098686008624D-03  -0.1750650136749D-02
   0.1304239538458D-02   0.2257163615986D-02  -0.2823413986361D-02
  -0.1988480244319D-02  -0.4540677167375D-03  -0.4074284963977D-02
   0.9556080547476D-03  -0.1492006817689D-03  -0.6476987700734D-03
   0.1077437576537D-05   0.5514800871982D-03  -0.5798123351210D-03
   0.2377099813694D-03  -0.1291311362523D-03  -0.3241879070703D-03
  -0.7933236937089D-03   0.1273172160313D-02   0.3469763211515D-02
  -0.1190227158045D-02   0.2386168525831D-03   0.2900682172723D-02
   0.1470921005529D-02   0.2195431898701D-02   0.6575497424808D-02
  -0.1339134005984D-02  -0.2081519033530D-02  -0.3541626314783D-02
  -0.6595270011398D-03  -0.1111454414455D-02   0.2280142070529D-02
  -0.8709473798823D-03  -0.5999543150811D-03   0.1752949008783D-02
  -0.1295350735293D-02  -0.5181294631727D-03  -0.2536302091273D-02
  -0.2659988109145D-02  -0.2815923206002D-03  -0.1187197819096D-02
   0.1317567702745D-04  -0.5521232026592D-03  -0.2721275832031D-03
   0.5752033433111D-03  -0.3973611784325D-03  -0.7262028955348D-03
   0.5968629751978D-03  -0.1029522918604D-02   0.6716006890325D-04
   0.5359348826730D-03  -0.4766454612461D-03  -0.6587158458235D-03
  -0.8223125312909D-05  -0.6826054058470D-04   0.3620217001769D-03
   0.3095174634094D-03  -0.4381908626443D-03  -0.4886236268091D-04
   0.8344750915861D-04  -0.9029805041972D-03   0.6294602750453D-04
  -0.3515826703625D-03   0.1498333896237D-03   0.1723006832611D-03
   0.2110045783301D-02  -0.3237040319380D-03   0.7134380679601D-03
   0.7563641517304D-03   0.1890609954083D-02   0.1501650245179D-03
   0.5806516309501D-03  -0.9586964894078D-03  -0.3451783906650D-03
  -0.1840689505955D-02  -0.3002146488193D-03  -0.5148748414120D-02
  -0.5783555764523D-03   0.4114087060760D-03  -0.5401039332488D-03
   0.2564804183570D-02   0.1018194765964D-02   0.9988368674469D-03
   0.5193244184838D-02   0.2006310646586D-02  -0.5400620280119D-02
  -0.2613890248012D-03   0.4219436712398D-03  -0.2011270129453D-02
   0.7631677322028D-03   0.1210303620530D-02  -0.4870610740492D-03
   0.9752464208377D-03   0.1742919734299D-03  -0.8692310283391D-03
  -0.1728399471932D-02   0.1455720812394D-02  -0.3470506149039D-03
  -0.2945516962085D-02  -0.6303525073585D-02  -0.1912738872947D-02
   0.6049575081345D-02   0.3620314549226D-02   0.8390618344642D-02
  -0.2936445838078D-02   0.7722572581449D-03   0.2703789919506D-02
   0.5841550163843D-03  -0.7464659043322D-03   0.8283243210869D-03
   0.1054039407961D-03  -0.2339003097755D-03   0.7669771922227D-03
   0.2003820700748D-03  -0.5935272225428D-03  -0.1640788235462D-03
  -0.7116979807173D-05  -0.1136370952906D-03   0.1742539354627D-03
  -0.5825825203488D-03  -0.2711856263085D-03   0.1771087969139D-03
  -0.1918472732842D-03   0.6638977395516D-04   0.3343784355982D-03
  -0.9413376508504D-03  -0.1333014492179D-02   0.7364843743636D-03
  -0.4557227043123D-03  -0.2232306210608D-03   0.1502348159377D-02
   0.8437026689199D-04   0.4881171828198D-03   0.7182581837092D-03
  -0.5865081204919D-02  -0.1613012486767D-02  -0.5765038386214D-02
   0.2054570455297D-02   0.5965286254204D-03  -0.1291900231522D-02
   0.2675335551955D-02   0.6473827435268D-03   0.1795578697379D-02
   0.4982172549980D-03   0.5941119567888D-03  -0.9591092624211D-03
   0.1974802789268D-02  -0.1647510728330D-02   0.2476324297136D-02
   0.3498957451677D-02   0.6710094867618D-02   0.2915564269311D-02
   0.5033805025669D-01  -0.6192612817918D-01  -0.3825163388084D-01
  -0.1545009213010D-01  -0.6204522068222D-02   0.3324890558086D-02
   0.6564019031109D-03   0.1873261177601D-02   0.2055476391562D-03
   0.7276331224965D-03   0.1191121992644D-02   0.9178700977341D-03
   0.1710949709345D-03  -0.2885444363304D-03  -0.3322720899209D-04
  -0.2307522858401D-03  -0.3101438733618D-03   0.2853523166992D-03
   0.8744063395853D-04   0.3838316782823D-03  -0.5529870385100D-03
   0.1038394216720D-03   0.8668820664925D-03  -0.1793804380335D-03
  -0.1046293420061D+00  -0.7684601701809D-01  -0.1104566886920D-01
  -0.3738415566737D-03  -0.2959308281450D-02  -0.6429589947070D-02
   0.2662660144927D-01  -0.9452282681754D-01   0.1314541332690D-01
   0.8009016981477D-02   0.1816035919372D-01   0.8171693571192D-02
  -0.4877326811601D-02  -0.9715407013912D-03   0.5154797043296D-02
   0.7645309808980D-03   0.4320679142930D-03   0.5952986819337D-04
   0.1610783828329D-02   0.1097574591870D-01   0.6625336559217D-02
  -0.1342541109479D-02   0.7579905096674D-03   0.1059699396531D-02
  -0.4495975236160D-04  -0.1879069203290D-02   0.5811609144444D-03
   0.7897537608831D-03  -0.4252204642422D-03  -0.2151069290367D-03
   0.8576057432863D-03  -0.1171016451070D-02   0.4199235083641D-03
  -0.3910210187363D-03  -0.8097334460478D-03   0.1349781572053D-03
  -0.1002320115795D-03   0.3460741297393D-03  -0.8696781945601D-03
   0.1012674776364D-02  -0.1848730042065D-02  -0.2424229417383D-03
   0.8988422751741D-01   0.8025979018888D-01  -0.3145810400282D-01
   0.2515867729281D-02   0.1226414675392D-01   0.1379607132848D-02
  -0.4644364914922D-01   0.1450096703690D-01   0.8713528834516D-01
  -0.3354582395202D-02  -0.1414847061100D-01  -0.1461784474006D-01
   0.8027162671915D-02  -0.4319668699820D-02   0.7968730870331D-03
   0.1447588775557D-02  -0.9367850930682D-04   0.2735245104830D-02
  -0.4216517334199D-03   0.2106300466374D-02   0.1956842869509D-02
  -0.9529295797163D-03  -0.3276527873858D-02  -0.2464477938190D-02
  -0.2449827919604D-02  -0.5010663017086D-02  -0.1941391465488D-02
   0.1242484250121D-01   0.2699673729037D-02  -0.8452985280750D-03
   0.4914493649111D-03   0.1935983558531D-03  -0.8916829472126D-03
   0.3720228119027D-03  -0.9600716464720D-04   0.1206045978453D-02
   0.3657220664636D-04   0.2531110151740D-03  -0.4998415282569D-03
   0.3542323304938D-03   0.1090788389644D-02   0.1737789862606D-02
  -0.3410977498808D-03   0.7208088345802D-03   0.3675436973303D-03
  -0.6465647333164D-04   0.9748848225226D-03  -0.3107606066433D-03
   0.5627073802188D-03   0.2994271247400D-03  -0.5738603056793D-03
   0.2996978452901D-03  -0.6307172083362D-03   0.2269043592749D-03
  -0.6094285230046D-03  -0.1436966840877D-02  -0.2024279368366D-03
   0.7817981800239D-03  -0.5460653000182D-03  -0.8132896482756D-03
  -0.9807911759673D-03   0.1485798388089D-02   0.2951819174849D-03
   0.9791716620915D-03  -0.2640875077061D-02  -0.6165609383325D-03
   0.4209342618332D-01  -0.5910423123154D-01   0.9387007650559D-01
   0.4445881249269D-02   0.1735533729479D-02   0.5310320484356D-02
  -0.2521130553866D-02   0.5081322831417D-02  -0.2812210248367D-02
  -0.1401630624839D-02  -0.4834617804160D-02  -0.2076548375690D-02
  -0.1217571562239D-01  -0.3116261223287D-02   0.6511391520471D-02
   0.4592652333916D-02   0.3735489721056D-02   0.1118648788437D-03
  -0.1430681118891D-02   0.1926483567634D-02   0.1200940968755D-02
  -0.1078649804509D-02  -0.2017314490810D-02   0.3570379331416D-04
  -0.2053704304230D-02  -0.1053852788641D-01   0.8212929047345D-02
  -0.6176147783597D-03  -0.1749832828009D-02   0.2289036176405D-02
  -0.4401114189545D-04   0.4815898945547D-03  -0.7075324489482D-03
   0.2018165924530D-03  -0.6226627405446D-03  -0.3046903358003D-03
  -0.1212400507967D-02  -0.1494843356646D-02  -0.1195375370626D-02
  -0.1003666650368D-02   0.1076833985344D-02  -0.1969397862496D-02
   0.2457253403831D-03   0.1905545787595D-03   0.6286137550767D-03
   0.6352223547590D-03   0.3554270697784D-03   0.1885983649105D-02
   0.1953725450835D-03   0.1164003944898D-02  -0.2712968345665D-02
   0.9020438837368D-03   0.1366324466088D-03  -0.1346763480712D-02
   0.3194076883529D-03   0.9014926337629D-04   0.2474480266975D-02
   0.1041742264299D-03  -0.1155652747648D-03   0.3432212433250D-02
   0.7674320910878D-03  -0.7168567511591D-03   0.1400521224232D-02
  -0.6076992773225D-03   0.3696376119857D-04  -0.2600078110655D-03
   0.5196778808310D-04   0.9989614975940D-04   0.1443847242877D-04
   0.1782242816767D-03  -0.1115790686966D-03  -0.3000042545168D-03
  -0.4543473678432D-04  -0.2203415202144D-03  -0.3038121995186D-03
   0.7531045754172D-04  -0.1056330676415D-03  -0.2027239548474D-03
   0.1099120694417D-03  -0.1949984992758D-03  -0.2091119008580D-03
   0.3141714246553D-03   0.6834976131367D-03   0.7560836828626D-03
  -0.6227213948406D-03  -0.4923165432476D-03  -0.1531053630382D-02
  -0.8272555155506D-04  -0.2240815794969D-02   0.1775789177282D-02
  -0.7387801604373D-03   0.1131850205623D-02  -0.7254183489012D-03
  -0.7846552223110D-03  -0.2405311037469D-03  -0.8331091130053D-03
  -0.1101527924373D-02  -0.6979386331386D-03   0.3191275520105D-03
   0.5215268387522D-03  -0.9305706007570D-03   0.4178081445097D-02
  -0.6305892407407D-04   0.1471999557330D-02  -0.1474835214816D-02
   0.4821224336927D-03  -0.3206075968408D-04  -0.1678158740283D-03
  -0.1500858991116D-03  -0.3289311347619D-03   0.1707432377608D-04
  -0.7539841473588D-03  -0.1543527583767D-03  -0.2069673468715D-04
  -0.6781100530938D-04  -0.2250134075129D-03   0.2209276715244D-03
  -0.1026275718206D-02  -0.1509067334515D-02   0.1608507387112D-03
   0.9839745633268D-03  -0.1309304283896D-02   0.1486326340712D-03
   0.1270874621893D-01   0.6680436190117D-02  -0.7777485148036D-02
  -0.3393586348883D-02  -0.3841109308291D-02   0.2470054319744D-02
  -0.5970167772808D-03  -0.6590053079013D-03   0.4073314846648D-05
  -0.2791374224349D-03   0.3365002189747D-03   0.2920177826045D-04
  -0.8826267901454D-03   0.1079863489197D-03  -0.1814465691936D-03
  -0.7022234557602D-02   0.1471602183013D-02   0.2190148372641D-02
  -0.1770069093881D-02  -0.7957156184188D-03  -0.7224720697052D-02
  -0.1513417731718D-01  -0.7836960040047D-01   0.3794405002795D-01
   0.4418165703573D-02   0.1558027562769D-01   0.1164113314012D-01
  -0.2672886163890D-02   0.1763145501894D-02   0.7691965233267D-03
  -0.2702319006092D-03   0.1143428864433D-02  -0.6847314815522D-03
  -0.6244138241719D-03   0.2462216780148D-02   0.7935935924937D-03
  -0.1068325597083D-03  -0.1832989195556D-02  -0.5079737337905D-03
  -0.5406638477454D-03   0.7342115109133D-03  -0.8974640976980D-03
   0.1596225392484D-02  -0.4483026580722D-03   0.2087857506607D-02
  -0.7313156957553D-04  -0.1535680997278D-02  -0.1680613651840D-03
   0.1106040609145D-03  -0.2946126210307D-03  -0.4087231671725D-03
  -0.2124509325427D-03   0.4077877265998D-04  -0.1902999506920D-02
   0.4267569299611D-04  -0.6117437930384D-03  -0.5088629354629D-04
   0.7867566687413D-03   0.2991146681168D-03   0.2934208016923D-03
  -0.4935928056820D-03  -0.6918897318915D-03   0.2404158548245D-03
   0.1366390157819D-03  -0.8142865324634D-03  -0.4118324758084D-03
  -0.4704278343031D-03  -0.2917985035284D-04  -0.8066410312875D-04
  -0.9370969885331D-04  -0.6418339096575D-03  -0.3473956567798D-03
  -0.2990219428870D-05  -0.3019159810659D-03  -0.6618057672342D-04
  -0.2698049569061D-01   0.4409173504759D-01  -0.1101910179753D+00
   0.3997608512786D-03   0.1724279333542D-02  -0.1184368237526D-01
   0.1564948220711D-01  -0.9929436714923D-01  -0.2937661286388D-01
  -0.1525168550962D-03   0.1298979569583D-01   0.2716222148072D-01
  -0.1287992905730D-01   0.2316612978027D-02   0.2379066608909D-02
   0.2615812880263D-03   0.5590904224965D-03  -0.2050979233770D-02
  -0.1690544694546D-02   0.6937239656972D-03  -0.2049714402268D-02
   0.1090679341576D-02   0.3665629496834D-03   0.8028840068393D-03
  -0.2325481338771D-02   0.1342940954474D-02  -0.8070268307911D-03
  -0.9290377527788D-03  -0.4351130211283D-04   0.5696545240793D-03
  -0.1385163670660D-02   0.1265820464101D-02  -0.7065134205578D-03
  -0.1935406887014D-03  -0.1614291548777D-02   0.2435674302266D-02
  -0.9133405976515D-02   0.3247861449909D-02  -0.1073100526608D-01
  -0.9710875999145D-03  -0.1386201121835D-02  -0.3730705212513D-03
   0.5153179050267D-04   0.9658014724970D-03  -0.2883751454696D-03
  -0.2431807336636D-02  -0.1310308999124D-02  -0.2951598187956D-03
  -0.9123972754228D-03  -0.1958674849753D-02   0.6641858550384D-03
   0.1924984513157D-02  -0.4488929461083D-03  -0.7586415478412D-03
  -0.2832827307114D-03  -0.3347855628053D-03   0.2326022065370D-03
   0.3908457995556D-03  -0.1075597835944D-02   0.1179480466570D-02
   0.7922585484611D-03   0.1314441697743D-03   0.5386657792944D-04
   0.5461645526928D-02   0.3668867701830D-02  -0.1570818448772D-02
   0.8898130531909D-02  -0.1936816328752D-01  -0.2484046496583D-01
   0.3994755333444D-01  -0.3939947663600D-01   0.5450709485915D-01
   0.1263372305350D-02  -0.1259184028551D-02   0.3632500460055D-02
   0.2889826303755D-03  -0.4486944506750D-02   0.6388319719299D-02
  -0.8591651358376D-02  -0.5719251847234D-03   0.6042075772337D-02
  -0.5328329859039D-05  -0.1539675381272D-01  -0.3523111581896D-01
   0.8236750427010D-02  -0.2491793444404D-01  -0.2009831372255D-01
   0.7210980675205D-02   0.2036573589511D-01   0.1223115520262D-01
   0.6840192579565D-02   0.1522038826299D-01   0.2790375121158D-01
   0.1031063229395D-02  -0.5269139525265D-02  -0.1735967947686D-01
   0.8985689267605D-03  -0.6790205627129D-03   0.4413367736795D-02
  -0.2840785875292D-02   0.3791771474166D-02   0.5669655482653D-03
  -0.4300093540684D-02  -0.1336331768828D-02   0.2745050824269D-02
   0.7619788989945D-03   0.5520931675451D-02   0.6909609808325D-02
   0.1702400047208D-02   0.3994580629152D-02  -0.7836441693831D-03
  -0.2976803708635D-02   0.1176265156971D-02   0.1497643749645D-02
  -0.4145383401484D-02  -0.5741263215151D-02   0.4577524296878D-02
  -0.5769288327184D-02   0.4510395763090D-02  -0.9941324202159D-03
  -0.1910987633632D-02   0.1339251016256D-02   0.1335399660906D-01
  -0.1113778715715D-04   0.9299002153403D-02   0.2353824183005D-02
  -0.2173722735608D-02   0.5486051281140D-02   0.8347408473862D-02
   0.2835975486844D-01   0.1852967832513D-01   0.1375457598973D-03
  -0.2988870899010D-01  -0.5540866014113D-01   0.2189455773117D-01
   0.3343393327082D-01   0.4797360473074D-01  -0.8377314385861D-02
  -0.2530259802197D-01  -0.2724231720356D-01   0.2301842390011D-02
  -0.1544104292970D-02   0.8748215716377D-02  -0.3879830664138D-03
   0.7720669391768D-03   0.4374962045641D-03   0.8553055925585D-03
   0.5964238632813D-02   0.2073156521502D-03  -0.3451429982247D-02
  -0.3603344489670D-02   0.4903734776555D-02  -0.2717485366301D-02
  -0.1353522730225D-02   0.5906539093245D-03   0.1379384286346D-03
  -0.6919451916036D-02   0.5299748026660D-02  -0.5160677494989D-02
   0.4175810821862D-02  -0.7376880388589D-02  -0.4938567510116D-02
  -0.6416917889249D-04   0.8481578009550D-03   0.3506018275454D-03
  -0.1738860429699D-02   0.2967565719433D-02  -0.4794933563545D-03
  -0.1516493007971D-02  -0.1929164080415D-03   0.2944873273582D-03
  -0.5027728232014D-03   0.5973889060139D-03  -0.4887494725567D-03
  -0.9014755391416D-01   0.6731998140189D-01   0.7949790582690D-01
  -0.5210494018403D-01   0.4580184230661D-01   0.2925836840711D-01
   0.4668001760683D-01   0.1291228137753D+00   0.2414363569445D-02
  -0.4271846312228D-01   0.5689132789004D-01   0.3200650960932D-01
   0.1021727568339D+00   0.7910246083042D-01  -0.1687312759240D-02
  -0.2666124915049D-01   0.7049419780505D-01  -0.1622481386625D-01
  -0.1108482902962D+00  -0.8286988578505D-01   0.1824638603483D-01
   0.4324768827162D-01  -0.1089851338219D-01  -0.6104271648980D-01
  -0.3168668131188D-01   0.6269106568312D-01  -0.1194825142065D+00
   0.1345070667892D-01   0.6822698987668D-01  -0.3615892960601D-01
   0.5117121680932D-01  -0.3837531160250D-01   0.1237864748158D+00
  -0.1355564202487D-01   0.7309894950517D-01   0.1150101321324D-01
  -0.4256091914602D-01   0.4751333347457D-01  -0.5179307880624D-01
$end                                                                            
