$grad                                                                           
  cycle =      1    SCF energy =  -888.08934496704   |dE/dxyz| =  0.732863
   90.80613424318348     19.83996022296952     -5.66645293034701      n 
   90.00008724826914     21.37407520421418     -3.51934553083403      c 
   91.69726186627899     20.72491112732244     -1.25388825116937      c 
   92.92956146717266     22.33109016664851     -0.12837406184083      o 
   87.12879576854833     20.99952860540531     -2.97843586457211      c 
   86.37547692601152     22.80730152539057     -0.91360107046172      c 
   87.25963781795915     25.28132594813315     -0.95628765963980      c 
   85.06717261112090     21.99591437715975      1.19708979463706      c 
   87.03024639078407     26.84264214924882      1.11058702106738      c 
   84.80340331517647     23.57181601529892      3.26495551887472      c 
   85.82276917757200     25.96124215787353      3.23904779147161      c 
   89.45525233567294     18.66990009774796     -6.35140905242225      h 
   90.38112779846210     23.35712714091305     -3.98141159769413      h 
   86.09763636801023     21.33446785695213     -4.73084697687123      h 
   86.80036561812955     19.05546771397546     -2.39606392194555      h 
   88.10592298221583     26.01091283023009     -2.65824897936846      h 
   84.35455181294071     20.08081776378675      1.26919925829768      h 
   87.75147320616159     28.75015978124230      1.05092778684405      h 
   83.81852312153399     22.93244411674077      4.92912550097107      h 
   85.53321827925865     27.20827897631127      4.82439276113263      h 
   91.75246447589225     18.25763233004381     -0.70757867392110      n 
   93.12884044393745     17.38150500930444      1.45267478557185      c 
   95.84501549480792     18.38976834926731      1.31853850598191      c 
   96.79157936378446     19.40356750344866      3.18981013677723      o 
   92.85764938009621     14.55755679486303      1.75208954670501      c 
   93.80642205014630     13.87272906662694      4.34978950739493      c 
   92.73479036778716     14.53229285608380      6.27065178405436      o 
   95.96891247178687     12.54319583611737      4.33881759563894      n 
   90.62406130395702     17.02828559469846     -1.65885715194942      h 
   92.34725297681916     18.28033102405043      3.17065868401072      h 
   90.85381140584160     14.09237532013375      1.61687805462389      h 
   93.87953803797238     13.58238497077520      0.25043401373672      h 
   96.75768960933810     12.05926047086755      6.00632591392911      h 
   96.81494556379842     11.98676690963629      2.73499069706812      h 
   97.15300234726639     18.21511422165042     -0.84108217480849      n 
   99.56652340767629     19.51169471775866     -0.73197212574856      c 
   99.07532531613322     22.28427925474348     -0.00715931047377      c 
  100.43800173348342     23.28369339207811      1.59820092401552      o 
  101.31216152750025     19.23317958636393     -3.03137496970297      c 
  103.79190413775528     20.83440609182640     -2.94355616698269      c 
  105.69047685930420     20.50579141514887     -0.62865995432230      c 
  108.23234289829462     22.14314845218406     -0.60840054389336      c 
  109.45834720807922     22.50766947506399      2.01497345672034      n 
   96.44285231247466     17.42581389438390     -2.43281755361143      h 
  100.57882708659855     18.74401099586177      0.91793596308352      h 
  101.79149892287512     17.23647609196208     -3.21855910758524      h 
  100.29811266342020     19.83210329540616     -4.72196550169219      h 
  104.82594486713205     20.40916369271045     -4.67543384498419      h 
  103.25667654464216     22.82420210157935     -2.99871127417682      h 
  104.63102610739548     21.03451502659052      1.06221578002048      h 
  106.19846435710409     18.51786845243501     -0.48908249515484      h 
  109.62826888649751     21.23839186494900     -1.81573486774545      h 
  107.79743045685674     24.01873608344395     -1.33324064057477      h 
  110.90312912879136     23.79833282726473      1.85662413309295      h 
  108.17596419827262     23.08548340455900      3.35401735157705      h 
  110.18535704085244     20.83254990435530      2.70198784241031      h 
   97.32554789240189     23.74140529848165     -1.07999555101820      n 
   97.69938805231352     26.42572453264526     -0.54111635503763      c 
   97.55088045620103     26.80996748839888      2.29560209465539      c 
   99.23317532484295     28.00526563518622      3.37188142910752      o 
   96.12773455646979     28.22813867757658     -2.17387406461873      c 
   93.37964412227390     28.10975252470222     -1.44881574578620      c 
   96.56256042861708     27.68459607202320     -4.97630757905206      c 
   91.85184586862256     29.24182775900083     -3.58091425489448      c 
   96.29556693328055     23.19546051808802     -2.59095164198855      h 
   99.69042962522616     26.87293332332535     -0.98497804818748      h 
   96.87867155705067     30.12077117145964     -1.78197877626110      h 
   92.79338651759147     26.16966172922850     -1.13098389998845      h 
   93.04903294351689     29.16217513560579      0.29416496657472      h 
   95.92050716842974     29.23681144197315     -6.13766116612796      h 
   98.57253902671479     27.44524765916812     -5.31165743459951      h 
   95.63155841371567     25.95399490597914     -5.57590649681356      h 
   89.90684741158380     29.61741044446997     -2.99548721367959      h 
   92.63679139859487     31.05130974921334     -4.16705244004627      h 
   91.77410271314380     28.00804303476684     -5.21076754885499      h 
   95.57861757135974     25.75642092216888      3.46451217801763      n 
   95.55120296590221     25.70589516998520      6.20522031067624      c 
   98.16852802348311     25.28194815003956      7.30691720823378      c 
   99.10758908139780     26.69415266993899      8.89076414167910      o 
   93.94892101939529     23.65123163398971      7.43878165229549      c 
   91.12950963425753     24.09538972233992      6.87202357353753      c 
   94.49056594457593     23.59861107467090     10.28300615487521      c 
   90.22843853097542     26.73739533025286      7.43174848065089      c 
   94.42386472748282     24.57327829204150      2.50073154466237      h 
   94.94621805063960     27.56762242069888      6.90554356096103      h 
   94.48499816809966     21.82136800606285      6.63815617058072      h 
   90.75947916204866     23.66383466742316      4.88542650547758      h 
   90.06797207669128     22.74825457106755      8.00718458555834      h 
   93.06726066233459     22.48087961338324     11.26025488888166      h 
   96.31541401325524     22.75742093358282     10.68317819665947      h 
   94.47048836112120     25.49637144725380     11.07484006417812      h 
   88.18341914144233     26.79072766883445      7.40583926149812      h 
   90.82504005519814     27.33030402685860      9.31364152533690      h 
   90.91350236856361     28.10692270771424      6.06358900418359      h 
   99.28786723412870     23.12237039437409      6.63832209343236      n 
  101.87501613032276     22.75317903664266      7.46736326235938      c 
  103.87337135197383     24.81438493615542      6.75274461907150      c 
  105.47160044140975     25.46876534774000      8.30174454850913      o 
  102.62963852981892     20.01119235887045      6.86640809036276      c 
  100.89642935544887     18.23899273714067      9.32447151206006      s 
   98.61201987061955     22.03942298446460      5.21819784243941      h 
  101.86664559074212     22.90311358390570      9.54469036972602      h 
  101.96989605089985     19.44984380016632      5.00426994670935      h 
  104.64920166467471     19.69192864636701      7.12556842805377      h 
  102.24469122312625     16.11329396845208      9.19176007468651      h 
  103.47680643060892     30.56270119638172      6.54421979224882      n 
  102.96804700791564     32.48508130186849      8.48325404232223      c 
  104.09258971729058     31.84307882976680     11.18253538937029      c 
  105.43401659171825     33.42307965160861     12.29254496820215      o 
  100.08088690810335     32.71073538685317      8.62136029938248      c 
   99.02400565341753     34.19019921679930     10.90279176036401      c 
   99.56888737395859     36.99785448981689     10.44753167568085      c 
   96.18939667513303     33.60712002250438     11.21798091210495      c 
  101.96331247038093     29.58159311191868      5.90137048859583      h 
  103.87290465391503     34.25533251183167      7.90686253562748      h 
   99.43433192631899     33.61012253190925      6.89097538261565      h 
   99.32777514022429     30.79054412957957      8.67995578324738      h 
  100.00551915741808     33.56979949421863     12.60101610734369      h 
   98.76505124086400     38.16259319929961     11.93897534977221      h 
  101.58992794796210     37.32222062112042     10.37967197362184      h 
   98.75132587821329     37.59494001896454      8.65882553381073      h 
   95.38441292242982     34.66554875732944     12.77602066422885      h 
   95.19421113087891     34.15851860886842      9.50221013654290      h 
   95.90842729183035     31.59668150668455     11.49701864173075      h 
  103.31469825517446     29.57946722521675     12.12459030344577      n 
  103.84974705772505     28.76877121533907     14.67352809472576      c 
  106.54434895841896     27.94622051049586     15.01532343717869      c 
  107.59833120720268     28.73741268908645     16.96743513071593      o 
  101.84066461982891     27.06702184330446     15.93536941893535      c 
   99.94623332642828     26.12032440018303     14.01094229578195      c 
  102.94688058024262     24.96586132990673     17.55903080132355      c 
  102.33489654865366     28.41859280839090     10.95752882087186      h 
  103.84366377440331     30.55288407725608     15.76116698854369      h 
  100.77299110963310     28.29039788331040     17.23725123751538      h 
   98.48561438203146     25.00546227439932     14.94685150076177      h 
   99.02215938738561     27.66904555309123     13.04449806932369      h 
  100.84834532515627     24.89478832064704     12.63710525429608      h 
  101.42659237322481     23.93925880790871     18.48042716404708      h 
  103.99784070256534     23.62066837698204     16.40124903647598      h 
  104.22050991760304     25.70271408639139     18.98339182148530      h 
  106.40153381137354     36.72576021048221     16.94319411514395      n 
  105.34138456969977     36.47956058448165     19.47268533496696      c 
  107.07306050282661     35.21652341504622     21.35373516125768      c 
  107.01935470904401     35.66688143080827     23.63246745523419      o 
  103.09121846165499     34.66335307624519     19.44749638504875      c 
  101.14117734197423     35.27303535605441     17.27582251436882      c 
  102.00604868527419     34.32021325878592     22.11325803039987      c 
   98.37564216912875     35.85477457232384     17.94053261094401      c 
  105.48795697116691     35.87908249685560     15.49185888713359      h 
  104.79866913971323     38.34659416355117     20.17622361871710      h 
  103.90450418693351     32.81593077374489     18.93653186779039      h 
  101.82835576211268     36.85332240467023     16.15788570601088      h 
  101.11332274028557     33.61239807942616     16.05557356357301      h 
  100.33897626345471     33.12216651297526     22.03268464842953      h 
  103.35966912996224     33.43604316935313     23.36557726611306      h 
  101.47894598002947     36.14438945732476     22.89742672710464      h 
   97.30809763310691     35.97940908175079     16.19783888937329      h 
   97.53404249022341     34.43868482330477     19.15058806532994      h 
   98.24537261257220     37.66957033112119     18.90031170387027      h 
  108.59460707665330     33.44135671117085     20.43635725219939      n 
  110.21798605934050     32.17617522264657     22.19313709171857      c 
  112.68142149834632     33.56465810227748     22.60308056415727      c 
  113.67806449487267     33.27853399445018     24.68089705196327      o 
  110.99125134609905     29.50202112936599     21.46821788751845      c 
  108.96940223187218     27.61259957277832     22.15945071505907      c 
  110.10696949279341     24.26723671043612     21.94431038967926      s 
  111.48584071110690     23.73617935113085     25.09337862288338      c 
  108.42438626935709     32.69087083503928     18.68360070007544      h 
  109.27844554412637     32.11723723256740     24.04027336133076      h 
  111.36014757663624     29.36367011802435     19.44629750548994      h 
  112.71527048667964     29.01263635667187     22.49102340074100      h 
  108.33306957502293     27.87399291477491     24.09608873291343      h 
  107.39415504078917     27.70210643348507     20.85156479777683      h 
  112.70063555565484     22.09970041078485     24.92387871145484      h 
  112.56132794425068     25.38188046931571     25.65833861625120      h 
  109.99207489811637     23.31944862861265     26.43609009483892      h 
  109.67933484613455     38.60989712369727     28.31880954786304      n 
  109.53416387185648     37.82558403605628     30.87788405533526      c 
  112.09617220191964     37.09053090017511     32.05429751289767      c 
  112.25460591617261     36.60139238503938     34.30834529284195      o 
  107.49386354848279     35.83400327104003     31.10192808039409      c 
  104.94173500501515     36.82962205178658     30.14142663254275      c 
  107.27215058164064     35.07495852013747     33.85110530486514      c 
  103.13653874336929     34.68359669971458     29.39186377207517      c 
  108.84979612672700     37.55153592578790     26.95656902547173      h 
  108.94288589441655     39.47032750575865     32.02611610578278      h 
  108.05156823065300     34.17564374440429     29.99019503559167      h 
  104.05535964451686     37.96860747795550     31.61417569492688      h 
  105.20380071377218     38.00740415470612     28.47455541060098      h 
  105.83767664071581     33.61228963901435     34.10121117222611      h 
  109.01404420420485     34.32888288415871     34.62593868848408      h 
  106.70104758677651     36.68794759056730     34.99647703172280      h 
  101.36461039822460     35.43989134170278     28.67845218840280      h 
  103.98958082458041     33.52832077686029     27.91795397406155      h 
  102.72150679301677     33.45849743165457     30.98634247189685      h 
  100.14511210515737     13.90272455226062     34.32756679510378      n 
  100.99254352747509     16.56947938560323     34.39786289890839      c 
  100.71451666044759     17.62223577993506     31.71486679491859      c 
   99.56182033880293     19.57959215670001     31.26456259042575      o 
  103.67734598176044     16.58290495475940     35.55017170749174      c 
  103.33771436966133     15.66404931931504     38.30761129985064      c 
  105.27919069500454     18.97448564815502     35.22602604730218      c 
  105.82338689459182     15.43493145529345     39.76933987299455      c 
  101.47087961206044     12.61093409474927     34.82585095228771      h 
   99.69878115057327     17.67038464785883     35.58732213134027      h 
  104.70968682346630     15.13818206795205     34.47124201387641      h 
  102.11324280676763     16.99696047596603     39.29110940084614      h 
  102.40645007591597     13.82920747331433     38.29327798193747      h 
  107.20376198535062     18.63271505808848     35.83416132526179      h 
  105.37514778053767     19.48869581565164     33.23270589990960      h 
  104.51397825598175     20.56847072321286     36.27323570120909      h 
  105.49432901349542     14.48083005872172     41.55370095249369      h 
  107.24002986182741     14.41191370789440     38.69177502411952      h 
  106.59971599648860     17.29355114938235     40.14464976386174      h 
  101.49653375978401     16.13387323521800     29.85167431325375      n 
  101.13350432915429     17.03253089862554     27.33061749100859      c 
   98.50005603679946     16.47382288951721     26.52608865789131      c 
   97.43196910747828     18.04329312752404     25.21946755384009      o 
  103.11329540294307     15.93493698217493     25.60004730777736      c 
  105.63599567430393     17.27629092697596     26.49551110737449      c 
  106.05931924134458     19.31997434678127     25.43248483447683      o 
  106.87938480652024     16.24165392859096     28.21649603820845      o 
  102.88280866849796     14.83190155960217     30.14013979398888      h 
  101.34411070933018     19.10239291367131     27.27171092367045      h 
  103.23309167650176     13.88945472184500     25.83795082067585      h 
  102.75631882972448     16.44130804883793     23.63827093949578      h 
   97.30715652104931     14.40460792589614     27.29858914005488      n 
   94.63963343984207     14.14899948289539     26.52285529276145      c 
   93.33357490739493     16.68225698795145     26.93407745090936      c 
   91.70888073931975     17.57014775729403     25.53757840217851      o 
   93.07574619457382     12.18879036941232     28.05430505158139      c 
   90.44752343288523     11.82497405840909     26.98380984228234      c 
   89.80977033140086      9.59808663641367     25.77772150564444      c 
   88.57399263188293     13.62228225906760     27.23898365285009      c 
   87.38245876117202      9.13998547688916     24.93078945210155      c 
   86.17125783371719     13.19632313773272     26.32111335169618      c 
   85.52886136981775     10.94260749450950     25.18262831702179      c 
   98.24714266293303     12.84361546431530     27.91639947018887      h 
   94.56571151923649     13.63513428543774     24.51324540721950      h 
   94.10590453225447     10.39811068298740     27.97428667191784      h 
   92.97834026050174     12.81643968563577     30.00843324711270      h 
   91.26944891849661      8.19647145551946     25.47345821379400      h 
   88.94224146404176     15.34035220334298     28.28184841578416      h 
   86.95460820179613      7.35638412504725     24.04435798507291      h 
   84.74313738991734     14.62427011640674     26.63239525806532      h 
   83.63576366641303     10.60735177811685     24.51718495556669      h 
   94.01420599951707     17.56565535204593     29.18736366146951      n 
   93.11371945404457     19.86600978621039     30.24938666223111      c 
   94.09649464018919     22.07122174051848     28.74561431589105      c 
   92.46256689903872     23.40353592593907     27.74167611359566      o 
   93.73729693241165     19.86715961982191     33.02212447450974      c 
   91.76655142135171     18.20408254579949     34.30460068295452      c 
   93.83251316487032     22.52590856530759     33.99069579822837      c 
   92.22929107441239     17.93921956907219     37.12941897295435      c 
   95.30662707709700     16.58644730803437     30.19889073294646      h 
   91.05217884589374     19.97035394944976     29.97980650774752      h 
   95.60792193602576     19.01885328972753     33.27078515826625      h 
   89.88672431370162     18.98431715508713     33.98451160335197      h 
   91.85416374014258     16.33485568446384     33.43441365545451      h 
   94.29258625191113     22.59653270115953     35.99362775622672      h 
   95.26168016403426     23.61732726024546     32.99430896331410      h 
   92.01709837059137     23.46159128738828     33.71252737863302      h 
   91.04785639503861     16.46962555061418     37.93499707999547      h 
   94.20060398740492     17.47400240611246     37.48900075260226      h 
   91.80488883384747     19.70462076979650     38.09137805959387      h 
   96.56988699665591     22.52806534317065     28.44985841077147      n 
   97.20925410041241     24.88689300953711     27.16856763743023      c 
   96.43282076954706     24.79721304142964     24.30118336056240      c 
   95.61135765414410     26.70839714843378     23.26427579994651      o 
   99.85838980647053     25.99531471514857     27.61555708138328      c 
  101.44120238877990     25.32158176052388     25.37356509329218      c 
  101.13951798401165     25.06355755309667     29.96917546494723      c 
  104.18150216129848     25.69743827862142     26.02088619435385      c 
   97.90593358168869     21.46815810225859     29.31973670164890      h 
   95.83407264703702     26.27025932576922     27.93095797653890      h 
   99.64996644678193     28.05417048419654     27.71962186640447      h 
  101.19394337466430     23.32669364307151     24.88858704567162      h 
  100.93813855833488     26.43712519487326     23.70894001529847      h 
  102.74081991127132     26.24747090247227     30.44732411744224      h 
   99.84343918066321     25.14621692285115     31.58593943360303      h 
  101.76926933103664     23.12207043439471     29.79863990414101      h 
  105.31519812151414     25.35473202533306     24.33274438039911      h 
  104.55405554199363     27.60819743747114     26.69013671146791      h 
  104.85602269020404     24.33749611784150     27.39258286363250      h 
   96.50778085910193     22.58475784919405     23.11170336608946      n 
   95.46810403001822     22.12208684874328     20.61239216515086      c 
   92.60466286022948     22.50049243310266     20.48841912689143      c 
   91.61005987993514     23.16359634728068     18.48886005381259      o 
   95.97394123700630     19.38019460019881     19.69564152643294      c 
   95.54827842092082     19.21355705383107     16.85539190365058      c 
   94.25249110099706     17.41655356052148     20.89716870826989      c 
   95.95220085402008     16.52408789259009     15.87324728995346      c 
   97.14380454443564     21.03467828171604     24.04707369757348      h 
   96.33253630683224     23.45284837466372     19.27369077197308      h 
   97.94677256483017     18.94401650857030     20.14235264625695      h 
   93.62514931537308     19.81763458184125     16.41478339753299      h 
   96.83861975607191     20.48859255516762     15.86226350467138      h 
   95.11453830234504     15.56641167914132     20.72659466357266      h 
   93.97346090362993     17.85279272865958     22.84356860685964      h 
   92.42301689702238     17.39459255656602     19.95436337986255      h 
   95.99440861404364     16.53682418987543     13.81879071617703      h 
   97.75723838170975     15.80565681998505     16.54863082287399      h 
   94.45529136758448     15.25741324466588     16.46663216707385      h 
   91.38650537610026     21.91086416109415     22.62081871205123      n 
   88.72104282825759     22.39082043056801     22.94870082682691      c 
   88.25786704402226     25.27601268316027     22.69667812558688      c 
   87.00511152765711     26.16207421724811     20.94274271857411      o 
   87.79022721308925     21.43998881452313     25.50019273900772      c 
   92.37274242245407     21.51388141867623     24.19809694203413      h 
   87.70543660171641     21.49123465018130     21.38181620521638      h 
   85.73996317169789     21.62393613417931     25.57995026486966      h 
   88.30433674096275     19.47949474227218     25.74895417331425      h 
   88.59976028108238     22.53603153922374     27.02546940811478      h 
   89.31442586024956     26.66402079805924     24.54613391947341      n 
   89.41703475958133     29.37908635170756     24.50089618079961      c 
   90.12780819285395     30.51052164297461     21.93598342642312      c 
   88.83721503395668     32.21275691816387     21.01672232060766      o 
   91.36470738481847     30.29896247922672     26.38279834719278      c 
   92.26254576982390     32.92525099566826     25.76265206199526      c 
   90.74457008507886     35.00004281325317     26.28288698800096      c 
   94.67089769673777     33.34845313553345     24.81619656388863      c 
   91.65636742799569     37.44650474625460     26.09807649501039      c 
   95.61135902967563     35.78698901725294     24.69827812177719      c 
   94.14684781995358     37.83191542282070     25.41894559414741      c 
   90.47780368831420     25.76434071430053     25.77158660748196      h 
   87.53211195488635     30.14406136386133     24.93590233336936      h 
   90.59223022149516     30.25301476900198     28.29379672361583      h 
   92.98696014998831     29.02749554657734     26.29435543450979      h 
   88.83297966129535     34.67730230641430     26.93308135085019      h 
   95.85331577815721     31.76162961858943     24.31026198593644      h 
   90.45378996198741     39.01934388053636     26.57244899053297      h 
   97.52415318866878     36.09280926999774     24.07113564309245      h 
   94.92872788448997     39.71077282402499     25.37209120758515      h 
   92.18634659811347     29.74662370601488     20.73743564226475      n 
   92.75654253056906     31.05308303818649     18.39637082137657      c 
   90.64070624217678     30.76936287549469     16.46493617186045      c 
   90.43618288624118     32.34726522658968     14.78029048224786      o 
   95.19843640314402     30.21468698371506     17.13884572780017      c 
   93.40215019179018     28.44175727354573     21.43628687578147      h 
   92.88078005317161     33.08442791381474     18.82295635076987      h 
   95.57713326853842     31.42481557521954     15.53714540039003      h 
   96.76617448262989     30.32584487738570     18.46531174997958      h 
   95.03348486875646     28.26499548468882     16.49551243150547      h 
   89.10423140707144     28.76905873978787     16.64710044947888      n 
   87.03195482965387     28.50121131697912     14.84241758555536      c 
   85.50863613281494     30.95706861628937     14.96227938007011      c 
   84.70938545734184     32.15420047981654     13.14551714561582      o 
   85.26360342751690     26.23319712661122     15.32616546183410      c 
   83.00834200282908     26.27518499812331     13.48785671704789      c 
   83.79376165880598     26.23524959349160     10.73597528246017      c 
   81.27497622290119     24.04086183937685     13.82630938392931      c 
   89.34091661043787     27.39258708395746     17.95083843701069      h 
   87.85772747018646     28.35014316847251     12.94349422063223      h 
   86.36140365801056     24.50549204457501     15.08235166284356      h 
   84.60290671144864     26.28564526298806     17.27231421206573      h 
   81.93222535563982     28.01432121799792     13.83489702335282      h 
   82.15695976202757     26.03844417861040      9.51113271911949      h 
   84.75996337030810     27.97141853185452     10.18989886092233      h 
   85.06963641578250     24.65846657979975     10.39279731974877      h 
   79.76569439907527     24.22488427563951     12.45907334151131      h 
   82.29356337042903     22.28800624369233     13.48854415153818      h 
   80.50292541520020     23.97848753100237     15.73246883076571      h 
   85.05811420052328     31.57865514383592     17.35313100302156      n 
   83.37257650073626     33.52485200516742     18.25966923181847      c 
   84.22933603836265     36.23300181587546     17.57433928056546      c 
   82.87259932182272     37.46947069418667     16.14665674107009      o 
   83.10006405736333     32.90145909765661     21.05572603818993      c 
   82.23054499960941     35.08965884116034     22.57003944765125      c 
   79.69708561475224     35.27973952112001     23.20586692897575      c 
   83.99884249107757     36.83379661514556     23.46142191049555      c 
   78.91880418727743     37.17579795530141     24.83104539960769      c 
   83.22485699442188     38.67595572115098     25.14560462745508      c 
   80.68144139092448     38.83754719070884     25.85047861807214      c 
   85.91535697924738     30.51998581061477     18.68885266933050      h 
   81.54780644202286     33.33335690294024     17.27897791016190      h 
   81.83772169405013     31.28697460620284     21.26041860774592      h 
   84.96814658059948     32.36260645818379     21.74848062405403      h 
   78.37166825422544     33.91118011835959     22.48497858354685      h 
   85.97297005714115     36.58197743512259     23.05556910060723      h 
   76.95329287524564     37.31729999773611     25.35694320991798      h 
   84.63271479560555     39.84621515104410     26.04078691287679      h 
   80.04881323887577     40.13407506116193     27.29870865690639      h 
   86.37924871393756     37.16167351711221     18.57930083919328      n 
   87.27523709182061     39.49694022604071     17.43578535744336      c 
   87.06398837640907     39.41912821764110     14.52954496873127      c 
   86.47412349143650     41.32569032482613     13.35441616293187      o 
   89.92704441154558     40.56807918427939     18.20639587385142      c 
   91.31490366441673     41.69161893804734     15.90058899318539      c 
   91.60023824644317     38.64991671618694     19.47579097786629      c 
   93.95351288734517     42.54305455718184     16.54290133139886      c 
   87.63475243569613     35.92166391824925     19.32481418419227      h 
   85.87499575057326     40.94725402372733     17.93722086980835      h 
   89.61381038501163     42.10513364274195     19.54925825270723      h 
   91.42108618159443     40.29556059060437     14.38499339540781      h 
   90.22783662472571     43.28866833280025     15.19435921755217      h 
   93.32400000086928     39.52492105915511     20.14274952612287      h 
   90.71099357028305     37.74644011687123     21.09454796904916      h 
   92.13432695142646     37.16829520924615     18.13577392951466      h 
   94.67613464040386     43.78010099016726     15.06340260293876      h 
   93.98565505970534     43.60453991390333     18.30226651462688      h 
   95.25333057943571     40.96185851315682     16.69598230411488      h 
   87.58984138623039     37.27923600987692     13.30184217212962      n 
   87.55620246266818     37.40692540699879     10.56395202016050      c 
   84.88195133706238     37.98347651333317      9.63403938086833      c 
   84.60343930538512     39.36610537478500      7.78027617985701      o 
   88.49083126928016     34.96601349763216      9.29250016166606      c 
   87.92773898806612     34.93327298342336      6.47652448311932      c 
   89.90326652037164     34.89751719036453      4.75513721224529      c 
   85.44224989996736     34.79689968480506      5.60805454848910      c 
   89.35835589514940     34.74595752432748      2.21927375394022      c 
   84.89970240992594     34.76246240380776      3.08311073608870      c 
   86.86968536970014     34.71113921467449      1.40052786810983      c 
   88.28975505693499     35.69659287702575     14.11415443210844      h 
   88.72648694768176     39.00636200315940      9.93943262017722      h 
   90.50712023283087     34.74547547073357      9.63350367096273      h 
   87.50926853054872     33.38467515176295     10.19177029885978      h 
   91.83317423900642     34.95528162377953      5.41339648532894      h 
   83.93124477174246     34.58949596908227      6.95865999325065      h 
   90.87290696901830     34.65277140933834      0.85155732466660      h 
   82.97408691824739     34.71315199466433      2.42303047583715      h 
   86.49642311973119     34.63062970222870     -0.60869317589346      h 
   82.95377865707987     36.87588356347739     10.89158077559871      n 
   80.42080060167363     37.18638810821160      9.87313086374876      c 
   79.49924037986818     39.90740175853362     10.25033209533607      c 
   78.48017414807281     41.08610124063154      8.53015487759244      o 
   78.44182441966612     35.37832943879712     10.88157777036753      c 
   75.99905327073202     35.96072492249573      9.46445503119314      c 
   79.16713288019973     32.64508948249212     10.41549847455652      c 
   83.31802263101783     35.54356845076828     12.21383055689128      h 
   80.53922121974780     36.97041324224703      7.80405659835043      h 
   78.20639328719454     35.70178933425824     12.90904075753369      h 
   74.56729842831871     34.56486829422716      9.94412276748249      h 
   75.27424963876945     37.81113891571985      9.97955438221212      h 
   76.29697202313645     35.94333722730263      7.43617180640000      h 
   77.75808414273131     31.39105001167284     11.22582991018926      h 
   79.26421267459604     32.27817889226759      8.39200109675915      h 
   80.99726796858202     32.18446253472797     11.22898135173080      h 
   79.80687968054410     40.91257830863707     12.56371720810528      n 
   79.05058415076265     43.53871509180119     12.80617365700862      c 
   80.70113927117731     45.26552124386449     11.10872577215431      c 
   79.52405344383091     46.39030312867185      9.44508382635338      o 
   78.49308539146222     44.20989829740606     15.53920442972172      c 
   80.82817226499870     44.15847863644027     17.20063362454388      c 
   80.20571250813009     43.89194068732281     20.03630616213554      c 
   82.67879670207296     44.32370865671741     21.46857149984109      c 
   82.31955016585557     44.26407645388996     24.23717437442418      n 
   80.84231810244455     40.02168287560202     13.90716097362158      h 
   77.22474729866509     43.66723908166424     11.81224939087519      h 
   77.60237661913138     46.06655329066862     15.60608076469499      h 
   77.11988768678383     42.82753506377050     16.22277016930017      h 
   82.03632386206468     42.58010113284158     16.65260474004495      h 
   81.89019292665751     45.89889225153023     16.89998311151919      h 
   78.81886681657485     45.31823624488324     20.56319702475500      h 
   79.44535671015039     42.02124951344281     20.42320620334290      h 
   84.04165075819775     42.86482748937473     20.95252244852698      h 
   83.45192078397322     46.16448681279313     20.93934832025851      h 
   84.02294360456835     44.59956024792147     25.13065454721165      h 
   81.06428515635763     45.64251552967337     24.80259377793369      h 
   81.64460302281320     42.50822334334624     24.78115117852948      h 
   83.22124388300435     45.46998654307254     11.27830931113707      n 
   84.59794019455788     47.06487864784666      9.43874098029080      c 
   83.55642320514681     46.86571226832385      6.70255171131125      c 
   83.45453445051665     48.69574972892827      5.27420679017840      o 
   87.52242295672343     46.61092471981884      9.35149192975526      c 
   88.78033886716901     47.44215057351482     11.84221365559057      c 
   88.77126360456231     48.03543296286013      7.14532609715693      c 
   91.66352916468860     47.23121303530692     11.86148550506498      c 
   84.27011122700171     44.26873459263915     12.34066814227807      h 
   84.27638202782940     49.04385355504505      9.98052203906117      h 
   87.81011453326623     44.57480130608787      9.08611861722856      h 
   88.25424311241190     49.39745491425690     12.22873634781661      h 
   88.01237188083253     46.27361382970236     13.35852203286287      h 
   90.76917628093089     47.59828370440560      7.08501462799063      h 
   87.94665143415271     47.52327997238582      5.33681921158139      h 
   88.52754521216576     50.05853173433794      7.40440091114271      h 
   92.34415828129123     47.51269211473675     13.77764909399168      h 
   92.26430876224727     45.37662923043972     11.20573615748341      h 
   92.52478743153098     48.66599308424554     10.67800248238180      h 
   82.90924424435774     44.56553719693095      5.90343476512955      n 
   82.38804429521406     44.16226108695601      3.27913199860478      c 
   79.62657964440876     44.51707875372423      2.50303945694870      c 
   79.06748911149357     44.26950869581962      0.26217693878229      o 
   83.19735972611522     41.49293026083547      2.57187623084938      c 
   83.11449349221847     43.00242156853075      6.98880556621046      h 
   83.45568440828316     45.56734468106207      2.18408237799183      h 
   82.87974041231477     41.18694572930062      0.56933526281912      h 
   85.17690639786753     41.19509365670778      3.02409429687134      h 
   82.07836329607210     40.14674177098993      3.64811274259971      h 
   77.95688549598674     45.02403168533735      4.34307504351189      n 
   75.24536889075695     45.22257951106970      3.87060033721026      c 
   74.48958990509155     48.04063071077545      3.60957582266479      c 
   73.12948815884492     48.88626397646037      1.92877658386152      o 
   73.65072647981889     43.86090282394221      5.92180548461209      c 
   72.37201453308860     41.30615238833203      5.23828685079930      c 
   72.23741896524427     40.32293863118760      3.15912899035004      o 
   71.30863847739791     40.20875378620767      7.27783869454254      n 
   78.56159510198907     45.10142881290855      6.16157351149216      h 
   74.87049128792874     44.34542018302147      2.02554876451040      h 
   74.87455952151080     43.50623981215671      7.54000333744500      h 
   72.11014349709585     45.11121618907056      6.49881923970051      h 
   70.37287052603129     38.56640280101983      7.03647988520898      h 
   71.31113622437216     41.02461424986403      8.99087933502660      h 
   69.26610394029403     24.26765922689119      2.25562634002829      n 
   70.46877136802892     24.53681367544025      4.71902792327093      c 
   70.68324634395667     22.07737298027508      6.15328399466750      c 
   72.72585270122907     21.35115901994731      6.94911945441495      o 
   68.93601292674596     26.27326859812532      6.44652655633766      c 
   69.88482143015746     26.19604563147706      9.18423123227177      c 
   72.35784534807864     27.68027877520663      9.41219866137105      c 
   67.78871398291000     27.18425915372856     10.90497082036367      c 
   68.02602382763008     25.69732136241078      1.87927155486613      h 
   72.39890213441900     25.25625041351928      4.46532828300294      h 
   68.98791099413455     28.20637998862612      5.72825493219418      h 
   66.97397991308243     25.63633490770182      6.40133074161199      h 
   70.25376072736006     24.25021261079889      9.75032452414905      h 
   72.83538549861346     27.97650925816427     11.38639985493708      h 
   73.88791602987628     26.63105562812733      8.53452182185607      h 
   72.18103095869992     29.51263225521067      8.50068985881971      h 
   68.42879711384424     27.28159326139600     12.85365736539775      h 
   67.21716825416874     29.07219621644362     10.31522209401062      h 
   66.15243882097276     25.94762599738318     10.82278153430100      h 
   77.00875226441137     18.60325047395272      8.24685688893737      n 
   77.74928012174976     17.93132845542154     10.77638117235045      c 
   78.12631361842723     15.12926807682553     11.08906638543009      c 
   79.64104913276131     14.31696584467745     12.65304397282680      o 
   75.82447535255011     18.66977381038634     12.76182758457913      c 
   75.69912244037093     21.54541639960115     12.92260679039761      c 
   76.59247137698246     17.56263822372111     15.32257698186048      c 
   73.26779329274278     22.53061011143978     14.12465653720646      c 
   75.27334984764840     19.33494484003338      7.92997732971368      h 
   79.57068627797801     18.84170955191839     11.19732261038579      h 
   73.98519897812692     17.90071391333029     12.19139813396366      h 
   77.27041657629053     22.16074738132172     14.07678579820305      h 
   75.86981594957426     22.34323136409905     11.02988145484558      h 
   75.54015722425412     18.49038176716059     16.82899622803142      h 
   76.19652869871997     15.55361728223167     15.43403275643402      h 
   78.59550178422255     17.85767307461398     15.64507656489245      h 
   73.28784142217297     24.58499655389576     14.10091952382837      h 
   71.61244145052643     21.86271632004746     13.11087327486446      h 
   73.12514020840578     21.92130421647370     16.08071658804840      h 
   85.02712036397786     13.74915823839445      7.56657565992159      n 
   86.99517438088705     14.79022600801100      9.14208814830781      c 
   87.38214032307435     13.57112512336603     11.70896524181708      c 
   89.54403284903059     13.26932561633507     12.51708500002438      o 
   86.47113602273839     17.54393453093581      9.81528017927301      c 
   88.48895182778641     18.45044480520573     11.68769354469238      c 
   86.41159375045709     19.19968638051454      7.46181972823246      c 
   83.55924215205317     14.87310785860299      7.07394767757027      h 
   88.81308862346052     14.64916681699437      8.14386166801650      h 
   84.60937116987982     17.63664967595168     10.72443560688908      h 
   88.44617963647947     20.50389828315752     11.84826565979045      h 
   88.20309699513544     17.69675118957304     13.57265904736723      h 
   90.35664617674615     17.89020351365816     11.03908929816826      h 
   86.15725839163989     21.16214166043341      7.99759891345293      h 
   88.16693550040303     19.01713537482695      6.40940587961017      h 
   84.84937808684373     18.64887319307712      6.24560033116313      h 
   85.24054470141066     13.19084933335949     13.05451586279426      n 
   85.24809579459254     12.36031342125321     15.66078872399014      c 
   85.18922212832805      9.50311246235335     15.98364428206911      c 
   85.91418348116471      8.44389577246762     17.91788345364652      o 
   83.11863330616286     13.49886564702346     17.18957866178906      c 
   83.54386913526859     16.30926762253541     17.61146012056527      c 
   86.67400971519449     17.48108813538208     18.76868114854368      s 
   86.70563388816065     16.27154933112583     21.98867494400648      c 
   83.52996285970416     13.41306844194325     12.23184483739910      h 
   87.05946199313252     13.00605958200094     16.47468666019398      h 
   81.34245931712940     13.27797759185646     16.18380178108939      h 
   83.01063873247313     12.50154571815879     18.99685243579817      h 
   83.35938335558863     17.30184576109714     15.81697698121042      h 
   82.14236304882036     17.05907952374976     18.92360133370055      h 
   88.54859222862298     16.70245952688897     22.75518442421355      h 
   85.20680256782009     17.17557976527563     23.04787294223490      h 
   86.44042044720517     14.24430983164318     21.88980118779103      h 
   91.94080227615980      8.14760830406809     15.54463345042453      n 
   93.06375210491849      8.94778921320240     17.91366383733118      c 
   93.07314114064539      6.80871197866666     19.83417104676796      c 
   94.89197151309941      6.33790526070603     21.18233869270951      o 
   91.53883069729793     11.10806129688944     19.03656785781007      c 
   90.67141722624288      9.36194686767153     14.79716522342627      h 
   95.02984765482931      9.53518114175957     17.58008788661856      h 
   92.40750701872565     11.77539289481185     20.77233897560149      h 
   91.45507584056051     12.67506474446767     17.69875815619893      h 
   89.62655207803148     10.49257892676643     19.46435154677659      h 
  109.81421452010240     35.78722501794579     -0.18727844994700      n 
  107.01436797737681     35.83929303745970     -0.11086235735073      c 
  105.84660668449737     36.13007116859103     -2.70490113898696      c 
  104.23897055364776     34.68852109480290     -3.56356111976543      o 
  105.80788368022466     38.11830910553488      1.30793955942098      c 
  102.94134670998524     37.79051846804605      1.46592090597393      c 
  101.81955824670169     35.57188188906682      2.34333790401349      c 
  101.32638068102172     39.76053016299302      0.88637890014397      c 
   99.22351433752085     35.32054926037450      2.51489120866607      c 
   98.71704027550238     39.49193187005050      1.08044839247250      c 
   97.61697723707931     37.26427080634569      1.84364108748740      c 
  110.64891699371209     37.10500995110787      0.92007357477908      h 
  106.36915105516817     34.07952642163800      0.75574157797332      h 
  106.58482650048114     38.19779284601156      3.22635812166230      h 
  106.25689340808032     39.89050974847256      0.38008399000365      h 
  102.98407075126396     33.98699279065771      2.89665427535567      h 
  102.08747526830614     41.55193308041997      0.25417519282669      h 
   98.45023677000029     33.50658487743786      3.06546030738358      h 
   97.54070729362029     41.09589660050774      0.60699761701778      h 
   95.59661973626758     37.07394611363308      1.96639572210643      h 
   91.27719988326785     20.85684543814298     -6.94575101696547      h 
  103.84842737006501     25.59874792465572      5.03367025654126      h 
  104.16657159379827     31.30355975084795      5.17750307146607      h 
  107.36589725019553     26.84011186402833     13.72201518693377      h 
  106.47279339686668     38.37020402898644     16.51507196926791      h 
  113.40293230476307     34.63619975695857     21.22384715322045      h 
  108.95876167108919     40.14147656099206     28.15267496698554      h 
  113.64414263020298     37.01086106855764     30.97332367664476      h 
   98.84005930829304     13.69333924609686     35.39787374328973      h 
   75.11888615886481     49.30761609219564      4.86249179414853      h 
   70.45525835709570     24.27264902463874      1.03971152105062      h 
   69.14384397281168     21.02514049734488      6.46005965392390      h 
   78.07272366427840     19.78219201482694      7.63806819325532      h 
   77.14270402246687     13.91868167256469     10.02226889568157      h 
   85.69460052138297     13.23663978569298      6.08861860787442      h 
   84.54091239464826      8.40758085504279     14.58701650426173      h 
   93.16140964825284      7.94410681063657     14.37790008002234      h 
   91.54614634650022      5.71402717116000     20.03669569739259      h 
  110.36833666000690     34.26764605323365      0.33844999405303      h 
  106.37596292384144     37.55717630704691     -3.82481946578732      h 
   0.3128018376335D-01   0.8196583007240D-01  -0.9280889257791D-01
   0.6003193378005D-02   0.4513865259723D-02   0.7425230725789D-02
   0.1348221777083D-01  -0.3291399520347D-02   0.5445027397878D-02
   0.8889819170084D-02   0.1087775980559D-01  -0.2341219552662D-02
  -0.1247827799389D-01  -0.8297600438841D-02  -0.3656713590335D-02
  -0.3414832701957D-02   0.1183150667639D-02  -0.6873244578949D-03
   0.8578019221169D-03  -0.6561891479461D-03   0.5458289838145D-02
  -0.3895649150151D-02   0.5860638927966D-02  -0.3875594808968D-02
   0.1258657422641D-02  -0.3621024107936D-02   0.4228365713958D-02
   0.5329363509069D-02   0.4058761400744D-02  -0.1482797327884D-02
   0.7335135937225D-02  -0.7253769808113D-02  -0.3927107799104D-02
   0.2809012484732D-02   0.1509256762535D-02  -0.5986733645484D-02
   0.1896166455986D-02   0.1616517039388D-02  -0.2919801123045D-02
   0.6260505893472D-03  -0.2471708201197D-02   0.2799292615994D-03
   0.1888916373494D-02   0.8147641856897D-03  -0.9866973905469D-03
   0.3144447512006D-04  -0.4460791847072D-04  -0.1026851208508D-02
   0.9363349558655D-03  -0.1155781102414D-02  -0.1665228754721D-03
  -0.1584575525401D-03  -0.2851685508331D-03  -0.4577873647354D-03
   0.1947481249124D-02   0.1112028784595D-03   0.1457013832219D-02
  -0.1543311859624D-03  -0.6198448844548D-04  -0.2183417987764D-04
   0.4507322344342D-02  -0.2099545806789D-02   0.8821618089648D-02
  -0.1684244392358D-02  -0.1108596614726D-01  -0.6759199814336D-02
   0.1067675583234D-03  -0.4196495894942D-02  -0.1549783461940D-01
   0.6777296401131D-02   0.6448532415777D-02   0.5429479786232D-02
  -0.1121850664791D-03   0.5092083788507D-02   0.1132973346291D-01
  -0.9487312430738D-02   0.7706084534386D-02  -0.3414318913516D-02
   0.2204571558936D-02  -0.1291365083599D-02  -0.1714831388430D-02
   0.3361394735500D-03  -0.7909442761531D-04  -0.5005999947953D-02
  -0.3818815526708D-02  -0.5068956206668D-02  -0.1301894486421D-02
  -0.5135343992393D-03   0.1684025683259D-03   0.7053460309004D-03
   0.4026641959408D-03   0.9942883409237D-03  -0.1572002871442D-02
  -0.7547735919323D-04   0.1875245879208D-02  -0.1642433799422D-02
   0.9200272324131D-03   0.6098999677668D-04   0.8914240456495D-03
  -0.4995921377956D-03   0.7419527814459D-03   0.5840958221558D-03
   0.1193657468380D-02   0.3827257267218D-02   0.2092959321609D-02
  -0.5301065131113D-02  -0.6536588698457D-02  -0.6301714335337D-03
  -0.1875231390969D-01  -0.8754111982612D-02  -0.1256029831219D-01
  -0.8083520619414D-02   0.1537573304761D-01   0.2038203144242D-02
  -0.8015447363776D-02  -0.3326955895746D-02  -0.4139734642913D-02
  -0.1528562600756D-01  -0.4612689118752D-02  -0.1282800497989D-01
  -0.9260518955486D-03  -0.6095683542192D-02  -0.2323493032780D-02
   0.1941803005690D-01   0.7726951074082D-02  -0.4054780853344D-02
   0.1455662159204D-01   0.1431793861502D-01   0.1775638534545D-01
  -0.2005060553975D-02  -0.2804458755696D-02  -0.1552870813166D-02
   0.9736433296630D-03  -0.2755461168998D-03   0.1058521282810D-02
  -0.9767504265347D-04  -0.5564681560276D-03   0.5413572091800D-04
  -0.7392712352527D-03   0.3537660974932D-03   0.8359443414581D-03
   0.7658201990774D-03   0.1173099032312D-03  -0.6167400825504D-03
  -0.1520816359138D-03  -0.2818484144355D-03  -0.1348419928414D-03
   0.6393131321505D-03  -0.4309440802186D-03   0.6612628177374D-03
   0.1082262977443D-03   0.1927159864627D-03   0.6668568841936D-03
   0.2632593983056D-03  -0.5069921128503D-03  -0.1354695864545D-03
   0.5856929500328D-03   0.1810168455298D-03  -0.1117862945944D-03
   0.1110250491205D-02  -0.7084793758386D-03   0.3159626152881D-03
   0.2828265341585D-02  -0.5328078951709D-02   0.2695288480728D-02
  -0.8428229679112D-03   0.9765345777943D-03   0.4373764689483D-02
  -0.4723856716707D-02  -0.1915733794198D-02   0.1548648261209D-01
  -0.5496394459142D-02   0.1146319359322D-02   0.1309111333448D-01
  -0.1082139981773D-01  -0.4562156598609D-02  -0.1693741444654D-02
   0.1241857085510D-01  -0.2897160569295D-02  -0.1779610525635D-02
  -0.1029151709936D-01   0.3766738374193D-02  -0.5064925773699D-02
   0.9899260903970D-02  -0.3714713708260D-02   0.2610720813394D-02
  -0.8442398775953D-02   0.6732349661685D-02  -0.6044011951784D-03
   0.1864763702077D-01  -0.1126013340367D-01   0.1005597340595D-02
  -0.1504054869930D-03  -0.2113319952841D-02  -0.2724819044925D-02
  -0.2938533761512D-03   0.1972600977198D-02  -0.1234729978089D-02
   0.1272220765720D-02  -0.1202830868083D-03   0.4774639139690D-04
   0.3433782898399D-03   0.7525512631993D-03  -0.6526733073428D-03
  -0.2824993341900D-03   0.3498885155097D-03  -0.1498282890338D-03
   0.3810405815685D-03  -0.6827022379888D-03   0.9876435794512D-03
  -0.2686801795136D-02  -0.1082105191846D-02   0.1012111140822D-02
   0.1848287295000D-02  -0.8963490735224D-03  -0.2052246015298D-03
  -0.2095832340441D-02   0.2602114043921D-04  -0.4418487393908D-03
  -0.6709590328551D-04  -0.2069654446824D-04  -0.5296991200665D-03
  -0.9708468121348D-04   0.7234856436260D-03   0.1546162681081D-02
  -0.1656477055140D-02   0.6063838298309D-02  -0.7863169105623D-02
  -0.4269410008612D-02  -0.5091129887780D-02  -0.7046995578307D-02
  -0.6499617209715D-02  -0.7992646381754D-02   0.2181205073614D-03
   0.1938278572872D-02  -0.1695419848400D-02   0.9854648680757D-02
   0.1027455996751D-01  -0.5004192575606D-03   0.4816310023262D-02
  -0.5315714408522D-02   0.9088072683262D-02   0.2090165462321D-02
   0.6492817839971D-02   0.1217447594263D-02   0.1010346873347D-03
   0.2179123575241D-02  -0.8431840609213D-02  -0.7800797286897D-02
  -0.1074908307242D-02  -0.3755437607357D-03  -0.4122299166410D-03
  -0.1956098764488D-03   0.6072098906727D-03   0.7777658802882D-03
   0.5054473391525D-04   0.3157192924458D-03   0.7931370638291D-06
  -0.1161071946351D-03  -0.1723292639957D-03  -0.1020968061359D-03
   0.1956942564762D-03  -0.2068836507019D-03  -0.3283867355201D-03
  -0.1612108084104D-03   0.4268899921932D-04   0.1903652089045D-03
  -0.3208627819152D-03   0.2649663492016D-03  -0.2963891816158D-03
  -0.2249928084803D-03   0.7069337651099D-03   0.1546209282160D-03
  -0.1392673674641D-03  -0.3671335243225D-03  -0.3617509617085D-03
  -0.6360988324010D-03  -0.3217276350947D-03   0.1126180062780D-02
   0.2726662905257D-03   0.4240626467081D-03   0.2150375643404D-03
  -0.1883049752516D-01  -0.8537838400552D-02   0.3517229035252D-02
  -0.8766423549570D-02  -0.5835123370816D-03  -0.3656576971536D-02
  -0.1004519182734D-01   0.3070280649250D-01  -0.8448192061057D-01
   0.2208772979191D-01   0.1417832580441D-01   0.1918043930807D-01
  -0.1751766101536D-02  -0.8250009994326D-02  -0.6245970400257D-02
  -0.2789340741334D-03   0.8147431455105D-02   0.1483881567191D-02
  -0.8573633406068D-04  -0.5548020881164D-03   0.1068796930497D-02
   0.6809011241663D-03   0.3144342201641D-03  -0.4243316748048D-03
  -0.1479710578467D-03  -0.4835364132274D-03  -0.3842541173628D-03
   0.2975408506755D-02  -0.4695511821687D-03  -0.1438964943660D-03
  -0.4853000206729D-03  -0.9664624521822D-03   0.1355169986097D-02
   0.3654426610992D-01   0.5582289119923D-01  -0.1063487166158D+00
   0.4682785521477D-02   0.1649488997267D-01  -0.6146080725979D-02
   0.1530101754779D-02  -0.3837611226292D-02   0.6930490635289D-02
   0.1978014265980D-01   0.2586485392887D-01   0.1006326953043D-01
   0.4539832338936D-02  -0.3724135809840D-02  -0.1585241140913D-01
   0.9445990339988D-04  -0.4318167238099D-03   0.1135202953466D-01
   0.7015201780848D-02   0.1076684793892D-02  -0.4581491672998D-02
  -0.9130068776387D-02  -0.7865124909782D-02   0.9508243843507D-02
   0.5946183154046D-02  -0.2006390102117D-02  -0.1029142124656D-01
   0.1484008936021D-02  -0.4753041891012D-03  -0.3340585858272D-02
   0.9177388208218D-03   0.8326482458031D-04   0.1217538831672D-04
  -0.7456080113555D-03  -0.5186962970271D-03   0.6391570335374D-04
  -0.2095438789167D-03   0.1555735929017D-03  -0.3445740994186D-04
  -0.4822845377583D-03   0.8929005192053D-04  -0.4179558887980D-03
  -0.1259001911468D-02   0.3092735845035D-03  -0.7026447538712D-03
   0.2480682715041D-03  -0.2132841329340D-03   0.2309151323900D-03
   0.1220888738799D-02   0.5735525625231D-03  -0.1214981356637D-02
   0.5376888547889D-03   0.4204548290440D-03  -0.2392741351325D-03
   0.6613495933925D-03   0.5694991226974D-03  -0.5291825324579D-03
  -0.5907172161377D-02  -0.1189044372154D-01   0.1321975041031D-01
  -0.1783408052912D-02  -0.2369602344599D-01   0.1794974919461D-03
   0.1810951658086D-01  -0.5669486280595D-01  -0.9467982255221D-01
   0.7638148850760D-02   0.1988116921698D-01   0.4609719019843D-01
   0.1010052024148D-01  -0.7290906643735D-02  -0.6151583781597D-02
   0.2457540991006D-02   0.1033277229325D-01  -0.4738369240826D-02
  -0.3164932640257D-02   0.6047790100006D-02   0.9313025353209D-02
  -0.1707147707630D-02  -0.2964494541452D-02   0.2575059310321D-03
   0.5594247275471D-03   0.7435378746133D-03  -0.1506568483975D-03
  -0.1259171124192D-02   0.8098919232377D-03   0.1147116349008D-02
  -0.8758111557929D-03  -0.6180404964488D-03  -0.8287124321295D-03
  -0.1026104928382D-03   0.2291410902342D-03  -0.3415737405886D-04
  -0.8484674873935D-04  -0.4492121126517D-03  -0.2111443186469D-04
  -0.5133366474063D-04  -0.4181124279895D-03  -0.1936640770708D-02
   0.3605617646232D-03  -0.7258019845398D-03  -0.1318008829330D-02
   0.5454037998666D-03   0.5254474089050D-04  -0.1782319148067D-02
  -0.5605757597417D-02   0.1159254358406D+00  -0.3311713901442D-01
   0.1094981045267D-01   0.3783060658321D-02   0.1353312066047D-01
  -0.4338997688958D-02  -0.8482286121590D-02  -0.7419949259971D-02
  -0.1587469062170D-02  -0.1050251190687D-01   0.2588732307878D-02
   0.1751666318690D-01   0.1176025375785D-01   0.4271448592561D-02
   0.3007472082289D-02   0.3989884824350D-02  -0.1224277915708D-01
   0.1178067777426D-01  -0.3702740776771D-02   0.9355811124512D-02
  -0.9881152153749D-02  -0.7150603434359D-02  -0.7457216599704D-02
   0.3572193767005D-03   0.1273255604873D-01  -0.6978636766016D-02
   0.1355872801411D-02   0.6583825251481D-03  -0.4739160501523D-02
   0.2160072796678D-03  -0.1820058990937D-02  -0.1491396215592D-03
  -0.1255545347764D-02  -0.7284942744652D-03   0.1392670249254D-03
  -0.7238371660389D-03  -0.1134276526331D-02   0.2514879442312D-03
  -0.2810250333488D-04   0.9959886808350D-03  -0.7539133649797D-03
   0.1479486538549D-03  -0.2061697806945D-03   0.5514777886726D-03
  -0.1045086750425D-02   0.1029773717765D-03  -0.9581537513652D-03
   0.5912192544110D-03   0.6216457008221D-03   0.3679201411609D-03
  -0.3597815999627D-03   0.1493164491798D-02   0.8114010744061D-04
  -0.2439422626475D-03   0.3506412495909D-03  -0.7847008493228D-03
  -0.6145462005135D-02   0.1288111151101D-01   0.7548093527241D-02
  -0.6377180102471D-02  -0.3574042483496D-03   0.2433873685797D-02
   0.2471989895493D-01   0.4731118263111D-01  -0.9150620432197D-01
  -0.2490438828968D-02  -0.1085347822493D-01   0.2541619211562D-01
  -0.3189519173558D-02   0.9561981933195D-02   0.5437283264470D-02
  -0.3254445159158D-02   0.1481516032470D-01  -0.5126350629710D-02
  -0.1105953989747D-02  -0.9086973643733D-02  -0.6424585705973D-02
   0.5342231063318D-02  -0.3170854174926D-02   0.7946146141512D-02
   0.4782881129183D-03  -0.6460816341282D-02   0.7771445294690D-05
   0.7591830751019D-03  -0.5423540612667D-03  -0.6793668978523D-03
  -0.6875979074064D-03  -0.1405920624884D-02  -0.3925641356879D-03
  -0.4245654693892D-03  -0.6722864218163D-03   0.4082783111081D-03
  -0.5934717192731D-03  -0.1129515305974D-03   0.8565598401637D-03
   0.5731181519464D-03  -0.6640215755123D-03  -0.1037823600001D-02
  -0.8934042735366D-03   0.5211767423846D-03   0.1357144316978D-02
  -0.5581482052285D-03  -0.1293642228527D-02   0.3693455802682D-03
   0.1622955690511D-02  -0.5039071677158D-03   0.1130740240413D-02
  -0.6878328384401D-01   0.9071658293753D-01   0.1651416119657D-01
  -0.6908124904142D-02  -0.4681731538666D-02  -0.7793948898201D-02
   0.7336787025477D-01   0.3474044141472D-02  -0.5487218575473D-01
  -0.5892198021770D-02  -0.6059034312316D-02   0.1343381077216D-01
   0.8118137050392D-02   0.1600353366661D-01  -0.1573128391607D-01
   0.6361615289465D-02   0.6680899341714D-02   0.2310737976172D-02
   0.1493853365081D-01   0.1068976266941D-01  -0.1129944655104D-01
  -0.3946063738901D-02  -0.1405260085777D-02  -0.1641973696713D-02
  -0.4755295813246D-02   0.1496452361331D-01  -0.6500857245112D-02
  -0.8194703525567D-03   0.3157526603612D-02  -0.1648611271568D-02
  -0.6334396461039D-03  -0.2107520588000D-02   0.1834847710196D-02
  -0.8857776670584D-03  -0.8166998365300D-03  -0.9569007100063D-04
  -0.4973457844961D-04   0.4188899260797D-04   0.4775435651337D-03
  -0.8980861502901D-04  -0.5182823587367D-03   0.1183953558685D-02
  -0.5324815444455D-03   0.1669489331260D-03   0.1210181579557D-02
  -0.1604582821600D-02  -0.1422009472168D-03   0.4377441971496D-03
  -0.9188850084502D-03  -0.6426666525059D-03  -0.3230161832954D-03
   0.4960061926545D-04  -0.1586776437838D-02   0.1808301563508D-03
  -0.1051923593500D-03  -0.5001829385251D-03  -0.1187965599498D-02
  -0.9074943769877D-01  -0.2109260488844D-01   0.8448855486353D-01
  -0.5249194528176D-02   0.1028659249376D-01   0.6467170594152D-03
  -0.3175885761594D-02   0.4838564117100D-02  -0.1497983247892D-01
   0.8010021445718D-03  -0.1273422838900D-02  -0.1012307980592D-01
  -0.4567515016738D-02   0.5602192334636D-02   0.3111169897001D-02
  -0.1115758623747D-01  -0.7631796147497D-02   0.1210307894107D-02
   0.1083244271925D-01  -0.1667330346015D-02  -0.8861142298239D-03
   0.1881364843484D-02  -0.2990594861852D-02   0.3880783347316D-02
  -0.5372999995844D-02  -0.6354729655519D-02   0.6133224196406D-02
  -0.1911294239432D-02  -0.1636144247199D-02   0.7916187926753D-03
  -0.1129175890509D-02   0.2133896626864D-02  -0.2232095999465D-02
   0.5856077593047D-03  -0.9212974363089D-03  -0.1025224095143D-02
  -0.9872935831616D-03  -0.7587553218604D-04  -0.1479193411662D-02
  -0.1675471370541D-03   0.1294254577275D-02  -0.2066661107136D-02
   0.1590809070741D-02   0.4475611915208D-03  -0.7647591330888D-05
   0.7967267884975D-03   0.6081561966768D-04  -0.2996468787877D-03
  -0.8310735651532D-03   0.5942598226817D-03  -0.4562907059740D-03
   0.1496339339463D-02   0.3541347166565D-02   0.4978822621680D-03
   0.2131677700764D-03  -0.1827383557149D-02  -0.2074468263393D-02
  -0.1283747502239D-01   0.9736155814775D-02  -0.6259270802072D-02
  -0.1128371767216D-01   0.3779161013588D-02  -0.2890383176403D-03
  -0.3475463994303D-03  -0.4139001163545D-02   0.9044623916782D-02
   0.1088499146537D-01  -0.7738257775145D-02   0.6460978649108D-02
  -0.9305965678983D-02   0.5531053132280D-02   0.3526589496306D-04
  -0.4567641349156D-02   0.3510658171526D-03   0.2809521045153D-02
  -0.2430910136676D-02   0.4576584534133D-03  -0.3816614484291D-02
   0.8052277658913D-02  -0.4524230001923D-03   0.5294433717752D-02
   0.4560284551917D-02  -0.4079121576112D-02  -0.1051307063117D-02
   0.2374891436867D-03  -0.2633449710101D-03   0.2464685403785D-03
  -0.5869251581598D-03  -0.3920753261236D-03   0.1853492000208D-02
  -0.3279858606730D-03   0.4856188178113D-03  -0.4300208159635D-03
   0.1264158594618D-01   0.1937156279042D-01  -0.3448489630027D-02
   0.2970764033779D-02   0.1001694408657D-01   0.6647229913645D-02
   0.3597322798674D-02   0.7401763645558D-02   0.6373322070025D-02
  -0.1471389068742D-01   0.4946442464820D-02  -0.2070143286640D-01
  -0.1150108629743D-01   0.4801105145832D-04   0.6912249966651D-02
  -0.7362316873833D-02   0.4242822613770D-04  -0.1870286905795D-02
  -0.6980194435999D-02   0.7069206618234D-02   0.4301114707742D-02
   0.2988035532895D-02  -0.5574424510083D-02  -0.1101879806376D-01
  -0.3098701354633D-02   0.7901369035599D-02   0.5401448983480D-02
   0.7861538292631D-02  -0.5756387457929D-02  -0.1022865533697D-01
  -0.6860179979169D-04  -0.1258978937516D-02  -0.1366037687941D-02
   0.3111951093465D-02  -0.6921846829722D-02  -0.6470019125648D-03
   0.9328671182895D-03  -0.6045568872987D-03  -0.1606399923619D-02
   0.2511121326848D-02  -0.1262809974857D-04  -0.1122112757367D-02
   0.1442582700426D-02   0.5151307413075D-03  -0.2332139710288D-02
   0.1839153587332D-02   0.1504668291043D-02  -0.1038642109899D-02
   0.1141553979407D-02   0.1261559797819D-02   0.1190920403736D-02
  -0.9114161596224D-04   0.1253706442349D-02   0.1103786102451D-02
  -0.3769977763397D-03   0.8229788314270D-03   0.4833025892714D-03
   0.1100230954144D-02   0.6561469540324D-03   0.2101775511031D-03
   0.4792429310378D-02   0.4678809628256D-02  -0.2735110844884D-02
   0.4019659580064D-03   0.5168757623492D-03   0.5921224716865D-02
  -0.1317630303068D-02  -0.1188938605820D-01   0.8673445814430D-02
  -0.9598729403487D-02  -0.1031986058640D-01   0.9155932701956D-03
  -0.3216031605179D-02   0.4637320803134D-02  -0.6716707362765D-02
  -0.1858455398606D-03   0.3774310727254D-02  -0.7484683160851D-02
   0.3729688526473D-02  -0.1755515619375D-01  -0.1061560749986D-01
  -0.1014530739544D-02  -0.2077596919274D-02  -0.3195687763462D-02
  -0.6349935816905D-03  -0.2461093724017D-02   0.2074640634452D-02
  -0.1029471272664D-02   0.9521250731389D-03  -0.1459430163272D-03
  -0.8294063773350D-03  -0.6409483275042D-03  -0.5399619539116D-03
   0.2177088029921D-03   0.1542101853532D-03  -0.2204053120924D-03
   0.2118565277915D-02   0.1867175463316D-03   0.1429425073428D-03
   0.3309471711243D-03   0.1031579134314D-02   0.8655997098186D-03
  -0.3423698411154D-03   0.6756982546394D-03  -0.7531262647663D-03
  -0.4372442610641D-03   0.2483721225240D-03  -0.4841919654579D-03
   0.4835777819722D-03   0.6526720429896D-03   0.2682020044711D-03
   0.7206387633102D-03   0.9101154542535D-03  -0.2773840051405D-03
  -0.5050344191720D-05   0.9975889866184D-03  -0.5518094984079D-03
   0.1013046855939D-01  -0.7711847138515D-02   0.7771062430448D-02
   0.2100145520784D-01  -0.3116607776170D-02   0.2801331675996D-02
   0.4298742529868D-02   0.1361382399417D-02  -0.4878489581580D-02
  -0.4276180709801D-02  -0.3079540716225D-02  -0.4264876398946D-02
   0.1499834809776D-01   0.2207747982150D-02   0.6219547133485D-02
  -0.1332095339398D-01   0.6005050590483D-02   0.1175902951754D-01
   0.1124040804948D-01   0.2339312023611D-03  -0.2633651239635D-01
  -0.2112201538576D-01  -0.2577344376995D-02   0.1594528294518D-01
  -0.8284871220590D-04   0.2910730687718D-03  -0.1156403959925D-03
  -0.9158708802021D-03   0.9591107091053D-03   0.8240003750738D-03
  -0.2113935421927D-03   0.1315650572662D-02  -0.2511479563117D-03
   0.5316412924769D-03   0.1917400631788D-04   0.3939931195829D-03
   0.4807546814166D-04   0.9091867426922D-04  -0.1171835839196D-02
  -0.1373731367022D-03   0.2864823713285D-03   0.4342118485992D-04
  -0.1313128717198D-02   0.4638632917196D-03   0.2386635646937D-02
  -0.5248583618168D-03   0.6880994488169D-03   0.5498756307529D-03
   0.1896135668785D-02  -0.3008314436918D-03  -0.1143806320042D-02
   0.5634573958637D-03   0.6538630214493D-03   0.2723164292593D-03
   0.9405504985143D-04   0.4033945472810D-03  -0.5158363592842D-03
  -0.1030643369027D-02   0.4947496575418D-02  -0.4327596776890D-02
   0.1203911494735D-03   0.4489261337860D-02  -0.5075220618862D-03
  -0.1003464715248D-03  -0.2086492439829D-02   0.5411443536051D-02
   0.1603838544003D-03  -0.2072388526769D-02  -0.1460860450315D-01
   0.3758884504975D-03  -0.3928821664771D-02   0.3073964407133D-02
  -0.4566664370676D-02   0.1276590491991D-02   0.9483428810345D-02
  -0.2226378617839D-02  -0.2884329505477D-02   0.6597469999126D-02
  -0.3706193130542D-02  -0.3836686726870D-02   0.3678180715710D-02
   0.4592000902676D-03   0.2799868538344D-03   0.7720057392008D-04
   0.4959316741223D-03   0.7173746499298D-04  -0.1625474856325D-03
  -0.4658163679434D-03   0.1260077812606D-04  -0.1891359895610D-03
  -0.9710756001368D-03  -0.8915445658087D-04  -0.6578312389147D-04
  -0.2946599342745D-03   0.4136536683708D-03  -0.2543341795709D-03
   0.4102239941276D-04   0.4872935284699D-03   0.1332874232526D-03
  -0.1904289813653D-03   0.2105911267292D-03  -0.2549244093717D-03
  -0.8550356317924D-03  -0.9824930940580D-04  -0.5622049909685D-03
   0.6339672495880D-03   0.5268434271045D-04   0.8521831466336D-04
   0.3038943340992D-03   0.8347882787082D-03   0.1675440052642D-03
  -0.4818514403952D-03  -0.1306281122040D-02   0.8058744875360D-03
   0.2110930823906D-02  -0.1048672102384D-01   0.6849632322499D-02
   0.6153356343836D-02  -0.9432643858535D-02  -0.1143551945443D-02
   0.2984727893226D-02   0.3314231465596D-02   0.3676496962210D-02
  -0.8213393853876D-02  -0.1532263538256D-02  -0.1364580313282D-01
   0.1046010238014D-01  -0.3104129825745D-02   0.2411820221811D-02
   0.2592052933127D-03   0.4977967281565D-03  -0.4157489220042D-04
  -0.2877034987226D-03  -0.6406918735261D-03  -0.2027572406355D-03
  -0.1247625249819D-02   0.1996070661603D-03   0.4017644345925D-03
   0.1241280231411D-03  -0.4335214094552D-03   0.6431896732690D-03
  -0.2237622964010D-03   0.1190212266798D-03   0.1617152642936D-04
   0.1657191142401D-02   0.9625645729884D-02   0.1297747021253D-01
   0.4287305968495D-02  -0.3073431610667D-02   0.6797618909421D-02
   0.6266907341060D-02  -0.2191578200082D-02   0.2095939799356D-02
   0.3831090383775D-02  -0.4238001490529D-02  -0.4334273312031D-02
  -0.7947821913637D-02  -0.3462807039375D-02  -0.3902632054634D-02
  -0.3840766811232D-03  -0.4299210235610D-02  -0.4254594205242D-02
   0.5175951242802D-02  -0.1208683356179D-02  -0.4037191348657D-02
  -0.2166254767235D-02  -0.1524840356943D-02  -0.4720586356957D-02
   0.1369405255362D-02   0.3732896069503D-02  -0.1732137842161D-02
  -0.1412062160442D-02  -0.1127885541960D-02   0.1379634336930D-02
   0.4512496095320D-04   0.3799069572606D-03   0.4980190388662D-02
  -0.5688795933949D-03   0.4839593347366D-03  -0.3692229873682D-04
  -0.3719406195238D-03   0.5879085245876D-03  -0.1374954665503D-03
   0.5572360810576D-04   0.4062585615589D-03  -0.4935415770029D-04
  -0.1259553831327D-03   0.4756023481493D-03  -0.1097684891588D-04
  -0.7653926362292D-03  -0.2261534102090D-03  -0.4570079728975D-04
  -0.1266962502062D-03   0.1496188781356D-03  -0.1939475917781D-03
  -0.1764839752154D-03  -0.1425111529062D-03  -0.1821426081115D-03
  -0.1455497225989D-03   0.2231205708021D-03  -0.1659786340291D-03
  -0.7039659545100D-03  -0.7696982808481D-03  -0.5945506013632D-05
  -0.4192348713363D-02   0.4517905798190D-02   0.4714249935074D-02
  -0.2302541126713D-02   0.2351231641259D-02  -0.1613914839003D-02
   0.2157748734811D-02   0.2589776168799D-02   0.1455333841435D-02
   0.5233930462175D-02  -0.4295258667140D-02   0.1515999730450D-03
  -0.1107588168996D-02   0.8306798834593D-02  -0.6569494938885D-02
   0.9616477153600D-04   0.5121860659801D-03  -0.2443889211714D-03
   0.2975760644186D-04   0.1300113127508D-03   0.6548522875462D-05
  -0.4418928482088D-03   0.3567593469450D-03   0.1786721915616D-03
   0.1098666164865D-02   0.5819387313754D-03   0.1353991484837D-03
   0.2209634051703D-03  -0.4129475039991D-03  -0.4520272049897D-03
   0.8138386011566D-03   0.4665218441959D-02   0.4696029318739D-02
  -0.3030117911713D-02  -0.1896661203248D-02   0.6257923507490D-02
   0.2428828595722D-02  -0.1287958360446D-02   0.1236747639705D-02
  -0.1757385879463D-02   0.3983330143469D-02  -0.1572376494077D-02
  -0.5847859448752D-02  -0.6012058746597D-02   0.5670798735978D-02
  -0.3081276961025D-02  -0.6971715819612D-02  -0.1772848602222D-02
  -0.1013636706004D-01  -0.6004615770660D-02   0.8711142158952D-02
   0.8491622210094D-03   0.4344300545320D-02  -0.9684708860947D-02
  -0.1103147917961D-03   0.6091631537902D-04   0.5506395254456D-03
   0.3915714866122D-03   0.1351066870455D-03  -0.4909673302661D-03
   0.1734387207551D-05   0.6774939993438D-03  -0.2338613495430D-03
   0.2043686739575D-03  -0.8209728822000D-04  -0.2058059837523D-03
  -0.3489510740696D-03   0.1289039342665D-02  -0.1008178893501D-03
   0.2735777902765D-03  -0.7256968038385D-04  -0.6392010633309D-03
   0.1027553852404D-02   0.5000890979178D-03  -0.6086782107322D-03
   0.2195004386719D-03   0.2672942995607D-03   0.9476381585229D-04
   0.6601239680252D-04   0.4344427351287D-03  -0.1681534447848D-03
  -0.3598849340007D-03   0.4712821314287D-03  -0.7879274746504D-04
  -0.2853206927380D-03   0.7819010704505D-04   0.1889902274720D-03
   0.1896959123332D-02  -0.2675830658976D-02   0.4611823189957D-02
  -0.1703277169305D-02   0.1202325277898D-02   0.4145416048473D-02
   0.4748649851030D-02   0.5212844454197D-02   0.1734631493045D-02
  -0.4482091856466D-02  -0.4859522203925D-03  -0.9328617131771D-02
  -0.4195240388446D-02  -0.2513831417987D-02  -0.3881150519506D-02
   0.4203383909652D-03  -0.4140243102607D-02  -0.5115495567355D-02
  -0.1406457882215D-02  -0.7597367887390D-02  -0.2825375842804D-02
   0.9609141752097D-02   0.4947205512264D-02  -0.9139213059864D-02
  -0.1482824345775D-02  -0.3197745484137D-02  -0.1421688913967D-02
   0.5694916071178D-02   0.3402224460111D-02  -0.3848662161219D-02
  -0.3279197138613D-03   0.3374374271432D-02   0.2156932797757D-02
  -0.3374368276074D-03   0.1037546304715D-03  -0.1944498651264D-03
  -0.6605855513973D-03   0.2830737522851D-04   0.1425530374993D-03
   0.5554019030577D-03  -0.3393536845523D-03   0.4943648199526D-03
   0.9304997678337D-03   0.2414480407285D-03   0.2227913278921D-03
   0.5319006066376D-03  -0.7956020374315D-04  -0.1393381524564D-03
  -0.3589191890258D-05   0.8606880000998D-04   0.2927831963945D-03
  -0.4277972509945D-03  -0.8954553307972D-04  -0.7380620294568D-03
  -0.4499025995346D-03  -0.2071833910198D-03   0.2793341191096D-03
  -0.8255873987969D-03   0.5407426049165D-03  -0.2589431808625D-03
  -0.2501656963867D-02   0.4997429083481D-02   0.1299258473359D-01
   0.2501785833095D-03  -0.9213781033837D-02   0.6244094081483D-02
   0.6597772767095D-04  -0.7078759959920D-03  -0.6674349742041D-03
   0.6884963074947D-02  -0.3957361680496D-02  -0.3886219353560D-02
   0.5345368615887D-02   0.7490121111786D-03   0.2337603457193D-02
   0.8525131214611D-02   0.3053886112812D-02  -0.1975624767121D-02
  -0.3034437675802D-02   0.1683469768607D-01  -0.1163617111242D-02
  -0.1168415026904D-01  -0.7945861367376D-02  -0.5261831324967D-03
  -0.3563640140238D-04   0.7582066766623D-03   0.3478482513264D-03
   0.1594735196694D-04   0.6522690686399D-03  -0.1549811570236D-03
   0.5140524661721D-03  -0.4373912410707D-03   0.2095700958904D-03
  -0.2106402581877D-03   0.3097286439446D-03  -0.5065616895495D-03
  -0.7649024986794D-04   0.1772986402061D-03   0.4688258131235D-03
  -0.1845086362161D-03  -0.4924448912943D-03  -0.1224608762327D-02
   0.8309426690676D-03  -0.8998314795166D-03  -0.1161785071242D-03
   0.5465726722303D-03  -0.7418069804420D-03  -0.1323182945328D-02
   0.2220374475063D-03   0.1312011400389D-02  -0.3133151587078D-03
   0.7802557996880D-04  -0.1780050140742D-03  -0.1186511110582D-03
   0.2996612125102D-03   0.2298099547370D-03  -0.5497857756093D-03
  -0.7405109804454D-02   0.4678729661906D-02   0.2923351465052D-02
   0.3634700613858D-02   0.5086163143981D-02   0.1912986564414D-02
   0.4129840850500D-02  -0.4097481115325D-02   0.1169203085631D-02
   0.5581098654858D-02  -0.8067318036365D-03  -0.1356989950964D-01
   0.7750798203631D-02   0.6213918722088D-03   0.2325271917604D-02
  -0.1511947682443D-02   0.3770313239052D-02  -0.1161708694201D-01
   0.3758682231966D-02  -0.1382210939569D-02  -0.5195709943900D-02
  -0.5108380481012D-02   0.6218588129075D-02  -0.1640959568532D-01
   0.8983766233906D-03  -0.2728609936980D-04   0.9083229464734D-02
   0.3445585268272D-02   0.2372184310285D-02   0.4780809022095D-02
  -0.1045093326350D-01  -0.1097466250053D-02   0.1625965552380D-01
  -0.2878617945375D-03   0.2819306305454D-03  -0.1374276097520D-03
   0.1194649923104D-03  -0.3709968982521D-04  -0.6013338444248D-04
  -0.4905006875959D-03  -0.1069763936127D-03  -0.1592648595270D-03
  -0.4013222894660D-03  -0.5733863664309D-03   0.3341957318470D-04
  -0.4740669856828D-03  -0.1069349219127D-03   0.2724013483670D-04
  -0.5758879504651D-03   0.2279713410311D-03   0.1864258317986D-03
   0.3916989181935D-03  -0.2590881718360D-03   0.3450216526662D-03
   0.1235889287255D-02   0.3027436347074D-03   0.1737318643327D-03
   0.3310690304629D-03  -0.1913722737864D-03  -0.5593257280092D-03
  -0.6043264366036D-02  -0.1016466963376D-01   0.1130059331272D-01
  -0.7872004835906D-02  -0.9064345925567D-02   0.3063275097778D-02
  -0.5173158411493D-02  -0.1345552088520D-02   0.3573294215737D-02
  -0.2478805729249D-02   0.5527322090074D-02  -0.3382057595403D-02
   0.2847561891788D-02   0.2096040600561D-02   0.5805668206305D-03
   0.9156418933452D-02   0.1404613955808D-02  -0.8016990857434D-02
  -0.3533226464113D-02   0.6313800524103D-02   0.1648689893990D-02
  -0.3251811984641D-04   0.5127373850188D-03   0.2110847520040D-03
  -0.1277884047033D-03   0.6042006427470D-03  -0.6521274175293D-03
   0.5124086684475D-03  -0.1798032757784D-03  -0.2113465678466D-04
  -0.1822831334296D-03   0.3317339591669D-03   0.8466018276758D-03
  -0.5579231722077D-05  -0.6143965630535D-04   0.1152070248859D-02
  -0.5633076526461D-03   0.5822113920170D-03   0.7116193992523D-03
   0.2740768132822D-03   0.2037908237607D-03  -0.2127869033319D-03
  -0.1452787889668D-03   0.6420610614478D-04  -0.5860714335442D-03
   0.6348721003029D-03  -0.2623535934349D-03  -0.1971903508831D-03
  -0.1434709073991D-02  -0.2843833321387D-03   0.8235162472375D-02
   0.1623708724663D-02   0.3278531879094D-02   0.1286673514389D-02
   0.5443990220764D-02  -0.1522792867629D-02   0.7035573189153D-02
  -0.4940162298901D-03  -0.9277024044766D-02  -0.1844859812208D-02
  -0.2139130917560D-02  -0.1735672599316D-02  -0.4757575732425D-02
  -0.3715449262526D-02   0.4819665272307D-03  -0.8143080929840D-02
  -0.7452089826548D-02  -0.5031416712726D-02   0.4825011129949D-02
   0.3547680570654D-03  -0.2232449641863D-02   0.3405464053031D-02
  -0.2245625799289D-02  -0.6985570507810D-02  -0.4855829128755D-02
   0.1694935051414D-03   0.1495825570200D-03   0.1890184374591D-02
  -0.9700153449702D-03   0.9522467572660D-04   0.7737748552864D-03
  -0.3520818665352D-03  -0.1994603022716D-03   0.7202312416362D-03
  -0.7167773150764D-03   0.1804348799739D-03   0.9605372809137D-03
   0.2089786185763D-03  -0.1417876513341D-03   0.4408880182298D-03
  -0.5014140289650D-03   0.3756110490755D-03   0.6673959991942D-03
   0.5148372955940D-03   0.1074995828453D-03   0.5787859550683D-03
  -0.1735305270763D-04   0.4592238746904D-03   0.7596826128594D-03
   0.6874595062482D-03   0.5223696676696D-03  -0.4157970327211D-03
   0.2266458843317D-03   0.9865504642968D-03   0.1284616308555D-04
   0.1912579690581D-02   0.3159385325378D-03   0.6784420881812D-04
   0.1228097120587D-02  -0.2668595454126D-03   0.9358841907771D-03
   0.1853797808993D-02   0.5128857410218D-03  -0.2066201495722D-04
  -0.5818461475212D-02   0.1169072862083D-04   0.5019639208830D-02
  -0.8598969893902D-03  -0.2144492038371D-02   0.3884932886922D-02
  -0.4044388557457D-03  -0.5850969590926D-02  -0.6353272732196D-02
  -0.3370845009866D-03   0.3040031786640D-03  -0.1056078248331D-01
   0.3632822023182D-02   0.1735207465647D-02  -0.9788634819895D-03
   0.4884177100188D-02   0.1214611379317D-02  -0.1031212010783D-02
   0.6735612208192D-02   0.2446219265457D-02  -0.4129958024476D-02
   0.3372119523871D-02   0.7050367501369D-03  -0.3710319005440D-03
  -0.1878123167075D-03   0.1838961124827D-02   0.5592879408629D-03
   0.2473560843335D-03  -0.2209539993361D-04   0.2326898747319D-03
  -0.4710166859790D-04  -0.6480328353867D-03  -0.2205633342185D-03
   0.5926606615220D-04  -0.6420718990334D-03   0.4936041136723D-03
  -0.2137522700171D-03   0.1083380264916D-03   0.3832978531873D-03
  -0.5842955434733D-03   0.6454083169382D-03   0.5505707983647D-03
  -0.8044850480112D-04   0.2537960713761D-03  -0.2412627335600D-03
   0.5868197995275D-04  -0.2675647657997D-03   0.8401507936873D-03
  -0.2799887522214D-03   0.1256014158827D-03  -0.1565934523789D-03
   0.5387856097171D-03  -0.7537132648800D-03  -0.1858597633938D-03
  -0.1517621665385D-03  -0.1127122215753D-03   0.7149292972171D-03
  -0.3615659545360D-02   0.4353943288241D-02  -0.4881539594702D-02
   0.8237843091206D-03   0.5243248613239D-02   0.2292754083022D-02
   0.6066466852468D-02   0.2006589777945D-02   0.2178309178585D-02
   0.2847144580141D-02  -0.3077433138798D-02  -0.4268324928451D-02
   0.8152148770562D-03   0.1586410537851D-02   0.2526384378355D-02
  -0.5665242949403D-03  -0.1547687327075D-03   0.7534342945978D-03
  -0.2185460413125D-03  -0.9188058273906D-04   0.3353248142233D-03
   0.1948574450780D-04   0.5435523129158D-03   0.5269721067998D-03
   0.1675342172922D-03  -0.2581039072918D-04   0.3938697160438D-03
  -0.5561675349328D-03   0.6886910474040D-04   0.4068384822211D-03
   0.7028386432374D-02   0.1920645539257D-02   0.5205682376346D-02
   0.2376815361100D-02  -0.2913194466729D-02   0.4870216552239D-02
   0.4148601076763D-01   0.4189166243479D-01   0.6646014775399D-01
  -0.1427458365708D-01   0.1981492888354D-01  -0.1537387547387D-01
   0.2138811809326D-02  -0.3731908736557D-04   0.3492418804271D-02
  -0.3248939148366D-02  -0.3988719943340D-02  -0.2011048254468D-02
  -0.5412208532382D-02  -0.8029857696575D-02  -0.8938145673078D-03
  -0.1056549959086D-02  -0.2676043408835D-02   0.2837032444358D-02
  -0.2822424297021D-03  -0.1999573460533D-02  -0.6827544968187D-03
  -0.6955364861973D-03   0.1019808282338D-02  -0.5710687261973D-04
  -0.1001127676351D-02  -0.2157173750030D-03   0.4050963387456D-03
  -0.1069374843431D-02  -0.5029017773627D-04  -0.4557171152428D-03
  -0.6182521461680D-03  -0.9562539952463D-03   0.9618179865706D-04
  -0.5216463205961D-03  -0.5955803218007D-03  -0.4051703345694D-03
   0.9826562935704D-01  -0.3085026130425D-03  -0.9143306883518D-01
   0.1446559976312D-02  -0.6396319192187D-02   0.1685615303483D-02
  -0.7875973692354D-01  -0.3010175305360D-01   0.1354968822706D-01
   0.1457341770722D-01  -0.6780350575160D-02   0.5143262232250D-02
   0.2404241007817D-02   0.1642143385197D-02  -0.3213597678788D-02
   0.2197745221990D-02  -0.6832176156890D-02  -0.3538408069966D-03
   0.3850738319004D-02   0.4014003565104D-03  -0.2899319021081D-02
  -0.3005124406709D-02  -0.5957660562637D-02  -0.1250942374853D-02
  -0.2543227630621D-02   0.4535663346984D-02  -0.6028978758698D-02
  -0.1763778189812D-02  -0.1618266246379D-02  -0.4229388245334D-02
  -0.7398256439410D-03   0.1475815531751D-03  -0.2996157992344D-03
   0.1152142492875D-03   0.1152258423971D-02   0.1244943247768D-02
   0.1114199122346D-03   0.1635531892304D-02   0.6468122922874D-03
  -0.3769983523971D-03  -0.3539121170224D-03  -0.3390969701487D-03
  -0.2405272626972D-03  -0.1002827727093D-02   0.7574336727409D-03
  -0.6828690083990D-03  -0.1445243002292D-03  -0.2047015067060D-03
  -0.1544353339311D-03   0.2785637726571D-03  -0.4798487801891D-03
   0.1038468301355D-03   0.7236707867420D-03  -0.7190236568617D-03
   0.1634431867322D-03  -0.1117790494415D-03   0.1904536392668D-03
   0.7240575835936D-01   0.8923118292838D-01  -0.2835125291188D-01
  -0.4680785042249D-02   0.5479252424112D-02   0.8472859331153D-02
  -0.6120159617616D-01  -0.3824754493322D-01  -0.5303471856089D-01
   0.1048082691803D-01  -0.1881750319824D-02   0.1894573021291D-01
   0.9277152064595D-02  -0.5251098256476D-03  -0.1732303241977D-01
   0.8864164118215D-02  -0.1344771649929D-02  -0.2970729598201D-02
   0.8385318227468D-02  -0.5155059326656D-02  -0.5407003495860D-02
  -0.2075169887429D-02   0.4845850610925D-03  -0.5223008285796D-03
   0.4830206637299D-02   0.9926882605205D-02  -0.1185011913634D-01
   0.1423899671520D-02   0.1277168154789D-02  -0.4078540066107D-02
  -0.8327021459816D-03  -0.1320306378632D-02   0.4122094634778D-04
   0.6107315157833D-03   0.9601849429996D-05  -0.1517727501457D-03
   0.8733796580825D-03  -0.7672989862136D-03  -0.8347052299901D-04
  -0.5898277024862D-03   0.6612198122612D-03   0.3627404898297D-03
   0.2985459462936D-03   0.3975984770591D-03  -0.8881248686126D-03
  -0.3060909421817D-03  -0.2954348291518D-03  -0.8180722050550D-03
   0.1209945724391D-02   0.9984547949540D-03  -0.1118466424183D-04
   0.1352372703633D-03  -0.1211616138320D-04   0.1271640663061D-03
   0.8818320742334D-03   0.7072811353465D-03   0.5273360385230D-04
   0.5904764414238D-01  -0.2272415618015D-01  -0.1029297339744D+00
   0.9241031689354D-03  -0.7150396173738D-02   0.4006066721003D-02
  -0.2159246883982D-02   0.5399261362146D-02  -0.4796253026387D-02
   0.1567227678331D-01   0.9860577409896D-02  -0.3749091395492D-02
  -0.4848566368887D-02  -0.1133732002149D-01  -0.6537129841879D-02
   0.2660310515762D-02  -0.1089867805893D-01   0.3446885899781D-02
   0.2378507634383D-03   0.2162891923650D-02   0.5291919368440D-03
  -0.2803218782074D-03  -0.7491749976223D-02  -0.1316010403375D-01
   0.1146295326215D-03  -0.1514148284085D-02  -0.4149860641419D-02
  -0.4001596892035D-03   0.3076887911850D-03  -0.6106514234079D-03
  -0.2906653682972D-04  -0.3744271328324D-03  -0.2491120166900D-03
  -0.1170955784645D-03   0.7504705373506D-04  -0.7270680845715D-04
   0.1882800599537D-03  -0.1296069442027D-04  -0.3771200934853D-03
   0.1162836884915D-03  -0.8209198522686D-04   0.2769077307329D-03
  -0.9358815276916D-04  -0.3357307376251D-03  -0.4239266261163D-03
  -0.6126035581688D-03  -0.5937976044504D-03   0.7900701708726D-03
  -0.6948177744921D-02   0.6252766241984D-02  -0.8815833085387D-03
  -0.1572626260530D-01   0.9889508621689D-02   0.5247661325488D-02
  -0.3552074033475D-01  -0.2719386196431D-01  -0.7458543468580D-01
   0.7809059000702D-02  -0.1630970169656D-01   0.1575551736724D-01
  -0.2212445417684D-02  -0.5746795114412D-02  -0.1127093969297D-01
  -0.1087178071212D-02  -0.1211008209584D-01  -0.2493316829957D-02
   0.9125262422564D-02   0.9631307307171D-02   0.5826444293814D-02
   0.3110147546817D-02   0.1461652702555D-02   0.1162666069717D-01
  -0.1475969996640D-02   0.1018343333279D-03   0.1647800011220D-02
   0.1891250989652D-02   0.3275047393425D-03   0.4985024425310D-03
   0.1271519540915D-02   0.5012154594802D-03  -0.3747246591532D-03
  -0.5752606392304D-04  -0.1262924600463D-02   0.7734281756727D-03
  -0.6975515673658D-03  -0.1592647650737D-03  -0.1340174895733D-03
  -0.1054855382461D-02   0.7634401073374D-03  -0.2138509552723D-04
  -0.6183643291694D-03   0.2979341304805D-04  -0.6417432642702D-03
  -0.1048168064165D-03  -0.3811246786986D-03   0.3346957315599D-04
  -0.4739607046779D-03  -0.3507878316766D-03   0.3583356947970D-03
   0.9351777755966D-01  -0.4665786982449D-02  -0.8183542774884D-01
   0.3418462011391D-02  -0.6655337080001D-03   0.1529786542500D-02
  -0.7689688653691D-01  -0.3529906255910D-01  -0.2346221175487D-02
   0.7739405854566D-02  -0.8298747020110D-02   0.8594209452078D-02
   0.5442278898508D-03  -0.6723083138433D-02  -0.7196961546270D-02
   0.2863810056321D-02  -0.6077320761952D-02  -0.6559492459079D-02
  -0.8782653977798D-03  -0.1665932868043D-02  -0.5595522750938D-02
   0.5189265489161D-03  -0.1293795185739D-02  -0.1647251062371D-02
  -0.2242060438915D-03   0.2201370843715D-02  -0.4531057908752D-03
   0.6429969982967D-04   0.1974137595460D-02   0.8356715914746D-03
   0.5421219406713D-01  -0.1221621991688D+00   0.4068363525208D-01
  -0.7616223001414D-02  -0.1040735487074D-01  -0.2253227141169D-02
   0.3614329781130D-01   0.8103749881978D-01  -0.2181254584727D-01
  -0.1405374154229D-01  -0.1116828398098D-01  -0.1511156450778D-01
   0.7546585210178D-02   0.1241402791519D-01  -0.6360535678197D-02
  -0.5151489412192D-02   0.1367756850696D-02  -0.7555009713593D-02
  -0.4009201469263D-02  -0.7795399799370D-03   0.1356980170197D-02
   0.4898348219392D-02  -0.4357733976430D-02   0.2912681518512D-02
  -0.7767927440334D-03   0.1085830467917D-01   0.3277019248038D-02
  -0.2859264126644D-02  -0.1277457805598D-01   0.4349046117800D-02
  -0.6458874479240D-02  -0.6004598115041D-03  -0.2379080814203D-02
   0.5340006680346D-02  -0.6037342133818D-02   0.1726211457485D-02
   0.4299321563258D-02   0.4697986200415D-04   0.2427105579370D-02
   0.9879777470679D-03   0.1095899915481D-02   0.5736288387357D-03
  -0.1140924558703D-02  -0.9522851130752D-03   0.3019462531230D-02
   0.1649604351129D-02  -0.1624105267689D-02   0.1425570910310D-02
   0.6161626025791D-03   0.1219013036893D-02  -0.1501812063107D-03
  -0.3528006854579D-03  -0.5141959780036D-03  -0.4181663949648D-03
   0.7715812932167D-04   0.4280799873546D-03   0.4828349991781D-03
   0.1590932358784D-02   0.4759302680605D-03   0.1154983713884D-04
  -0.4144503672577D-01  -0.7973317715249D-01   0.1042862861623D+00
   0.7762174502735D-02  -0.2605064967010D-01   0.6975654667588D-01
  -0.6023021614448D-01  -0.5809366336414D-01   0.1078289014982D+00
  -0.3387093391525D-01   0.4116734443118D-01   0.4838398096776D-01
  -0.1280432599010D-01  -0.1334497534720D+00   0.3262588956068D-01
  -0.2847772793652D-01  -0.4078617931824D-01   0.5368154851584D-01
   0.5114547535873D-01  -0.1277445239609D+00   0.1485312118402D-01
  -0.5747111662022D-01   0.9803428469494D-03   0.5000388086892D-01
   0.1088600908674D+00   0.1737392260639D-01  -0.8347158450476D-01
  -0.3352083947145D-01  -0.4163202449764D-01  -0.5782877596312D-01
  -0.9418020905356D-01   0.4371157770008D-02   0.9984250994761D-01
   0.6608827032459D-01   0.3776796067290D-01  -0.8289638868818D-02
  -0.8952265810108D-01  -0.9143805841411D-01   0.5253193999960D-01
   0.4317351687350D-01   0.4384542080614D-01   0.4424443981497D-01
  -0.5482953474391D-01   0.4818258032846D-01   0.1166195445058D+00
   0.2811806418260D-01   0.3688768975091D-01   0.6235479181578D-01
  -0.9775569248011D-01   0.2196582746411D-01   0.9467267818366D-01
   0.6799281712503D-01   0.3782424332425D-01   0.2491815316578D-03
  -0.4438201957858D-01   0.1234662493199D+00  -0.3838914289073D-01
  -0.2875707745207D-01  -0.6218159899851D-01   0.3666594039177D-01
$end                                                                            
