           2           1   1.01942487666445     
           3           2  0.947219570585926     
           4           3   1.63345216226054     
           5           2  0.976590558876155     
           6           5  0.993194668306775     
           7           6   1.01026845307209     
           8           6   1.00928946129625     
           9           1  0.945354264498065     
          10           2  0.941289197851811     
          11           5  0.973236689359113     
          12           5  0.971800654441885     
          13           6  0.965704058595566     
          14           7  0.983975696147078     
          15           7  0.978570154562746     
          16           7  0.980578249859901     
          17           8  0.986104810940842     
          18           8  0.985739529029901     
          19           8  0.985105141774426     
          20           3   1.28011137960974     
          21          20  0.989012197615738     
          22          21  0.924375012431402     
          23          22   1.63475227881025     
          24          21  0.980240356667179     
          25          24  0.991547666172742     
          26          25  0.965794904069812     
          27          26   1.64774744799692     
          28          26   1.30664411301024     
          29          20  0.909722957001445     
          30          21  0.950017217987330     
          31          24  0.968382593844112     
          32          24  0.968324381575183     
          33          25  0.968031270927712     
          34          25  0.969884861789272     
          35          28  0.927416480466664     
          36          28  0.922850307225655     
          37          22   1.28498013310002     
          38          37  0.980956793706950     
          39          38  0.923847621088004     
          40          39   1.65296217709760     
          41          38  0.973361913974359     
          42          41   1.00692682740399     
          43          42  0.963515041333394     
          44          43   1.66714403801079     
          45          43   1.27606646467072     
          46          37  0.911113822603373     
          47          38  0.938264110745511     
          48          41  0.973473790244620     
          49          41  0.966818553677578     
          50          42  0.965824805766516     
          51          42  0.943929958503549     
          52          45  0.924227201296968     
          53          45  0.927173297486919     
          54          39   1.28327275886225     
          55          54  0.972206745853627     
          56          55  0.944892218970731     
          57          56   1.58254527610869     
          58          55  0.962338742971197     
          59          58   1.00737341788435     
          60          59   1.38886140565649     
          61          59   1.42009806247280     
          62          60   1.48163905097600     
          63          61   1.43423426942988     
          64          62   1.34194023455929     
          64          63   1.39020396313033     
          65          64   1.07290609699412     
          66          54  0.916242843225453     
          67          55  0.952305527678680     
          68          58  0.958877946988534     
          69          58  0.967658255441084     
          70          60  0.966769483164170     
          71          61  0.961028186090870     
          72          62  0.968141563035543     
          73          63  0.954655341053039     
          74          65  0.856578489311072     
          75          56   1.32574055003944     
          76          75  0.970311926896569     
          77          76  0.931704283087292     
          78          77   1.57877999160665     
          79          76  0.979820915528710     
          80          79   1.00110487488190     
          81          80   1.00638133568928     
          82          81  0.979940546059413     
          83          82   1.31076933196850     
          84          83   1.33120231345950     
          85          83   1.30490423789250     
          86          75  0.919055651927425     
          87          76  0.937841863838414     
          88          79  0.962683572097404     
          89          79  0.974263132583900     
          90          80  0.976367231319306     
          91          80  0.970371481313356     
          92          81  0.960174431590819     
          93          81  0.964930602756453     
          94          82  0.915538043393359     
          95          84  0.919039051015176     
          96          84  0.913368503506230     
          97          85  0.919575504333420     
          98          85  0.914195719869963     
          99          77   1.32607058413147     
         100          99  0.981182801838539     
         101         100  0.923312438220271     
         102         101   1.65286506343816     
         103         100  0.991446490170820     
         104         103   1.00812149099007     
         105         104  0.898131011536843     
         106         105   1.49538504957685     
         107         105   1.51323742221565     
         108          99  0.884329086666756     
         109         100  0.936825758397976     
         110         103  0.973707895668749     
         111         103  0.959343467461143     
         112         104  0.965112858367927     
         113         104  0.980178919785594     
         114         101   1.28585425762287     
         115         114  0.978943302446897     
         116         115  0.955425444805312     
         117         116   1.60774273880636     
         118         115  0.966182607191894     
         119         118   1.01681406943352     
         120         119  0.977351975978976     
         121         120   1.01049809569506     
         122         114  0.889905045642061     
         123         115  0.929961454796567     
         124         118  0.971204220136158     
         125         118  0.966607382380788     
         126         119  0.973022698013416     
         127         119  0.963761742374683     
         128         121  0.964313347906853     
         129         121  0.983660127689216     
         130         121  0.978675272978591     
         131         116   1.31438732350397     
         132         131  0.959479563479789     
         133         132  0.943245228535982     
         134         133   1.59821994004998     
         135         132  0.982828418914160     
         136         135  0.989170894399605     
         137         136   1.01090149752700     
         138         136   1.00777001690080     
         139         131  0.879792425364211     
         140         132  0.941829815525255     
         141         135  0.964948446450421     
         142         135  0.961558637104922     
         143         136  0.966068108141850     
         144         137  0.978085228325398     
         145         137  0.982322046991470     
         146         137  0.976994212828727     
         147         138  0.982684678429244     
         148         138  0.978664498890157     
         149         138  0.974016648674630     
         150         133   1.28933158062502     
         151         150  0.987310754605672     
         152         151  0.947081324166896     
         153         152   1.60340406867900     
         154         151  0.955458365754905     
         155         154  0.990987558491581     
         156         154   1.00896047464085     
         157         155   1.01798961665384     
         158         150  0.900393136320929     
         159         151  0.943233083212245     
         160         154  0.961176185443595     
         161         155  0.976089999607917     
         162         155  0.972048503377167     
         163         156  0.981297382258775     
         164         156  0.984127624091879     
         165         156  0.985654060736429     
         166         157  0.984112470439119     
         167         157  0.984592944381900     
         168         157  0.985218746391904     
         169         152   1.29028752996075     
         170         169  0.972902476107068     
         171         170  0.916500040009304     
         172         171   1.65763057343217     
         173         170   1.00103000352956     
         174         169  0.931718121158219     
         175         170  0.949697777652499     
         176         173  0.979304259374703     
         177         173  0.981921451138253     
         178         173  0.973013504463991     
         179         171   1.29378216555959     
         180         179  0.977059517597900     
         181         180  0.930263053288135     
         182         181   1.65280445786852     
         183         180  0.988121208490108     
         184         183  0.920454628220648     
         185         184   1.56930404146825     
         186         184   1.40142645629928     
         187         179  0.911704845822959     
         188         180  0.923867065904237     
         189         183  0.969008428840841     
         190         183  0.945616804711519     
         191         181   1.27582923890412     
         192         191  0.992207186089299     
         193         192  0.951311790831421     
         194         193   1.61185959512585     
         195         191  0.904669254010807     
         196         192  0.954459690704984     
         197         192  0.955577574042515     
         198         193   1.32541775878333     
         199         198  0.988518571446294     
         200         199  0.938846754682703     
         201         200   1.65224527843976     
         202         199  0.947343660158619     
         203         202  0.990033141582152     
         204         202   1.00833374397851     
         205         203   1.01814885433352     
         206         198  0.846039218528227     
         207         199  0.948785721763864     
         208         202  0.958545856994728     
         209         203  0.974593723454316     
         210         203  0.960442238827909     
         211         204  0.975354651861843     
         212         204  0.974151409537217     
         213         204  0.969578619528012     
         214         205  0.981966107246617     
         215         205  0.983857888541590     
         216         205  0.986258915586349     
         217         200   1.26780726724166     
         218         217  0.978672559574358     
         219         218  0.933553313475940     
         220         219   1.59767903514853     
         221         218  0.980147322534743     
         222         221  0.908052307158687     
         223         222   1.50635970313719     
         224         222   1.50013587210668     
         225         217  0.917742206904126     
         226         218  0.955490872584390     
         227         221  0.962297643465194     
         228         221  0.967808301350793     
         229         219   1.30704183263983     
         230         229  0.967826134826383     
         231         230  0.955771368041749     
         232         231   1.89530155899858     
         233         230  0.974856250440131     
         234         233   1.00037122754145     
         235         229  0.976554856346161     
         235         234   1.00119458664348     
         236         230  0.951103593540836     
         237         233  0.970537959328232     
         238         233  0.967392368757788     
         239         234  0.980807914505881     
         240         234  0.974039488848373     
         241         235  0.959419934206845     
         242         235  0.957248539584539     
         244         243   1.00709133780967     
         245         244  0.936753830455053     
         246         245   1.59450381840572     
         247         244  0.980874176855608     
         248         247  0.988750577078818     
         249         248   1.01137013866441     
         250         248   1.00935795333175     
         251         243  0.953934902787939     
         252         244  0.956140783123561     
         253         247  0.958123949557950     
         254         247  0.976381216546287     
         255         248  0.966356929266405     
         256         249  0.979708067229755     
         257         249  0.982532386089392     
         258         249  0.958531551821990     
         259         250  0.984600524540411     
         260         250  0.980260667976626     
         261         250  0.987105030463737     
         262         245   1.33296664978802     
         263         262  0.979180669006834     
         264         263  0.957737501852217     
         265         264   1.88077564419921     
         266         263  0.971702204088753     
         267         266  0.988379183186703     
         268         267   1.00711599866351     
         269         267   1.00701083035342     
         270         262  0.877869946692767     
         271         263  0.952201893314452     
         272         266  0.975599655289171     
         273         266  0.973441624421424     
         274         267  0.946615503183816     
         275         268  0.984178130676750     
         276         268  0.986275329415323     
         277         268  0.984487330846219     
         278         269  0.977718618409891     
         279         269  0.985079054701157     
         280         269  0.979196391402897     
         282         281   1.00465987193528     
         283         282  0.970899541501143     
         284         283   1.90182207862615     
         285         282  0.971423863996286     
         286         285   1.00568624382091     
         287         286   1.00307446330280     
         288         287  0.981364335491495     
         289         288   1.32476206781516     
         290         289   1.32386962289644     
         291         289   1.29517767419886     
         292         281  0.950973741591852     
         293         282  0.964541685487727     
         294         285  0.965496104593634     
         295         285  0.971714508374399     
         296         286  0.970771736237576     
         297         286  0.971084813944757     
         298         287  0.957430894088445     
         299         287  0.961410531641638     
         300         288  0.905301175629312     
         301         290  0.911409430324057     
         302         290  0.921448033357307     
         303         291  0.919620767661384     
         304         291  0.927803280096629     
         306         305   1.00833394717321     
         307         306  0.975458259390661     
         308         307   1.88191256517398     
         309         306  0.963221489269108     
         310         309   1.00799241391272     
         311         310   1.00394902932090     
         312         311   1.01152626914882     
         313         312  0.952840370547472     
         314         305  0.940078951060045     
         315         306  0.959363863677113     
         316         309  0.962834805260494     
         317         309  0.973598826118581     
         318         310  0.975584916091613     
         319         310  0.973094715492304     
         320         311  0.959530757857880     
         321         311  0.971606672382082     
         322         312  0.963930466378374     
         323         312  0.965405534678729     
         324         313  0.904589545873532     
         325         313  0.907421033551288     
         326         313  0.808978443807836     
         328         327   1.01232966452115     
         329         328  0.968694324514605     
         330         329   1.89440926864113     
         331         328  0.968125287985707     
         332         331   1.00057816419827     
         333         332   1.37576134785466     
         334         332   1.43278528580202     
         335         333   1.49512137051641     
         336         334   1.42647615787666     
         337         335   1.33316111205936     
         337         336   1.39349750181073     
         338         337   1.06631031297331     
         339         327  0.928768659779487     
         340         328  0.959988445359531     
         341         331  0.954902543222903     
         342         331  0.970391744662809     
         343         333  0.966080570976761     
         344         334  0.961728384313524     
         345         335  0.957684580060283     
         346         336  0.962073227400679     
         347         338  0.874582598709462     
         349         348   1.02862556610609     
         350         349  0.979626804160937     
         351         350   1.89506384803025     
         352         349  0.963285806926454     
         353         352   1.01331057077890     
         354         353  0.986242993559462     
         355         354   1.00807033537547     
         356         348  0.956210743332331     
         357         349  0.917782486336238     
         358         352  0.974321256067861     
         359         352  0.960174531107887     
         360         353  0.971767527205857     
         361         353  0.968627287427379     
         362         355  0.969911200116361     
         363         355  0.975950056600571     
         364         355  0.979487177958601     
         365           1  0.953006602591867     
         366         231  0.957329827667156     
         367         243  0.959344949112793     
         368         264  0.956395272203848     
         369         281  0.954066710639594     
         370         283  0.952304224618179     
         371         305  0.954185973656622     
         372         307  0.953151682954598     
         373         327  0.947353165289621     
         374         329  0.953486434269288     
         375         348  0.951916065892950     
         376         350  0.952670591036016     
