           2           1   1.03083399078605     
           3           2  0.931591227843655     
           4           3   1.62528639142212     
           5           2  0.974958998800025     
           6           5  0.972797625240537     
           7           6   1.62418318836876     
           8           6   1.31946402066083     
           9           1  0.918546522186354     
          10           2  0.949243409418747     
          11           5  0.967445959220675     
          12           5  0.951792169927872     
          13           8  0.919751084937949     
          14           8  0.931035295860863     
          15           3   1.31529851357573     
          16          15  0.987115147456210     
          17          16  0.929266333475741     
          18          17   1.64020856574894     
          19          16  0.965288255970876     
          20          19   1.00479418364558     
          21          20   1.00316698236014     
          22          21   1.00853301160463     
          23          22  0.954729425711819     
          24          15  0.914980719428468     
          25          16  0.952266805382816     
          26          19  0.974498115105701     
          27          19  0.970070007236504     
          28          20  0.973305334562115     
          29          20  0.969740927674272     
          30          21  0.973289584482967     
          31          21  0.968849769758678     
          32          22  0.960021630467711     
          33          22  0.964953203069456     
          34          23  0.893402855910605     
          35          23  0.905134112483197     
          36          23  0.892816286659421     
          37          17   1.29765999076140     
          38          37  0.980837610624217     
          39          38  0.974853779096258     
          40          39   1.87750147859248     
          41          38  0.945747694975565     
          42          41  0.995079274823605     
          43          41   1.00851755842076     
          44          42   1.01776735473098     
          45          37  0.873936940679387     
          46          38  0.957201064259744     
          47          41  0.959437803220197     
          48          42  0.976219235001532     
          49          42  0.975050588208368     
          50          43  0.981913092115026     
          51          43  0.980132349314958     
          52          43  0.985595095597214     
          53          44  0.980814447329219     
          54          44  0.980320521545943     
          55          44  0.982242163281307     
          57          56   1.02218800918335     
          58          57  0.951183907843810     
          59          58   1.59835069075185     
          60          57  0.948648915581310     
          61          60   1.00851444943497     
          62          60   1.00754774090922     
          63          56  0.918699697961190     
          64          57  0.951139865344604     
          65          60  0.968007444958738     
          66          61  0.974321614837497     
          67          61  0.979559693939774     
          68          61  0.977478489471103     
          69          62  0.983565417774245     
          70          62  0.984354431670607     
          71          62  0.982491813370561     
          72          58   1.28692766328950     
          73          72  0.974149902831475     
          74          73  0.939788085338341     
          75          74   1.63727828710021     
          76          73  0.971451404834523     
          77          76   1.00226524241468     
          78          72  0.968147001436588     
          78          77   1.00561680933048     
          79          73  0.953658530097404     
          80          76  0.972675023761595     
          81          76  0.973705051421878     
          82          77  0.968706151206613     
          83          77  0.972115856404046     
          84          78  0.955408241552352     
          85          78  0.945660562887909     
          86          74   1.28276357907556     
          87          86  0.981799959635671     
          88          87  0.937246189971833     
          89          88   1.57113031797554     
          90          87  0.979648169794142     
          91          90  0.995189142165649     
          92          91  0.963957355146317     
          93          92   1.64641345776393     
          94          92   1.31013492301225     
          95          86  0.921532262436965     
          96          87  0.943551292564921     
          97          90  0.966780305788656     
          98          90  0.973929593309741     
          99          91  0.957399002720728     
         100          91  0.971001054384751     
         101          94  0.926323106206967     
         102          94  0.923117269731788     
         103          88   1.34840689037368     
         104         103  0.990627783289145     
         105         104  0.929765381624032     
         106         105   1.65283859195313     
         107         104  0.981573373034252     
         108         107   1.00012414124258     
         109         108  0.924514475602483     
         110         109   1.43230941026233     
         111         109   1.55285283296782     
         112         103  0.803762843029591     
         113         104  0.940594733990418     
         114         107  0.968772999835861     
         115         107  0.976774382464421     
         116         108  0.977881188166499     
         117         108  0.973091117777270     
         118         105   1.28820542871741     
         119         118  0.973730463165568     
         120         119  0.983533311626678     
         121         120   1.86070117188553     
         122         119  0.946612146555346     
         123         122  0.993238675829172     
         124         123   1.00865756718869     
         125         123   1.00653015165190     
         126         118  0.927959420265195     
         127         119  0.943043677543675     
         128         122  0.958806226386878     
         129         122  0.968922230276908     
         130         123  0.968754712385054     
         131         124  0.983636666873821     
         132         124  0.983085399258984     
         133         124  0.984053819919051     
         134         125  0.983968811453389     
         135         125  0.977393187035437     
         136         125  0.984069277099259     
         138         137   1.03000316031412     
         139         138  0.940411741449340     
         140         139   1.63911810058931     
         141         138  0.935626698932939     
         142         141  0.994910966235794     
         143         141  0.999655469729022     
         144         137  0.950481746056164     
         145         138  0.952467309313715     
         146         141  0.958221705860403     
         147         142  0.869841433354592     
         148         143  0.983524966459101     
         149         143  0.984815007122591     
         150         143  0.979739058329812     
         151         139   1.29204960949717     
         152         151  0.981900924440022     
         153         152  0.938285759312043     
         154         153   1.61296444412192     
         155         152  0.981335936759170     
         156         155   1.01512390666180     
         157         156  0.984371947888793     
         158         157   1.01293714196344     
         159         151  0.889700613173317     
         160         152  0.943588307795461     
         161         155  0.963000506324698     
         162         155  0.969569354060467     
         163         156  0.965863420844694     
         164         156  0.957945258303110     
         165         158  0.978588208284542     
         166         158  0.980756498789675     
         167         158  0.980265537543578     
         168         153   1.31778422439081     
         169         168  0.973048719828375     
         170         169  0.972229371651850     
         171         170   1.90120162561002     
         172         169  0.984789269817441     
         173         168  0.877139134991975     
         174         169  0.948351148995841     
         175         172  0.981819377545810     
         176         172  0.966227021747296     
         177         172  0.980869056150624     
         179         178   1.01846789016265     
         180         179  0.943834516193311     
         181         180   1.66240602703614     
         182         179  0.968992020026193     
         183         182  0.996048622589843     
         184         182   1.00185350929922     
         185         183   1.01832256072281     
         186         178  0.949514134090445     
         187         179  0.946013242924463     
         188         182  0.965853211382381     
         189         183  0.965580352970252     
         190         183  0.956251202579245     
         191         184  0.971204714726852     
         192         184  0.980281816560026     
         193         184  0.977399768395342     
         194         185  0.985857661946803     
         195         185  0.984565360960763     
         196         185  0.986357397508224     
         197         180   1.25982765335286     
         198         197   1.00553919351905     
         199         198  0.955495688220133     
         200         199   1.64745597595598     
         201         197  0.897780698129235     
         202         198  0.948625124919155     
         203         198  0.946416908523091     
         204         199   1.28117302869652     
         205         204  0.991047376362967     
         206         205  0.983688714861009     
         207         206   1.90252037456639     
         208         205  0.946523906147284     
         209         208   1.00486591041245     
         210         204  0.913391633527647     
         211         205  0.936047205422819     
         212         208  0.962013941171886     
         213         208  0.968926630595937     
         214         209  0.869412786276919     
         215           1  0.956511311296257     
         216          39  0.954032228417142     
         217          56  0.951077153879466     
         218         120  0.951486391816114     
         219         137  0.951845209474954     
         220         170  0.954832886925477     
         221         178  0.958528462707038     
         222         206  0.953641360550570     
