           2           1   1.02617148312159     
           3           2  0.927807059113036     
           4           3   1.55917303012508     
           5           2  0.975513575905282     
           6           5  0.951732567629304     
           7           6   1.66996390696795     
           8           6   1.27892224873047     
           9           1  0.943772854290970     
          10           2  0.941858578338433     
          11           5  0.943210159267309     
          12           5  0.974870293967244     
          13           8  0.924830684412875     
          14           8  0.942408562918469     
          15           3   1.33297838048487     
          16          15  0.982491091530182     
          17          16  0.947894689298755     
          18          17   1.61059906168662     
          19          16  0.969462542420923     
          20          19  0.991923712968642     
          21          20  0.915108961612956     
          22          21   1.50504708238547     
          23          21   1.49326260854183     
          24          15  0.901398285542573     
          25          16  0.950718411364522     
          26          19  0.973614653610138     
          27          19  0.975265404217503     
          28          20  0.980096690718540     
          29          20  0.972541616509358     
          30          17   1.29158250188752     
          31          30  0.983234876718320     
          32          31  0.943664635124812     
          33          32   1.62032661045714     
          34          31  0.980611451905663     
          35          34  0.997325041831604     
          36          35  0.992232919535418     
          37          36  0.990161802151424     
          38          37   1.25948919898105     
          39          38   1.36883443406221     
          40          38   1.31447590165027     
          41          30  0.913124490255199     
          42          31  0.924250270294489     
          43          34  0.971082292619410     
          44          34  0.964484954168233     
          45          35  0.974940269319226     
          46          35  0.974564544371834     
          47          36  0.966757333021031     
          48          36  0.966398288249450     
          49          37  0.916110342399574     
          50          39  0.879420092222099     
          51          39  0.910254209933873     
          52          40  0.910399385134325     
          53          40  0.907382534734505     
          54          32   1.29948471236306     
          55          54  0.970709165049961     
          56          55  0.917199511085284     
          57          56   1.62122337231821     
          58          55  0.980980183653202     
          59          58  0.996980222407191     
          60          59   1.00434156924860     
          61          60  0.976783977907352     
          62          61   1.30960348806197     
          63          62   1.31694188813051     
          64          62   1.31503840379674     
          65          54  0.887716780845215     
          66          55  0.948534052298909     
          67          58  0.961624099711251     
          68          58  0.967906690150000     
          69          59  0.968940312695277     
          70          59  0.968707995961540     
          71          60  0.961199667622369     
          72          60  0.961258043162494     
          73          61  0.922405969532137     
          74          63  0.908850354876227     
          75          63  0.909795702657475     
          76          64  0.922064553504144     
          77          64  0.909708666722201     
          78          56   1.30617923010339     
          79          78  0.980894984048556     
          80          79  0.926110650217133     
          81          80   1.61379636663663     
          82          79  0.986848081846489     
          83          82   1.00035838674953     
          84          83  0.892608009351915     
          85          84   1.50550371076990     
          86          84   1.50969189601620     
          87          78  0.898842901487124     
          88          79  0.949032875374349     
          89          82  0.973999152028633     
          90          82  0.976778483623629     
          91          83  0.974168390930518     
          92          83  0.980109150753333     
          93          80   1.31747846729313     
          94          93  0.964025183672807     
          95          94  0.945529982234662     
          96          95   1.61186198313044     
          97          94  0.974481669617067     
          98          97   1.00538480887692     
          99          98  0.897987863492035     
         100          99   1.52066044426617     
         101          99   1.49027440752814     
         102          93  0.908657796964030     
         103          94  0.951851879743107     
         104          97  0.972357826684230     
         105          97  0.973343315095021     
         106          98  0.965811771130912     
         107          98  0.960230751529908     
         108          95   1.30642975932116     
         109         108  0.972791812425706     
         110         109  0.945690889276127     
         111         110   1.62935458241653     
         112         109  0.970561192466306     
         113         112   1.00325984605516     
         114         113  0.914101217833587     
         115         114   1.48022536420207     
         116         114   1.51788954816929     
         117         108  0.924256462818754     
         118         109  0.949930420443895     
         119         112  0.968317097433689     
         120         112  0.970392728600935     
         121         113  0.977225530187143     
         122         113  0.967505626026034     
         123         110   1.28059725548946     
         124         123  0.989886457754737     
         125         124  0.931664880372575     
         126         125   1.65193361548215     
         127         124  0.984106120936616     
         128         127   1.00207179654353     
         129         123  0.899111990041552     
         130         124  0.916433315693042     
         131         127  0.963149438196708     
         132         127  0.972888741329847     
         133         128  0.858124832945907     
         134         125   1.27795531904859     
         135         134  0.966411486651700     
         136         135  0.933572638918988     
         137         136   1.62985960454917     
         138         135   1.00549454371902     
         139         134  0.901582140617249     
         140         135  0.954753474995148     
         141         138  0.980247476094593     
         142         138  0.983133826620274     
         143         138  0.964957830556304     
         144         136   1.31458920447072     
         145         144  0.965192382781125     
         146         145  0.976779515000456     
         147         146   1.85841836107380     
         148         145  0.986153479766477     
         149         144  0.912924352236777     
         150         145  0.946977709511710     
         151         148  0.978730635644592     
         152         148  0.977315028565215     
         153         148  0.983460433461147     
         155         154   1.02206687528243     
         156         155  0.969901296783830     
         157         156   1.86798920484910     
         158         155  0.965903212148891     
         159         158   1.00861517128192     
         160         159  0.897548626894353     
         161         160   1.53026911130804     
         162         160   1.47982908672108     
         163         154  0.947051150055429     
         164         155  0.953365723083856     
         165         158  0.971959662598564     
         166         158  0.969256804937737     
         167         159  0.971829422686238     
         168         159  0.975103023977861     
         170         169   1.02234695032669     
         171         170  0.967281995579775     
         172         171   1.89866644196477     
         173         170  0.942839360179738     
         174         173  0.961177854538781     
         175         174   1.66029139508294     
         176         174   1.26989916737161     
         177         169  0.915532853942444     
         178         170  0.947206910363438     
         179         173  0.952174176241119     
         180         173  0.966972660683136     
         181         176  0.937719072471950     
         182         176  0.920803906649461     
         183           1  0.945593853176323     
         184         146  0.955409920168296     
         185         154  0.952178504679873     
         186         156  0.952765302328188     
         187         169  0.957542560702507     
         188         171  0.949631241997081     
