           2           1   1.01523137902064     
           3           2  0.935739754614954     
           4           3   1.61059353717500     
           5           2  0.978983460634228     
           6           5   1.00834028961719     
           7           6  0.930179450495757     
           8           7   1.51595155473413     
           9           7   1.46508140711949     
          10           1  0.953070757330581     
          11           2  0.962152317294656     
          12           5  0.969042995970836     
          13           5  0.974755835056912     
          14           6  0.967943138969698     
          15           6  0.970405729647862     
          16           3   1.31044015217790     
          17          16  0.990640250871492     
          18          17  0.952348866111180     
          19          18   1.59491787157987     
          20          16  0.917821694390845     
          21          17  0.959393806199015     
          22          17  0.950605504367934     
          23          18   1.32663744308385     
          24          23  0.969299040798195     
          25          24  0.938558054852923     
          26          25   1.61631551409972     
          27          24  0.964728756319749     
          28          27   1.00707834675891     
          29          27   1.00772104460127     
          30          23  0.913233650184646     
          31          24  0.944816693450738     
          32          27  0.960851028486661     
          33          28  0.980946444643799     
          34          28  0.983587370634107     
          35          28  0.981764102962583     
          36          29  0.981420652231641     
          37          29  0.983311257804339     
          38          29  0.983907154734258     
          39          25   1.30202819588096     
          40          39  0.980505927773339     
          41          40  0.935422228477926     
          42          41   1.61646198220513     
          43          40  0.966768604899512     
          44          43   1.00805011122713     
          45          43   1.00591515984587     
          46          39  0.921495968407894     
          47          40  0.947109182131373     
          48          43  0.961938432698741     
          49          44  0.979074833020475     
          50          44  0.983865676453633     
          51          44  0.984535416664731     
          52          45  0.983231952184162     
          53          45  0.980405343710246     
          54          45  0.982230697982518     
          55          41   1.29631101054036     
          56          55  0.983946968264373     
          57          56  0.938249836384553     
          58          57   1.61337769570609     
          59          56  0.975471312655445     
          60          59   1.00871430334710     
          61          55  0.889568941814717     
          62          56  0.952692668517556     
          63          59  0.963265913902228     
          64          59  0.960752895910719     
          65          60  0.860329678511014     
          66          57   1.31520927774943     
          67          66  0.976174126029208     
          68          67  0.935719215910498     
          69          68   1.59966046277452     
          70          67  0.979431613824030     
          71          70  0.993044177299582     
          72          71  0.969079349981556     
          73          72   1.62141881006134     
          74          72   1.32666048841621     
          75          66  0.904481257378584     
          76          67  0.940730458270373     
          77          70  0.971410718514350     
          78          70  0.967564507266280     
          79          71  0.949253985454993     
          80          71  0.974769405372546     
          81          74  0.907043202255649     
          82          74  0.895677044369105     
          83          68   1.32968771478578     
          84          83  0.975042915215727     
          85          84  0.940191034059677     
          86          85   1.59871661055064     
          87          84  0.963645568577332     
          88          87  0.993435299298753     
          89          87   1.00797315957535     
          90          88   1.01869829039753     
          91          83  0.894545759290598     
          92          84  0.943120367694830     
          93          87  0.960172814309844     
          94          88  0.975139653301938     
          95          88  0.975392427330471     
          96          89  0.977679608050377     
          97          89  0.983790502075750     
          98          89  0.984572723768159     
          99          90  0.976719595431635     
         100          90  0.985368247166058     
         101          90  0.982984713777357     
         102          85   1.31498677972038     
         103         102  0.979445507483689     
         104         103  0.935937716498898     
         105         104   1.59380660045999     
         106         103  0.985673053761958     
         107         106  0.902932157135152     
         108         107   1.44853622400775     
         109         107   1.55079432393878     
         110         102  0.899876856248524     
         111         103  0.943883064812005     
         112         106  0.971465242182752     
         113         106  0.961390280505551     
         114         104   1.32586123086810     
         115         114  0.971794527122776     
         116         115  0.933454163834766     
         117         116   1.62582112168419     
         118         115  0.996542698309832     
         119         114  0.899505014493780     
         120         115  0.952552958182101     
         121         118  0.979029535940726     
         122         118  0.980100815558284     
         123         118  0.977590283180412     
         124         116   1.31053358927675     
         125         124  0.981003626734116     
         126         125  0.937276582079485     
         127         126   1.59199360371765     
         128         125  0.961803887548400     
         129         128   1.00582617371647     
         130         128   1.01097743854589     
         131         124  0.903496962864962     
         132         125  0.943876552717964     
         133         128  0.964463495207515     
         134         129  0.980289468819573     
         135         129  0.984274347371371     
         136         129  0.983003721262954     
         137         130  0.983153176240253     
         138         130  0.974600452804256     
         139         130  0.981091091708060     
         140         126   1.32780737644612     
         141         140  0.997776798215022     
         142         141  0.955950953155482     
         143         142   1.61485727824002     
         144         140  0.888251151946894     
         145         141  0.952983592465049     
         146         141  0.949592065668382     
         147         142   1.30553423382980     
         148         147  0.990479632438091     
         149         148  0.931831918725316     
         150         149   1.59938571989475     
         151         148  0.978302640871916     
         152         151   1.00685020016684     
         153         147  0.888048944929801     
         154         148  0.947574488935418     
         155         151  0.969390925420449     
         156         151  0.964444157137401     
         157         152  0.870257931100340     
         158         149   1.33804615529950     
         159         158  0.973776721865363     
         160         159  0.933120043258414     
         161         160   1.61422281805428     
         162         159  0.980672194672893     
         163         162   1.00363636360337     
         164         163   1.00673830018801     
         165         164   1.01354182589805     
         166         165  0.953327739505266     
         167         158  0.894122043909971     
         168         159  0.948266727682445     
         169         162  0.967873540300991     
         170         162  0.969412157206801     
         171         163  0.968834177862354     
         172         163  0.972118379202488     
         173         164  0.967198803267810     
         174         164  0.966386129209573     
         175         165  0.963396417795434     
         176         165  0.963466056216791     
         177         166  0.895085279333670     
         178         166  0.894884938587818     
         179         166  0.896861702603779     
         180         160   1.31760118082506     
         181         180  0.979628330620767     
         182         181  0.938686909455543     
         183         182   1.62223435704225     
         184         181  0.980369964448256     
         185         184  0.991131217344205     
         186         185   1.00721549137540     
         187         185   1.01000315155131     
         188         180  0.879183675841630     
         189         181  0.948236319080274     
         190         184  0.970299704588365     
         191         184  0.970875903109006     
         192         185  0.963993920821219     
         193         186  0.985052151880431     
         194         186  0.985322486445148     
         195         186  0.986392700029278     
         196         187  0.983847181684120     
         197         187  0.986313583692234     
         198         187  0.984887648708801     
         199         182   1.30098892357959     
         200         199  0.980396407026783     
         201         200  0.936356313025736     
         202         201   1.61561503397916     
         203         200  0.978133181092214     
         204         203   1.00150265337847     
         205         204   1.00131739376690     
         206         205   1.01107006571255     
         207         206  0.962419448355263     
         208         199  0.909715026630917     
         209         200  0.951945810584245     
         210         203  0.966153050785722     
         211         203  0.970529067786933     
         212         204  0.976507845653485     
         213         204  0.968260633942199     
         214         205  0.968916102371546     
         215         205  0.973169344755184     
         216         206  0.963561193804385     
         217         206  0.967754855728826     
         218         207  0.899722523396363     
         219         207  0.817570650481885     
         220         207  0.903717646507389     
         221         201   1.30941274313279     
         222         221  0.980251494482960     
         223         222  0.969093535443710     
         224         223   1.89547949316012     
         225         222  0.968888183786105     
         226         225   1.00808378662648     
         227         226  0.992885424551990     
         228         227   1.01094935389880     
         229         221  0.892812269725080     
         230         222  0.944591153077482     
         231         225  0.959660755434512     
         232         225  0.967230205741494     
         233         226  0.973539258285824     
         234         226  0.966331305345086     
         235         228  0.979822412105623     
         236         228  0.983719960886951     
         237         228  0.984145428795174     
         239         238  0.867442980033483     
         240         238  0.899953501207419     
         242         241  0.890259132242987     
         243         241  0.893228488194836     
         245         244  0.905788682991088     
         246         244  0.868024310671165     
         248         247  0.863696649462304     
         249         247  0.907065789295702     
         251         250  0.882107730766659     
         252         250  0.892977530278965     
         254         253  0.906932376462514     
         255         253  0.861710347516884     
         257         256   1.00665971098394     
         258         257  0.978105181070757     
         259         258   1.87466561750659     
         260         257  0.952183102139343     
         261         260   1.00791155832373     
         262         260   1.00779185038016     
         263         256  0.950974980413561     
         264         257  0.957304365468950     
         265         260  0.962978176758678     
         266         261  0.982465270008558     
         267         261  0.981504586267903     
         268         261  0.982768094802944     
         269         262  0.979807006660816     
         270         262  0.984367938719774     
         271         262  0.984262786674702     
         273         272   1.01737148894434     
         274         273  0.939314646778770     
         275         274   1.60359031669935     
         276         273  0.974441417287151     
         277         276  0.990984719186195     
         278         277  0.972306410711454     
         279         278   1.62448041667941     
         280         278   1.31457297716577     
         281         272  0.951743126209357     
         282         273  0.956946432753678     
         283         276  0.976850979369465     
         284         276  0.970013457694954     
         285         277  0.946573258136392     
         286         277  0.975986585665260     
         287         280  0.934474918919523     
         288         280  0.895542983914006     
         289         274   1.32016596215447     
         290         289  0.981130380852610     
         291         290  0.973890202409838     
         292         291   1.89399543309244     
         293         290  0.950963832456402     
         294         293  0.993586255963866     
         295         293   1.00873400250135     
         296         294   1.01883504035475     
         297         289  0.889588464837173     
         298         290  0.939602328462563     
         299         293  0.961002125936467     
         300         294  0.975686488408966     
         301         294  0.974768707618166     
         302         295  0.978753851049895     
         303         295  0.981195602425310     
         304         295  0.985283583244711     
         305         296  0.977517457476373     
         306         296  0.986583273943480     
         307         296  0.983523100059423     
         309         308   1.02031901478593     
         310         309  0.981359618164481     
         311         310   1.87733763364505     
         312         309  0.939468859352495     
         313         312   1.00588926947712     
         314         312   1.01034382881008     
         315         308  0.934446929337884     
         316         309  0.955530189164627     
         317         312  0.968525681321193     
         318         313  0.980311625635305     
         319         313  0.985909530799560     
         320         313  0.982787475106373     
         321         314  0.984575913617120     
         322         314  0.973743473686377     
         323         314  0.985200019532682     
         325         324   1.01329704208086     
         326         325  0.978199340345277     
         327         326   1.88674501309199     
         328         325  0.946320414278050     
         329         328  0.994615250945865     
         330         328   1.00878054638815     
         331         329   1.01781874180161     
         332         324  0.951939789787120     
         333         325  0.955554902910610     
         334         328  0.963211855869832     
         335         329  0.976253650344316     
         336         329  0.975251689464416     
         337         330  0.978672098474308     
         338         330  0.981107346167852     
         339         330  0.985465395460418     
         340         331  0.977124713469180     
         341         331  0.985402837467773     
         342         331  0.983600765469756     
         344         343   1.01388277897739     
         345         344  0.977534222109494     
         346         345   1.85748158224237     
         347         344  0.965143056130315     
         348         347  0.898746901578172     
         349         348   1.45005883491903     
         350         348   1.54819547379586     
         351         343  0.956345826027825     
         352         344  0.949272218074783     
         353         347  0.974916423958627     
         354         347  0.960465119362811     
         356         355   1.02636754159656     
         357         356  0.973367281850980     
         358         357   1.88813351549546     
         359         356  0.956258366934542     
         360         359  0.999620265003059     
         361         355  0.924252382434078     
         362         356  0.954230754208581     
         363         359  0.971685675641950     
         364         359  0.963426066022635     
         365         360  0.873426733410534     
         367         366   1.01699537738239     
         368         367  0.934951152604033     
         369         368   1.61656512896286     
         370         367  0.976124397869938     
         371         370   1.00210725406385     
         372         371   1.00120753790247     
         373         372   1.01070694914925     
         374         373  0.960187560132558     
         375         366  0.952717060209284     
         376         367  0.960929726978484     
         377         370  0.966579612011846     
         378         370  0.972724005874481     
         379         371  0.976667984390447     
         380         371  0.973837287054298     
         381         372  0.969015093965378     
         382         372  0.973127212787595     
         383         373  0.963442557445849     
         384         373  0.967548925517655     
         385         374  0.900215316873234     
         386         374  0.818496384385513     
         387         374  0.903638352891778     
         388         368   1.30313716736282     
         389         388  0.986714794228551     
         390         389  0.968202676069877     
         391         390   1.89593755426910     
         392         389  0.970750201614443     
         393         392   1.00687291705387     
         394         393  0.991441351314014     
         395         394   1.01007685448704     
         396         388  0.891975252000560     
         397         389  0.943830187928076     
         398         392  0.965098267283523     
         399         392  0.969424406675246     
         400         393  0.971065991805065     
         401         393  0.966964469973504     
         402         395  0.980334273650780     
         403         395  0.983171643917135     
         404         395  0.976751101499464     
         405           1  0.953004629934960     
         406         223  0.954831462022964     
         407         256  0.955513156067954     
         408         258  0.953662416605119     
         409         272  0.955284909163591     
         410         291  0.954100689769520     
         411         308  0.955934098202084     
         412         310  0.954417502943370     
         413         324  0.954983947130863     
         414         326  0.953979819210748     
         415         343  0.954207997649519     
         416         345  0.955003428806660     
         417         355  0.950161649119169     
         418         357  0.953422706172353     
         419         366  0.956160899408560     
         420         390  0.952656737849294     
