   -0.38636995
    0.03872595
    0.25957186
   -0.52153746
   -0.06847359
   -0.00056381
   -0.10492120
   -0.11578841
    0.19016953
   -0.00282166
    0.07922210
    0.03401486
   -0.00719694
    0.03165165
    0.01620668
    0.05943595
    0.03573642
    0.06725547
    0.04128153
   -0.18746043
    0.01471763
    0.25983723
   -0.52177978
   -0.07799102
   -0.09727266
    0.29034070
   -0.50775594
   -0.29045424
    0.23119819
    0.09455810
    0.09282698
    0.07609582
    0.08290035
    0.04437973
    0.23813078
    0.23976122
   -0.20403244
    0.02399917
    0.27057015
   -0.53813409
   -0.06966397
   -0.09681881
    0.29330207
   -0.48139914
   -0.28888585
    0.21766932
    0.06431591
    0.07067919
    0.09387183
    0.07175851
    0.04819276
    0.20593722
    0.24104398
   -0.19817325
    0.05338637
    0.24107396
   -0.60316612
   -0.05337076
   -0.00916376
   -0.04091963
   -0.05342564
   -0.06265046
   -0.08715664
    0.13852184
   -0.44580767
    0.18730079
    0.02431643
    0.04321814
    0.00653361
   -0.02996917
    0.03951415
   -0.00252463
    0.06437804
    0.37122192
   -0.21795773
    0.05583123
    0.28469909
   -0.54976150
   -0.07556263
   -0.06360226
   -0.02094741
   -0.14106731
    0.23312714
   -0.24220361
   -0.25415214
    0.21916138
    0.01850293
    0.07147057
    0.06679398
    0.04711962
    0.03784801
    0.08725684
    0.09459930
    0.21025162
    0.24312079
    0.27885267
    0.24229111
    0.27806267
   -0.20358047
    0.04436731
    0.26502862
   -0.50588004
   -0.04844661
   -0.09176116
    0.37175345
   -0.62381455
   -0.64405006
    0.22266851
    0.04481949
    0.03454862
    0.04965664
    0.01517792
    0.02940723
   -0.22720327
    0.06415065
    0.23635159
   -0.56386734
   -0.04094966
    0.00679984
   -0.24152776
   -0.05259371
    0.19170808
    0.05267992
    0.05587985
    0.00353385
    0.03834700
    0.01957700
    0.09190466
    0.07604751
    0.03563245
   -0.25310122
    0.07312658
    0.28339070
   -0.53228369
   -0.05178722
    0.01085695
   -0.08586806
   -0.08586705
    0.18559661
    0.01764551
    0.03502775
    0.04500818
    0.00654422
    0.01737189
    0.03986413
    0.03708052
    0.01979654
    0.03108724
    0.01427065
   -0.21290547
    0.04161598
    0.25004074
   -0.51554801
   -0.01607440
   -0.05396144
   -0.12087001
   -0.11624844
    0.18808245
    0.05044462
    0.02879859
    0.03484449
    0.00249394
    0.08087585
    0.03669534
    0.06355652
    0.05301400
    0.04230929
    0.07772459
   -0.20275159
    0.03351787
    0.27648628
   -0.47933907
   -0.11398552
    0.14803207
    0.08947774
    0.08854645
    0.06024174
    0.03346909
   -0.18458649
    0.03494366
    0.27271417
   -0.50569623
   -0.08362047
    0.36662210
   -0.56487670
   -0.60463579
    0.18891036
    0.09244577
    0.02040032
    0.04323191
   -0.18268227
   -0.03121525
    0.27968947
   -0.48216119
    0.21527534
    0.10070536
    0.10682908
   -0.19569057
    0.03066635
    0.25998231
   -0.52333850
   -0.00279699
   -0.05589595
   -0.09083639
   -0.07141191
    0.21870738
    0.05914247
    0.02007251
    0.03464118
    0.05697134
    0.01523423
    0.01584756
    0.05556502
    0.02198523
    0.02769502
   -0.00189483
   -0.20871191
    0.04806276
    0.26488982
   -0.53901057
   -0.09567534
    0.37123866
   -0.64348289
   -0.62793790
    0.19110216
    0.04846207
    0.05497490
    0.02965105
   -0.09843424
    0.05725029
    0.11188408
   -0.57335657
   -0.04962268
   -0.05679452
    0.00727435
   -0.00225626
    0.03286462
    0.01514948
    0.06519339
    0.06196867
    0.07534701
    0.04268390
   -0.41661367
    0.05452374
    0.12495654
   -0.57736707
   -0.05131677
   -0.00240166
   -0.11553233
   -0.09667414
    0.16723082
    0.02017148
    0.02559182
   -0.02353045
    0.03256333
    0.03689803
    0.03394547
    0.05502716
    0.04434161
    0.01406195
    0.01380143
   -0.65688560
    0.10694369
   -0.01763833
   -0.53316732
   -0.05386717
   -0.05893117
   -0.01199306
   -0.14820355
    0.19270965
   -0.26016775
   -0.26290522
    0.06151269
   -0.07918309
    0.02604092
    0.03955329
    0.04779834
    0.00350497
    0.09783449
    0.06991127
    0.19839646
    0.22463938
    0.21763619
    0.20586432
    0.20964628
   -0.62385123
    0.10157824
   -0.02897641
   -0.50831785
   -0.01354553
   -0.03837491
   -0.06482487
   -0.02593106
   -0.18610611
    0.04502473
   -0.04152513
    0.00293449
   -0.05999120
    0.00767639
    0.01172809
    0.07131184
    0.04816235
    0.09127377
    0.11820671
    0.29000841
    0.26518719
    0.28890932
   -0.63525823
    0.10723838
   -0.06696846
   -0.57578287
   -0.02001033
    0.00259862
   -0.05060831
   -0.02807691
   -0.06279913
   -0.07526158
    0.12894366
   -0.43325512
    0.04952802
   -0.07456572
   -0.01627486
   -0.03443769
   -0.00660092
    0.03549115
   -0.00106448
    0.02697515
    0.30975043
   -0.66351818
    0.08456408
   -0.06471931
   -0.58387083
   -0.00480165
    0.01599523
   -0.29710427
   -0.00722515
   -0.00624483
   -0.03990974
   -0.04307517
   -0.02787004
    0.02736801
    0.04493038
    0.02059981
   -0.00538978
    0.03420080
    0.16133497
   -0.02045502
    0.17396666
   -0.02689265
