$grad                                                                           
  cycle =      1    SCF energy =  -365.11877834107   |dE/dxyz| =  0.382658
   52.32844495604365     46.72810991254613    160.89333031600793      n 
   51.40227846052947     44.15525121128599    160.94920744251181      c 
   49.05917603337679     43.85314243132822    159.28645994198618      c 
   48.72356844415424     41.97645047483712    157.97417348149088      o 
   50.76637613793156     43.25945709250621    163.63723356914468      c 
   49.70157733535262     40.60917997307746    163.71689594088002      c 
   51.06542336739867     38.56765672867349    162.77594037695422      c 
   47.35987139205491     40.13106947055888    164.80873860944064      c 
   50.11830012121080     36.13091063890387    162.90582238870203      c 
   46.43139596077881     37.68915527171369    165.00088200086302      c 
   47.80316381244349     35.67865295969067    164.04430250574262      c 
   51.25551996149646     48.03261253251888    161.79214163095369      h 
   52.90342316580271     42.97240268865673    160.17080754830621      h 
   52.49984317523395     43.33284642994674    164.75992703938186      h 
   49.41784361406611     44.57353663137377    164.48296665317781      h 
   52.92093337003937     38.87446261428543    161.98998427691319      h 
   46.26060062104710     41.67960951931306    165.56860652591158      h 
   51.18632021432667     34.56861486357143    162.13857946805956      h 
   44.62548614541751     37.36293297051351    165.90080297498045      h 
   47.08450376080031     33.77540111190719    164.20540692905061      h 
   47.44516219782385     45.77618934929290    159.38606775808924      n 
   45.07419580444557     45.59368092158761    158.04988385612035      c 
   45.44506017813389     46.14207799651104    155.23365134019554      c 
   46.94278527803709     47.74930705072248    154.49126272376103      o 
   43.22803950929411     47.58572100811740    159.02773164988230      c 
   42.23013082723925     47.05699686963118    161.69504794858344      c 
   41.68144198751096     49.53447356600320    163.05631224705309      c 
   39.83780325386620     45.47197279527847    161.53864300990560      c 
   47.69406892578868     47.21566031881264    160.62983118794637      h 
   44.36291501755007     43.67576920652260    158.34062779889675      h 
   44.22490363531494     49.38759488928153    159.00313149227162      h 
   41.64023350474282     47.74316817374201    157.72000723519375      h 
   43.66498586503887     46.03070514481292    162.78288622285095      h 
   40.85363095439892     49.18281881821603    164.90221935443714      h 
   43.40259611457983     50.61684099180680    163.35563693269813      h 
   40.37453811148272     50.69526864911013    161.97738646876095      h 
   39.14024771019073     45.00039882137037    163.41496199458760      h 
   38.36333174728635     46.52222293282217    160.56191186465574      h 
   40.18584917046511     43.71943365650293    160.52886941740468      h 
   43.92387403608387     44.86702425761833    153.68255437903738      n 
   43.68234541427574     45.58356186167184    151.00748045258030      c 
   42.25387967162459     48.10364925034761    150.74928767800796      c 
   41.34089761056626     49.19046426503663    152.57056520644898      o 
   42.15206970703919     43.43268115999543    149.80016242364610      c 
   40.57992010163098     42.43858744704941    152.02510813881156      c 
   42.28670101697114     42.76735334866809    154.35087814109775      c 
   45.58790681254898     45.77317724801705    150.23334345394963      h 
   40.95143323807981     44.09866491938826    148.27296907580649      h 
   43.41534424003783     41.96298623395118    149.11015324864869      h 
   38.88851457109098     43.59341590509766    152.26864674740560      h 
   40.02885703554231     40.47624262463584    151.77725003413792      h 
   41.14508200843702     43.18114221177985    156.01457013421177      h 
   43.46423902191111     41.10116636134365    154.70385097273456      h 
   24.31022875926301     45.44432726833350    158.52529459466948      n 
   25.73124864983805     43.18635909865061    159.08366947835214      c 
   25.13675947583235     41.06372777394101    157.20567710902770      c 
   26.78011287465376     39.58569610568679    156.50597876182360      o 
   25.18748800033471     42.27576924223842    161.76342337575127      c 
   26.98323705557567     40.10677864823595    162.42706117738317      c 
   26.89369638030175     39.26120389923785    165.18018639085136      c 
   27.72992683226789     41.31525627896407    166.78698081886589      n 
   28.19595319269766     41.14082875481082    169.22960687256293      c 
   27.92799074623879     38.95750648053169    170.44121374867848      n 
   28.78466976944550     43.25508370862346    170.50528237948095      n 
   23.15167770625669     46.16796425813914    159.87075474293815      h 
   27.76128546132160     43.58140068093629    158.87144034155966      h 
   25.41341207141063     43.87915041455107    163.04210305106460      h 
   23.22642404475204     41.64189916550836    161.86398529804549      h 
   26.54941477341638     38.47913066899361    161.24308311169685      h 
   28.92838040640673     40.63376342456591    161.98579013145803      h 
   24.97486800283142     38.70200778865668    165.71073321140065      h 
   28.18795439055715     37.66418542285812    165.35001811566883      h 
   27.97160128328266     43.01664819043812    165.94948968857807      h 
   27.80887676465916     37.31770416948756    169.47993799903648      h 
   28.46116493138802     38.78822745803552    172.26232424424285      h 
   28.68953699824517     44.95724816085256    169.65356105249120      h 
   28.82202579736703     43.22599068788406    172.40851155565531      h 
   28.98294182217883     40.59878390522677    151.45881951295490      n 
   31.54703675059658     39.78189246076069    151.89962943607969      c 
   31.60324196035937     36.89016672333955    152.27197653901456      c 
   29.69849253839820     35.59767451515207    152.21812993041311      o 
   32.62860567194441     41.29477271302248    154.10796191846944      c 
   32.30309803713032     44.13221295752580    153.65631280017590      c 
   34.71445470993973     45.94924024550866    155.39335908462886      s 
   32.80843374240987     48.02132500062456    157.32531014106692      c 
   27.79944704407744     40.33044785560136    152.93887238351854      h 
   32.59168051174383     40.18646963514646    150.15104661753605      h 
   31.63536807685198     40.73211638893931    155.82564982081809      h 
   34.63115611713927     40.87449802793869    154.34538342577306      h 
   32.56178785535872     44.57915337877520    151.66284666937503      h 
   30.44814178844344     44.78593521913621    154.25533675010902      h 
   34.11030309541268     49.29573314450436    158.26576385066133      h 
   31.55459217767596     49.09379965817126    156.11619401200272      h 
   31.77002897138853     46.93385338156822    158.71799397596942      h 
   33.92363739647467     35.84441060864936    152.48291794435764      n 
   34.32627917628206     33.24366442239034    151.68062654846509      c 
   34.76109370156987     31.55990851402042    153.98863628078047      c 
   36.42167764465162     32.08433182521865    155.51500094694168      o 
   36.53868456516820     33.17880508470829    149.77216272029528      c 
   39.08973163472671     33.75393957537027    150.99684013179251      c 
   36.64266649685590     30.66005964636500    148.37608358416614      c 
   35.45770968673144     36.97497747654538    152.50150449378722      h 
   32.57571557307659     32.66750331561867    150.73150748314470      h 
   36.12365126498444     34.66786655817372    148.39457874229140      h 
   40.51142877020075     33.98794913806387    149.53340510758156      h 
   39.03579364086809     35.47606024227118    152.11731419165670      h 
   39.68026392933061     32.22143711088417    152.22908958899708      h 
   38.07977331395534     30.75314474945503    146.91208832235159      h 
   37.14408720265115     29.13735070909888    149.65561980800157      h 
   34.84190881369317     30.23586564528491    147.48375793491201      h 
   33.19046098333855     29.58340694760769    154.22358597230729      n 
   32.91955719412433     27.77629949574931    156.31121466481764      c 
   33.78215125079260     28.91847086532025    158.87989812128362      c 
   35.32102067027597     27.87792133093550    160.24130736230052      o 
   34.09158974045862     25.08775369429140    155.96951470779376      c 
   35.55311081583513     24.24153117690658    153.58885313647079      c 
   34.09447126393905     24.52105913375794    151.10831176230062      c 
   38.18592616432535     25.41954635201067    153.40284226839228      c 
   31.88896281559794     29.34932372830987    152.84576392209297      h 
   30.87164784915361     27.52569590216330    156.50033023849136      h 
   35.37156400201324     24.82413206398930    157.56926641027624      h 
   32.54449614671651     23.74835784837013    156.21572577343935      h 
   35.83895211105632     22.20831647074177    153.87940954473365      h 
   35.10072162246730     23.53086397722381    149.61438015628261      h 
   32.22150342609204     23.69712279851179    151.28071535084484      h 
   33.91378365578294     26.48491620463812    150.55375392000028      h 
   39.09356681369869     24.86228306390188    151.64414369298487      h 
   38.10027360605027     27.46881117926345    153.47352560368904      h 
   39.37338106705493     24.75604882416905    154.94528895194779      h 
   32.55542019152524     31.04628960038835    159.58559766324805      n 
   33.66837416086247     32.78195538712302    161.41680579282641      c 
   31.87604200301427     33.48136188996482    163.60447785057886      c 
   31.24954840746559     35.67205779552962    163.95761039070351      o 
   34.54338499239367     35.19928471699635    160.03353215895936      c 
   37.12098893006098     36.20409678299480    160.85394643167396      c 
   39.39845472913935     34.69275785168848    159.87899518868215      c 
   39.88799194602580     32.41599155621313    161.33362322693156      n 
   40.19143911399367     30.04302317582581    160.55735844299130      c 
   40.02075527489598     29.42646442895146    158.11667116194675      n 
   40.85170523559535     28.30048195854070    162.23851359051218      n 
   31.32532484785911     31.85079668710632    158.36260191395982      h 
   35.26139836866762     31.78004103653282    162.27768433435708      h 
   34.60460985379455     34.82943628643453    158.01289914026162      h 
   33.13103538840653     36.66329843897677    160.37651658897815      h 
   37.31032649721192     38.11914731974689    160.11929714780263      h 
   37.18311364324310     36.31452390622379    162.90680527126204      h 
   39.09697220662883     34.20321342682035    157.90773007460677      h 
   41.08144791047900     35.88998735357600    160.01361111775665      h 
   40.22782895281631     32.68457095718739    163.19245337847661      h 
   38.88685372383538     30.51438954236243    157.00473568422044      h 
   40.00720861191201     27.56719570224919    157.70936372152499      h 
   40.85746858151086     28.78013046138831    164.11925977393662      h 
   40.83763157018501     26.46425269804678    161.75799268131817      h 
   31.04687246349172     31.60755117727470    165.11906115202305      n 
   29.36261371265273     32.22875613097963    167.19527198201982      c 
   30.31815620799730     31.81576449864834    169.92236999224042      c 
   29.18144564035121     32.81246490542697    171.67235801666914      o 
   26.76041599557774     30.99523746882094    166.86835912072263      c 
   31.66616515135212     29.82518648609353    164.86954381562052      h 
   29.12833360110750     34.28143775131229    167.04504816287837      h 
   25.55580742868656     31.55534545040730    168.43594312990697      h 
   25.91791680239623     31.62208862603053    165.10537426286987      h 
   26.92131873164769     28.94952001867957    166.85836581016352      h 
   32.33380620739448     30.29459541043015    170.22149680222466      n 
   33.49409631623249     29.84765193330492    172.66702490598331      c 
   35.53792476343371     31.82327292899926    173.34338810080391      c 
   36.80250496194791     31.75916223440894    175.26523183422509      o 
   34.41445557543422     27.04800326000403    172.84474131862737      c 
   36.51221014145619     26.91190153484676    174.48006716426175      o 
   35.03367806016457     25.90235296543166    170.25520856924200      c 
   33.49560380939272     30.05160622586088    168.70616603536592      h 
   32.01961839516687     30.14590357605314    174.09613163611755      h 
   32.84214094951851     25.95090555743080    173.66923325824698      h 
   37.06544666942038     25.17431372466761    174.55956760103410      h 
   35.82834048575708     24.02687975934567    170.53146033769480      h 
   33.33309942324430     25.72432516506851    169.12212977991533      h 
   36.41847155507023     27.04344792971641    169.25349468134743      h 
   35.61027867202760     33.78864568575755    171.74613323312494      n 
   37.38548770330759     35.85522544506164    171.94704227577731      c 
   35.87773684020360     38.26144984763707    171.35605735609275      c 
   34.46960028932460     38.40800084493426    169.53091275917640      o 
   39.60969820812029     35.49441525246191    170.10879901415265      c 
   38.71459096844033     34.85263678601761    167.42833124594208      c 
   38.39549596235484     31.96310899470624    166.91643968223428      c 
   40.39475243305051     30.72763139368460    166.62939552013253      o 
   36.22145650929899     31.08334553359304    166.69775015048833      o 
   34.74025705772014     33.66583934955935    170.05259557903150      h 
   38.08677408228011     35.86674030153904    173.89140144155101      h 
   40.73439286752421     37.22467084394367    170.08558569788127      h 
   40.81152779032871     33.96355406258387    170.80662420981582      h 
   36.91921944378335     35.79502654365760    167.04451990869751      h 
   40.13998392391238     35.54095962419096    166.10076966874959      h 
   36.11895633969608     40.08883920030880    173.09975370559198      n 
   34.69710034554395     42.40453195985784    172.96244464586405      c 
   36.23475746368995     44.57245961532814    171.84015479973576      c 
   38.52922114226904     44.58947704007539    171.58914337645575      o 
   33.73040803132773     43.18894609870425    175.56839465834190      c 
   37.45058054081916     39.93749131189047    174.44962787006381      h 
   33.13730384654095     42.00326094775879    171.65972722486225      h 
   32.59845158085591     44.89621838852259    175.44671297931436      h 
   32.61437175607282     41.67417006146486    176.39407276968026      h 
   35.31852545647936     43.56418935103144    176.82200256847773      h 
   34.76335508200031     46.50321312125165    171.13383011053801      n 
   35.87414682690635     48.89617649896748    170.52646362052670      c 
   33.92274838094895     50.88148276231674    171.26202020604589      c 
   31.69870737416041     50.29520922044156    171.51114287261703      o 
   36.61546943475992     48.93198504315927    167.71437392188773      c 
   34.34090099752208     48.78623354979388    166.01260856844075      c 
   33.29832353850580     46.48627932160199    165.30069571432455      c 
   33.19545604416184     51.00799474168637    165.21301227361889      c 
   31.10721794394567     46.43786020132460    163.88005655968666      c 
   30.99373898795273     50.95609823766804    163.81647014064814      c 
   29.93362477064869     48.66276750157405    163.16553354182301      c 
   32.87589939635728     46.57354044106128    171.45165032242696      h 
   37.59691816197846     49.13832128349582    171.65859611276571      h 
   37.65648904187606     50.67336292644170    167.34573777433295      h 
   37.85724988144804     47.30896344601052    167.42096980849101      h 
   34.19300026818991     44.74234119980893    165.87231247295094      h 
   34.02256499986413     52.78536316205273    165.78885178720643      h 
   30.35674790485139     44.64422294015431    163.27062861677013      h 
   30.12120835558958     52.70288442704435    163.23590845948294      h 
   28.20828438867536     48.60914282446680    162.08555505484117      h 
   52.65060816180953     26.13164549285433    156.63512541393033      n 
   52.12021051169130     26.60016060629665    154.00528448898203      c 
   54.09617401832422     28.34792301543721    152.72754466962544      c 
   53.61779216193077     29.51067114505260    150.79069955179102      o 
   49.43867003525435     27.68734366930280    153.75084122700210      c 
   48.91021963585511     29.95915721284018    155.45590030455958      c 
   49.96845490242722     30.35585870810095    157.47888708029518      o 
   47.08559199860554     31.47990269574320    154.59301783829486      n 
   52.06495775215284     27.52890889982688    157.82337096250131      h 
   52.21562431953331     24.77630260642719    153.01687774206323      h 
   49.13601861860051     28.20317447182065    151.77889561240784      h 
   48.07277600477391     26.22764281594413    154.27037461568173      h 
   46.56350975663619     32.99262850013623    155.62781643357087      h 
   46.22954537407749     31.17487159954682    152.92460579844266      h 
   53.86099713260543     46.79588915007422    161.62766795874791      h 
   42.04891957035343     48.90373665810961    149.04960663143387      h 
   25.38160634132313     46.71293206457889    158.15738982472527      h 
   23.38385997009773     40.86497150841289    156.52825299314637      h 
   28.96936830581118     42.26345868301296    151.11063046095370      h 
   34.45657521375730     52.67225764349738    171.54347784124360      h 
   0.1105312593086D+00  -0.1425617361633D-02   0.5635584442860D-01
   0.4452851011921D-02  -0.4870649000157D-02   0.9537348032320D-03
  -0.1310399940980D-01   0.2156772600451D-02   0.1863944528194D-03
   0.2603301786224D-02   0.1002421640723D-02   0.8248876158291D-03
   0.2922922227910D-02   0.7821217795658D-02  -0.5337129677549D-02
   0.1266055124122D-03  -0.6097106926809D-03  -0.2190312793778D-02
  -0.3689628055479D-03   0.3026719262098D-03  -0.2158337368697D-02
   0.2028320804720D-03  -0.8062671686815D-03  -0.4979351083926D-03
   0.4792007313142D-03  -0.1094217007873D-02  -0.1284137680525D-02
   0.3132740804008D-04  -0.2044232159180D-02   0.1271252263398D-02
   0.3722264443298D-03  -0.1848648854997D-02   0.1135736990937D-03
   0.8090309684945D-02   0.3971148121726D-02   0.5151065192726D-04
   0.1484699841291D-02   0.1737562032096D-02   0.2329709850470D-02
  -0.5103586255754D-03   0.1153111809088D-02  -0.4489622911652D-03
   0.1429919986736D-02   0.2547087067632D-03   0.1816369215231D-04
  -0.4420366011950D-03   0.9323273995257D-04   0.2125379258021D-02
  -0.2853550838430D-03   0.3769493971359D-03   0.5390228491462D-03
  -0.5305332033970D-03  -0.3173806098928D-03   0.2984945417619D-03
  -0.7091556624404D-03   0.8912014861351D-04   0.2719612764902D-03
  -0.4068437134394D-03   0.1702451971871D-03   0.9586831808558D-03
   0.7183363026088D-02  -0.1324218478004D-02  -0.7383370318638D-02
   0.2523202393894D-02  -0.4117308778420D-02  -0.1654548268024D-02
   0.2428454907418D-02   0.6864592273337D-03   0.1364785302941D-02
  -0.1829016009375D-02  -0.9696061705117D-03   0.1241999177993D-03
  -0.2680042803308D-03  -0.1488653472748D-02  -0.1412253942520D-02
   0.7008386431238D-03  -0.5290313170102D-03  -0.1011086626183D-02
  -0.4264968215813D-03  -0.3507659333565D-02  -0.3498976537817D-02
   0.3284951658163D-02   0.1928041065413D-02  -0.2671904462517D-02
  -0.1307289106791D-03   0.3745842429333D-02   0.7854323024507D-02
  -0.9304761547873D-03  -0.7044636823676D-04   0.8824460198241D-03
  -0.5399029631814D-03  -0.1821093417310D-02   0.1970636384070D-02
  -0.1020500714190D-02  -0.7987531730394D-03   0.7687312383104D-03
   0.4638690440122D-03   0.9206051770654D-03   0.1274688233731D-02
  -0.5981981989979D-03   0.1519266040783D-02   0.1039647751710D-02
  -0.9921059168842D-03  -0.2746587093916D-03   0.1586793342184D-02
   0.2454200815815D-03   0.9754406351965D-03   0.1178522131952D-02
  -0.9514150793059D-03   0.2279515950593D-03   0.8095354702573D-04
  -0.5291475726669D-03   0.1016647120214D-02   0.7215411105045D-03
  -0.3192457897072D-04   0.4687855708285D-03   0.4285649839149D-03
   0.5272799802607D-02  -0.1721161138691D-02   0.9192855634037D-02
   0.3565851159931D-02  -0.1187864800374D-02  -0.3901258786238D-02
  -0.1607388494404D-01   0.3864755008600D-01  -0.6101267100965D-01
   0.8569908325395D-02  -0.8927927089975D-02  -0.2116980720372D-01
  -0.9338750945027D-04   0.3032830652978D-02  -0.7569456706042D-02
  -0.1529068078142D-02  -0.4403982621513D-03  -0.1170514147681D-02
   0.3443792033383D-02  -0.1520169954554D-02   0.6995351628206D-02
   0.2773300336190D-03  -0.2136685511715D-02   0.3534321100479D-02
  -0.1708365446084D-02  -0.5339597961006D-03   0.8424690467431D-03
  -0.4186095371501D-03  -0.1638829166255D-03   0.6721979438380D-03
  -0.9352497371786D-03  -0.2282993721224D-03   0.2806834733615D-03
  -0.5983577940710D-04   0.1985415674150D-03   0.8449322952751D-03
   0.9638901112884D-04  -0.5338236651248D-03   0.3248879371977D-03
   0.8998362949332D-03   0.6299396060021D-03   0.2524324444660D-03
   0.8636442529810D-01   0.7660130380609D-01  -0.1852190352966D-01
   0.4527468257995D-02   0.6194646926247D-02   0.1123376603659D-02
  -0.5704163596789D-01  -0.1991982628758D-01  -0.3188247585559D-01
  -0.1756105549181D-01   0.1199724884652D-01   0.5078367515983D-02
  -0.3377620178749D-02   0.9024427241299D-02  -0.5063943840856D-02
   0.7104921806759D-03   0.1234084615426D-02  -0.2839171295431D-02
   0.8958031722351D-03  -0.1956264194622D-02   0.2972193491219D-02
   0.1274883018558D-02  -0.1285845304212D-02   0.3981209506517D-03
   0.1727898646022D-02  -0.4249587221236D-02  -0.1960442772694D-02
  -0.6430041280926D-03  -0.1526195362898D-03  -0.3594488296589D-02
   0.8410015864800D-03   0.4146646763357D-02  -0.1012066125896D-02
   0.1998555871620D-02   0.1444953321775D-01  -0.4667663690641D-02
  -0.6046532687982D-03   0.1857949439806D-02  -0.1870361114736D-02
  -0.5585763793680D-03   0.2055424840685D-03  -0.7000546231893D-03
  -0.4843830121067D-03   0.4032386081767D-05  -0.3730101601191D-03
   0.1907331559933D-03  -0.3512740646252D-03   0.4007221038060D-03
   0.2159215116561D-03  -0.4178194170452D-03   0.1882016821139D-03
  -0.3249404412069D-03  -0.7160141569101D-04   0.1229717840949D-03
   0.8391296261146D-03  -0.8708357991421D-03  -0.4685518005055D-03
  -0.4736522008635D-03   0.5813107605161D-03  -0.1313880045255D-03
   0.2278578244299D-03  -0.6398416440652D-03  -0.4294680591715D-03
   0.3793503812404D-03  -0.1141606704205D-03   0.2393782924418D-03
  -0.5718265314595D-03   0.2920891476120D-03  -0.4382911340772D-03
   0.1077193072176D-04  -0.2669439927775D-03  -0.2011193916580D-03
   0.1219988286469D-01   0.1274482015270D+00  -0.1338713357908D-01
   0.6704219711782D-02   0.4294326912545D-02  -0.6530289762248D-02
   0.7147592383507D-02  -0.7219749823965D-02   0.2928326204856D-02
  -0.2220023809241D-02   0.3102752858010D-03  -0.7734992915265D-04
  -0.1038856904513D-01   0.1758919544649D-02  -0.5556378555421D-02
  -0.2433010208433D-02   0.1184556969860D-02  -0.2849548727688D-02
  -0.3209335211127D-02   0.3260357378575D-02   0.2077208756768D-02
   0.1381284965381D-02  -0.6555482379204D-03  -0.4385326251460D-03
  -0.5052383251254D-02   0.1088863908201D-01  -0.4361207824332D-02
  -0.1796146685495D-02   0.8558866753149D-03  -0.1104204600728D-02
  -0.6329397544764D-04  -0.2438758135122D-03  -0.3153041655869D-03
  -0.1811937583471D-02  -0.9877304918666D-03  -0.1682522591876D-02
  -0.1604686008339D-02  -0.7466930299491D-03   0.9277510618726D-03
  -0.1275399962657D-02  -0.1124841130007D-02  -0.1209522715839D-02
  -0.1323869057164D-03   0.2716419572147D-03  -0.5808448688768D-03
   0.2072524432088D-02  -0.1526545721755D-02   0.7541210041599D-03
   0.9707683466389D-04   0.3981191067754D-03  -0.8739642590261D-04
  -0.4489214725224D-03  -0.2244207269475D-03   0.2625236106256D-02
  -0.4290588434544D-03   0.7459754905756D-03  -0.2661529777048D-03
  -0.1012849133131D-04   0.2428845419022D-02  -0.6030936412884D-03
   0.7360122352855D-03   0.3223099320471D-02  -0.1327092210372D-02
  -0.1639224211201D-03  -0.2096574309612D-03  -0.5387988978788D-03
  -0.4442672201720D-03  -0.2458515307501D-04   0.5438826383851D-03
  -0.5575762633191D-03  -0.2535729627651D-03   0.4299842115169D-03
   0.9453468678433D-04   0.9899333357576D-05  -0.9748193572758D-04
  -0.4783712928170D-03  -0.1818242877252D-03   0.1266903889518D-03
   0.8013879724735D-04  -0.1098519803442D-03   0.3777252642477D-03
  -0.1201975333758D-03  -0.1721974607776D-04   0.1579800299978D-03
  -0.1682413558615D-03   0.2383015943373D-03   0.1916917401347D-03
   0.9392615835041D-04   0.1396721099600D-03   0.4563890769009D-03
   0.4647171432640D-04   0.2591656198535D-03   0.3295643534973D-03
   0.1463018432745D-03  -0.7599095029524D-04   0.5813036051204D-04
   0.1809442491833D-03  -0.1900631250622D-04   0.1081245824464D-03
  -0.6412042423688D-03   0.1287758827741D-02  -0.1007643306151D-02
  -0.5394094853484D-03  -0.9634113887661D-03   0.3779716617734D-03
  -0.2936094220776D-03  -0.6383424178888D-03   0.1380819138911D-02
  -0.4295883841912D-03  -0.1173418929013D-02   0.2835905866739D-02
   0.9888727791593D-04  -0.1693874047172D-02   0.8109707455498D-03
   0.9559134681808D-03  -0.1321763198016D-02  -0.4478188639746D-03
   0.5434989210953D-03  -0.7920707206285D-03  -0.2481099725843D-02
   0.1464074636352D-02  -0.1096550970128D-02  -0.1635709506580D-03
  -0.1634696077795D-03   0.1044059428401D-03  -0.3793774516045D-03
  -0.9820990565918D-04  -0.9828738394003D-04  -0.4579275487517D-03
   0.1701494760802D-03  -0.5085800118694D-04  -0.5185473306985D-04
  -0.2437864744054D-04  -0.2892731031235D-03   0.2565983951673D-04
   0.2090494202982D-03  -0.2522777459768D-03   0.4158102965587D-04
   0.5243409204561D-03   0.6169555009508D-05  -0.1226056321234D-03
   0.2870737430329D-03   0.2522350731771D-04  -0.1152161067485D-03
   0.2229894162709D-03  -0.2580126942536D-04  -0.5647873292308D-04
   0.3170393297170D-03  -0.9709411858192D-04  -0.2024099688887D-03
   0.3035525309823D-03  -0.1955825153710D-03  -0.9459704968133D-05
   0.1860111992679D-03  -0.9595229696843D-06   0.1835849722825D-03
  -0.1081893918190D-03   0.4607995574368D-03   0.6672868715654D-03
  -0.2894720480903D-05   0.2768926729208D-03   0.1942412604880D-03
  -0.9206122970561D-03   0.7760738230782D-04   0.6330137872275D-03
  -0.1204391307653D-02  -0.1397027736864D-03   0.1105171647177D-02
   0.2365987698121D-03   0.1983691626611D-02  -0.1384036733424D-02
  -0.6928416816232D-03   0.8677632210168D-03  -0.1487110591483D-02
  -0.3267130652689D-03   0.1022263019806D-02  -0.5005608640846D-03
   0.5591587552015D-03   0.4271881099786D-03   0.6463884315276D-03
   0.1562874315807D-03  -0.2185251669252D-03   0.1273906379679D-02
   0.5653005211001D-03  -0.2559284222637D-03   0.5631246748456D-04
  -0.7209627652240D-03  -0.1023220833935D-02   0.1720895318206D-03
  -0.4930812012315D-03  -0.2524981601433D-04  -0.2200581559528D-03
  -0.1091384867081D-03   0.1087747537539D-04   0.2698957995251D-03
  -0.1652725448656D-03  -0.1402299101451D-03  -0.4505412379820D-04
  -0.1466271766517D-03   0.1956316879247D-03   0.3015270382522D-05
  -0.8104201539688D-04  -0.1583763215647D-03   0.9565966564579D-04
  -0.1674960982981D-03  -0.3857410394848D-03   0.9769063128879D-04
   0.1341425467253D-03   0.2856028545733D-03   0.9630515853981D-04
  -0.2895874820405D-03   0.8196744945664D-04   0.1381606241899D-03
  -0.2677344735533D-03   0.7514173879669D-06   0.4925853741370D-03
  -0.1852002302602D-03  -0.2413276257161D-03   0.3381702070078D-03
  -0.3160682071114D-03   0.9278123397081D-04  -0.1236903883025D-03
   0.2429749607440D-03  -0.1869645380949D-03   0.1396442662654D-02
  -0.1333477977311D-03  -0.2792590882608D-03  -0.3029174452396D-04
  -0.1384698239855D-03  -0.1890324582340D-02  -0.7304389375470D-04
  -0.5521547250267D-03   0.4115253249391D-03  -0.1896852113041D-02
  -0.8925661248959D-03   0.6081954367097D-03   0.1476281114103D-02
  -0.2433694041155D-03   0.1786160731702D-02   0.3019659664816D-02
  -0.1322351168912D-02   0.3120429041380D-03  -0.1936711508311D-02
  -0.4106461276815D-03  -0.1519311278540D-03   0.1063257875907D-03
   0.2164928263917D-03   0.7891887820044D-04  -0.7185672646557D-04
  -0.3148200335401D-03   0.6512499841383D-03   0.5078532069573D-03
  -0.9475184656532D-04   0.6124718265713D-03   0.2086317337651D-03
  -0.5071104713815D-03   0.3340871209685D-03   0.1595853836235D-03
  -0.1909530305478D-03  -0.1521465344167D-02  -0.1457735554492D-03
   0.1819703987318D-03   0.6146925401476D-03   0.2159123340720D-02
  -0.8184535618211D-04   0.7994474415761D-03   0.1301356588595D-02
   0.2293203496826D-02   0.9652354047808D-03  -0.2088592549918D-02
   0.7147731382377D-03  -0.2687858774727D-03   0.1489615248371D-02
   0.9558441585778D-03  -0.2325297110052D-03   0.2470660232649D-03
  -0.2533409391106D-04  -0.3494636430644D-03  -0.1293934833781D-02
  -0.5021081010087D-03   0.2573442282749D-03  -0.4155763277844D-04
  -0.1866180324737D-03  -0.7873649290555D-05  -0.1381503796846D-04
  -0.5476712087757D-04   0.3986658672483D-04   0.1082128117802D-03
  -0.2551290368488D-03  -0.1407584983878D-03  -0.3046869428595D-03
   0.1691610888787D-04   0.5551567955662D-04   0.2822119268091D-03
  -0.4421338184658D-03  -0.1084578110003D-04  -0.6451608734048D-04
   0.4488749763776D-04  -0.2765376829059D-03  -0.5802256015345D-05
   0.1589952918650D-04   0.4167885231818D-03   0.3547691581039D-02
   0.2170386607757D-03   0.1255623315625D-02   0.1433801659014D-02
  -0.2557546122648D-02   0.6810867943851D-03  -0.2336446957179D-02
   0.7081890834303D-03  -0.6615760722013D-03  -0.4039660730294D-02
   0.7248959604466D-03   0.2295097982281D-02   0.3913916463985D-03
   0.1006770660556D-02   0.1341887655862D-02   0.3752355510051D-03
  -0.3439037532571D-03  -0.1689944764983D-02  -0.2317331944934D-02
  -0.6156698426736D-03  -0.2418546012534D-02  -0.5821036710184D-02
  -0.1557018940741D-02  -0.3972023565809D-02  -0.3331272181477D-02
  -0.2986970738823D-04   0.1056179645209D-03   0.6318390894345D-03
   0.4516185266326D-04  -0.2828080268559D-03  -0.1037028230639D-03
   0.4126950595623D-03  -0.3136155326752D-03  -0.9159706006349D-05
  -0.9035825306370D-04  -0.1674358530441D-03   0.2490294348573D-04
  -0.4176641765028D-03  -0.8149790672322D-03   0.3665898303977D-03
   0.5953455097624D-04   0.3306573479478D-03  -0.1431682031070D-03
   0.6267129760938D-03   0.5092691217198D-02   0.1799571589752D-02
   0.2383460568945D-02   0.4563341013470D-03   0.1210838338199D-02
   0.3705656772710D-02  -0.2135483822928D-02   0.3398991968789D-02
  -0.1127884018419D-02   0.4813446657760D-02  -0.3108837143937D-02
  -0.3056028391257D-03   0.2599502534089D-02  -0.2535519940988D-02
  -0.1220853451855D-02  -0.4655542534262D-03  -0.9073869636097D-03
  -0.1985442624089D-04  -0.8043144607849D-03   0.3529659162152D-04
  -0.5367413098413D-04   0.2757232360680D-03   0.1204055371471D-03
   0.1692010109388D-03  -0.2027057901230D-03   0.8377923896949D-04
   0.7501189380000D-04  -0.1792336417799D-03   0.6652145568063D-03
  -0.5664866157490D-02   0.6292335312588D-02  -0.3942971463289D-02
   0.4860475486540D-02  -0.1001296466833D-01  -0.4622227283714D-02
  -0.9082931198257D-02   0.5737334638147D-01   0.1705223833170D-01
   0.3859373105968D-01   0.1274520904247D-01  -0.5189569817031D-02
   0.4892952512614D-03  -0.2536532561198D-02   0.8246768411904D-02
  -0.4708491196265D-02   0.5720128907092D-03  -0.3812138129952D-02
  -0.9866179083969D-03  -0.7569856153507D-03  -0.1862750835611D-02
  -0.5861517461712D-03  -0.1966785484807D-02  -0.4796668895690D-02
  -0.8731922555068D-03   0.1869302623184D-02   0.7078492886788D-03
  -0.3713795997236D-03  -0.1737299614605D-02   0.6581850821411D-04
   0.1307415011807D-02   0.1196263700927D-02   0.1579253126410D-02
   0.1925060249842D-03  -0.6264482186495D-03   0.2467386358018D-03
  -0.9205974444732D-03  -0.9382859495522D-03   0.1385424041249D-02
  -0.1559929410266D-03   0.3763242037635D-03   0.2646364595246D-03
   0.2779048903141D-03  -0.9141797133573D-03   0.3946005882343D-03
   0.1252292228959D-04  -0.2489858471149D-05   0.4046054026722D-04
   0.7303137518052D-03  -0.7882923703746D-03   0.2037054177499D-02
   0.3778971041061D-03   0.1027256214817D-02   0.3302464300462D-03
   0.9976866167501D-03  -0.8066111703276D-03   0.2903025700630D-03
   0.1411244754870D-02  -0.3337593891611D-03   0.1098776457761D-02
  -0.9851260481284D-02   0.2541002390564D-01   0.1397257386259D-01
   0.8979489332903D-02  -0.5345605797416D-02  -0.5420039767983D-01
  -0.2320196025919D-01   0.4759917416728D-02  -0.6202586949193D-02
   0.1414956584927D-01  -0.8954400293441D-02   0.1490907920626D-01
   0.8730596605830D-02  -0.8816506608800D-02   0.5626378581262D-02
  -0.1178000860332D-01   0.1092545844460D-01   0.7982664302355D-03
   0.1141208119865D-01  -0.1257868809429D-01   0.2984686402287D-02
   0.8079976494928D-02  -0.5871763775700D-02   0.1855504621538D-02
  -0.1890373859103D-02   0.1178401860040D-02   0.1356309465259D-01
  -0.4578789693818D-02   0.1147261010212D-02   0.3448696600980D-02
   0.2845980072583D-02  -0.3146112350312D-02   0.3279944295553D-02
  -0.1203637430077D-02   0.1117697013436D-02  -0.8121055993865D-03
  -0.1884764317581D-02  -0.2869799977362D-03   0.4847057078293D-03
  -0.1289773887923D-02   0.3229386793359D-03   0.1884530608377D-03
  -0.1279785465829D+00  -0.4674786278572D-02  -0.5543904272193D-01
   0.1729155597033D-02  -0.2288252569653D-01   0.7330934849222D-01
  -0.8587928424379D-01  -0.1026259005451D+00   0.3780348490877D-01
   0.7282775018999D-01   0.8048894662000D-03   0.2198241759118D-01
   0.1650109899701D-02  -0.1336384580537D+00   0.3302402082817D-01
  -0.2843823652032D-01  -0.6877374355368D-01  -0.8288532272200D-02
$end                                                                            
