           2           1   1.02232628425361     
           3           2  0.949063955069066     
           4           3   1.60858391351024     
           5           2  0.978673191840544     
           6           1  0.936825851417441     
           7           2  0.944432378220571     
           8           5  0.982497255463570     
           9           5  0.978606360091964     
          10           5  0.984787122741123     
          11           3   1.31221028519394     
          12          11  0.978333149187524     
          13          12  0.949081731058100     
          14          13   1.56627202075736     
          15          12  0.960743277401726     
          16          15   1.00718816571959     
          17          16   1.00299377167385     
          18          17   1.01016282050501     
          19          18  0.962748205278671     
          20          11  0.898486608385267     
          21          12  0.951009394642174     
          22          15  0.971041273490327     
          23          15  0.971053018974599     
          24          16  0.973545503411299     
          25          16  0.975919675970650     
          26          17  0.971752736804711     
          27          17  0.968143742273338     
          28          18  0.956093282256839     
          29          18  0.962897732887349     
          30          19  0.900204232349521     
          31          19  0.884295813437051     
          32          19  0.896792380455729     
          33          13   1.34411337168168     
          34          33  0.982898884820772     
          35          34  0.927193236173212     
          36          35   1.63334648946314     
          37          34  0.956999289386508     
          38          37   1.00791777221542     
          39          38   1.40728612453934     
          40          38   1.41386487939889     
          41          39   1.43886538536613     
          42          40   1.44157167819242     
          43          41   1.43279080627177     
          43          42   1.43984147838222     
          44          33  0.886006036347624     
          45          34  0.947787759201640     
          46          37  0.965992518795871     
          47          37  0.970573204538936     
          48          39  0.959999698935457     
          49          40  0.964820813775146     
          50          41  0.962581966126969     
          51          42  0.964428236076627     
          52          43  0.965097537113912     
          53          35   1.31239052612992     
          54          53   1.00390851545255     
          55          54   1.00255753188562     
          56          55   1.88511821107643     
          57          53  0.891581762688125     
          58          54  0.930545187950683     
          59          54  0.931293347845444     
          61          60   1.01100937600283     
          62          61  0.945104335093285     
          63          62   1.61949580492730     
          64          61  0.988129402054829     
          65          64   1.00309670814485     
          66          65   1.00576781894653     
          67          66   1.00789808640604     
          68          67  0.969323958494080     
          69          60  0.962951284883481     
          70          61  0.940275027994861     
          71          64  0.975454229780795     
          72          64  0.964081247759900     
          73          65  0.971752601988249     
          74          65  0.976323689446587     
          75          66  0.975517629570684     
          76          66  0.968880385926002     
          77          67  0.966291241457630     
          78          67  0.971091989059459     
          79          68  0.916145148304093     
          80          68  0.920895361519777     
          81          68  0.687915677922493     
          82          62   1.30013896547218     
          83          82  0.984561047961925     
          84          83  0.924364831903284     
          85          84   1.63661041507967     
          86          83  0.966078248929620     
          87          86   1.01700537811734     
          88          87   1.56376584863663     
          89          87   1.20254613102167     
          90          88   1.20117459263822     
          91          89   1.24108342955554     
          91          90   1.19471896660537     
          92          89   1.32889680431860     
          93          91   1.33219888860623     
          94          92   1.50402576492841     
          95          93   1.49330173610592     
          95          94   1.36365650323463     
          96          82  0.914736210703872     
          97          83  0.946865906455987     
          98          86  0.965273121274199     
          99          86  0.955316333544231     
         100          88  0.966957648156014     
         101          90  0.921485443615843     
         102          92  0.963211778383979     
         103          93  0.965668815163447     
         104          94  0.969843605822520     
         105          95  0.967393422216041     
         106          84   1.30399611641168     
         107         106  0.987391288069676     
         108         107  0.936277260917731     
         109         108   1.63066212050991     
         110         107  0.966161109801074     
         111         110  0.995122248166656     
         112         111  0.966482790773472     
         113         112   1.62408907710211     
         114         112   1.32930100097152     
         115         106  0.884906369833789     
         116         107  0.956219643327488     
         117         110  0.968197339010287     
         118         110  0.974625955059190     
         119         111  0.977532843543422     
         120         111  0.952839001991201     
         121         114  0.897224822235514     
         122         114  0.924745079369988     
         123         108   1.30127511044156     
         124         123  0.990244272978189     
         125         124  0.977775748321850     
         126         125   1.89881723184995     
         127         124  0.940028495845096     
         128         127   1.00992679175244     
         129         128  0.990679097344874     
         130         129   1.00806051036750     
         131         123  0.918848652890785     
         132         124  0.942824660434761     
         133         127  0.969768952574057     
         134         127  0.966261739152151     
         135         128  0.968608775995856     
         136         128  0.967059329846575     
         137         130  0.983837950966456     
         138         130  0.985620796053460     
         139         130  0.982469963158372     
         141         140   1.02804616352700     
         142         141  0.947562510948515     
         143         142   1.60323800645061     
         144         141  0.961683133745753     
         145         144  0.968315198634767     
         146         145   1.62896510329672     
         147         145   1.31759767087723     
         148         140  0.929831442508276     
         149         141  0.953778252887246     
         150         144  0.949020351695672     
         151         144  0.968793231045088     
         152         147  0.918494315749798     
         153         147  0.938499499133160     
         154         142   1.31115492249577     
         155         154  0.982053236876313     
         156         155  0.933697247559579     
         157         156   1.64113280374287     
         158         155  0.969601314830501     
         159         158   1.00126918593471     
         160         159   1.00340642229443     
         161         160   1.01010602941490     
         162         161  0.958087626998782     
         163         154  0.876511022371749     
         164         155  0.953126822967963     
         165         158  0.966164026842311     
         166         158  0.971991136125320     
         167         159  0.968911111338242     
         168         159  0.967830137665645     
         169         160  0.968317398729730     
         170         160  0.967662081960183     
         171         161  0.962646816408028     
         172         161  0.961252541201013     
         173         162  0.896739443833358     
         174         162  0.895604023115158     
         175         162  0.892558159366611     
         176         156   1.27953857818929     
         177         176  0.985573687193268     
         178         177  0.930952991724008     
         179         178   1.64954636626495     
         180         177  0.962325025893377     
         181         180   1.00685065441026     
         182         180   1.00771863500921     
         183         176  0.895644681870733     
         184         177  0.952965761841359     
         185         180  0.959258131172459     
         186         181  0.980793582492627     
         187         181  0.980876700376786     
         188         181  0.985358303199933     
         189         182  0.984603309768247     
         190         182  0.985899503495419     
         191         182  0.984258167687215     
         192         178   1.29503516519779     
         193         192  0.994096553678102     
         194         193  0.950791064070332     
         195         194   1.56594584046928     
         196         193  0.961089466788867     
         197         196  0.997959336727000     
         198         192  0.896426949625703     
         199         193  0.944668238010541     
         200         196  0.970095692795120     
         201         196  0.964191488539197     
         202         197  0.872560666788763     
         203         194   1.35150362646501     
         204         203  0.974401304383001     
         205         204  0.927327724225795     
         206         205   1.65285173692621     
         207         204  0.980484741414305     
         208         207  0.924599962387491     
         209         208   1.55661435748206     
         210         208   1.42941230234337     
         211         203  0.889214869646737     
         212         204  0.943144065406493     
         213         207  0.958557282493129     
         214         207  0.965471850994427     
         215         205   1.26395420495413     
         216         215  0.987936836675562     
         217         216  0.936806098767471     
         218         217   1.60418245807891     
         219         216  0.951325704336924     
         220         219   1.01138353510979     
         221         220   1.60238469596119     
         222         220   1.19472975840360     
         223         221   1.19068238100541     
         224         222   1.25466741659395     
         224         223   1.15978338540961     
         225         222   1.33524521905380     
         226         224   1.34293525654932     
         227         225   1.49741253762351     
         228         226   1.48578213705679     
         228         227   1.37211131325496     
         229         215  0.917648394855016     
         230         216  0.951402342029781     
         231         219  0.970100620436617     
         232         219  0.962646371462934     
         233         221  0.967433696403351     
         234         223  0.920070525907996     
         235         225  0.961712809726049     
         236         226  0.961603900132116     
         237         227  0.967850934486912     
         238         228  0.967205847640823     
         239         217   1.31039049213471     
         240         239  0.986331557066970     
         241         240  0.935689693863782     
         242         241   1.59582382140112     
         243         240  0.968723823703438     
         244         243   1.00532307608077     
         245         244   1.00445353095366     
         246         245   1.00830185854579     
         247         246  0.971243522759706     
         248         239  0.878863100564121     
         249         240  0.950912054234191     
         250         243  0.971681931559542     
         251         243  0.971270995522067     
         252         244  0.970970555709718     
         253         244  0.975166896126007     
         254         245  0.966365335946805     
         255         245  0.971543906668985     
         256         246  0.967012097822179     
         257         246  0.968842080632291     
         258         247  0.917070763864543     
         259         247  0.705589810389009     
         260         247  0.910093018774275     
         261         241   1.32883675435134     
         262         261  0.979807997692410     
         263         262  0.944750641558726     
         264         263   1.59649340904370     
         265         262  0.954268321433631     
         266         265  0.993829581191829     
         267         266   1.01001317453136     
         268         266   1.00453993155163     
         269         261  0.901144787968080     
         270         262  0.951726281121644     
         271         265  0.966676378587781     
         272         265  0.972498627574103     
         273         266  0.966920246811235     
         274         267  0.984093457665150     
         275         267  0.979326606819949     
         276         267  0.980329400592386     
         277         268  0.981553447689192     
         278         268  0.984183471202493     
         279         268  0.985693758538924     
         280         263   1.32089870497127     
         281         280  0.986695135876445     
         282         281  0.935054098310356     
         283         282   1.62435710464697     
         284         281  0.964945100287902     
         285         284   1.01211914401873     
         286         285  0.905327760888980     
         287         286   1.50537954969328     
         288         286   1.50080228919096     
         289         280  0.879660395278747     
         290         281  0.953613490228109     
         291         284  0.972170978356925     
         292         284  0.971928639384737     
         293         285  0.961834394561605     
         294         285  0.975489377584318     
         295         282   1.30922513324091     
         296         295  0.969306809733368     
         297         296  0.965501592259961     
         298         297   1.89896443736465     
         299         296  0.947243537144218     
         300         299  0.991094960052524     
         301         299   1.00712117714835     
         302         300   1.02054844282624     
         303         295  0.922014151009092     
         304         296  0.951979281604288     
         305         299  0.964013238826566     
         306         300  0.974936505473100     
         307         300  0.962980562597469     
         308         301  0.980407368887373     
         309         301  0.983313749774389     
         310         301  0.981349412173896     
         311         302  0.983074241971169     
         312         302  0.982886140043336     
         313         302  0.987151335512844     
         315         314   1.01703889529253     
         316         315  0.945548437679839     
         317         316   1.62014900429415     
         318         315  0.954793495576326     
         319         318  0.994722605779136     
         320         318   1.00938913661789     
         321         319   1.01915133885085     
         322         314  0.958270740410734     
         323         315  0.953601174372138     
         324         318  0.966907782854590     
         325         319  0.974962666369400     
         326         319  0.966909800805635     
         327         320  0.980469773780302     
         328         320  0.984560655100020     
         329         320  0.979613721037357     
         330         321  0.983388833054711     
         331         321  0.987137356009500     
         332         321  0.982707311813107     
         333         316   1.31040354797128     
         334         333  0.992480511451702     
         335         334  0.955318282225263     
         336         335   1.61045202774111     
         337         334  0.940585421539236     
         338         337   1.01251883724187     
         339         338   1.39902298247387     
         340         338   1.41258733130272     
         341         339   1.46362440347649     
         342         340   1.44723927145176     
         343         341   1.35939695135425     
         343         342   1.37469244743420     
         344         343   1.07864478065851     
         345         333  0.887345096042092     
         346         334  0.938906227996307     
         347         337  0.970260169303481     
         348         337  0.968528119866013     
         349         339  0.966821355670769     
         350         340  0.969510478046131     
         351         341  0.963482771199115     
         352         342  0.966124964134355     
         353         344  0.869802623654728     
         354         335   1.30453676059841     
         355         354   1.00062094004197     
         356         355   1.02612464049083     
         357         356   1.84672637371696     
         358         354  0.914382951854316     
         359         355  0.914667493403879     
         360         355  0.909655865115729     
         362         361   1.01123620048377     
         363         362  0.946774726612947     
         364         363   1.60865027678042     
         365         362  0.970231832728172     
         366         365  0.995200236439016     
         367         366   1.00987730726901     
         368         366   1.00740949018158     
         369         361  0.955275603720377     
         370         362  0.954257426835038     
         371         365  0.971190159713705     
         372         365  0.973167618325138     
         373         366  0.966405077282775     
         374         367  0.983645398672769     
         375         367  0.980473233288950     
         376         367  0.979485656002856     
         377         368  0.983207204499873     
         378         368  0.985394897853140     
         379         368  0.984221796737131     
         380         363   1.30541666245416     
         381         380  0.994193038254447     
         382         381  0.933046954316853     
         383         382   1.62055033754124     
         384         381  0.949810339661781     
         385         384   1.00778776737404     
         386         385   1.40344765841002     
         387         385   1.40927435329594     
         388         386   1.45978276694125     
         389         387   1.45193395998205     
         390         388   1.36354284758715     
         390         389   1.36938492153162     
         391         390   1.08167300042401     
         392         380  0.892160671147006     
         393         381  0.953181317670062     
         394         384  0.970191943424924     
         395         384  0.968981560832208     
         396         386  0.968755457463650     
         397         387  0.968370621990231     
         398         388  0.966909559714765     
         399         389  0.964274868768400     
         400         391  0.851857269853545     
         401         382   1.30682768956349     
         402         401  0.953264753561552     
         403         402  0.966160608131741     
         404         403   1.90181078791813     
         405         402  0.961752495556979     
         406         405   1.00361565521046     
         407         406   1.00242292401913     
         408         407   1.01061044291661     
         409         408  0.957031301230340     
         410         401  0.922097199513593     
         411         402  0.945483867843560     
         412         405  0.965154835680336     
         413         405  0.967044728461471     
         414         406  0.971315051244320     
         415         406  0.974014823779740     
         416         407  0.968312862411371     
         417         407  0.969190011387008     
         418         408  0.964549940227943     
         419         408  0.963248291297114     
         420         409  0.895231107818343     
         421         409  0.897928480809807     
         422         409  0.893789154305709     
         424         423   1.02954706551068     
         425         424  0.989003432112326     
         426         425   1.87839682796175     
         427         424  0.930030608876173     
         428         427  0.995893621815766     
         429         427   1.00826886543714     
         430         428   1.01770636148629     
         431         423  0.915227482939744     
         432         424  0.942490152369296     
         433         427  0.965630537988061     
         434         428  0.974550747773958     
         435         428  0.973548216689458     
         436         429  0.976269086912867     
         437         429  0.984490105687602     
         438         429  0.980784973618647     
         439         430  0.983313473941280     
         440         430  0.986910428643979     
         441         430  0.979011017586992     
         443         442   1.03239472287799     
         444         443  0.991687095942949     
         445         444   1.87846867952927     
         446         443  0.923083135429974     
         447         446   1.00737971187673     
         448         446   1.01128324930744     
         449         442  0.921309481646858     
         450         443  0.948874275442141     
         451         446  0.969327712744855     
         452         447  0.981638569842154     
         453         447  0.983566826072341     
         454         447  0.982516358772114     
         455         448  0.981983408523314     
         456         448  0.980021116513399     
         457         448  0.982860268170330     
         459         458   1.02688612705757     
         460         459  0.992852944649584     
         461         460   1.87286688979147     
         462         459  0.942552655944373     
         463         462  0.989885177760228     
         464         463   1.00593032613523     
         465         463   1.00902134197218     
         466         458  0.957613273411424     
         467         459  0.939459527281023     
         468         462  0.974360259726580     
         469         462  0.970349411274717     
         470         463  0.958961858195018     
         471         464  0.983318047114830     
         472         464  0.984314200304185     
         473         464  0.983001557228553     
         474         465  0.982923010503048     
         475         465  0.983793863172099     
         476         465  0.980499345490039     
         478         477   1.03204951192659     
         479         478  0.940068179518014     
         480         479   1.64284110281494     
         481         478  0.947282340031906     
         482         481  0.979897807867175     
         483         481   1.00285567402033     
         484         477  0.952323644903162     
         485         478  0.947898464449685     
         486         481  0.957191148015821     
         487         482  0.883223990212766     
         488         483  0.981195141065086     
         489         483  0.983923497224611     
         490         483  0.978530161112857     
         491         479   1.29347024322694     
         492         491  0.978641116082061     
         493         492  0.946467367352663     
         494         493   1.59865436312838     
         495         492  0.946224398019176     
         496         495  0.991571938368223     
         497         495   1.00811553184521     
         498         496   1.02024486740771     
         499         491  0.907596955511629     
         500         492  0.939410637908893     
         501         495  0.963379179182162     
         502         496  0.976048924845354     
         503         496  0.973752823661849     
         504         497  0.981131350295512     
         505         497  0.983114754642373     
         506         497  0.982430962646070     
         507         498  0.983271268463651     
         508         498  0.984132190395354     
         509         498  0.976154263421818     
         510         493   1.30555641566360     
         511         510  0.978539662264196     
         512         511  0.952529319259974     
         513         512   1.58058175581995     
         514         511  0.966634875865627     
         515         514  0.893765152607898     
         516         515   1.49809348779947     
         517         515   1.52098463418181     
         518         510  0.906137225457613     
         519         511  0.948316933357616     
         520         514  0.969618197722031     
         521         514  0.967571942230395     
         522         512   1.33090019244904     
         523         522  0.966278056186381     
         524         523  0.931586653359776     
         525         524   1.66345008566765     
         526         523  0.968809537581677     
         527         526  0.992156171387695     
         528         527   1.01016307180128     
         529         527   1.00691437577560     
         530         522  0.896425550089269     
         531         523  0.952035198814392     
         532         526  0.970141862079685     
         533         526  0.970091255470413     
         534         527  0.967991651605947     
         535         528  0.983826673999558     
         536         528  0.981943679216601     
         537         528  0.979191328458620     
         538         529  0.983449350970641     
         539         529  0.983329361983245     
         540         529  0.981926875098180     
         541         524   1.27695557014700     
         542         541  0.973132424101384     
         543         542  0.933676997588125     
         544         543   1.64213714618792     
         545         542  0.959932082511746     
         546         545  0.994669552986209     
         547         545   1.00668309792632     
         548         546   1.01941066923730     
         549         541  0.928391906552696     
         550         542  0.952726681909312     
         551         545  0.963681699669776     
         552         546  0.975706971801692     
         553         546  0.972904940709469     
         554         547  0.983330162202633     
         555         547  0.984039355372114     
         556         547  0.983416745864962     
         557         548  0.982916591238923     
         558         548  0.983690411926324     
         559         548  0.982385281556137     
         560         543   1.30369548704143     
         561         560  0.970833866086141     
         562         561  0.963858759167910     
         563         562   1.91406214215016     
         564         561  0.947708330813916     
         565         564   1.00457279165283     
         566         565   1.41335279312605     
         567         565   1.41089737984520     
         568         566   1.44586169960177     
         569         567   1.44305741633458     
         570         568   1.43781018806567     
         570         569   1.43790761379201     
         571         560  0.920430532009794     
         572         561  0.957162227438581     
         573         564  0.968314063581251     
         574         564  0.962430798274385     
         575         566  0.969728345961657     
         576         567  0.965231553774045     
         577         568  0.968966672367168     
         578         569  0.965222566181524     
         579         570  0.965706822363951     
         581         580   1.02048776197806     
         582         581  0.976581236088977     
         583         582   1.89393539137454     
         584         581  0.965431681321335     
         585         584   1.00355078004803     
         586         585   1.00352036202611     
         587         586   1.00657778198946     
         588         587  0.954884638511943     
         589         580  0.952708022279531     
         590         581  0.933207534259753     
         591         584  0.974944004465591     
         592         584  0.970811807986583     
         593         585  0.974296116670762     
         594         585  0.975573247855361     
         595         586  0.971718791380416     
         596         586  0.967497947232980     
         597         587  0.964618807747974     
         598         587  0.965607374862955     
         599         588  0.892821628443812     
         600         588  0.893275192395303     
         601         588  0.907037526735332     
         603         602   1.01845379196900     
         604         603  0.944828065382903     
         605         604   1.64095433044283     
         606         603  0.943117421781259     
         607         606  0.983459683194246     
         608         606   1.00574138996917     
         609         602  0.954202217841706     
         610         603  0.959322001129311     
         611         606  0.959923406389492     
         612         607  0.878222690100043     
         613         608  0.981694670680712     
         614         608  0.982854439275335     
         615         608  0.984388676169369     
         616         604   1.29836875201339     
         617         616  0.986567817711026     
         618         617  0.954593076011165     
         619         618   1.62589087506781     
         620         617  0.938234635397370     
         621         620   1.01544756250335     
         622         621   1.39770938305810     
         623         621   1.41108383470340     
         624         622   1.46025970161066     
         625         623   1.44899396206434     
         626         624   1.35849252075225     
         626         625   1.37361154991361     
         627         626   1.07137400136889     
         628         616  0.919193889749917     
         629         617  0.942601639820831     
         630         620  0.962824419018547     
         631         620  0.963638995428930     
         632         622  0.966335375359586     
         633         623  0.967614326328064     
         634         624  0.964217094107911     
         635         625  0.965632346292948     
         636         627  0.860158143792094     
         637         618   1.30101272374638     
         638         637  0.992143188687325     
         639         638  0.951181575400107     
         640         639   1.59548708423418     
         641         638  0.945594801281108     
         642         641   1.02072178762351     
         643         642   1.57476546169292     
         644         642   1.20432401515231     
         645         643   1.19595990556542     
         646         644   1.24299942846246     
         646         645   1.19020767456147     
         647         644   1.33140718400814     
         648         646   1.33556878888955     
         649         647   1.50305689923260     
         650         648   1.48926056761569     
         650         649   1.36818624619443     
         651         637  0.911414855492360     
         652         638  0.938021658196252     
         653         641  0.963740614463455     
         654         641  0.965939646820008     
         655         643  0.960108402988664     
         656         645  0.930730347115766     
         657         647  0.960390467169646     
         658         648  0.966470965291231     
         659         649  0.961858188726543     
         660         650  0.965552808360578     
         661         639   1.32818282623949     
         662         661   1.00560769291117     
         663         662  0.962429091984219     
         664         663   1.60641409227867     
         665         661  0.878512791023068     
         666         662  0.943153485782311     
         667         662  0.936750071739299     
         668         663   1.31190464634471     
         669         668  0.988893362008166     
         670         669  0.993020101806195     
         671         670   1.89322229090275     
         672         669  0.922860369495485     
         673         672  0.996528702926386     
         674         672   1.01170494028559     
         675         673   1.01763842984117     
         676         668  0.889876194247849     
         677         669  0.944500604227023     
         678         672  0.952006311885715     
         679         673  0.976607492958792     
         680         673  0.973025152594183     
         681         674  0.976044686439638     
         682         674  0.979719483859890     
         683         674  0.984760288122988     
         684         675  0.983342092710722     
         685         675  0.985002803398782     
         686         675  0.984482628340990     
         688         687   1.01274544410447     
         689         688  0.942821338402937     
         690         689   1.60265472471559     
         691         688  0.975173363513786     
         692         691   1.00560286560893     
         693         692  0.923944545418155     
         694         693   1.55526566327123     
         695         693   1.41287523904382     
         696         687  0.952341325441225     
         697         688  0.961573047790592     
         698         691  0.971236924997287     
         699         691  0.971297543840821     
         700         692  0.978900606079654     
         701         692  0.964291536196069     
         702         689   1.31480192095460     
         703         702  0.978162317754879     
         704         703  0.982519416513121     
         705         704   1.89908773944253     
         706         703  0.949848150756158     
         707         706   1.00003796626290     
         708         702  0.971329216613911     
         708         707   1.00453101981662     
         709         703  0.948907364957668     
         710         706  0.974741550788159     
         711         706  0.977174276837685     
         712         707  0.973318081453367     
         713         707  0.975900683341091     
         714         708  0.963858159097743     
         715         708  0.969540194909913     
         716           1  0.955343636164785     
         717          55  0.951296287462577     
         718          60  0.947519005298852     
         719         125  0.952517192325815     
         720         140  0.953693489442290     
         721         297  0.953382068068223     
         722         314  0.947571840373165     
         723         356  0.951962345587403     
         724         361  0.952243817816099     
         725         403  0.956019940926557     
         726         423  0.950936473215073     
         727         425  0.955410513429443     
         728         442  0.945492547459413     
         729         444  0.957100634334981     
         730         458  0.939952443683167     
         731         460  0.956416578297453     
         732         477  0.952642583302170     
         733         562  0.953294084084210     
         734         580  0.958957610639628     
         735         582  0.953654671605850     
         736         602  0.949082869537613     
         737         670  0.953429136464661     
         738         687  0.950010891635325     
         739         704  0.951614954451998     
