   -0.38457336
    0.00507618
    0.25981490
   -0.47073353
    0.06430716
   -0.45894733
    0.17742402
    0.05565701
    0.05534466
    0.05224677
    0.34100623
   -0.19053194
    0.01279007
    0.27908039
   -0.50060016
   -0.01817395
   -0.12612052
   -0.12357432
    0.20541950
    0.06790229
    0.05129950
    0.05779841
    0.04842121
    0.04748948
    0.05459030
    0.04653055
    0.05127599
   -0.17330798
    0.01354491
    0.27237521
   -0.47583701
   -0.08556332
   -0.09131939
   -0.03113879
   -0.14911268
    0.22561602
   -0.23154623
   -0.25893997
    0.21429655
    0.06506850
    0.07743599
    0.07558248
    0.08046687
    0.07576526
    0.09099684
    0.09002654
    0.22479016
    0.24017135
    0.25663178
    0.23728920
    0.24429793
   -0.08797347
    0.02541728
    0.27691293
   -0.48228926
   -0.06338728
   -0.07388647
   -0.02626979
    0.04823295
    0.06853693
    0.03310395
    0.07709765
    0.05018794
    0.08988197
    0.06889307
   -0.20135705
    0.01947876
    0.25850553
   -0.44929954
   -0.06751134
    0.00827243
   -0.03374417
   -0.04903240
   -0.03198342
   -0.03980864
   -0.03398730
    0.22094904
    0.09911267
    0.07234391
    0.02839740
   -0.00183403
    0.08022239
    0.01318109
    0.08130156
    0.03747432
   -0.18939704
    0.00410537
    0.26878853
   -0.46116275
   -0.08026957
   -0.07665404
   -0.10042206
   -0.03056233
   -0.16862197
    0.18961992
    0.08351020
    0.06461075
    0.07897323
    0.05371977
    0.06760746
    0.08482908
    0.07470353
    0.07746532
    0.10840131
    0.28019436
    0.27267790
    0.25349433
   -0.17577094
    0.00954089
    0.26644244
   -0.48871731
   -0.06926734
   -0.10132776
    0.28469332
   -0.47816627
   -0.28910806
    0.20249440
    0.08589756
    0.08236785
    0.06995079
    0.05421322
    0.06579126
    0.21849468
    0.23405394
   -0.18648008
    0.00506376
    0.26184499
   -0.45937678
   -0.09493107
   -0.09246896
   -0.03597670
   -0.13717485
    0.22657892
   -0.25532513
   -0.24461237
    0.22290010
    0.10091898
    0.06471432
    0.09308190
    0.08061366
    0.07301365
    0.09270533
    0.09710492
    0.22863417
    0.24487898
    0.25384080
    0.24197707
    0.25384797
   -0.13961105
    0.00889774
    0.26573256
   -0.47257185
   -0.08888204
   -0.08717997
   -0.10099208
   -0.05351769
   -0.15213885
    0.18725985
    0.09457580
    0.07027989
    0.05737191
    0.07667562
    0.05817659
    0.06498891
    0.09408896
    0.11641487
    0.11324394
    0.30303103
    0.29822656
    0.29412267
   -0.14850146
    0.02071394
    0.19399770
   -0.34890885
    0.07836596
   -0.46695330
    0.22835414
    0.10064907
    0.04466839
    0.04471647
    0.35098076
   -0.40658813
    0.02658435
    0.27199817
   -0.49890916
   -0.03549261
   -0.06328745
   -0.12492228
   -0.11077786
    0.17921314
    0.03479954
    0.05307061
    0.03536878
    0.05007289
    0.07261760
    0.04341478
    0.03993355
    0.03730891
    0.05215849
    0.02380056
   -0.17557499
    0.02261870
    0.19528357
   -0.36838249
   -0.08167592
   -0.07395244
   -0.02365926
   -0.15371901
    0.22882248
   -0.24333697
   -0.28182776
    0.21969710
    0.10494210
    0.06986219
    0.10797495
    0.05118557
    0.03992339
    0.09274224
    0.09130527
    0.22667843
    0.25920788
    0.25286218
    0.21044494
    0.23374190
   -0.39126149
    0.04452751
    0.20612697
   -0.39197253
   -0.04467708
   -0.09554482
    0.36201510
   -0.62646200
   -0.59918698
    0.15971500
    0.03622004
    0.04911045
    0.04492024
    0.00848495
    0.01459933
   -0.39883551
    0.02623883
    0.27908552
   -0.51207530
   -0.00415175
   -0.10279698
   -0.10345658
    0.15841560
    0.06583463
    0.00257979
    0.03845572
    0.01258809
    0.05343429
    0.03204833
    0.05316705
    0.02473278
   -0.17780208
    0.02179065
    0.27062725
   -0.48045671
   -0.01473356
   -0.11538294
   -0.11744487
    0.22627328
    0.05718261
    0.05448813
    0.06618616
    0.04382767
    0.03314317
    0.06029143
    0.03604269
    0.04130176
   -0.17748324
    0.01757316
    0.27065256
   -0.49285183
   -0.05135982
   -0.08060769
    0.36512204
   -0.60530667
   -0.62554036
    0.21095483
    0.08150035
    0.03139290
    0.06802720
    0.01655601
   -0.00361967
   -0.16639964
    0.01887141
    0.20342845
   -0.36902198
   -0.09171897
   -0.08653643
   -0.03160497
   -0.13710043
    0.22797908
   -0.22676285
   -0.25605291
    0.22705207
    0.08910784
    0.10068677
    0.08744021
    0.06374481
    0.07547176
    0.08724938
    0.10004532
    0.24390671
    0.23599480
    0.24096409
    0.24741753
    0.24300351
   -0.31377369
    0.02663379
    0.19887183
   -0.35989829
   -0.06558831
   -0.06762173
    0.01574027
    0.05605991
    0.05277718
    0.06487326
    0.04506992
    0.04141898
    0.02812833
    0.00842538
   -0.39709025
    0.02001159
    0.26567607
   -0.50398482
    0.11425680
   -0.48244806
   -0.12532203
    0.17351889
    0.06172620
    0.03362874
    0.34291996
    0.05948337
    0.03529553
    0.04480128
   -0.15974064
    0.02004250
    0.19792681
   -0.34483539
   -0.06831696
   -0.08128541
   -0.08222983
   -0.04965626
   -0.14742735
    0.23035847
    0.07098008
    0.05414017
    0.06055177
    0.07171983
    0.07139910
    0.05778449
    0.07073931
    0.13209548
    0.11695317
    0.30299861
    0.27859491
    0.29538631
   -0.38783461
    0.03551099
    0.27552523
   -0.49333419
   -0.01531884
   -0.11355415
   -0.10951459
    0.16041930
    0.02766940
    0.03134174
    0.04214336
    0.03882877
    0.02981062
    0.04644625
    0.03368725
    0.05015667
   -0.19463386
    0.03324315
    0.20996967
   -0.34785954
   -0.10256216
    0.29230364
   -0.49153874
   -0.28191273
    0.22206686
    0.09465835
    0.08137841
    0.09654705
    0.20998551
    0.22755735
   -0.40968045
    0.06325865
    0.28572768
   -0.48638963
   -0.08209620
    0.35755570
   -0.61102318
   -0.59372414
    0.19319761
   -0.00313232
    0.02216928
    0.04451702
   -0.19814025
    0.04672479
    0.28818317
   -0.49473563
   -0.05894757
   -0.10014972
    0.36825249
   -0.65470156
   -0.64057833
    0.18296471
    0.03482322
    0.04993438
    0.04758719
    0.03218109
    0.04921639
   -0.17890981
    0.04292570
    0.20720840
   -0.35503293
   -0.10645621
    0.37549809
   -0.61384434
   -0.58980707
    0.19785258
    0.07545016
    0.04827332
    0.06037037
   -0.39482483
    0.04682295
    0.27391808
   -0.48587675
   -0.05296733
    0.01235458
   -0.04317541
   -0.03183484
   -0.03515116
   -0.02855317
   -0.03294800
    0.15490834
    0.03430745
    0.04303602
    0.01837497
    0.01947247
    0.02160684
    0.04808588
    0.05290076
    0.05147648
   -0.18717125
    0.02807905
    0.27334271
   -0.47248557
   -0.01418193
   -0.12266515
   -0.10870036
    0.20627074
    0.04074841
    0.03992428
    0.06436469
    0.04607948
    0.05768900
    0.06197779
    0.04183568
    0.02787253
   -0.16860610
    0.02682430
    0.26483736
   -0.50282294
   -0.06935104
   -0.00290515
   -0.03429907
   -0.03759579
   -0.04967623
   -0.07172250
    0.14687478
   -0.40369748
    0.18475399
    0.08616944
    0.05022218
    0.06221613
   -0.00172307
    0.05408440
    0.02637494
    0.05948389
    0.34022500
   -0.17392150
    0.02641913
    0.27036533
   -0.47933721
   -0.05694652
    0.00389909
   -0.20391421
   -0.06149508
    0.24865233
    0.05404851
    0.06351866
    0.06673251
    0.03196849
    0.03746689
    0.07752179
    0.05054016
    0.05640796
   -0.15292044
   -0.00233092
    0.26555315
   -0.49408225
    0.11388924
   -0.47372479
   -0.14176610
    0.20386611
    0.10941516
    0.04453363
    0.32133648
    0.07640740
    0.05601879
    0.06916088
   -0.16137056
    0.02479080
    0.19088597
   -0.34495940
   -0.07068764
   -0.00106636
   -0.04067289
   -0.03949202
   -0.07764533
   -0.05952953
    0.14311534
   -0.41551068
    0.22502993
    0.09075302
    0.06653157
    0.06616648
    0.02654370
    0.04381247
    0.04288563
    0.07124512
    0.35292418
    0.17475274
    0.08232180
    0.17079513
    0.06464366
    0.18177721
    0.06199868
    0.17158468
    0.08114583
    0.19377076
    0.07063285
    0.19728857
    0.06742867
    0.18799522
    0.08409494
    0.17752737
    0.06512072
    0.17957490
    0.08574504
