   -0.38191376
    0.04126239
    0.27124512
   -0.48049967
   -0.05279608
    0.00265317
   -0.03993254
   -0.03593176
   -0.07479378
   -0.05840913
    0.14188826
   -0.42132595
    0.16916005
    0.03564226
    0.03429977
    0.01008439
    0.04452874
    0.01890035
    0.05589586
    0.03734026
    0.33605896
   -0.18870940
    0.02068188
    0.28471678
   -0.50237686
   -0.06786013
   -0.09164007
   -0.09258529
   -0.05499109
   -0.14755671
    0.20311047
    0.09728009
    0.05004261
    0.04985943
    0.07898093
    0.06593715
    0.07789703
    0.08417188
    0.13128716
    0.12482956
    0.31033174
    0.28987906
    0.29767003
   -0.20889810
    0.04984834
    0.27724995
   -0.47169295
   -0.02101857
   -0.18672187
    0.21825557
    0.02534175
    0.05282482
    0.08749094
   -0.18762020
   -0.02665407
    0.27389833
   -0.47478450
    0.21365787
    0.09195358
    0.09846425
   -0.16623957
    0.05008247
    0.27593363
   -0.49793020
   -0.08203136
    0.37478547
   -0.61476837
   -0.61691587
    0.19182852
    0.04456321
    0.02838886
    0.02321365
   -0.15569311
    0.01754365
    0.26678017
   -0.49854892
   -0.07630565
   -0.01318644
   -0.12352587
   -0.11801587
    0.20162774
    0.08402433
    0.04934833
    0.07075850
    0.03294953
    0.04962288
    0.04368471
    0.05735437
    0.04391259
    0.05163103
    0.03557645
   -0.16649450
    0.01932216
    0.18934435
   -0.33996755
   -0.01575008
   -0.10421402
   -0.11060216
    0.24745949
    0.08458516
    0.05951206
    0.05375724
    0.04250471
    0.03456969
    0.05566678
    0.03648893
    0.04458962
   -0.39557512
    0.03083867
    0.27086390
   -0.47139919
   -0.12441691
    0.18717545
    0.05593179
    0.03836612
    0.05859870
    0.03688727
   -0.17938986
    0.02106804
    0.27245760
   -0.50340722
   -0.07330463
   -0.07036231
   -0.02209420
   -0.14121828
    0.22898263
   -0.24423201
   -0.25268938
    0.21559629
    0.08440566
    0.04869328
    0.08876839
    0.07357533
    0.02585633
    0.07160990
    0.10854151
    0.19365037
    0.25568166
    0.26555550
    0.21660141
    0.26783350
   -0.17781254
    0.03533110
    0.27688323
   -0.49838105
   -0.00667000
   -0.05663212
   -0.08676232
   -0.10748848
    0.23414753
    0.06157447
    0.03854108
    0.04541518
    0.03716820
    0.04542425
   -0.00121708
    0.03801284
    0.05925241
    0.04695240
    0.02593273
   -0.17933553
    0.05047410
    0.29286341
   -0.49521670
   -0.09741774
    0.37133193
   -0.64861559
   -0.61849498
    0.20440451
    0.07138419
    0.04471121
    0.04918019
   -0.19199530
    0.04188931
    0.27317616
   -0.48092155
   -0.02953281
   -0.07035966
    0.37089086
   -0.65375592
   -0.64281776
    0.19590254
    0.05122426
    0.02460244
    0.03082740
    0.01485145
    0.00170154
   -0.18554898
    0.02598090
    0.26303056
   -0.52485135
   -0.06294481
   -0.01484984
   -0.17157789
   -0.07814270
    0.20421235
    0.06716593
    0.05822337
    0.07761828
    0.05337695
    0.02426868
    0.10868867
    0.04142975
    0.06179999
   -0.07285247
    0.02324397
    0.20051405
   -0.34562802
   -0.07531128
   -0.07243761
   -0.00884007
    0.08022820
    0.09151343
    0.07463033
    0.07889675
    0.07952334
    0.07215548
    0.05196650
   -0.37789795
    0.03855333
    0.27009598
   -0.45500947
   -0.06365611
   -0.00144930
   -0.04417062
   -0.03970803
   -0.07555952
   -0.05964068
    0.14228255
   -0.43802071
    0.17324234
    0.03461848
    0.04679343
    0.01290988
    0.05788582
    0.00545596
    0.06277012
    0.06058962
    0.35759757
   -0.18635623
    0.03128415
    0.27929392
   -0.52764796
   -0.04109681
   -0.07490573
    0.30063915
   -0.51896274
   -0.28366964
    0.18201037
    0.08509425
    0.04755291
    0.02083232
    0.04118447
    0.06705357
    0.22178863
    0.20248394
   -0.17677965
    0.02760965
    0.27171494
   -0.50099116
   -0.01544589
   -0.12109806
   -0.11557301
    0.23597627
    0.06391951
    0.04832273
    0.07952984
    0.03111328
    0.04813993
    0.07141165
    0.03691238
    0.04419093
   -0.18625166
    0.04063515
    0.19562410
   -0.33548346
   -0.07239926
   -0.00614917
   -0.03661963
   -0.05188408
   -0.03125192
   -0.03578060
   -0.03608511
    0.23188378
    0.06329391
    0.06143158
    0.05243305
    0.01743271
    0.04566829
    0.04657492
    0.06914457
    0.06700778
   -0.37069377
    0.04439159
    0.19381700
   -0.37418181
   -0.07188080
    0.01033506
   -0.04558417
   -0.04337178
   -0.03860661
   -0.03312385
   -0.04202244
    0.15913024
    0.06077374
    0.05273573
    0.05617175
    0.04044038
    0.04655579
    0.04802869
    0.02898815
    0.04315377
   -0.38534597
    0.02550654
    0.28151010
   -0.48162027
    0.12406446
   -0.48618473
   -0.11293126
    0.17049021
    0.05341573
   -0.00656939
    0.31297778
    0.02753977
    0.04353987
    0.06160737
   -0.18227985
    0.02261231
    0.27042241
   -0.50096478
   -0.13201662
    0.20087638
    0.07705498
    0.07894435
    0.07583381
    0.06228641
   -0.15297282
    0.01952318
    0.20128998
   -0.33282130
   -0.09046390
    0.01078983
   -0.04190309
   -0.05193741
   -0.03243502
   -0.02976190
   -0.04363941
    0.22555887
    0.09282932
    0.09819756
    0.09542175
    0.05572766
    0.06781135
    0.01064000
    0.02638678
    0.03464247
   -0.38699748
    0.03828293
    0.20113669
   -0.36690906
   -0.06739299
   -0.01056320
   -0.11669313
   -0.10942787
    0.16265319
    0.05140205
    0.05396601
    0.02996721
    0.02862946
    0.04079150
    0.04433402
    0.04851697
    0.03196247
    0.04906109
    0.02521507
   -0.29910415
    0.03351677
    0.27148494
   -0.48986180
   -0.05604865
   -0.06158729
    0.01013735
    0.01271799
    0.04497041
    0.03308354
    0.04221275
    0.03808332
    0.03642856
    0.04693442
   -0.20486727
    0.03692889
    0.21790823
   -0.36610418
   -0.07346117
   -0.00521969
   -0.03760068
   -0.04419341
   -0.05719532
   -0.07542343
    0.14833257
   -0.42767878
    0.22349834
    0.06873181
    0.05755892
    0.06289607
    0.04473416
    0.04004752
    0.05448200
    0.04843828
    0.34976665
   -0.38407522
    0.03375418
    0.19973185
   -0.36821800
   -0.02851891
   -0.06436075
   -0.11607928
   -0.11002665
    0.15171323
    0.05113787
    0.04810730
    0.04415156
    0.04056657
    0.04632608
    0.03268998
    0.04160290
    0.04087028
    0.03495481
    0.03745630
   -0.38988071
    0.04763470
    0.18955882
   -0.36645669
   -0.09861406
    0.28833969
   -0.49161800
   -0.28676266
    0.17130671
    0.07377586
    0.06929440
    0.08226310
    0.22919162
    0.21349503
   -0.36259314
    0.02295655
    0.26885798
   -0.46009841
   -0.02732687
   -0.07547915
    0.16066410
    0.06207641
    0.06789016
    0.05953790
   -0.16719002
   -0.03736224
    0.20097936
   -0.35441395
    0.21565920
    0.10553202
    0.12883941
   -0.37941475
    0.03158483
    0.19708186
   -0.36193560
   -0.06595826
   -0.01789385
   -0.21053865
   -0.05731730
    0.15666018
    0.07000127
    0.05298233
    0.05832887
    0.07369514
    0.04692987
    0.05856620
    0.03814377
    0.05707777
   -0.28291336
    0.02585116
    0.19968948
   -0.40063578
   -0.05298777
   -0.06757216
    0.00556133
    0.06196284
    0.03017406
    0.03025557
    0.04387727
    0.05150592
    0.03514801
    0.05640369
   -0.42942293
    0.02478367
    0.36551666
   -0.65273363
   -0.06009674
   -0.06546583
   -0.09148308
   -0.03918846
   -0.14432917
   -0.63799637
    0.14922220
   -0.01308817
    0.03771447
    0.02122992
    0.04092203
    0.04539380
    0.08686907
    0.08687089
    0.09385142
    0.09381815
    0.28899419
    0.31154175
    0.31105188
    0.18492789
    0.07859063
    0.17983640
    0.18211999
    0.08779351
    0.17515588
    0.08565893
    0.19392403
    0.09710333
    0.16512125
    0.06891972
    0.18344684
    0.08547788
    0.19061562
    0.06175064
    0.17294708
    0.06783200
    0.19840330
    0.07157735
    0.18699871
    0.08034325
    0.19393017
    0.08898268
    0.17337827
    0.07871595
