           2           1  0.971819625817713     
           3           2  0.934711032061651     
           4           3   1.58780466369644     
           5           2  0.959185222902116     
           6           5   1.01812663971743     
           7           1  0.896354962331911     
           8           1  0.897196871473486     
           9           1  0.816648609814399     
          10           2  0.951919554596833     
          11           5  0.971047336357031     
          12           5  0.960765576957676     
          13           6  0.823929308564070     
          14           3   1.36142220537677     
          15          14  0.997709776384668     
          16          15  0.909050564158225     
          17          16   1.69150516788478     
          18          15  0.978939717654979     
          19          18  0.999810377299644     
          20          19  0.912110990454635     
          21          20   1.52958500971616     
          22          20   1.46418230316543     
          23          14  0.813115102337403     
          24          15  0.935270559618385     
          25          18  0.972051199368470     
          26          18  0.974904062116297     
          27          19  0.967519419404406     
          28          19  0.980362542502992     
          29          16   1.26590279860835     
          30          29  0.969927703351385     
          31          30  0.929664256899492     
          32          31   1.60243705355584     
          33          30  0.996515101600341     
          34          29  0.909189284328722     
          35          30  0.959375775969403     
          36          33  0.977970160529723     
          37          33  0.980710162489459     
          38          33  0.973119658132639     
          39          31   1.32627298917835     
          40          39  0.978296857453584     
          41          40  0.917408090935316     
          42          41   1.64365121426470     
          43          40  0.985744674532547     
          44          43  0.988818391418622     
          45          44   1.01247287434992     
          46          44   1.00666531579844     
          47          39  0.907320752844393     
          48          40  0.943868792059872     
          49          43  0.962586467987159     
          50          43  0.971502957524244     
          51          44  0.967907696593678     
          52          45  0.983999182558598     
          53          45  0.984367048954158     
          54          45  0.982467962577571     
          55          46  0.984555598887650     
          56          46  0.984544620045954     
          57          46  0.985665602831275     
          58          41   1.29268825456708     
          59          58  0.966887985083565     
          60          59  0.926560741166603     
          61          60   1.66015531230210     
          62          59  0.978481554917754     
          63          62   1.00178460213151     
          64          63   1.00653129544576     
          65          64   1.00913045235286     
          66          65  0.958039918893535     
          67          58  0.916115563180166     
          68          59  0.950319085139217     
          69          62  0.959845059310217     
          70          62  0.963184123002507     
          71          63  0.974449643867962     
          72          63  0.975138008262215     
          73          64  0.967364329820767     
          74          64  0.964826660587522     
          75          65  0.965424707191693     
          76          65  0.964022236722434     
          77          66  0.896547153263243     
          78          66  0.891894770380915     
          79          66  0.897509807179289     
          80          60   1.28264171868603     
          81          80  0.993884424217281     
          82          81  0.958486925271303     
          83          82   1.59737348659290     
          84          81  0.936485647635944     
          85          84  0.997988677352723     
          86          84   1.00583129004653     
          87          85   1.01576619408580     
          88          80  0.901852319139571     
          89          81  0.952036570671156     
          90          84  0.967443327565245     
          91          85  0.975159125281683     
          92          85  0.967318109380348     
          93          86  0.983556555973117     
          94          86  0.984756308044097     
          95          86  0.976974470354314     
          96          87  0.986852790168595     
          97          87  0.981701070041622     
          98          87  0.989208629603495     
          99          82   1.29318956956222     
         100          99  0.981255872013704     
         101         100  0.945287652671712     
         102         101   1.65035940565052     
         103         100  0.978297642677592     
         104         103  0.991332361595618     
         105         104   1.01079068267350     
         106         104   1.00743280212278     
         107          99  0.908764902554677     
         108         100  0.930956830014910     
         109         103  0.969430189125883     
         110         103  0.974476919771293     
         111         104  0.966543982396466     
         112         105  0.985872538295738     
         113         105  0.983163918457046     
         114         105  0.984492378688691     
         115         106  0.985492661700625     
         116         106  0.985746316159687     
         117         106  0.984884421951221     
         118         101   1.26044613108766     
         119         118  0.990488548925023     
         120         119  0.979097676351360     
         121         120   1.89041553237943     
         122         119  0.947013501268392     
         123         122  0.956444963283372     
         124         123   1.66662571532754     
         125         123   1.28297778466512     
         126         118  0.912108889476505     
         127         119  0.936155443721391     
         128         122  0.955611924225460     
         129         122  0.971819731338108     
         130         125  0.923306662767459     
         131         125  0.924210433255713     
         133         132   1.01046072361875     
         134         133  0.987124923951459     
         135         134   1.88393543165341     
         136         133  0.938964639778940     
         137         136   1.01175733088348     
         138         136   1.00814258757072     
         139         132  0.948795952214617     
         140         133  0.950361618819287     
         141         136  0.964832095129855     
         142         137  0.973509945921629     
         143         137  0.983008947147095     
         144         137  0.979440097153980     
         145         138  0.978154611352412     
         146         138  0.980820225378169     
         147         138  0.977480041659597     
         149         148   1.02203717650902     
         150         149  0.968781873976323     
         151         150   1.88157173856111     
         152         149  0.954626182642496     
         153         152   1.01693795764932     
         154         153  0.983726858098889     
         155         154  0.983780507108699     
         156         155   1.26937489647443     
         157         156   1.33786632667678     
         158         156   1.33537734937461     
         159         148  0.940482092015285     
         160         149  0.956734419185746     
         161         152  0.971749369829529     
         162         152  0.967458143026886     
         163         153  0.963089786081877     
         164         153  0.975542077190659     
         165         154  0.965693296216379     
         166         154  0.962018169361597     
         167         155  0.923177080744267     
         168         157  0.905081565832038     
         169         157  0.897963811600787     
         170         158  0.914460264202032     
         171         158  0.917841413768244     
         173         172  0.999552356327303     
         174         173  0.963121476886799     
         175         174   1.88822952717866     
         176         173   1.00404229594406     
         177         172  0.950575868233115     
         178         173  0.958474299741060     
         179         176  0.984218329870339     
         180         176  0.981019990975195     
         181         176  0.982714011127488     
         183         182   1.01999199755928     
         184         183  0.978604842957587     
         185         184   1.89019243932561     
         186         183  0.933344870901588     
         187         186  0.999892912265150     
         188         186   1.00642074258269     
         189         187   1.01683607188523     
         190         182  0.933520337331318     
         191         183  0.960540083007291     
         192         186  0.971204695211271     
         193         187  0.952401068119575     
         194         187  0.971967205724572     
         195         188  0.983104085915905     
         196         188  0.984753360854087     
         197         188  0.969201236979501     
         198         189  0.985655147860187     
         199         189  0.987685537054413     
         200         189  0.987198232945187     
         202         201   1.02343579858278     
         203         202  0.940406105186721     
         204         203   1.63181495542290     
         205         202  0.940636171870944     
         206         205  0.995159614953222     
         207         205  0.993519902379424     
         208         201  0.939519530657490     
         209         202  0.955888061943480     
         210         205  0.964309448535081     
         211         206  0.869827614982404     
         212         207  0.982730747725939     
         213         207  0.983434800238013     
         214         207  0.973359335520945     
         215         203   1.26774604685156     
         216         215  0.971285265949814     
         217         216  0.940399890857970     
         218         217   1.60560792051709     
         219         216  0.984782267883383     
         220         219  0.996195651683594     
         221         220   1.00552472046017     
         222         220   1.00883298628908     
         223         215  0.900734872191546     
         224         216  0.942500528371378     
         225         219  0.968366267593324     
         226         219  0.966651885375537     
         227         220  0.965002053248968     
         228         221  0.984963926289810     
         229         221  0.982525815255076     
         230         221  0.986320999147690     
         231         222  0.985809549569285     
         232         222  0.986398236892293     
         233         222  0.985323736192647     
         234         217   1.29998131029824     
         235         234  0.981774347767900     
         236         235  0.933197328181696     
         237         236   1.65214999326195     
         238         235  0.970385628348977     
         239         238   1.00528578352366     
         240         239   1.00725490784854     
         241         240  0.973294476859798     
         242         241   1.34958092648799     
         243         242   1.31167346248106     
         244         242   1.28440530677293     
         245         234  0.910036119912601     
         246         235  0.935219957338387     
         247         238  0.962871946720147     
         248         238  0.964834586676335     
         249         239  0.968571140317374     
         250         239  0.967725420824941     
         251         240  0.957628404013588     
         252         240  0.952241658450419     
         253         241  0.897469757934394     
         254         243  0.906232980042930     
         255         243  0.921149589938620     
         256         244  0.921047552551943     
         257         244  0.915601239697172     
         258         236   1.27171257879084     
         259         258  0.985456137702213     
         260         259  0.922748190116683     
         261         260   1.62581497000754     
         262         259  0.998885119992620     
         263         258  0.916217611167429     
         264         259  0.952393060217191     
         265         262  0.984001061166371     
         266         262  0.975686468138107     
         267         262  0.972376212548707     
         268         260   1.30329329379190     
         269         268  0.983192855967014     
         270         269  0.926678341463025     
         271         270   1.63325272163440     
         272         269  0.980756151870975     
         273         272   1.00634074813739     
         274         273  0.965670479968407     
         275         274   1.60651432636696     
         276         274   1.32164001297924     
         277         268  0.863582710047013     
         278         269  0.940109236524759     
         279         272  0.968979472985944     
         280         272  0.976634222793092     
         281         273  0.962516970295806     
         282         273  0.942864017693127     
         283         276  0.928845020743544     
         284         276  0.923841447755469     
         285         270   1.29858333249527     
         286         285  0.984533101238803     
         287         286  0.931765235093805     
         288         287   1.64889879373494     
         289         286  0.985656612795555     
         290         285  0.848617690594218     
         291         286  0.954490822281018     
         292         289  0.978598877372132     
         293         289  0.965009120428948     
         294         289  0.962435313484528     
         295         287   1.27821832540882     
         296         295  0.979522491306575     
         297         296  0.924676088340592     
         298         297   1.69178511321053     
         299         296  0.978803113183203     
         300         299   1.00135687159231     
         301         300  0.996057159884285     
         302         301  0.990570456749051     
         303         302   1.31124699506029     
         304         303   1.32856240954055     
         305         303   1.30633767620903     
         306         295  0.892408983866905     
         307         296  0.942089128622702     
         308         299  0.970722679650703     
         309         299  0.972178881656268     
         310         300  0.960505155446389     
         311         300  0.974111079616241     
         312         301  0.962862787119574     
         313         301  0.955418733304883     
         314         302  0.905585483578429     
         315         304  0.915107687593101     
         316         304  0.916266981562901     
         317         305  0.915575663554011     
         318         305  0.915946533100449     
         319         297   1.25183530575549     
         320         319  0.978703940945851     
         321         320  0.926793737703130     
         322         321   1.71068646045323     
         323         320  0.985432547113227     
         324         323   1.00808740601729     
         325         324  0.886506798888026     
         326         325   1.47115476652518     
         327         325   1.54661471147922     
         328         319  0.916141486681636     
         329         320  0.950141195162069     
         330         323  0.959278183550272     
         331         323  0.975995993723201     
         332         324  0.962791415281722     
         333         324  0.973355713773752     
         334         321   1.23845371379128     
         335         334  0.991736874775484     
         336         335  0.979326324648416     
         337         336   1.87912124644418     
         338         335  0.963347564003414     
         339         338   1.00349862638474     
         340         334  0.927694031526809     
         341         335  0.910785590855612     
         342         338  0.962301996562485     
         343         338  0.961606992491056     
         344         339  0.870121284455199     
         346         345   1.00687135585028     
         347         346  0.979836374347530     
         348         347   1.86243700481838     
         349         346  0.961544215255425     
         350         349  0.988872344287176     
         351         350   1.00962252277813     
         352         350   1.00605720485230     
         353         345  0.934143117926956     
         354         346  0.948733245712882     
         355         349  0.975365646457001     
         356         349  0.976699029348416     
         357         350  0.956486048195104     
         358         351  0.975941720998019     
         359         351  0.984592979774554     
         360         351  0.985400032906626     
         361         352  0.975372964354680     
         362         352  0.982321305024927     
         363         352  0.977000859197329     
         365         364   1.02936217688313     
         366         365  0.975941660567825     
         367         366   1.89114617758587     
         368         365  0.948651361386442     
         369         368   1.01491870446908     
         370         369  0.988860282426901     
         371         370   1.01181831190082     
         372         364  0.920924181445157     
         373         365  0.943529180868677     
         374         368  0.970205228752587     
         375         368  0.970507317993767     
         376         369  0.966067749867014     
         377         369  0.968197650791634     
         378         371  0.976869333845120     
         379         371  0.983208808112758     
         380         371  0.969131900892222     
         381         120  0.951554996830820     
         382         132  0.953303718996487     
         383         134  0.953522901298631     
         384         148  0.948047226865152     
         385         150  0.958140554686836     
         386         172  0.957373515977540     
         387         174  0.953792443922996     
         388         182  0.956674418748232     
         389         184  0.953906698604111     
         390         201  0.948332068003504     
         391         336  0.951606374439750     
         392         345  0.953843769233349     
         393         347  0.954380307635249     
         394         364  0.953801986313109     
         395         366  0.952351158681634     
