   -0.27921749
    0.02620591
    0.26772220
   -0.54895394
   -0.05620898
   -0.05192884
    0.01795959
    0.04181720
    0.03719115
    0.04544838
    0.02346025
    0.03403871
    0.03052745
    0.03150767
   -0.14042984
    0.02595087
    0.25531385
   -0.53451114
   -0.06667953
   -0.01749634
   -0.12457568
   -0.12087644
    0.22094812
    0.07068177
    0.04935886
    0.04729309
    0.04617757
    0.07293825
    0.04215257
    0.04186295
    0.07123204
    0.03620489
    0.02892475
   -0.10219903
    0.00896276
    0.26418407
   -0.54851571
   -0.06398525
   -0.06964640
   -0.00161896
    0.08055022
    0.07662676
    0.06737991
    0.05646171
    0.06762299
    0.05649804
    0.07070539
   -0.14097605
    0.01999882
    0.27212524
   -0.53307507
    0.07916353
   -0.47598900
    0.22412624
    0.09059286
    0.03804120
    0.04432953
    0.35327548
   -0.10988998
    0.01617841
    0.18556872
   -0.38328506
   -0.09275312
   -0.07296032
   -0.09337087
   -0.05143396
   -0.14544854
    0.21481717
    0.12886285
    0.06704583
    0.08787364
    0.06343434
    0.05085878
    0.07700652
    0.08274138
    0.12021114
    0.11242901
    0.30416860
    0.29519311
    0.30223282
   -0.40561276
    0.02537160
    0.25155937
   -0.59952951
   -0.07145203
   -0.06823670
   -0.09362847
   -0.04690620
   -0.15240045
    0.16425052
    0.06140924
    0.04321368
    0.06188396
    0.05066143
    0.05077762
    0.07991396
    0.08263415
    0.11233915
    0.11375126
    0.29842646
    0.30236655
    0.30171583
   -0.11502813
    0.03207790
    0.19836490
   -0.36848216
   -0.10370408
    0.28649677
   -0.55251600
   -0.25469725
    0.24275860
    0.11129270
    0.11020977
    0.08674847
    0.23018344
    0.24889145
    0.17221304
    0.10533833
    0.18528020
    0.10390378
