           2           1   1.00751899357612     
           3           2  0.975834905408455     
           4           3   1.89607748329207     
           5           2  0.943361059294036     
           6           5   1.00878000611665     
           7           5   1.00922323062736     
           8           1  0.958766807132051     
           9           2  0.964130889550690     
          10           5  0.961880021339988     
          11           6  0.980986823460774     
          12           6  0.977357116209898     
          13           6  0.983975969028641     
          14           7  0.976108297975063     
          15           7  0.985492543996869     
          16           7  0.980178685414553     
          18          17   1.01764300118851     
          19          18  0.938220590870326     
          20          19   1.60998869572377     
          21          18  0.970757982973134     
          22          21  0.990940903687713     
          23          22   1.00798752880040     
          24          22   1.01061969738088     
          25          17  0.957084785107484     
          26          18  0.958355606123785     
          27          21  0.973437982062494     
          28          21  0.970729761128392     
          29          22  0.965839571022913     
          30          23  0.978761648400501     
          31          23  0.986895588862028     
          32          23  0.980685938185027     
          33          24  0.984664959968045     
          34          24  0.984129773507602     
          35          24  0.983660259001676     
          36          19   1.29483155513996     
          37          36  0.974716309113271     
          38          37  0.974008005530469     
          39          38   1.91118051368353     
          40          37  0.967989851369004     
          41          40   1.00475880468697     
          42          36  0.974915548571461     
          42          41   1.00151001124440     
          43          37  0.937823763503247     
          44          40  0.973324430824520     
          45          40  0.972909796094149     
          46          41  0.977793455024334     
          47          41  0.973858147428596     
          48          42  0.965531688893900     
          49          42  0.965281924074736     
          51          50   1.02171683353664     
          52          51  0.989774666531041     
          53          52   1.88127445944890     
          54          51  0.947341737890279     
          55          54  0.989757889716167     
          56          55   1.00670258186771     
          57          55   1.01018319091138     
          58          50  0.958643066547984     
          59          51  0.944022327208471     
          60          54  0.972017420454750     
          61          54  0.971367256897900     
          62          55  0.963028084220249     
          63          56  0.979037522098328     
          64          56  0.982158884964092     
          65          56  0.983620863674304     
          66          57  0.982297915888061     
          67          57  0.983491081966556     
          68          57  0.982603273536075     
          70          69   1.02679345192242     
          71          70  0.979691019027908     
          72          71   1.88505770744964     
          73          70  0.921658220977783     
          74          73   1.01084563169682     
          75          74   1.40401688176813     
          76          74   1.41100571433937     
          77          75   1.44504677756053     
          78          76   1.44481025011618     
          79          77   1.43737542490166     
          79          78   1.43819456413788     
          80          69  0.955827706526084     
          81          70  0.961210259358768     
          82          73  0.966511683236619     
          83          73  0.971556062733309     
          84          75  0.964885798272709     
          85          76  0.966709999091284     
          86          77  0.967659780791970     
          87          78  0.966599545215944     
          88          79  0.968631014279806     
          90          89   1.01412932577749     
          91          90  0.989305685872506     
          92          91   1.88439995219960     
          93          90  0.947132545688360     
          94          93  0.995624214745446     
          95          94   1.00906155938677     
          96          94   1.00744691463221     
          97          89  0.958072656073049     
          98          90  0.951923229311574     
          99          93  0.967800379306772     
         100          93  0.974832936485982     
         101          94  0.966466749060129     
         102          95  0.985058807076221     
         103          95  0.978375312511571     
         104          95  0.986305614454173     
         105          96  0.982950338515757     
         106          96  0.986295922589986     
         107          96  0.985746137688508     
         109         108   1.01562974509582     
         110         109  0.941753701846019     
         111         110   1.60636073442955     
         112         109  0.976381719506131     
         113         112   1.01197251729698     
         114         113  0.992017782502589     
         115         114   1.00869003441523     
         116         108  0.952845625461330     
         117         109  0.953678928836496     
         118         112  0.961468540527624     
         119         112  0.962638612626368     
         120         113  0.970208006966919     
         121         113  0.973675091327726     
         122         115  0.976406631222031     
         123         115  0.981104627532799     
         124         115  0.980060853983871     
         125         110   1.30524865554389     
         126         125  0.976748212599022     
         127         126  0.941757875193510     
         128         127   1.62902304822188     
         129         126  0.946022314456372     
         130         129   1.00374816574679     
         131         129   1.00287611388579     
         132         125  0.914159913773082     
         133         126  0.947946080978928     
         134         129  0.959269237719165     
         135         130  0.840087519078199     
         136         131  0.981581660817759     
         137         131  0.982420099391534     
         138         131  0.982801357450517     
         139         127   1.28995791844995     
         140         139  0.975510196389896     
         141         140  0.935055147645900     
         142         141   1.61598199755422     
         143         140  0.983191115184227     
         144         143   1.00569067099316     
         145         144  0.966456018364830     
         146         145   1.63906247077087     
         147         145   1.30894209887721     
         148         139  0.918374875802026     
         149         140  0.949204357958589     
         150         143  0.964598261164024     
         151         143  0.970929702483576     
         152         144  0.965283309452303     
         153         144  0.950121587960163     
         154         147  0.928153851007202     
         155         147  0.927053542364293     
         156         141   1.30363101545597     
         157         156  0.972328878821641     
         158         157  0.933169426222547     
         159         158   1.60878227817493     
         160         157  0.978426383988809     
         161         160   1.00551226449361     
         162         161   1.40536046185901     
         163         161   1.42233038813055     
         164         162   1.45348846477183     
         165         163   1.43565920330087     
         166         164   1.42993163101938     
         166         165   1.44159142976089     
         167         156  0.924989126371129     
         168         157  0.943208274242564     
         169         160  0.954975126672133     
         170         160  0.967653983691952     
         171         162  0.963011494301304     
         172         163  0.965857419360393     
         173         164  0.967908838743970     
         174         165  0.969883909278215     
         175         166  0.969860830904550     
         176         158   1.32934915584173     
         177         176  0.971710455260637     
         178         177  0.937934579519163     
         179         178   1.59475264695289     
         180         177  0.981547248030164     
         181         180  0.993366337849762     
         182         181   1.00722470724344     
         183         181   1.00961052585044     
         184         176  0.879212990266432     
         185         177  0.947684125965222     
         186         180  0.962040208232039     
         187         180  0.971433203125321     
         188         181  0.965573034058365     
         189         182  0.984403865135422     
         190         182  0.985757953141453     
         191         182  0.986071734690160     
         192         183  0.980796983769491     
         193         183  0.985425554691348     
         194         183  0.979010883634887     
         195         178   1.32062975251446     
         196         195  0.984978225642878     
         197         196  0.933892872638246     
         198         197   1.59630582477360     
         199         196  0.977216602604605     
         200         199   1.00158201738429     
         201         195  0.886676369051374     
         202         196  0.949894095639122     
         203         199  0.967287885276605     
         204         199  0.958384450257248     
         205         200  0.862970233539573     
         206         197   1.33033149096850     
         207         206  0.977309277093044     
         208         207  0.935062562049915     
         209         208   1.60229917565909     
         210         207  0.964450312274188     
         211         210  0.994165071893845     
         212         210   1.00755804826849     
         213         211   1.01745744084991     
         214         206  0.892759830968631     
         215         207  0.949197213545269     
         216         210  0.964982642224497     
         217         211  0.976216792818790     
         218         211  0.959569302087330     
         219         212  0.981413626956445     
         220         212  0.980538730279213     
         221         212  0.984999063236105     
         222         213  0.986201728775818     
         223         213  0.984174234156994     
         224         213  0.984503916218040     
         225         208   1.32729212090992     
         226         225  0.976750966185085     
         227         226  0.933628201835432     
         228         227   1.60786631019927     
         229         226  0.966642571637692     
         230         229  0.992769090693066     
         231         229   1.00992320419476     
         232         230   1.02029282027063     
         233         225  0.888349464836369     
         234         226  0.950580764984635     
         235         229  0.957079262311330     
         236         230  0.975495093414796     
         237         230  0.975291073607496     
         238         231  0.978747448601770     
         239         231  0.973042989358716     
         240         231  0.979631945057120     
         241         232  0.973175791266453     
         242         232  0.985168531988708     
         243         232  0.981802874024666     
         244         227   1.31855203859129     
         245         244  0.982292134885336     
         246         245  0.933457443178020     
         247         246   1.60643256249363     
         248         245  0.981002077839665     
         249         248   1.00578985597683     
         250         249   1.00866817821573     
         251         250  0.980838075301442     
         252         251   1.34596869852942     
         253         252   1.31987457087098     
         254         252   1.27549547592630     
         255         244  0.869506666608156     
         256         245  0.947830718982607     
         257         248  0.960607548724108     
         258         248  0.970370206574056     
         259         249  0.971109157105027     
         260         249  0.966896845758211     
         261         250  0.959670555422937     
         262         250  0.939376574608438     
         263         251  0.900207518673512     
         264         253  0.919194244626710     
         265         253  0.919772362672016     
         266         254  0.920038289616351     
         267         254  0.918126893100438     
         268         246   1.30947557766144     
         269         268  0.987073806299007     
         270         269  0.930297097394840     
         271         270   1.64706881964822     
         272         269  0.973861414405389     
         273         272   1.00095398458646     
         274         268  0.871616200907861     
         275         269  0.954367732498584     
         276         272  0.968215268375953     
         277         272  0.952229967023994     
         278         273  0.860516144707785     
         279         270   1.29352261708772     
         280         279  0.988003013143389     
         281         280  0.933365801974742     
         282         281   1.62064454112639     
         283         280  0.977549382985047     
         284         283   1.00551979323639     
         285         284  0.988516998245910     
         286         285  0.990252757635991     
         287         286   1.31267857021746     
         288         287   1.32013455613289     
         289         287   1.31140200122231     
         290         279  0.900618737576865     
         291         280  0.941022599773023     
         292         283  0.967838307828648     
         293         283  0.967894038441014     
         294         284  0.973014597555548     
         295         284  0.973074755282254     
         296         285  0.966913823495968     
         297         285  0.960855305194408     
         298         286  0.913534871857400     
         299         288  0.915904594750822     
         300         288  0.917057346788299     
         301         289  0.917720647119047     
         302         289  0.916937801923773     
         303         281   1.31062896550942     
         304         303  0.992979339575400     
         305         304  0.930224048692708     
         306         305   1.67745055595897     
         307         304  0.968982146195839     
         308         307   1.01192421837337     
         309         308  0.983842298023791     
         310         309   1.01137533054612     
         311         303  0.880701517096496     
         312         304  0.945655438537549     
         313         307  0.970666690353072     
         314         307  0.969915739481090     
         315         308  0.976979349436905     
         316         308  0.970748798367641     
         317         310  0.977064404353085     
         318         310  0.984149375413887     
         319         310  0.976670616263889     
         320         305   1.25810627104154     
         321         320  0.970759905565403     
         322         321  0.935900176967752     
         323         322   1.62381291799838     
         324         321  0.963693142448156     
         325         324   1.01034279635024     
         326         324   1.00736173077363     
         327         320  0.917437998862452     
         328         321  0.955144910919351     
         329         324  0.964883046898168     
         330         325  0.982556702113677     
         331         325  0.975800063104088     
         332         325  0.978697147997316     
         333         326  0.983718557425537     
         334         326  0.981855153710158     
         335         326  0.985586169797008     
         336         322   1.29542009695293     
         337         336  0.977751493068883     
         338         337  0.928923353408766     
         339         338   1.64021517094675     
         340         337  0.978722677727554     
         341         340  0.995366475958375     
         342         341   1.01034563326410     
         343         341   1.00661012697092     
         344         336  0.928373353251919     
         345         337  0.943844104644161     
         346         340  0.969459526483352     
         347         340  0.961236405853290     
         348         341  0.967927885503716     
         349         342  0.986037136372398     
         350         342  0.984853034950342     
         351         342  0.983033878867811     
         352         343  0.985690283531721     
         353         343  0.986345694587544     
         354         343  0.986308702659441     
         355         338   1.29543024564271     
         356         355  0.972529585187359     
         357         356  0.930541000159506     
         358         357   1.65211813313640     
         359         356  0.987823416128835     
         360         359   1.00927934041236     
         361         360  0.993903703162120     
         362         361  0.977959068570677     
         363         362   1.29967502622399     
         364         363   1.30758768936004     
         365         363   1.33173362011828     
         366         355  0.925613207948148     
         367         356  0.934605526341655     
         368         359  0.970230915526124     
         369         359  0.969581899259181     
         370         360  0.956349098710736     
         371         360  0.968452342416113     
         372         361  0.964199769321495     
         373         361  0.971284004844539     
         374         362  0.912784222692371     
         375         364  0.875971977860571     
         376         364  0.926387078771663     
         377         365  0.861480370398972     
         378         365  0.923326634032165     
         379         357   1.28721980092175     
         380         379  0.989104080626724     
         381         380  0.968924766415599     
         382         381   1.90398249833417     
         383         380  0.971687249804474     
         384         379  0.929101143359332     
         385         380  0.935799953625342     
         386         383  0.979693962358093     
         387         383  0.976931249186705     
         388         383  0.984378055033241     
         390         389   1.01562196587741     
         391         390  0.946593307728452     
         392         391   1.65041734825059     
         393         390  0.968197470123407     
         394         393  0.999413825666088     
         395         394  0.925113362462288     
         396         395   1.44333885037848     
         397         395   1.52033661088608     
         398         389  0.944935433963399     
         399         390  0.960957365955354     
         400         393  0.976171214627023     
         401         393  0.974990364032378     
         402         394  0.972265368394866     
         403         394  0.971880978965674     
         404         391   1.28635657481001     
         405         404  0.984770257467722     
         406         405  0.933092581420877     
         407         406   1.65490394927080     
         408         405  0.985683538573543     
         409         404  0.928155267359756     
         410         405  0.938632450025278     
         411         408  0.978191858720447     
         412         408  0.978515559832427     
         413         408  0.984114617518675     
         414         406   1.28232318576940     
         415         414  0.993414050177596     
         416         415  0.987218781911506     
         417         416   1.89702132302333     
         418         415  0.929644376040888     
         419         418   1.01130553526697     
         420         419   1.41409070329947     
         421         419   1.41082517055385     
         422         420   1.44125109359824     
         423         421   1.44630774027263     
         424         422   1.43777671599192     
         424         423   1.43415766701799     
         425         414  0.900906520725101     
         426         415  0.940528219172673     
         427         418  0.967503906906411     
         428         418  0.958277626769886     
         429         420  0.967837637675901     
         430         421  0.961099952910674     
         431         422  0.959343241748008     
         432         423  0.968750039134167     
         433         424  0.961074887496350     
         435         434  0.998896467307293     
         436         435  0.975211709035377     
         437         436   1.90390136746863     
         438         435  0.965979600281652     
         439         438  0.995313324570741     
         440         439   1.00798022662000     
         441         439   1.00696392345482     
         442         434  0.958427975228185     
         443         435  0.960405725223049     
         444         438  0.966123871554527     
         445         438  0.972961182446353     
         446         439  0.968676357086831     
         447         440  0.984422161587697     
         448         440  0.984049746492740     
         449         440  0.981040623229408     
         450         441  0.982549315259185     
         451         441  0.983169750366849     
         452         441  0.983476390609671     
         454         453   1.02500882058019     
         455         454  0.989534218466896     
         456         455   1.84828641608515     
         457         454  0.963197532945965     
         458         457   1.01542479498832     
         459         458  0.977990906940731     
         460         459   1.00887084986388     
         461         453  0.953604027500042     
         462         454  0.916542866778118     
         463         457  0.966222297595291     
         464         457  0.963617701747579     
         465         458  0.975506103059114     
         466         458  0.974247583872217     
         467         460  0.977730347134504     
         468         460  0.984026817331103     
         469         460  0.983748527212925     
         471         470   1.02152884996551     
         472         471  0.990315745064325     
         473         472   1.88658453320413     
         474         471  0.931764929604791     
         475         474   1.01930251354289     
         476         475   1.40725215728440     
         477         475   1.39851220124216     
         478         476   1.44847388226301     
         479         477   1.46262387661508     
         480         478   1.37489530766663     
         480         479   1.36339385304270     
         481         480   1.06269403955489     
         482         470  0.954696779797843     
         483         471  0.946958921101708     
         484         474  0.962249596196587     
         485         474  0.955473805898904     
         486         476  0.963563574487499     
         487         477  0.962407136671367     
         488         478  0.963245524653307     
         489         479  0.965979491078939     
         490         481  0.868586584404217     
         492         491   1.01759966015387     
         493         492  0.943876960577706     
         494         493   1.66521503161982     
         495         492  0.969007956228495     
         496         495  0.995416469825601     
         497         495   1.00168634267585     
         498         496   1.01807021473073     
         499         491  0.956522873369220     
         500         492  0.944954905795759     
         501         495  0.966387797938204     
         502         496  0.974264337768218     
         503         496  0.955567000345679     
         504         497  0.975244160700931     
         505         497  0.989976704693463     
         506         497  0.980144389633193     
         507         498  0.982947355727439     
         508         498  0.982471244701806     
         509         498  0.984970897181487     
         510         493   1.25666729301147     
         511         510   1.00559399967728     
         512         511   1.00682471766209     
         513         512   1.88176025831987     
         514         510  0.897457483675001     
         515         511  0.933704935876497     
         516         511  0.923718834918195     
         517           1  0.944609903118567     
         518           3  0.956718808198625     
         519          17  0.957818016549433     
         520          38  0.952653027593901     
         521          50  0.945803206889999     
         522          52  0.953817427673241     
         523          69  0.939828067491452     
         524          71  0.956207828695569     
         525          89  0.952939000590522     
         526          91  0.955636430878412     
         527         108  0.958895800077290     
         528         381  0.952700267855981     
         529         389  0.956818112421995     
         530         416  0.953111098598786     
         531         434  0.949949671205102     
         532         436  0.956602148750729     
         533         453  0.955161780445936     
         534         455  0.952630767571003     
         535         470  0.947579353139341     
         536         472  0.955384366846467     
         537         491  0.955019306454869     
         538         512  0.953099783761119     
