           2           1   1.01019148273974     
           3           2  0.941887530046393     
           4           3   1.63879877793432     
           5           2  0.979069837191387     
           6           5   1.00808115142209     
           7           1  0.956783628136784     
           8           2  0.961484733014118     
           9           5  0.969425788638590     
          10           5  0.971738399409433     
          11           6  0.950812444560813     
          12           3   1.29624488188796     
          13          12  0.994240392082801     
          14          13  0.937318643456377     
          15          14   1.66090444425367     
          16          12  0.921954732903584     
          17          13  0.961452649536357     
          18          13  0.951694370195602     
          19          14   1.28232954138978     
          20          19  0.972471743076800     
          21          20  0.910168739758244     
          22          21   1.64071883922760     
          23          20  0.981116366862013     
          24          23   1.00276451801918     
          25          24   1.00235256363300     
          26          25   1.00894324668046     
          27          26  0.954151630800041     
          28          19  0.926967833915031     
          29          20  0.959363836964238     
          30          23  0.966354375473637     
          31          23  0.973091080435479     
          32          24  0.975105905697971     
          33          24  0.975907242863889     
          34          25  0.972505669212788     
          35          25  0.971577612640066     
          36          26  0.964865761222269     
          37          26  0.965202865412297     
          38          27  0.895990993889840     
          39          27  0.897285931325281     
          40          27  0.896690899624322     
          41          21   1.31193237172871     
          42          41  0.991119898930640     
          43          42  0.928083006784802     
          44          43   1.65801415317432     
          45          42  0.946708405197872     
          46          45  0.999423020989227     
          47          45   1.00262279826150     
          48          41  0.893059834520698     
          49          42  0.959682542632060     
          50          45  0.958878196132000     
          51          46  0.857953032963702     
          52          47  0.979849928924139     
          53          47  0.984373237971492     
          54          47  0.983577233066545     
          55          43   1.28169847474593     
          56          55  0.978282655108199     
          57          56  0.972817612335922     
          58          57   1.91875359256718     
          59          56  0.950648905786008     
          60          59   1.00354497071506     
          61          55  0.917869537433574     
          62          56  0.954815637123782     
          63          59  0.970224315964501     
          64          59  0.967666570317160     
          65          60  0.867481126194952     
          67          66   1.00980711867008     
          68          67  0.963912609962205     
          69          68   1.89215348753161     
          70          67  0.972877925226110     
          71          70  0.991994108458448     
          72          71   1.00547793813585     
          73          71   1.01268763231175     
          74          66  0.952960786609512     
          75          67  0.954923107808413     
          76          70  0.970001105126448     
          77          70  0.967188563594188     
          78          71  0.964212036858187     
          79          72  0.984848557412991     
          80          72  0.985868067464918     
          81          72  0.983172241203233     
          82          73  0.980260219085204     
          83          73  0.981973441180183     
          84          73  0.978252057875619     
          85           1  0.950255459816693     
          86          57  0.951074918723024     
          87          66  0.956042791776854     
          88          68  0.955879984400157     
