$grad                                                                           
  cycle =      1    SCF energy =  -950.38715486952   |dE/dxyz| =  0.666228
   21.93124830496307     46.38616501566980     16.09985083731678      n 
   21.82303171133998     43.63069029931483     16.37877414403635      c 
   20.46092351152807     42.41233115497064     14.13176658857185      c 
   19.38813072825541     43.72210703668559     12.50874814273010      o 
   20.44134796268457     43.04302661531601     18.89742622028014      c 
   21.82046052734768     44.21037157019937     21.18509393052906      c 
   20.35780555441857     43.45409125989276     23.60258119443757      c 
   21.79539256996796     44.19870901293076     26.02571524653195      c 
   20.12049895360205     43.77911623791242     28.22222517120256      n 
   20.44044824337312     47.37519342800180     16.80747593556836      h 
   23.77632325962004     42.95628737920447     16.41365964440725      h 
   18.52407456095147     43.78326262470160     18.77297981096164      h 
   20.33413733046654     41.01083124055634     19.15742449666110      h 
   23.73095432842296     43.44822776209243     21.26200654559495      h 
   21.92823824837069     46.25460382651364     21.01435037080014      h 
   18.52958844697900     44.40089772073728     23.58500775203379      h 
   20.04912748102592     41.42257034325323     23.56482310917896      h 
   23.50287428639696     43.06676909926175     26.21267485095637      h 
   22.26296507922506     46.19790033834787     25.95115319959138      h 
   20.98759812959461     44.41616123432817     29.85745889420872      h 
   18.36885643347562     44.74516022494996     28.01493133869736      h 
   19.72438334557309     41.89116791809989     28.40215913586309      h 
   37.29515588349356     35.97788537247425     34.09670564396512      n 
   35.48071151923649     35.53649449864872     36.15030109192523      c 
   36.68927135342135     33.94558837694576     38.27195187865783      c 
   35.38168773389847     32.74980779616267     39.78916718605785      o 
   33.08691651999559     34.20844576314560     35.15625732953831      c 
   31.50332306569636     35.80943440029907     33.43887328661855      c 
   30.31768020303820     37.95438547208170     34.38496909882333      c 
   31.34273890397331     35.31393475108889     30.86183631851452      c 
   28.90064532799463     39.55124360389182     32.88075662000291      c 
   29.67328002680992     36.72567767670138     29.40294399309600      c 
   28.45074917939596     38.83979965503431     30.38455335987038      c 
   26.94422067720749     40.37021434311066     29.00017521085468      o 
   37.48625210784757     34.58865669662374     32.79517493438777      h 
   35.01583198491939     37.38653227030202     36.95484434743096      h 
   33.67613982826851     32.49275818503614     34.16901197096036      h 
   31.99266179181623     33.65132134570560     36.81511782535780      h 
   30.57228891902876     38.42781019917599     36.35386590440414      h 
   32.37082957022756     33.75434486924098     30.04659740254145      h 
   28.08845511143091     41.24864929494514     33.65082911329183      h 
   29.46866986310032     36.25481910050330     27.42835603215452      h 
   26.61886765126680     39.65602859899914     27.34371128343648      h 
   19.23514382704200     22.83292409409279     42.63738279211016      n 
   18.66686388961612     23.64118116545673     40.10298809703199      c 
   21.03120194185971     23.97813164779605     38.42582842977796      c 
   20.75275597462370     24.85314570886890     36.29205647687884      o 
   17.16389041755120     26.10874377425062     40.18342957405237      c 
   18.46786343615748     28.30059471886604     41.39497337697392      c 
   20.25593908324783     29.69424605566006     40.06175724727854      c 
   17.86484756827986     29.04308618646992     43.84010059767119      c 
   21.36281845822324     31.80210846550738     41.11901914473800      c 
   19.02086563148991     31.14487978943011     44.90868606750033      c 
   20.76699257333923     32.52592344425382     43.56625287243069      c 
   19.48044472508134     24.19896209599029     43.94767014138136      h 
   17.51903802933633     22.18361292055521     39.18495958877750      h 
   16.71550223019788     26.59878650719043     38.22808371754297      h 
   15.38431565029835     25.73431079313574     41.16084184891090      h 
   20.72601268845150     29.15245037513517     38.15247196619901      h 
   16.44434738352136     28.01979468051972     44.89026061116081      h 
   22.72040825129183     32.87054756358956     40.03244912394761      h 
   18.49939318348638     31.71106039137056     46.79717939334733      h 
   21.62317625987935     34.19162321752072     44.37328300048267      h 
   24.41330108308131     67.00481300916069     33.14887821672458      n 
   22.63398170510955     65.25836016290648     34.35943658349945      c 
   20.01152483460835     66.43577273388505     34.50304964465027      c 
   18.08023463706661     65.13541192132860     34.35995766579236      o 
   23.60292774277564     64.70025600967811     37.07994741743060      c 
   25.94622729423407     63.03646834503055     36.89044879290542      c 
   25.50275417012439     60.22451885706503     36.63500666619726      c 
   24.71050173622351     59.15630544422866     39.04830470984336      n 
   24.63893245110344     56.69690886736139     39.54389898500174      c 
   25.71052661106413     55.00908449920921     38.03497250221977      n 
   23.38556879447163     55.89563734050100     41.58835218334968      n 
   25.96214603099158     67.59834668859354     34.10348010419042      h 
   22.50154906543036     63.52691449326451     33.23934086302197      h 
   24.03222193391304     66.49505254609770     37.98282198520776      h 
   22.10209283558406     63.76999638004098     38.13459239952979      h 
   27.08068790314232     63.64817135358387     35.29032557956100      h 
   27.11090850974965     63.32565526965389     38.56822069451737      h 
   24.05807936814972     59.82553859721788     35.20932439557210      h 
   27.27359871831983     59.34916304226678     36.05391505674299      h 
   23.65367434741999     60.31919437430097     40.13599126028205      h 
   26.68473294846419     55.45755682831118     36.44802622395377      h 
   25.69603036475906     53.17330460553048     38.53525159112091      h 
   22.73521096012327     57.14995587848957     42.86174837066884      h 
   23.48258196525678     54.07279024026845     42.12615561239348      h 
   17.00538413120776     65.76996812334680     28.16892604134199      n 
   16.04512798754807     63.19561292372995     27.82676961685769      c 
   13.60386514435636     62.68739823986390     29.32794515263184      c 
   12.02251888639357     61.21480413614146     28.47283188037974      o 
   17.94310253335527     61.16947209957586     28.60574089634918      c 
   20.52551646928290     61.28356284017194     27.21512047872201      c 
   22.22419433310494     59.08525504497302     28.05721896723227      c 
   20.14408366243856     61.32992188458741     24.38106394292151      c 
   18.74961878445042     66.04136849965927     28.91899979394428      h 
   15.53646221986183     62.96873954976826     25.83331585393522      h 
   18.25990966221791     61.32615430205750     30.63759136702133      h 
   17.05780464640526     59.34674033253054     28.21991296678168      h 
   21.47555412963135     63.03193995845551     27.76211018100060      h 
   24.00500566539840     59.16975252073379     27.04405306456291      h 
   22.57496467686461     59.18115888029656     30.07524871061164      h 
   21.33759907407964     57.27539142951835     27.64267712070621      h 
   21.87337951275533     60.79924983605683     23.40096690832860      h 
   18.65269802088624     60.05052300187654     23.79456483560915      h 
   19.66207054210909     63.22932720427179     23.78407229384725      h 
   13.39801822587766     63.84691748054330     31.52555337695350      n 
   11.33716879652009     63.47314731645877     33.30345746565149      c 
   11.87357790166569     61.32447962843302     35.08799049377141      c 
   13.74991191533816     59.91550473673038     34.91022195643857      o 
   14.93418219898565     64.75076791527286     32.24009143495698      h 
   11.07437029455876     65.21980933742316     34.36199921818258      h 
    9.61357139155980     63.05947935952501     32.23880958320092      h 
   10.05464456522565     60.89121651145781     36.78096236996277      n 
   10.53544537684783     58.95711488490643     38.71941569257908      c 
   11.12367886896727     56.40974814639617     37.47231511176425      c 
   10.17856550714216     55.67060379295211     35.51769759664276      o 
    8.23122921325077     58.52218638079800     40.40833057244372      c 
    8.64667214271452     62.16306575853240     37.04357714048408      h 
   12.16377501614487     59.54957225316144     39.85116175041233      h 
    8.70430855588919     57.15891439099254     41.86819498063844      h 
    7.65130764216890     60.27692975941559     41.30322124915194      h 
    6.66451796964972     57.77577832993051     39.30675159775384      h 
   12.68647156096617     54.90812830865030     38.78262650515255      n 
   13.37824005967301     52.46890111774645     37.69564119516399      c 
   11.11280757037821     50.76652773042440     37.20696860197659      c 
   11.02161089499575     49.39960948510902     35.32681364501567      o 
   15.25282881505528     51.13621703623470     39.48087990099953      c 
   17.45246378141797     52.66385404864147     39.61013386780831      o 
   16.01449660270738     48.58094486694308     38.46009086048029      c 
   13.36742962329863     55.39713004787848     40.50878688116720      h 
   14.28510738518885     52.79095614142604     35.86021612455531      h 
   14.38708776526036     50.94626419718035     41.34961170893851      h 
   17.11811195061557     54.10570333899080     40.68070601427583      h 
   17.36572832116785     47.71830200488963     39.74296510643712      h 
   14.39472544681909     47.33786825609248     38.29161710161166      h 
   16.89932672749392     48.79563230570415     36.62300277869083      h 
    9.36032233414565     50.76768554453757     39.01254409155828      n 
    6.88380497415932     49.56425180855278     38.63027024252705      c 
    5.15381726399203     51.44684681518628     37.20662857413790      c 
    4.47327909649784     53.42785922528115     38.24022528575775      o 
    5.65917350832498     49.01867455585677     41.16538391521208      c 
    3.39800509738457     47.32615306825543     40.78527613752716      c 
    2.06559951158899     47.30925396869851     38.86639173837516      o 
    2.89946536194696     45.81766314750563     42.73808468810621      n 
    9.48562364282245     51.99344520832206     40.49244852811702      h 
    7.17069085357145     47.85253717894076     37.52855001195630      h 
    7.01346831778070     48.11876117522510     42.42521994690399      h 
    5.04336675483750     50.79950821979766     42.01243631973151      h 
    1.42857251500187     44.60351373318650     42.64448610320104      h 
    3.97910245311751     45.82016659672792     44.30448739709639      h 
    4.45807435584061     50.82746131286897     34.87020997255249      n 
    2.90244606202466     52.64886435293913     33.50809654500271      c 
    0.42392636259540     53.30515100157555     34.86484382832324      c 
   -0.65242298544726     55.34647518016931     34.42223994885948      o 
    2.31490231080602     51.38953214202742     30.95928241587706      c 
    4.60021302597168     49.70086065300690     30.55629404351200      c 
    5.11395848774757     48.70890824824937     33.26108401181109      c 
    3.96661467709327     54.40571652871101     33.23901074566205      h 
    0.61973731996723     50.23002812422439     31.13517168783859      h 
    2.00396453770519     52.77083007024905     29.46884698106642      h 
    4.22765402390874     48.15348531397589     29.25953419162419      h 
    6.20974887412963     50.79579068288007     29.89360006569444      h 
    3.89305970007101     47.09405103254059     33.67595422959029      h 
    7.10188835929949     48.21811731573651     33.50487283183711      h 
   -0.54585972401762     51.52525791225421     36.35594597923577      n 
   -2.89031442280796     52.09908881968965     37.78055918011292      c 
   -2.58923708531996     54.39939248542162     39.57504341796547      c 
   -4.42624153747650     55.66693359631516     40.17454751683775      o 
   -3.61087488604480     49.77627649343814     39.34847632247085      c 
   -5.95851864174965     50.17158301511294     40.99021408421821      c 
   -8.27942549477655     49.93288545751192     39.32031194934567      c 
   -6.04916786239076     48.27653084318099     43.22416084186989      c 
    0.40097462067814     49.91890201857881     36.80451461085082      h 
   -4.37319076579368     52.57675491516775     36.42404853659055      h 
   -3.92543759892479     48.19067097818981     38.07043087603576      h 
   -1.99919262120220     49.31411989094165     40.55422526054880      h 
   -5.93838200209132     52.05713887800092     41.82573622532458      h 
   -9.96820545709013     50.24870498252325     40.44235553867149      h 
   -8.23131752241206     51.28068578173598     37.77794722698403      h 
   -8.39039852336058     48.04121634421706     38.52119276043722      h 
   -7.74556673882774     48.59534289304117     44.33212472489842      h 
   -6.06987150619435     46.34305051902646     42.52903771545285      h 
   -4.41998571726230     48.53148868887526     44.44698314303982      h 
   -0.27029420935435     54.87681607236864     40.43599784011883      n 
    0.29730926948751     57.03184093039070     42.06547938926930      c 
    1.25155040146661     59.35048423811712     40.62641606198271      c 
    1.95696485616181     61.24610816307564     41.79017422177212      o 
    2.26578166775345     56.20053685848104     44.02830611844507      c 
    1.27688487445587     54.01637135881463     39.68482713788571      h 
   -1.47227926007251     57.57245520735339     42.99538919208282      h 
    2.77628535493003     57.80984180140318     45.19316685206768      h 
    1.45447168175745     54.71879643467673     45.18872208227542      h 
    3.93654684783696     55.51140449175764     43.05193520598372      h 
    1.43730197363356     59.14281577462342     38.12059155244124      n 
    2.49949544884072     61.16022292983642     36.58482617960568      c 
    0.47302092119378     63.08182846821498     35.79956319778368      c 
   -1.80544739242952     62.65986560835967     35.87512544567770      o 
    3.85253674260304     60.06429270467896     34.25379904419930      c 
    2.01951899407015     59.28051740790978     32.48998765479833      o 
    0.52165011115557     57.73914647163789     37.19363360833004      h 
    3.85668730152917     62.15742499233622     37.78765457249619      h 
    4.94636732349383     61.54484503963758     33.32743608181501      h 
    5.10005034418902     58.51381637733262     34.83050279276929      h 
    0.99357599417632     57.90109442609080     33.17492424069772      h 
    4.78772507458087     69.64814193584206     25.93535267917597      n 
    7.27872244075643     68.30426492457367     26.07785184798001      c 
    7.20269909254982     66.11515497491332     24.12801379938360      c 
    5.21591141860480     65.43614984872933     23.12431881351062      o 
    7.77431252695930     67.31144400592724     28.72518229959466      c 
    6.02240123904795     65.28580682491912     29.24640056037178      o 
    7.79638069141520     69.33927335199552     30.74282374681029      c 
    3.31260104241819     68.85340837435079     26.85294681426787      h 
    8.72053939808374     69.67051343362714     25.53217153246532      h 
    9.62768028694204     66.38507834369149     28.67552417104998      h 
    4.43299616162645     66.05821057673568     29.77168377889103      h 
    7.76159411574110     68.44315185047824     32.58826200638327      h 
    9.50782756632437     70.45435058396123     30.58497003745021      h 
    6.15750990169154     70.57121376058375     30.58290220653095      h 
    9.41585903974785     65.02425926030911     23.55898745592356      n 
    9.45859868827319     62.90370789742552     21.77067401838091      c 
    7.76886540891799     60.77756535305391     22.72809714612453      c 
    6.21319280688668     59.75262167180049     21.32670421193080      o 
   12.20794933402845     61.99283111031642     21.27224210919419      c 
   13.50118761811496     64.10262082898272     19.78609456347387      c 
   12.13663469666100     59.51245282856637     19.74462002732317      c 
   16.40729055590938     63.85387434637687     19.65996271514010      c 
   11.04845605383723     65.63435243759341     24.37343370744994      h 
    8.61917926726481     63.54414542019436     19.98593275625638      h 
   13.13072040472790     61.66292895238923     23.08432580700841      h 
   12.72985980142079     64.09615121216660     17.87256083906554      h 
   13.05155422551604     65.92964021375371     20.62610366552788      h 
   14.04682681546067     58.86751778884074     19.37104945420369      h 
   11.15119937296625     58.03924911210282     20.77785946149689      h 
   11.18075346491646     59.80833478275314     17.95353717523690      h 
   17.13801730879365     65.09238912193619     18.19480133216609      h 
   17.20403314477270     64.44650526744101     21.44622126922083      h 
   16.96599255512227     61.92247999640045     19.26853449220399      h 
    8.12828133279952     59.96481983428389     25.09194367101111      n 
    6.58534461155795     57.79937566667169     25.90050182031631      c 
    3.81602529878174     58.49257088031334     26.28988207807721      c 
    2.15766086962996     56.89521836747105     25.91070098873863      o 
    7.66620614838967     56.65724850383783     28.33342526585515      c 
   10.13472395110100     55.30424240886693     27.69964541238979      c 
   11.61418243312269     54.72012852725381     30.09574750226418      c 
   14.05800471792760     53.61774667358155     29.40989609644224      n 
   16.10777492422861     54.07694705116392     30.75471381876841      c 
   16.01755305263874     55.77983606759671     32.61221296338395      n 
   18.15974425299379     52.66356296073645     30.39942180792123      n 
    9.50598459484068     60.62468966863769     26.26982940914733      h 
    6.61251771438554     56.38994942280778     24.38112928378669      h 
    8.00258750479943     58.17687398868954     29.67960106751375      h 
    6.27851798488091     55.36545061989248     29.13033876852532      h 
    9.74822438307345     53.58576396480075     26.62964623876695      h 
   11.29087163307055     56.54066237105502     26.52596163145786      h 
   11.83858256343064     56.49802474675500     31.09374426973676      h 
   10.57631128933999     53.42538154001554     31.32739512143814      h 
   14.06094431778871     52.41794745488497     27.91785096491108      h 
   14.60631104896684     57.01171460183305     32.91403259750807      h 
   17.63427760803630     55.99295669186541     33.66717659315141      h 
   18.27021753863724     51.45028455625626     28.91908016342199      h 
   19.79558585189394     53.08027348888726     31.30480109424959      h 
    3.36882812216836     60.84662241741076     27.01123364428018      n 
    0.81152464695856     61.71430448674231     27.44978208568524      c 
   -0.68782258765239     62.11032228161127     24.99580992085714      c 
   -2.98375182486111     62.36263137970063     24.92296343365170      o 
    4.79302397612475     62.06781483864217     27.38513120934184      h 
   -0.19298509614718     60.33140374153644     28.60751644335587      h 
    0.88026233421293     63.50046403694672     28.47107156229654      h 
    0.71119279842070     62.29551486962989     22.90007719606092      n 
   -0.45703225531649     62.47697158339722     20.43094819607328      c 
   -0.59658768481473     59.99452508144436     18.98911344130698      c 
   -2.26824125605851     59.68840833787907     17.36909418556648      o 
    1.04271777948281     64.34192756808939     18.80569922978172      c 
    0.71458014031064     67.07947168818252     19.64399448343642      c 
   -1.10384637918871     67.66945466855474     21.03266451358851      o 
    2.27862483716704     68.58566367553284     18.74675125401269      o 
    2.60154410149824     62.58643797996913     22.98797096024119      h 
   -2.38166294674114     63.19816098182299     20.69779896135370      h 
    3.05213795222418     63.88227805215970     18.86329273956330      h 
    0.42454282370335     64.22537417216304     16.83809452507464      h 
    1.17075815597216     58.27001894620340     19.51635668660441      n 
    1.54015087553082     56.11813593615115     17.84073291376882      c 
    1.49698530828781     53.50529117993468     19.12296498738438      c 
    1.52118990392747     51.62884551766265     17.75800063536366      o 
    4.13930343832235     56.38327418680085     16.48784266542368      c 
    4.17992058332212     58.57940687965315     14.70539129345807      c 
    2.26985047184378     58.97068402807029     12.91800386018099      c 
    6.11260405898772     60.32861227275715     14.83938064080834      c 
    2.37290415748402     61.10680804991508     11.41193085224411      c 
    6.24938832462302     62.40920855045812     13.28350600420736      c 
    4.34731289927311     62.80911637302783     11.54580127706168      c 
    2.69501468033604     58.83349731033416     20.53803445824562      h 
    0.02113014228918     56.11969645804508     16.44065084731722      h 
    5.59534377781086     56.63530112518441     17.92195148351613      h 
    4.47986456428608     54.63447003108184     15.44609634548544      h 
    0.72819312171502     57.65143386206732     12.72260385489732      h 
    7.56543304657498     60.04164261801424     16.24487231348528      h 
    0.90565696889545     61.41486473851882     10.01837665171024      h 
    7.80108566380951     63.72349421458512     13.42870145478285      h 
    4.37097036331455     64.43758742826553     10.32221265176814      h 
    1.44212585476557     53.25194152541627     21.63347464382729      n 
    1.75097977226006     50.76981527588696     22.75060871342053      c 
   -0.12285790209504     50.28283015524893     24.90997062836752      c 
   -1.25434734194738     51.95698677150262     26.06518926228992      o 
    4.45876761068682     50.50731604283223     23.89209263924153      c 
    1.40345266914909     54.74141511390721     22.84610658402064      h 
    1.45341699698131     49.38868575512863     21.24940013011897      h 
    4.70539875863147     48.60060295977193     24.60134185660208      h 
    5.83331986960286     50.86751522750619     22.41102771252869      h 
    4.67003961545891     51.88221524957441     25.39762365185534      h 
   -0.33119631217713     47.80893559220591     25.44095455934747      n 
   -2.19177210543779     46.95032687175560     27.36915996125760      c 
   -1.01324320833439     45.32913719270552     29.40659351556414      c 
   -1.48679304038877     45.72736597846249     31.65187352702949      o 
   -4.47955035652893     45.58440903469662     26.20300639335863      c 
   -5.92509371132085     47.48530429708941     24.52344042107932      c 
   -6.10895956564725     44.46572372100797     28.33144948915605      c 
   -7.94837419865699     46.18891834788970     22.87370486479332      c 
    0.45293690152143     46.46889491472102     24.31311731705932      h 
   -2.86678480628589     48.67994870395603     28.28329700750936      h 
   -3.79309646147682     44.03806529063626     25.00912335594315      h 
   -6.82728243745772     48.90925238699788     25.70896844282387      h 
   -4.59878467604598     48.43301928355728     23.26536241920146      h 
   -7.91761763610175     43.84808177773927     27.58781220984439      h 
   -5.17447388650072     42.82344732254746     29.14500168034431      h 
   -6.39474491590965     45.83766457405974     29.82971026438287      h 
   -8.88471193641239     47.60158351211086     21.71459582881547      h 
   -7.06289542865088     44.80465389442472     21.64343233947733      h 
   -9.36098413998364     45.23534024610204     24.01164708381460      h 
    0.49346039945103     43.43716549082249     28.65713426499090      n 
    1.52062108356659     41.48394574041221     30.26574265662890      c 
    4.26158938348938     42.07421926199172     30.97694401720891      c 
    5.80206140528412     42.72512771637240     29.35511799278752      o 
    1.52327358549005     39.05254292446354     28.69446008035191      c 
    1.81973799837884     36.60634978721497     30.15142883501835      c 
    3.17202555926156     36.70212666791464     32.08225319527147      o 
    0.57620618561727     34.82261017924316     29.29333802287725      o 
    0.99910374380033     43.36475335259116     26.79652210697792      h 
    0.34387260310468     41.27883220681101     31.94876760331690      h 
   -0.23361695304141     38.93516312265572     27.61228579020950      h 
    3.06053679271857     39.15579084974286     27.31452463093369      h 
    4.85693771950820     41.87477265292919     33.41988997864345      n 
    7.45904599887758     42.28672310049755     34.29671143427441      c 
    9.42065103383316     40.60492247096937     32.97210309792980      c 
   11.58232803257646     41.30419451149507     32.45073008598291      o 
    7.53367075183843     42.08293713981588     37.20759063305177      c 
    7.07716979146080     39.35500933146674     38.04684898270194      c 
   10.08823198903143     42.99071773208849     38.18315302966723      c 
    3.50871067853520     41.38598620772178     34.68756305646997      h 
    7.98431116012052     44.22301321999362     33.75888771032981      h 
    6.00497650654905     43.27303145679389     37.92703604232729      h 
    6.93548741947075     39.25524985143920     40.09288657566276      h 
    5.33456674234263     38.60625854878950     37.24876452400846      h 
    8.61670025389980     38.13715104840295     37.44083634980839      h 
   10.10123200494292     42.95352792880783     40.23395437853849      h 
   11.57281146510340     41.75152215119751     37.49912732795812      h 
   10.47834798607937     44.89602382838598     37.52383695852691      h 
    8.56854149779603     38.40961011382085     32.17220898532186      n 
   10.18376393819342     36.65087605767489     30.85418782035343      c 
   10.37599138594882     37.09748350883407     28.05020690439344      c 
   11.69460145415168     35.78847279151792     26.67722413638863      o 
    6.73757369997343     37.88889811931828     32.44114181153590      h 
   12.09786040541500     36.78165453878347     31.63360367979531      h 
    9.49672462116003     34.72644530511383     31.15777747913809      h 
    8.91688004847374     38.94225351860358     27.07091424601276      n 
    9.06552559628129     39.63166065204692     24.42251700233680      c 
    8.99592350340224     42.55363521195147     24.40493084547889      c 
    7.14614001497343     43.68005946967563     23.58988191726153      o 
    6.82889342240443     38.64789953899380     22.90288976003995      c 
    6.76037897320078     35.74216951348212     22.65537837774813      c 
    8.80433816014694     34.68088098513530     20.92843733194431      c 
    8.68599401134508     31.94372324521277     20.62065009010402      n 
    9.75600481623114     30.31405223383938     22.21796798278898      c 
   11.18878469928961     31.04366557569008     24.13202883812506      n 
    9.70051622210675     27.85500882067381     21.63387633682521      n 
    7.75836740887165     40.01382614154660     28.15807578598521      h 
   10.86215086869001     38.94617102669907     23.66643294139283      h 
    5.08049106002779     39.24896878750988     23.80640536046466      h 
    6.90425180609613     39.47486551103878     21.01615465411345      h 
    6.87312064770130     34.88775497722635     24.53379435975764      h 
    4.91147773337804     35.20409541162068     21.90361818268608      h 
    8.56627821157697     35.52777216088235     19.05991078282540      h 
   10.68041295160718     35.17218168464004     21.63355706498046      h 
    7.37100497005484     31.25706415218976     19.41030284880344      h 
   11.32336994186031     32.86165068468740     24.72891778815288      h 
   12.01327880094470     29.72524708412451     25.22615709469451      h 
    8.29362826720861     27.16384494356390     20.48320834194576      h 
   10.28538816860725     26.61378274720271     22.95405090233847      h 
   10.94271684161183     43.73680913102729     25.54153294153268      n 
   10.79639167280166     46.46311235974123     26.03312273301389      c 
   12.34321984338481     48.09055547020294     24.16671543652499      c 
   13.00567875271133     50.22845299380401     24.75190739545384      o 
   11.31900582783924     47.02625884188599     28.78727334201776      c 
   14.05066907145632     46.56895764530774     29.49192113716300      c 
   15.40264959835954     45.54402516691666     27.90816341843563      o 
   14.72795612853810     47.24012572063283     31.81069333497059      n 
   12.39167546787630     42.79160916570753     26.35068607898987      h 
    8.82147827799706     46.97232153456481     25.62715735555228      h 
   10.77812888237110     48.97006037353155     29.20792342229521      h 
   10.12903726097376     45.77655424668097     29.92314229791356      h 
   16.48353228481511     46.78088505012479     32.45506231125653      h 
   13.43369647119757     47.96819237111588     33.02412283778029      h 
   12.69552480921043     46.96360618330425     21.93551931898963      n 
   13.55740317601705     48.18443718329847     19.65396680273072      c 
   16.28036130426315     49.15960319099880     19.62553696241596      c 
   17.42621995019212     49.20423859842353     17.60276334606668      o 
   11.64042063750056     50.34147699336135     19.05340146286709      c 
   12.54386044498587     52.22349367544630     17.18253636295709      c 
    9.23316520177001     48.95514745248123     18.19888738038366      c 
   11.99896175697346     45.19744997375738     21.60360012843334      h 
   13.46816911803807     46.78810725937090     18.13560001690171      h 
   11.25918089016146     51.32570811451724     20.83142687782918      h 
   11.01719812960217     53.50798776595200     16.68057313460522      h 
   14.09028110297105     53.34841671390037     17.93504047792984      h 
   13.20060088976613     51.31805019474949     15.45368239614076      h 
    7.71718608921328     50.29570737317776     17.83282402951329      h 
    9.59279171935695     47.92376453421298     16.45804061232715      h 
    8.61482330665532     47.60353331225911     19.60917032886107      h 
   17.31215540932352     49.91920141976622     21.81792581695593      n 
   19.79331741749447     51.25104186733194     21.82203122125845      c 
   21.07984011841325     50.87579915093102     24.38710158142472      c 
   19.92929076222966     50.07750639908451     26.25321643696481      o 
   19.32135553991870     54.07110267531149     21.18007692998751      c 
   17.14946240811633     55.35272071611694     23.51552230211102      s 
   16.16816828920427     50.23543938452685     23.33777436638151      h 
   20.97686606374582     50.44162889028905     20.33825747425353      h 
   21.06924017672264     55.15238089293558     21.15180916031804      h 
   18.38547859539543     54.20988855794749     19.35376744363505      h 
   18.85864980006889     55.51755968274223     25.36951828806854      h 
   23.56843231302116     51.21819975238544     24.38815838968591      n 
   25.08704834368733     51.21140780199059     26.65074173614339      c 
   26.39974655090055     53.77718563737981     26.85980875897804      c 
   27.19978500285519     54.82186508826929     24.91878602871182      o 
   27.23557072973998     49.21220939444753     26.33191343898640      c 
   29.21536102477268     49.47684866768463     28.30161304720464      c 
   29.06893983256197     48.38856769412200     30.63926610697519      n 
   31.39004497944602     50.83638046597089     28.13648712739471      c 
   31.11861539004908     49.10074764701719     31.85107925442601      c 
   32.58116592122647     50.60902641867113     30.39011881651907      n 
   24.44823748775599     51.82035195956833     22.79574672445298      h 
   23.91000822484322     50.81841221238419     28.29654454822946      h 
   26.41020452957484     47.33099504502518     26.41255711479364      h 
   28.10393889317920     49.52156336441971     24.49167183846865      h 
   32.15307202240701     51.95703420494675     26.63188616967403      h 
   31.61145417775511     48.56942940046215     33.74060995289178      h 
   34.29820697926438     51.34336138404738     30.85546964565333      h 
   26.75594124225973     54.76300238676167     29.16949041423284      n 
   28.45470817510186     56.88198667248098     29.46267418633975      c 
   29.97686159397704     56.39392068548070     31.85449658853444      c 
   28.97822478634097     55.39814813074167     33.70879916060641      o 
   25.99443104150016     53.93497216263602     30.73694352776988      h 
   29.69815231062650     56.99878947576092     27.82618214603553      h 
   27.43668780192860     58.66809725346097     29.68982501988086      h 
   -8.29037921886515     57.05727436965073     37.04508289075007      o 
   -7.04440159862501     56.37750134992573     38.21155685015641      h 
   -9.17215833216265     55.64173790158708     36.26522620435353      h 
   18.71170833399001     60.46508944091816     36.83731595987326      o 
   18.74973244693092     62.04234237446258     35.91050177364009      h 
   16.97758713781465     59.93039363161600     36.62095190617224      h 
   25.11942677034157     44.84902399131815     31.24349252157963      o 
   25.83871368490022     43.28418163735910     30.67199336948077      h 
   26.47579063015671     46.08527414311039     31.14604585163013      h 
   -5.55789245535608     59.67567279194877     33.53005666645615      o 
   -4.31405344175220     60.68120703108066     34.40898805232107      h 
   -6.61954771110157     58.90556847775357     34.82701904632108      h 
    5.36861883558640     33.07731504826945     34.91639682306077      o 
    4.93924380499646     33.48920706248791     36.63052259766415      h 
    4.40642284194147     34.23486685709057     33.84504827418321      h 
    0.34239166701910     42.97658591810994     36.52952497656457      o 
    0.85392345808662     44.47277146073888     37.48196895195383      h 
   -0.64637792504538     43.65599219531845     35.15525402149745      h 
   20.26332424620816     55.62732367127794     35.88617379212403      o 
   19.98338415033178     57.34850566178903     36.45636443599259      h 
   19.44242021699874     54.51743542948162     37.09364860198264      h 
   14.82605792943559     56.51424570265926     43.47614036079328      o 
   15.78326656478020     56.07283034667817     44.96262244602121      h 
   13.52305794470458     57.64701114613278     44.03410826383583      h 
   16.31865074436494     40.56598509335038     34.87273160358403      o 
   17.04392546894400     42.22371946651676     35.06973234866518      h 
   14.77324639516823     40.81734654225316     33.93263295422030      h 
    9.82029252636442     52.95978650669910     44.09393713082078      o 
   11.25256860565021     52.41414311850816     45.07063331935314      h 
    8.35343954972668     52.58780152306620     45.12705603014764      h 
   23.51968665055638     52.29132685633544     32.75097299834842      o 
   24.31182798009877     50.88981929079871     33.59026985381043      h 
   22.78976502127095     53.36875686948454     34.04494358355459      h 
   19.93901428814231     46.27260609346668     33.39303881425290      o 
   21.35419846555765     45.29819601772004     33.99148068758662      h 
   20.64929677325893     47.82990164486660     32.76288270814963      h 
   30.88202510931782     44.28735229098847     36.99145085259332      o 
   31.45908114343387     42.93953797466656     38.09742884189695      h 
   30.00349459706564     45.46099940745754     38.06415527511518      h 
   13.66492012884303     34.81600230421844     37.82619799384426      o 
   14.90502924672160     35.96863293917807     37.14998247071313      h 
   13.68220057868700     35.05612471461831     39.62402951196353      h 
  -12.31934793947873     41.48072812236868     20.22009799740828      o 
  -13.35752562553425     40.10803408710344     19.55071944058972      h 
  -11.34335473088923     42.15580269737971     18.83098622283958      h 
    2.01861698724545     43.46217849497161     23.29615219841457      o 
    1.48739336512684     41.73935684991453     22.94770820216273      h 
    3.84122576355605     43.47900532366036     23.43725098221341      h 
   -9.47436808546913     48.75322844995267     32.10422412614632      o 
  -10.77726634606332     47.48679494844507     31.90699647052105      h 
   -8.82317624136003     49.02823684921760     30.43061846308362      h 
   -6.67932477805263     55.61752742814383     14.98523653850886      n 
   -5.99928564957610     54.64633817579388     17.51141752652032      c 
   -5.76090283546954     51.74631306908389     17.47222085185595      c 
   -4.47857671151629     50.63699670787063     19.06471351168794      o 
   -7.96291393209149     55.47041734824358     19.45623067041846      c 
   -7.11449276939829     54.91432494321468     22.23088348675452      c 
   -5.28344204964514     56.92628287069630     23.22740484691273      c 
   -4.33981982502423     56.18723351339776     25.69847074645649      n 
   -4.80243512618059     57.19277000753964     27.96239671712273      c 
   -6.03530933226420     59.35315729062130     28.24073567144590      n 
   -4.02459262270643     55.98768679402438     30.04319250604231      n 
   -8.31880462550488     56.56630459933218     14.80097757847720      h 
   -4.13622868904080     55.40652864429587     17.98636836907920      h 
   -8.29977290653041     57.49139726393383     19.23403589451293      h 
   -9.72119682126930     54.46664070088726     19.06711560886044      h 
   -8.78575267349924     54.85488083520445     23.42482328265580      h 
   -6.20460874547028     53.06883408160812     22.27656230825187      h 
   -3.67306888886344     57.10300016746751     21.94679795726672      h 
   -6.21327262947769     58.76045255100343     23.33583325046885      h 
   -3.34382255503572     54.54122711886750     25.68821606393291      h 
   -6.09888029410032     60.60029300881146     26.80052836284008      h 
   -6.16961656534523     60.02368485958750     30.03692348533647      h 
   -3.03033649858650     54.37559839570582     29.90488928114561      h 
   -4.18627632298485     56.89981393701612     31.73236660849712      h 
   -7.17194743572315     50.62137740385897     15.71253407147541      n 
   -7.33282610877875     47.87188782261732     15.46231964351605      c 
   -9.80884372166710     46.66650033884677     16.25623121503747      c 
  -10.06089318123761     44.35763291245735     16.32692142931463      o 
   -8.03996388336869     51.67331738461324     14.37862535381811      h 
   -6.96079494005468     47.31134082537863     13.50958012084646      h 
   -5.83261520421342     47.07510683017635     16.64249498778538      h 
  -11.71458160938360     48.23998674338350     16.77513140455053      n 
  -14.19614615563790     47.18253873739776     17.38708748236838      c 
  -15.52905101780073     46.40521444175435     15.00261545743670      c 
  -14.95256082168006     47.27454996403285     12.91945570431352      o 
  -15.83458888256083     49.16542822871867     18.78110826701057      c 
  -14.87151857319039     49.62112872896315     21.41659310530464      c 
  -14.67510788086397     47.64874360134069     23.08471331118801      c 
  -14.13138305508442     52.01828646548418     22.21628757101165      c 
  -13.79032930685646     47.98363913521153     25.54849108255332      c 
  -13.27741740999982     52.36503237138346     24.67844072570314      c 
  -13.05831758095577     50.35931327132236     26.32821341907247      c 
  -11.61992630276668     50.09566103501878     16.32754369773939      h 
  -13.88980497064443     45.52814392515658     18.58679676522759      h 
  -15.83665105507368     50.90818564501430     17.68010211209756      h 
  -17.76204055669361     48.43305151415615     18.88169653586399      h 
  -15.26898888965864     45.79230737579314     22.48631464417046      h 
  -14.26042087182658     53.60499075149223     20.94199922895402      h 
  -13.66551615180894     46.39898944467115     26.82552298297928      h 
  -12.77276974902512     54.24238927368118     25.29110044940329      h 
  -12.39255575078944     50.65541071851803     28.23174715822067      h 
    1.37470739048764     36.84888883282702     16.19650225276120      n 
    0.37171088871052     38.61290784717394     18.07851218077663      c 
    0.21215441891815     37.34622871266237     20.66302166366711      c 
    0.53186142068917     38.68465840973590     22.57128008750792      o 
   -2.23877332257248     39.49691184462462     17.26784457234614      c 
   -3.51384988292959     41.04238582020702     19.33826055205018      c 
   -1.97176642019727     40.89505652699438     14.76332359463065      c 
    0.15551768532155     35.57634167197585     15.46697025907727      h 
    1.68274626256616     40.19820950658386     18.24014075302480      h 
   -3.37493177994837     37.78306140309204     16.98354929008098      h 
   -5.30620574644496     41.77074761319109     18.64622900708167      h 
   -3.87076622207840     39.89100753271219     21.00032652706959      h 
   -2.32445754868605     42.62054453473681     19.90366089105945      h 
   -3.76599959529629     41.72664965648751     14.20997254265990      h 
   -0.61035051109339     42.41962957610839     14.96334164982826      h 
   -1.31363412271344     39.60601771096513     13.30832487624279      h 
   -0.31388850817210     34.90467708514157     20.76433147694215      n 
   -0.43435000022488     33.61167720944774     23.28690732194350      c 
    1.52213307465253     31.42595403192496     23.67186281228335      c 
    1.78000581960003     29.99825159248151     21.80713164942122      o 
   -3.02896008683366     32.31210751648701     23.44610775886326      c 
   -5.04685924448076     34.25923312955663     23.70412771195044      c 
   -5.25306001678908     35.62119265026619     25.93910543416019      c 
   -6.58981367377729     34.87138325501742     21.65573770611383      c 
   -7.08589759658229     37.51218684378085     26.13321514533712      c 
   -8.39853661398829     36.76570945886828     21.83909973191214      c 
   -8.64132484547805     38.08260865272253     24.08703632125084      c 
  -10.35245528086373     39.98929621730156     24.40211198644477      o 
    2.63864939925801     31.13311113954519     25.74111806977496      o 
   -0.59431978842024     33.82983019924174     19.22064448838939      h 
   -0.17423537738564     35.03874312153928     24.74498730198648      h 
   -3.28024046346965     31.16654866632024     21.74635043009974      h 
   -2.99771172461190     31.04903757504622     25.08242843995224      h 
   -3.99151483833602     35.20826302570145     27.48499075130326      h 
   -6.34394929838822     33.85161597476808     19.90572365033222      h 
   -7.23608210583350     38.62772292596247     27.82611108024559      h 
   -9.55763173780370     37.22578255611362     20.22806631354492      h 
  -11.04491968834791     40.51555360806698     22.73701050438184      h 
   23.30874922554306     46.98395987556231     16.89840859469282      h 
   20.42619906380709     40.53122318067863     13.95487350023317      h 
   36.83761253251888     37.36341331636208     33.22290453883071      h 
   38.56989350279338     33.86739919058502     38.43991302271757      h 
   17.96665996135208     21.86224633915675     43.22158767971247      h 
   22.73381457528995     23.48880336449076     39.08365227787755      h 
   25.04465825269967     66.28736903547215     31.74202916958299      h 
   19.82504055918805     68.30393327029964     34.71814029631584      h 
   17.07480253289796     66.55500026418369     26.66178716390799      h 
    0.98278528843057     64.79363635221212     35.18237747064188      h 
    4.94534383752620     71.20753438894937     26.59566584361543      h 
   31.80094232280503     56.88191774245931     31.92967990083324      h 
   -5.48185331962299     56.70138182317208     14.45242913537139      h 
  -16.93400504435886     45.14343363091604     15.07387226106428      h 
    1.97628737655885     37.72020962181935     14.86553885157499      h 
   0.9528949500628D-01   0.4409951262065D-01   0.6234143416564D-01
   0.1558915101346D-01  -0.1519689804487D-01  -0.2462076699020D-02
   0.1326932405456D-01  -0.1090196720985D+00   0.1434472295095D-01
  -0.1661383214470D-01   0.2406193602618D-01  -0.2620147170560D-01
  -0.8137840171691D-02   0.4917123452141D-02  -0.6450493443979D-03
   0.9417168709148D-02   0.1231545603954D-01  -0.4383700908120D-02
  -0.1052636804764D-01  -0.7749221056455D-02   0.8639930934475D-03
   0.9302747715139D-02   0.2019968432882D-02   0.8435610485956D-02
  -0.6278509914603D-02   0.8980393740595D-05  -0.2160797334208D-02
   0.7283460748891D-02   0.1071189849541D-01   0.9995808169719D-02
   0.1715874519651D-02   0.4354409247503D-02   0.6181860364549D-03
   0.1439056948452D-03  -0.1141361555617D-02   0.1315781503246D-02
   0.8786649856829D-03   0.3782763574356D-02   0.1410964076195D-03
  -0.7907271150946D-03  -0.1858979826488D-03   0.2705497908944D-03
   0.1458513570225D-02   0.6669968791166D-03  -0.6717528126215D-03
   0.1920868420388D-03  -0.2254098951697D-03  -0.1572509491250D-03
   0.2769649182758D-03   0.6841579534346D-03  -0.2499809033158D-03
  -0.2128745094464D-03  -0.1247992652194D-02  -0.1155945919162D-02
  -0.5284805183408D-05   0.1729299493206D-03  -0.3885089893329D-03
  -0.1922628675147D-02   0.3243513412592D-03  -0.1996622278805D-02
   0.1879613165403D-02   0.4315437389193D-03  -0.1083369056631D-02
   0.2956452701697D-03  -0.4169607660607D-03  -0.1366396902959D-02
  -0.3801736631918D-01   0.9715676423352D-01  -0.7291125902891D-01
  -0.1601061455139D-01   0.1461652221469D-01   0.1108210628793D-01
   0.1010496125284D+00   0.8511342787348D-02  -0.8464937438623D-02
  -0.1568640132747D-01  -0.1605692180173D-01   0.1924303967578D-01
   0.4162727665177D-02   0.2723219252363D-02  -0.6423305922985D-02
  -0.7089188457359D-02  -0.5031549538198D-02   0.2590153608980D-02
   0.1955398628082D-04  -0.5207873742184D-02  -0.1498364804943D-02
   0.1425226805632D-01  -0.3751998104089D-02  -0.6240213134880D-02
   0.2952945507710D-03   0.1081789342598D-01  -0.1948072338189D-02
  -0.6029284501764D-02  -0.3145364938000D-02   0.2501729905083D-02
  -0.9796420938913D-02   0.6668266156259D-03  -0.5483608765093D-02
   0.5589453638860D-02   0.2395680973508D-02   0.9514979807546D-02
   0.2929870729358D-02   0.9608039212139D-02  -0.9266139504643D-02
  -0.6564180847729D-03   0.2348192259910D-02  -0.8539199250519D-03
   0.1033011833612D-03   0.7775864295169D-03  -0.1151815534092D-02
   0.2267961187905D-02   0.1724522797698D-02   0.3931953306061D-03
   0.5527981411316D-03   0.1439199416480D-02  -0.1772493005433D-03
   0.1053923849922D-02   0.9230047287011D-03   0.1059722111608D-02
   0.1552385053392D-03   0.2268672880136D-03   0.4718667801636D-03
   0.1487021440852D-02   0.4419533396840D-03   0.1437105914260D-02
  -0.2341550701514D-02   0.3199793371510D-03  -0.1291639090285D-02
  -0.1018285463617D+00  -0.5469230668423D-01   0.3507351105666D-01
  -0.1823488325048D-01  -0.8834755325789D-02  -0.4390931265216D-02
   0.8852658430952D-01  -0.2984021843004D-01   0.4610505093589D-01
  -0.9644588430729D-02   0.1144372786303D-01  -0.2096004564200D-01
   0.1399009777376D-01  -0.6559799988217D-02   0.1464624056819D-01
  -0.3264259658138D-02  -0.1174860372301D-02  -0.2833388026499D-02
   0.1698358662515D-02   0.1102690404726D-03   0.1476674329204D-02
  -0.2734262451860D-02  -0.2930149990390D-02   0.1179069385818D-02
  -0.4437739366873D-02  -0.9861611578361D-03  -0.9115970938278D-03
   0.5754363601602D-02   0.4200437810952D-02  -0.3869256996404D-02
  -0.2044243829789D-02  -0.2732442430182D-02   0.4763361019858D-02
  -0.5860908274007D-02  -0.1058902033509D-01   0.7449859047035D-02
  -0.1071515156488D-02  -0.3914125952534D-03   0.1249983122143D-02
   0.1658134134989D-02  -0.2058354757803D-02   0.8527298937522D-03
   0.5391760989507D-03   0.2553241299286D-04  -0.4454728389467D-03
   0.3107869367539D-03   0.8431456165627D-05   0.2240478940873D-03
  -0.8575850353075D-04   0.3956294203963D-03  -0.8076469569473D-03
   0.3840471769689D-03  -0.1006031587390D-03  -0.3564207165398D-03
  -0.1724486039021D-03   0.2803483040042D-03  -0.1383260453588D-02
  -0.1015507495421D-03   0.8231355255781D-03  -0.8767705694341D-03
   0.4840210431478D-01  -0.5118814758829D-01  -0.9358154012985D-01
  -0.8352715758237D-02  -0.1836645813808D-01  -0.1079463026924D-01
   0.1172266198909D-01   0.8853472725408D-01   0.1180317457242D-01
  -0.2317979588436D-01  -0.1109037419752D-01  -0.2204549462454D-02
   0.1140993056970D-01   0.8847775207627D-02   0.8015706127658D-02
  -0.1034610475018D-01  -0.4696256340511D-02  -0.7945562019699D-02
   0.5432814289224D-02   0.6937817501349D-02  -0.5771342958178D-03
   0.1787076634989D-02  -0.2883910267356D-02   0.4941667939162D-02
   0.8295058192931D-03   0.5246882251924D-02  -0.8690294955779D-03
   0.2310301089576D-02   0.4246297500814D-03   0.9602766818735D-03
  -0.1807685576454D-02  -0.1773843372165D-02   0.1543373779071D-03
   0.9733613419079D-02  -0.2660698167260D-03  -0.1396518532954D-01
   0.1787027280001D-02   0.1637187743747D-02  -0.2898375478959D-02
  -0.2047700355679D-03  -0.3986591070419D-03   0.1521900878545D-03
  -0.3649482687443D-03   0.7830810309513D-03  -0.2285417040455D-02
  -0.1533395165728D-02  -0.1748135547871D-02   0.1596256137980D-02
  -0.4634096797046D-03  -0.1488866773968D-02  -0.9041743868914D-03
   0.8446558438680D-03  -0.1155770568334D-03   0.4435469823518D-03
  -0.9532998814398D-03   0.7380441881043D-03  -0.8265361478324D-03
  -0.1075874286760D-02   0.3540499365148D-03   0.3208797314060D-03
   0.7599599886340D-03   0.3270623008209D-03  -0.2511755605190D-02
  -0.4522677535594D-03   0.4639979417062D-03  -0.8674239348715D-03
  -0.2443322214025D-04   0.3147406816786D-03   0.3052576548671D-03
   0.1472772704771D-03   0.3828151490111D-03   0.1676417788221D-04
   0.8703074073791D-02   0.5117858812672D-01  -0.1126879269002D+00
  -0.8172771832142D-02  -0.7185162895611D-02  -0.4133390625011D-02
  -0.4807964930958D-02   0.5660599545253D-02   0.1316078853740D-01
   0.3842250227930D-02  -0.3766018849099D-02  -0.5390954491659D-03
  -0.8438416473671D-02   0.9864516334412D-02  -0.3516279444156D-03
   0.5344547967199D-02   0.2838490755153D-02  -0.1277937401922D-01
   0.5897855018606D-02  -0.6657081988425D-03   0.2381672172504D-03
  -0.4258647643958D-02   0.1411058027660D-02   0.4403011241045D-02
   0.2875527163034D-02   0.1430849922359D-01  -0.7378278429438D-02
   0.1677123398146D-03   0.2878279380566D-02  -0.1105446275500D-02
   0.1866443008288D-03  -0.5636468349171D-03   0.5016971557463D-04
  -0.1193193334452D-02   0.9468414367139D-03   0.2892520143865D-04
  -0.1303930828426D-02  -0.2376424305640D-02  -0.2108991855788D-03
  -0.9126737814017D-04  -0.4827102230322D-03   0.9080753754455D-03
   0.4615786788717D-03  -0.4236224708369D-03  -0.4472651642793D-03
   0.3653499700108D-03  -0.1293324507506D-02   0.3760079176244D-03
  -0.9781777785490D-05  -0.7198118681355D-03   0.3292067075261D-03
  -0.9536271312631D-05  -0.2442220058797D-03  -0.2451391464867D-03
  -0.7164240407072D-03  -0.1068544129355D-03   0.1556911445373D-02
  -0.2243293140856D-03  -0.6414689954446D-02  -0.1656981503041D-01
  -0.5884758020308D-02  -0.5862291092148D-02   0.1121542631668D-01
  -0.1568674846471D-01   0.2797303220184D-01   0.4069592082835D-02
   0.2162212124553D-01  -0.2338463270161D-01  -0.4401701871616D-02
   0.3925059263442D-04  -0.7098075936775D-03   0.3524037810500D-02
   0.4082762125010D-03  -0.1274375442146D-02  -0.7180020851926D-03
   0.3351287559413D-03   0.7541992531968D-03   0.7648763054391D-03
  -0.7028080116140D-02   0.4308506141404D-02  -0.1371265690304D-01
   0.7333188997640D-02  -0.1232621931665D-02   0.1531334887945D-02
  -0.1284112705652D-02   0.4404003983008D-02  -0.2359182895451D-02
   0.8741452884845D-02  -0.5406361815213D-02   0.9800026242990D-02
  -0.2723053478019D-02  -0.3362299300140D-02   0.1273849869803D-02
  -0.1805300546694D-02   0.5988409901487D-02  -0.4105036979296D-04
  -0.3694470658814D-04  -0.7438358616917D-03   0.4147568943941D-03
   0.4116473610160D-03   0.2067525887461D-03  -0.9210912429980D-04
   0.1868020826061D-02   0.8037049909583D-04  -0.5442095958676D-03
  -0.5591283624258D-04  -0.3079962984898D-04  -0.4881977784799D-03
  -0.1752573878313D-02   0.2805033285263D-02   0.2653942737532D-02
   0.2144476769704D-02  -0.8079054705053D-03  -0.5250217393459D-02
  -0.1404822886547D-02   0.1777555193335D-02   0.1337647160215D-01
   0.2745600273135D-02  -0.4569227335987D-02  -0.6161464421222D-02
  -0.7820955009992D-02  -0.8976126255245D-02   0.2154164504487D-02
   0.7160168174169D-05   0.1518431124383D-02  -0.4237101015627D-02
  -0.4821894659144D-02   0.5665026949024D-02   0.2857283698026D-03
  -0.8186263502594D-05   0.1241340995521D-03  -0.1986656350342D-04
   0.1969150653296D-04  -0.5937707470760D-04  -0.4206884363951D-04
   0.1667973534947D-05   0.3213088907768D-04   0.3137924568149D-04
   0.3972673040219D-04  -0.1693111738275D-03  -0.1322152275897D-03
   0.7566271109171D-04   0.4808245973683D-04  -0.9014927287233D-04
  -0.1284617383875D-03  -0.2425633249488D-04   0.6918996493557D-06
   0.8935722249928D-04   0.8234068794667D-05   0.1972041457836D-04
   0.1545947306946D-01   0.3550627949920D-02  -0.2238249552413D-02
  -0.9884864019477D-02  -0.1679398510396D-01   0.2786227427215D-02
  -0.6096231926412D-02   0.6543361127341D-02  -0.2401646262439D-02
  -0.1092362314343D-03   0.7917376637359D-02   0.3905899491253D-02
  -0.1315843039371D-02   0.2645699415678D-02  -0.8236867113195D-03
   0.9566053008777D-02   0.5589129364138D-02  -0.1915857457384D-02
  -0.8584713124311D-02  -0.5300875767338D-02  -0.3082865618647D-02
   0.1299791183613D-02   0.1794946057824D-02  -0.5567127817940D-03
  -0.1198676435315D-04   0.3440553285659D-03   0.7970422095277D-04
   0.1124375750944D-02   0.5189603316477D-03  -0.1482294939195D-03
  -0.3998911632520D-03   0.1471469505843D-02   0.2704282266887D-03
   0.1484147351938D-02  -0.4729225074613D-03   0.8946318861027D-03
  -0.9135764766803D-03  -0.6244136242554D-03  -0.1079634247750D-03
   0.7325019961796D-03   0.1032176860623D-02  -0.5124262154655D-03
   0.5145911379067D-02  -0.1272771670958D-01   0.2289568480852D-02
   0.9490346485165D-02  -0.1305687525224D-02  -0.8395948136389D-03
  -0.1244083271885D-02  -0.1464236176293D-02   0.9724545338147D-02
  -0.7538311528851D-02   0.1275111465639D-01  -0.1045561271621D-01
   0.1408166338120D-02  -0.1805245180939D-02  -0.2321984109341D-02
  -0.3422379357523D-02   0.6163272629926D-02  -0.1084435657548D-01
  -0.3988925224582D-02  -0.2687894283171D-02   0.6227709988420D-02
  -0.1149011540871D-04   0.1032890795594D-03  -0.1535833823633D-04
  -0.1727617662041D-04   0.4175636103422D-04   0.1624902483217D-05
  -0.9615027501125D-04   0.3006494405091D-05   0.7085387941404D-04
  -0.6206923820820D-04  -0.3094972241976D-05  -0.7710383422767D-04
  -0.1292499647599D-04   0.9530400701416D-04  -0.8922469380376D-04
  -0.1636438840015D-03  -0.3227003403205D-04  -0.1158383359494D-04
   0.2895832744339D-03   0.1104191156090D-04  -0.9276216709553D-04
   0.1513707957825D-01  -0.1712327922290D-01  -0.9783415685187D-02
  -0.1445224728756D-01   0.2027312141726D-02  -0.4994264471919D-03
  -0.3633109570263D-02   0.3535021968934D-02   0.1286909238142D-01
   0.3221010509672D-02  -0.8208522708141D-03  -0.1885145093068D-02
  -0.5626151483981D-02   0.3918804922514D-03  -0.4803194217278D-02
  -0.1050960440690D-03   0.6824397890788D-02  -0.7163921854599D-02
   0.5318946051836D-02   0.3886482771560D-02  -0.3926463690635D-02
  -0.1562927429520D-02  -0.5214813938657D-02   0.1098093297936D-01
   0.3873429193973D-03   0.1150956542599D-02   0.6390234242221D-03
  -0.3305978676622D-03   0.5695567031186D-04  -0.2966849551276D-04
   0.7015375813753D-04  -0.1479536357155D-03   0.2139752844785D-03
   0.6872888628241D-04  -0.9113979962296D-04   0.1079917849035D-03
  -0.4472304506903D-03  -0.6084672684150D-03   0.5630477024155D-03
   0.2494006261291D-02  -0.1218344057472D-02   0.1531502637985D-02
   0.7737897169061D-03   0.8518348859768D-04  -0.6737552377376D-04
   0.3387532425201D-03  -0.3808507250430D-03   0.6776800477500D-03
   0.5109621284251D-03   0.1671918399782D-03   0.3543711973316D-03
   0.2832581330522D-03  -0.2631941427355D-03   0.2864381378663D-03
  -0.7234298804109D-05  -0.2498453676062D-03   0.4092759251342D-03
  -0.4555386491662D-02  -0.5324684320850D-02  -0.2751356422530D-02
   0.9161248073408D-03   0.8210031024208D-02   0.1892016506677D-02
  -0.4956384054370D-02  -0.1307853038183D-01  -0.1392683334308D-01
   0.3104433844033D-02   0.1238726203086D-01   0.7970083980314D-02
   0.2384060082314D-02  -0.2257027147422D-02   0.3863478465909D-02
  -0.3454113383564D-03   0.1228887214967D-02   0.3217528804531D-03
  -0.4262166527366D-03  -0.7808906610781D-03  -0.1710763921985D-03
   0.5411202675594D-03   0.2781965448621D-03  -0.1948004787856D-03
  -0.6804706884452D-03   0.2894614023331D-04  -0.1364842399863D-02
   0.5688140181070D-03  -0.2156042788626D-03   0.5905947370201D-03
  -0.3190552528948D-02  -0.9910375082401D-03   0.9740234377111D-02
   0.6849761324635D-02  -0.6769253773704D-02  -0.1024521565576D-01
   0.4720320939282D-01   0.7272724616741D-01  -0.2316889971562D-01
  -0.2650163635889D-01   0.3013934494451D-02  -0.3662896954709D-02
   0.1355544086870D-01   0.1399565673595D-03   0.4644251161002D-02
  -0.9192782234557D-02   0.2994558164450D-03   0.4872178399579D-02
   0.4500318738089D-03  -0.5910711477397D-03   0.1729971818867D-03
   0.1001978620238D-02  -0.1825851647294D-02  -0.2045231574784D-02
   0.1318546400376D-03   0.4788912894235D-04   0.1523434739673D-02
   0.5291039170398D-03   0.8122090265161D-04  -0.5245076605105D-03
  -0.1832304363676D-03   0.9190401534316D-05   0.1116099355558D-02
  -0.9549484061387D-02   0.1176427595025D+00   0.4445951791930D-01
   0.3374003157962D-01  -0.7957246603586D-02   0.1240707672814D-01
   0.1832438210971D-01  -0.8288273087906D-02   0.4885394858669D-02
  -0.1260723046739D-01   0.1991290286687D-02  -0.1180160790040D-01
  -0.4736827003361D-02   0.2388057852813D-01  -0.9792948746762D-03
  -0.8324885614326D-03  -0.1354251907253D-01  -0.9230669688439D-02
   0.2284776145601D-02   0.2893447396748D-03  -0.4062405666067D-02
  -0.3058087001809D-02   0.1401947035452D-01   0.6776812063554D-02
   0.3972512908118D-03  -0.2988338168010D-03   0.2127290967015D-02
   0.7872963102131D-03   0.2930428451785D-02  -0.2419288801385D-02
  -0.7170521225057D-02   0.4479739213171D-02   0.4466529539623D-02
   0.1592246668271D-03  -0.5058871339092D-03  -0.1454945820954D-02
   0.5317257057775D-03  -0.1692797829693D-02   0.1076320100438D-02
  -0.4395785233780D-03  -0.5868403985869D-03  -0.5974459411683D-03
  -0.7494406082702D-02   0.6010482451630D-02  -0.3477919781381D-02
  -0.8671952467564D-02  -0.2584184298892D-02  -0.6234918785157D-02
   0.2083930677049D-02   0.4489780479281D-02   0.2497670609985D-02
   0.1085718920038D-03  -0.4833360613757D-02  -0.1574604052558D-02
   0.1433196994411D-01   0.8045582912919D-03   0.5712692583523D-02
  -0.1416070850834D-01   0.1422749068254D-02   0.3557861553466D-02
  -0.3921413102872D-02  -0.5945727413156D-02  -0.7288366575135D-02
   0.1192042061043D-01  -0.2673907773419D-02   0.5337817165702D-04
   0.5521551764949D-02   0.3924417220498D-02   0.4140184934425D-02
   0.7419812787707D-03  -0.1980279078084D-03  -0.4808521933686D-04
  -0.1845456169401D-03   0.8121324535965D-03  -0.6560179289709D-03
  -0.6935064189760D-04  -0.7881017011329D-03   0.2528284056682D-05
   0.9374231662251D-03  -0.6206910583154D-03   0.1284042535690D-02
  -0.4170068753879D-03  -0.2607460105351D-03   0.8591273669297D-03
   0.5587601131737D-03  -0.1150481390175D-03  -0.2693225253576D-03
  -0.2681688851128D-03   0.4410271631562D-04   0.2249062488419D-03
  -0.2068913889081D-03   0.1337263254632D-02   0.3907748620941D-03
  -0.7021112671229D-03  -0.5710288357668D-05  -0.2810139961003D-03
  -0.3983352418332D-03  -0.9339484025301D-03   0.1390260208276D-02
   0.1032445309507D-01   0.8859148099904D-02   0.2233567754990D-02
  -0.7288622452544D-02  -0.7228696090231D-02  -0.6080502802963D-02
   0.5738399816988D-02   0.1706059741094D-01   0.1185149394427D-01
  -0.7384228953980D-02  -0.1096049658744D-01  -0.2040820927444D-02
  -0.1716450161233D-02  -0.1427575359662D-02   0.7199657647536D-02
   0.2302653248328D-03   0.1310357197527D-02  -0.1909556594721D-02
  -0.3492511169411D-02   0.7016671381782D-02   0.1111309546715D-01
   0.1905096727256D-01  -0.4914498607266D-02  -0.3834590610347D-03
  -0.9651705905567D-03  -0.2053699187724D-02  -0.9899121422859D-02
  -0.2199549511019D-01   0.1075597276343D-01   0.2185405918958D-03
  -0.1354125618901D-02  -0.4905495058873D-02  -0.3668236358354D-02
   0.2252903032654D-04   0.7656512404912D-05   0.1513044234146D-04
   0.2467285207746D-04  -0.9178298017753D-04  -0.1695257523682D-04
   0.3102336770101D-04  -0.3486590175768D-04   0.5742377432297D-04
  -0.4773369916026D-04  -0.3450283716342D-04   0.5609818562786D-04
  -0.5820045264435D-04  -0.1018620219616D-03  -0.5365471727931D-04
   0.1199889697565D-03   0.1244877950577D-03   0.2259789680662D-05
  -0.1403702623741D-03   0.1332018571222D-03   0.1578710882685D-03
   0.2957703139725D-04  -0.3161367405940D-04  -0.3336698272775D-04
   0.4993102505837D-04  -0.1128717049598D-03  -0.1121523983754D-03
  -0.3619348950873D-04   0.4467026620851D-04   0.3989432458351D-04
  -0.1020630986025D-03   0.2031258976894D-04  -0.9504353583703D-04
   0.5197557387453D-04   0.3649630761849D-04   0.2759819633794D-04
  -0.1039671472505D-03  -0.2333744848072D-04  -0.1023192789911D-03
   0.8704250529762D-02  -0.8479347242232D-02  -0.8404675491148D-02
  -0.1078631435948D-03  -0.1622806566504D-02   0.4657724818461D-02
  -0.2916333430053D-02  -0.1276415856441D-01   0.5581435653880D-02
   0.3448382060798D-02   0.8567794249603D-02  -0.1071085119880D-01
  -0.4973368941312D-03  -0.2047508732089D-03   0.1579590078308D-02
   0.5570646068019D-03   0.8785334700855D-03   0.4037599220928D-03
   0.1686029180137D-02   0.2635624881536D-03   0.1269739991314D-02
  -0.2241272467019D-02   0.1237742933337D-01   0.5843902654616D-02
  -0.6588061851423D-02  -0.4855968480702D-02  -0.3876799549686D-02
   0.1497986721451D-01  -0.5236015954913D-02   0.1244559415176D-01
  -0.1248862049991D-01   0.7434363307039D-03  -0.1314289747040D-01
   0.2569904460620D-02   0.1914257794275D-01   0.1892203010070D-02
   0.8630304049742D-02  -0.1945942567896D-01  -0.6468404884798D-02
  -0.1853229693356D-02   0.5578153523365D-02   0.1847799861223D-02
  -0.7100102425770D-02  -0.5522999898299D-02   0.5010360004599D-02
   0.2315836952037D-02  -0.9407630947685D-03   0.2148291012719D-03
  -0.2542473045631D-03  -0.1208035044911D-02   0.1206316634372D-02
  -0.1717134893291D-03   0.2798007057588D-03   0.2123169428196D-03
   0.5224654652801D-03  -0.2911496881975D-04   0.6677639664591D-03
  -0.4783059741505D-03   0.8114626461914D-02   0.4031870215766D-02
  -0.1298474583842D-01   0.7103161447890D-05  -0.1035288351235D-01
   0.6968276966844D-02   0.6425816411685D-02   0.3447611831174D-02
  -0.3659206667157D-02  -0.2568014760268D-02   0.7220029541868D-02
   0.9131755455702D-02   0.3820120623153D-02  -0.1096828712227D-02
   0.1104186525964D-01  -0.2569323947978D-02   0.5548964507632D-02
  -0.1000739651518D-01  -0.4054070746659D-02  -0.4755805280314D-02
  -0.8399939532456D-02   0.1857985692199D-02  -0.7854998343433D-02
   0.6293310089253D-02   0.4889116890862D-02   0.7787782204552D-02
   0.8090056153612D-03  -0.2780476961116D-02   0.2409563606582D-02
   0.3461043832914D-03  -0.1027720191307D-02  -0.6912540321703D-03
  -0.1200432369707D-03   0.9636527396535D-03   0.4165126535100D-03
   0.2116066488727D-04  -0.6830899758693D-03  -0.1407011856476D-02
   0.2762731453554D-03   0.5760984364991D-03  -0.4222598534637D-03
   0.1768521589018D-03   0.1095597643312D-02  -0.4858673862134D-03
  -0.1490228983487D-03  -0.3286234753117D-03   0.2162595432677D-03
   0.1005761897363D-03  -0.4963121234515D-05  -0.3980935568363D-03
   0.6977025261294D-03   0.8111765472863D-04  -0.1540369176900D-02
  -0.3182609078931D-03  -0.2706059890900D-03  -0.4640765104535D-03
  -0.1273754060055D-03  -0.9014066805894D-03   0.4493149117907D-03
  -0.3752530084239D-02  -0.6153571120241D-02  -0.3718280052269D-02
  -0.9170268477331D-02  -0.3193991706908D-02  -0.1418476489310D-01
   0.5398812905524D-02  -0.1622199205131D-02   0.6669351165281D-02
  -0.8502059735754D-02   0.1232314477875D-01   0.5429532598035D-02
   0.1058490583522D-01  -0.1569777975628D-02   0.7709345541322D-02
   0.2998931092897D-05  -0.6970053297418D-04  -0.8830412059230D-04
  -0.2511000252714D-04   0.1404157740446D-03   0.8845744484409D-04
   0.2871903569000D-04   0.4105016620304D-04  -0.5280012688990D-04
   0.4248474543529D-04  -0.5957752730356D-04  -0.1208113720878D-03
   0.1221365626810D-05   0.8739117256478D-05   0.7849892027051D-04
   0.1834884352538D-01   0.3883199224721D-03  -0.1923330830046D-01
  -0.1397686113581D-01  -0.9144185146951D-02   0.1447096220137D-01
  -0.6287880627894D-02   0.7820317838680D-02  -0.1356135679154D-01
  -0.1730317226683D-02   0.2059480677665D-02   0.1274172844866D-02
   0.2154194576785D-02  -0.3266923997482D-02   0.2858443942228D-02
   0.7743954057448D-02   0.1174416974222D-01   0.1099814777904D-02
  -0.1799981062115D-02  -0.1304334158218D-02   0.5931417856213D-02
  -0.6985794156965D-02  -0.5208777177652D-02  -0.5024551593851D-02
   0.7204802381436D-04  -0.1836792912397D-03  -0.1067354363491D-03
   0.3590452615659D-04  -0.1406141259388D-03  -0.8206047560331D-04
   0.7005784921678D-04  -0.5976697559068D-04  -0.7864076476441D-04
  -0.1972382504684D-04   0.5735077324661D-04  -0.4509854101206D-04
   0.6590580785434D-04   0.1190100255851D-04  -0.6192372753754D-04
   0.4896272462279D-04   0.1326933150019D-03   0.7599511368820D-04
   0.2131699732415D-04  -0.3988148776034D-04   0.5159252736697D-05
   0.3859371035557D-04  -0.4432686537829D-04   0.1360970380971D-03
  -0.6787083622400D-04   0.1249913199227D-03   0.4697181918406D-04
   0.1262183913416D-03  -0.1044998973665D-03  -0.5457887865527D-04
  -0.6084685037829D-04   0.6512041387083D-04  -0.1487674570700D-04
   0.1301729774421D-02  -0.1250206204385D-01   0.5924847682343D-02
  -0.3776368253112D-02   0.7703177890313D-03   0.4167048298193D-02
   0.1929338065174D-02  -0.2206246260727D-02  -0.1990188417040D-02
   0.5931404559025D-03   0.3006890813134D-02  -0.4691210383371D-02
   0.1153942633503D-02  -0.1892595869423D-01   0.1175986175180D-01
   0.1338500867696D-01   0.3345854580090D-02   0.2986929847750D-02
  -0.9924710279585D-02   0.4479273052817D-02  -0.9227993642119D-02
  -0.1130691746320D-02   0.8829550776000D-02  -0.1086852506051D-01
   0.7819030384775D-03   0.2511238357812D-02   0.5839797500564D-03
   0.2029353680417D-03   0.2299362401558D-03   0.4442794078777D-03
  -0.1987369266749D-03   0.4862533517568D-03  -0.3631572722568D-03
   0.1735988011879D-03   0.3383777305413D-03   0.2590866446574D-03
  -0.1185276762574D-01  -0.2009048429375D-02   0.5776538319172D-02
   0.3460414680981D-02  -0.4875948955816D-02  -0.2624035678131D-02
  -0.7236113565134D-02  -0.1372950392839D-01   0.1129299965580D-01
   0.1148370884406D-01  -0.4882600853474D-02  -0.1231252462394D-01
  -0.4065657444775D-02   0.6725185175238D-02   0.4197604694366D-02
   0.1462756961394D-02  -0.8470692142497D-03  -0.1056303976517D-03
  -0.1005690107639D-02  -0.2804738652990D-02  -0.9109873444579D-03
  -0.3121557336730D-04  -0.6801542527066D-05  -0.7266922855958D-04
   0.2046796765143D-04   0.6344158480071D-04  -0.8956563377133D-06
   0.5086069089125D-04  -0.4686992394369D-04  -0.1599223766803D-04
   0.1435403909636D-03   0.3791242442150D-04   0.1577348421823D-03
  -0.7387645611704D-04  -0.1229206787960D-03  -0.2047842083252D-03
  -0.9547774259389D-04   0.4685707143591D-04   0.5185834748364D-04
  -0.1828512956134D-04  -0.6624928532402D-04   0.5824300071481D-04
   0.3460443453371D-04   0.7879345006312D-04  -0.3978184415153D-04
   0.5438925910490D-04  -0.6178777771682D-04  -0.1024058203430D-03
   0.9887494482950D-02   0.2170321579042D-01   0.1660722405207D-02
  -0.5266384596268D-03   0.4648248789621D-04  -0.5389261502190D-02
   0.1699529361757D-01  -0.3763308237220D-02   0.1225707565548D-01
  -0.6806282748076D-02   0.3231669926102D-02  -0.6031901538054D-03
  -0.8659324198110D-03   0.6925124490810D-03   0.2983190588073D-04
  -0.2109789668225D-04  -0.6577839880572D-04  -0.8138091049454D-03
   0.5743059827827D-03  -0.7449515861396D-03  -0.3759858113386D-03
  -0.1209282450074D-01   0.4097674208003D-02  -0.3248141312044D-02
  -0.1334699942595D-02  -0.1243331775983D-01  -0.3756717877261D-02
   0.3062486631235D-02   0.3146453075365D-02  -0.1173206969482D-01
  -0.7659298592977D-02  -0.4816910003597D-02   0.3818559105170D-02
  -0.2437494343092D-02   0.1375443561176D-01   0.6395312239021D-02
   0.4919593751368D-02  -0.4588753796443D-02  -0.5105681465834D-02
  -0.2798159549612D-02   0.1065723677818D-02   0.5182982290161D-02
  -0.1806240943401D-02  -0.6697271229027D-02  -0.3040351457271D-02
   0.9700462249373D-03  -0.2820163212382D-02   0.2454985657889D-02
  -0.1852766025602D-02  -0.1740048597114D-02   0.1347289322911D-02
   0.1507205667672D-01   0.1177584501372D-01   0.7581229290090D-02
   0.1694465209494D-03   0.8266075379642D-03  -0.3674201813230D-03
   0.1761914379635D-03   0.2094971065926D-02  -0.9582246549939D-03
  -0.1203334017817D-03   0.7407296758571D-03   0.7216126295153D-03
   0.1626981638698D-02  -0.4931388337386D-03   0.5941611788009D-04
   0.4276631229612D-03  -0.2213463022841D-03   0.3632581051465D-03
  -0.2283745787972D-03  -0.5143979257341D-03  -0.9083760079000D-03
  -0.6792395324198D-03   0.1950670938184D-02   0.3778064372030D-03
   0.4645409664661D-03   0.1205139100653D-02  -0.1644919005804D-03
  -0.1092422263231D-02  -0.2404033723439D-02  -0.2827122140628D-02
   0.3685268237230D-03  -0.6117751752241D-03  -0.1076317615932D-02
  -0.4536082634802D-03   0.2170650492022D-03  -0.8538147978535D-03
  -0.1152153520234D-01  -0.7573080963022D-02  -0.7516921149626D-02
  -0.8494124302403D-03   0.1360009554519D-02  -0.5998427360326D-03
   0.7610859091196D-02  -0.8242303387166D-02   0.7918289347260D-02
   0.4469181766917D-02   0.7657487656646D-02   0.9455129367310D-02
   0.8757305737793D-02   0.1057948722140D-01  -0.9775918828117D-02
  -0.2566777547718D-02   0.6813945006286D-02   0.1657737866117D-02
   0.4153526311137D-02  -0.6830378805644D-02  -0.1034223294087D-01
   0.8775224344049D-02   0.3122645191732D-02  -0.5993183148257D-02
  -0.1306599018500D-01   0.1001882462560D-02   0.5550941439176D-03
  -0.3309931809004D-02   0.1868513740250D-02   0.1072044315648D-01
   0.1044895750349D-04   0.3340549774487D-05   0.5022490848327D-05
   0.6474191397379D-04  -0.6846607473894D-04  -0.2897040766620D-04
  -0.7875295051875D-04   0.8400617084571D-04   0.2812154126818D-04
  -0.1216463343776D-03  -0.1037816491838D-03   0.7178549064072D-04
   0.4049156230754D-04  -0.6529494578880D-04  -0.5504343178656D-04
  -0.1954664107289D-03   0.5570899082484D-04   0.9735746494960D-04
  -0.7930933641348D-02   0.9166011877196D-02  -0.1234320048916D-02
  -0.2869076268026D-02  -0.1027921574181D-01   0.1647981863479D-02
  -0.5526867864945D-02  -0.2624879821231D-02   0.2608692321434D-02
   0.2677619676641D-02  -0.1790736733062D-03  -0.8358225290867D-02
   0.8707417649945D-02   0.2114751389355D-01  -0.1312849595668D-01
  -0.5486250726833D-02  -0.1220216835636D-01   0.1710081378312D-01
  -0.1407144806242D-02  -0.7367751842371D-02   0.2892390942303D-02
  -0.1436370293916D-02  -0.8559539876684D-02  -0.9297723276429D-02
  -0.8516606112266D-03  -0.1673522214367D-02   0.1829757113111D-02
   0.8318640092011D-03   0.1235965069653D-03   0.6710016103930D-04
  -0.8634084254414D-05  -0.5346508627515D-03   0.2974255943731D-03
  -0.3216208498965D-04  -0.3740886976889D-03   0.4649984077994D-03
  -0.2557573886086D-03  -0.1530784752203D-03   0.7622034540469D-04
   0.1171818461924D-02   0.1046645925497D-02  -0.7264265289972D-03
   0.1874455465976D-03  -0.1317467304405D-02   0.1546318159418D-02
   0.2874528320522D-02  -0.8851797508909D-03  -0.1628868677512D-02
  -0.1744960895331D-01  -0.6186542661086D-02   0.5777470895936D-02
   0.1861315798182D-01   0.1681087579100D-02   0.1966902302045D-02
   0.1482787879883D-01   0.1715704444635D-01  -0.1241133568702D-01
  -0.7030789025400D-02  -0.1077158695256D-01   0.1720987622270D-01
  -0.2121816482412D-02   0.9937392911331D-02  -0.8487448493394D-02
   0.3822312312668D-02  -0.4640440478404D-02   0.1786900607078D-02
  -0.8360293464473D-03  -0.2330652829130D-03  -0.2806962517133D-03
   0.2112629764616D-02   0.9290615439673D-03   0.2620333382124D-02
   0.3557206120174D-03  -0.9064209674350D-03  -0.2430808777293D-03
  -0.2752271868290D-03   0.1082892104752D-04   0.3812601813303D-03
  -0.1052750511267D-02   0.3752083423353D-03  -0.6086098079444D-03
   0.1897089418671D-02  -0.3947013529472D-02   0.3790262543103D-02
  -0.9117381380375D-02   0.1225937610517D-02  -0.2291927701732D-02
  -0.1037127474822D-01  -0.1296862891676D-01   0.1347319415094D-01
   0.6146945111592D-02   0.7356490036461D-02  -0.1279436609062D-01
   0.7834606323794D-02  -0.1664396965645D-02  -0.2619168067388D-02
   0.3713964954542D-02   0.3887970509464D-02  -0.2341429882336D-02
  -0.7386690251568D-02  -0.6619485668764D-02  -0.3957411312110D-02
  -0.6376828665658D-02  -0.8904801809159D-02   0.8435154819562D-02
   0.5181563382561D-02   0.1202637312374D-02   0.4693811102145D-02
  -0.8536958971419D-02   0.1917500661465D-02  -0.1325770348927D-01
  -0.9344771281230D-03  -0.1729517733094D-02  -0.3311216701668D-02
   0.1027772358407D-02   0.1101550160747D-02   0.6132411985907D-03
  -0.3498339112789D-03   0.1264389099203D-03   0.2179562584197D-03
  -0.1774311235789D-03   0.7837828800516D-03   0.9109801365009D-03
   0.4974422389819D-03   0.9782521747874D-03   0.1094183333289D-02
   0.1135832989066D-02   0.1301108245643D-02   0.1215818510306D-02
   0.7938600627493D-02   0.3928826759016D-02   0.2252564397854D-02
   0.5371277843527D-02   0.2675252609150D-02   0.1678029955805D-01
  -0.9483579387700D-02   0.9862887763221D-02  -0.1621355407727D-01
   0.8828296968691D-01   0.3143612873525D-01  -0.2398930558399D-01
  -0.1463127053700D-01  -0.1408842696418D-01   0.2741355511600D-01
   0.3236329991675D-02   0.1627758851142D-02  -0.3165886005489D-02
   0.1017425671317D-02  -0.1617888334879D-02   0.2015559046032D-02
   0.1151021363831D-03  -0.7322634598734D-03   0.5912076043129D-03
   0.6574965276650D-02   0.7613684381441D-02   0.8276926568615D-02
   0.4462059574171D-03  -0.6170414472476D-03  -0.1867187637990D-02
  -0.5416033388776D-02  -0.8580775821800D-02  -0.6244701455636D-02
   0.3021012358313D-02  -0.1826802876603D-02   0.3713310338589D-03
  -0.8797531690405D-03   0.2525107818235D-02  -0.5791213445656D-03
   0.5950782188857D-03   0.9374656039309D-03   0.1062927013851D-03
   0.6732616308639D-02  -0.2945931244637D-02  -0.1309379007217D-02
   0.1305054206051D-03  -0.6439001297615D-04  -0.5596667846148D-04
  -0.2099429743246D-04  -0.7477185461419D-04  -0.1845692519971D-04
  -0.3621212282745D-02   0.9371075891335D-03  -0.6554631520944D-03
   0.2758994337579D-02  -0.2005414344966D-04   0.2821292274712D-03
   0.1708129409418D-02  -0.5341729157172D-03  -0.4896762716858D-03
  -0.2602396230338D-02   0.1050198235906D-02  -0.3626339651765D-03
   0.1068611461528D-02   0.3531814555156D-04   0.1039052506585D-03
   0.4980995327890D-03   0.5043071865267D-03   0.3529604157585D-03
  -0.4963152926091D-04  -0.1967571422110D-02   0.2408576849375D-02
  -0.1015380479575D-04  -0.7158952602570D-04  -0.2791681507837D-04
  -0.7420000121802D-04   0.6288057198457D-05  -0.7909892888775D-04
  -0.1187464625651D-02   0.3285000207143D-02   0.1384901877926D-02
   0.7122953509345D-04   0.1052694548478D-03  -0.1597284995028D-04
   0.5474633789252D-04  -0.8566066917103D-04   0.5375643469005D-05
  -0.1149038270424D-02   0.4115577753568D-03  -0.3040814340616D-02
   0.9361968806935D-03  -0.2939134607228D-03   0.1910825059669D-02
  -0.5676641467623D-03  -0.1746818300470D-03  -0.5547734457785D-03
   0.8801045161527D-03   0.2456836284906D-03  -0.1452434551001D-03
   0.1235282059799D-04  -0.8376650423103D-04   0.1002676738351D-03
  -0.2819186561378D-04  -0.5258862873845D-04   0.4392608821326D-04
   0.7357654599825D-02   0.1618535668367D-02  -0.4544597808390D-02
  -0.5969857698800D-03   0.1701559883666D-03   0.4180625630564D-03
  -0.6515345925614D-02  -0.2966673737593D-02   0.4864896250466D-02
   0.6585535288173D-03  -0.3027734141815D-02   0.4309347675252D-03
  -0.1883817872183D-04   0.1765722957470D-04   0.1135293651974D-04
   0.3471317059252D-04  -0.2226881822069D-04  -0.1596851186076D-04
  -0.1899870680990D-02  -0.7779263000419D-03   0.3135485565347D-02
   0.2942924851069D-04   0.8743243870619D-04  -0.2723111719184D-04
   0.2628940532367D-04   0.4673081164000D-04  -0.1101794457069D-03
  -0.4420793359315D-02   0.7589405518800D-02  -0.8423726512458D-02
   0.3209565548447D-02  -0.8363844771205D-02   0.7885418991308D-02
   0.1349096284210D-02  -0.4208154312916D-03  -0.2287521924574D-03
  -0.6034150940218D-03  -0.2709812410287D-02   0.1016161475052D-02
   0.3304831912353D-03   0.5023917447944D-03   0.5603199107770D-04
   0.4607388397122D-03   0.1828339597403D-03  -0.1562411367240D-03
   0.1411161176854D-01   0.8382808770889D-02   0.1072424816374D-01
  -0.6543142582103D-02  -0.9477431278202D-02  -0.3254309584018D-02
  -0.2537023493567D-02  -0.2398033451269D-02   0.3104300968803D-02
   0.6718160351018D-02  -0.7362977364588D-02  -0.5073725195064D-02
   0.3080543620208D-03   0.2246896484693D-02   0.1189577314666D-02
  -0.3496491234286D-02   0.1130928018176D-02   0.2193804963142D-02
   0.5079580499529D-02   0.4558147563688D-02   0.2582536934103D-02
  -0.3706749827180D-02  -0.3872676804875D-02  -0.2880938636798D-02
  -0.5454496696659D-03  -0.1510128121009D-02  -0.2416571660512D-03
   0.8288750080940D-01   0.9073409916529D-01  -0.3416218300267D-01
   0.5190365000657D-02  -0.5849665697628D-02   0.1425915916670D-01
  -0.7686153393358D-02  -0.6756747402167D-02  -0.1619979087183D-01
   0.8726091652025D-02  -0.3543165686704D-02   0.1175806948986D-01
  -0.4482612502048D-02   0.5883112575248D-02  -0.2060146411527D-01
   0.5296838964296D-02  -0.5161302121958D-02   0.1481609399652D-01
   0.5762479014937D-03   0.2349426539640D-02  -0.6399936456304D-02
   0.2760712774643D-02   0.1250771228560D-02  -0.2375924663854D-02
  -0.8669736523493D-02   0.4067869506588D-02   0.6208014562979D-02
   0.7018701978919D-02  -0.4804774036985D-02  -0.1989755462640D-02
   0.2701780953273D-02   0.1825459387465D-03   0.6022906162582D-02
   0.9139179322661D-02   0.2595566651156D-02  -0.1164033438578D-01
   0.1195223993084D-02   0.9384570387388D-03  -0.3476046862698D-02
  -0.1066486062494D-02  -0.5272270410833D-03  -0.7500819205540D-03
   0.1379253367807D-03   0.3129412458086D-03  -0.1183864229836D-02
   0.1276540128790D-03  -0.1558186083809D-03  -0.1040071415507D-02
  -0.3129608834861D-03  -0.1941366552004D-03  -0.1915990735263D-03
  -0.4147461903478D-03  -0.6075438994172D-03  -0.3222953022498D-03
  -0.4131410590157D-03  -0.9368541754899D-04   0.3145113312204D-03
  -0.2471218651838D-02  -0.5072451324787D-03   0.1970526223606D-03
  -0.7606099309820D-03   0.9635539062005D-04  -0.7499498914324D-03
   0.1466833269058D-03  -0.5224483423990D-03   0.3394287532921D-03
  -0.3103378611257D-03  -0.6762640141715D-03   0.1501690727151D-02
  -0.7755946796528D-04  -0.3383331329938D-03   0.1145576206511D-02
   0.8121672473467D-02   0.2229896357679D-01   0.3360916141801D-02
  -0.7789975622882D-02  -0.9879781595115D-02  -0.1373970435385D-02
   0.3783686729909D-02   0.9209591455320D-03   0.5804331403090D-02
  -0.5227373401700D-02  -0.3323612632304D-02  -0.3493848169447D-02
  -0.3181645991220D-02  -0.5155362739093D-02  -0.8884294769073D-03
   0.1141886771836D-03  -0.9676400007962D-04   0.7732360167322D-03
  -0.4448479921023D-04   0.2649555052163D-03  -0.7488540256903D-03
   0.8931001685871D-02   0.3719589209724D-02  -0.5227686514837D-02
  -0.3745965593123D-02  -0.9422581640813D-02   0.6258292054104D-04
  -0.6127886358591D-01  -0.5950553665007D-01   0.4053854757114D-01
   0.4365212112895D-02   0.8984265681579D-02  -0.2547649773289D-01
  -0.1902238223044D-02   0.4889110356253D-02   0.1385010212992D-02
  -0.4641873941715D-02  -0.1380460873772D-01   0.4822679846968D-02
  -0.2035966145972D-03   0.1352243987765D-01  -0.1791203731578D-01
  -0.2894741962378D-03   0.3202705604885D-02  -0.5824336307138D-02
   0.2338474899619D-02   0.2745175103128D-02   0.1064069188965D-01
   0.2479434911910D-03  -0.6534638470518D-02   0.9740478169046D-02
   0.2015641256040D-02   0.9053888192666D-03  -0.2699070992759D-02
  -0.1439980013144D-02   0.2607650929696D-02  -0.2289259762854D-02
   0.6547116396279D-03  -0.1537564893366D-03  -0.1250051201864D-03
   0.1121827738493D-02   0.1058651029631D-03  -0.6430060143100D-03
   0.8331071231339D-04  -0.1038680127196D-02   0.4663003771568D-03
  -0.5211048208764D-03   0.1947603457488D-02  -0.1960121797396D-02
   0.2951529228732D-03  -0.8242442567728D-03  -0.6389259589291D-03
   0.7063488127416D-03   0.1251918611004D-02   0.1999155177936D-02
  -0.5387398113930D-03  -0.1007167235873D-02  -0.4181300005644D-03
  -0.6363883464495D-04  -0.1429905053871D-02   0.3507610391496D-03
   0.2968242134970D-01   0.6594186531938D-01  -0.1008270118872D+00
  -0.1481031368399D-02   0.2515684110777D-01   0.5878645878305D-02
  -0.4281635725023D-02  -0.1658674179860D-01  -0.6977514234757D-02
   0.2680095387358D-03   0.1153759729538D-01   0.6451021153423D-02
   0.9511660090694D-02  -0.1577341603167D-02  -0.4251597815501D-02
   0.1264220280032D-02  -0.5359501071042D-02   0.4463341232182D-02
   0.3207335009591D-02  -0.5608307329309D-02  -0.2170623742204D-02
   0.9500820102199D-02   0.1287136575759D-02  -0.8874983077320D-02
   0.5845008297784D-03   0.2052181474666D-03  -0.1692959528662D-03
   0.1815384099301D-02  -0.8939692572261D-03   0.9684922878870D-03
   0.8699758874573D-03  -0.7082738764717D-03  -0.6150686653785D-03
   0.7983454313788D-03   0.6450715281916D-03  -0.5670565393960D-05
   0.1942188673658D-03  -0.9062452931695D-03   0.9652343941328D-03
   0.5030904941489D-03   0.2188541372335D-02   0.1588296798058D-02
  -0.4418439162344D-03  -0.1497392218968D-02   0.1975227452588D-03
   0.2866276147781D-02  -0.1987054966622D-02   0.2294540659699D-02
  -0.4775768878818D-02   0.1054422642717D-01  -0.3316162905694D-01
   0.3089778829546D-02  -0.2881991907969D-03   0.1925685018577D-01
  -0.1220266393020D-01   0.8407173747528D-02  -0.9369079598514D-03
  -0.1588226870539D-02  -0.1750122025046D-03   0.5093071189206D-02
  -0.3929623623507D-02  -0.9974851585777D-03  -0.3905938291694D-02
   0.4459712833492D-02  -0.3288929808483D-02   0.5891293595129D-02
   0.1682787021022D-01  -0.1021674777437D-01   0.4479960719034D-02
   0.6278354132884D-03  -0.3002972352180D-02  -0.7086607904662D-02
  -0.1405727714620D-01   0.1018812834946D-01   0.2145032238919D-02
  -0.7423368471474D-02   0.7650393444170D-02   0.2570156321454D-02
   0.7696599039167D-02  -0.1303234874779D-01  -0.6961775814363D-02
  -0.9596746522756D-02   0.7914485592915D-02  -0.2254530619533D-02
   0.1095226423622D-01  -0.1015490802118D-01   0.1483868288644D-01
  -0.3450004505242D-02  -0.4103460596440D-03  -0.1134290836002D-02
   0.9964610036315D-03   0.1240206253482D-02  -0.2201951532335D-03
  -0.3981927040786D-03   0.8726357282572D-03  -0.7854055032519D-03
   0.3365926609273D-03  -0.4850328100959D-03  -0.5345834060212D-03
  -0.2873224318438D-03   0.1655619460899D-03  -0.1579447101808D-02
   0.1510641969562D-02   0.3335377553198D-03   0.4677878901476D-03
   0.1706018583005D-02   0.2353417254733D-04  -0.1921573294463D-02
  -0.1243147075606D-03  -0.3760738554605D-03  -0.1665973671423D-03
   0.1158896539669D-03   0.7692777890214D-03  -0.4550004267055D-02
  -0.1151841459795D+00  -0.4696258596727D-01  -0.5930235692354D-01
  -0.1402857634542D-02   0.7575502960188D-01   0.7842750202366D-03
   0.3540994729823D-01  -0.1158433445609D+00   0.6824403592360D-01
  -0.7522306059312D-01  -0.1956141325313D-02   0.8139732168717D-03
   0.1003512132439D+00   0.8381568133011D-01  -0.4689807630031D-01
  -0.6458035375563D-01   0.2026270655958D-01  -0.2962807630004D-01
  -0.4519941199135D-01   0.5383527073473D-01   0.1201413687385D+00
  -0.9907630986783D-03  -0.7436586208442D-01  -0.7821536585816D-02
   0.1211024520404D-02  -0.6695398798376D-01   0.1210272691252D+00
  -0.3190332783565D-01  -0.6575644387838D-01   0.2384146418495D-01
  -0.1570986933460D-01  -0.1298388832026D+00  -0.4598071309884D-01
  -0.7081895339214D-01  -0.2291628633108D-01   0.1835170536547D-02
  -0.1007377605614D+00  -0.8505611780688D-01   0.4385216475696D-01
   0.5681170938382D-01   0.5004474043256D-01  -0.1135505652572D-01
  -0.5394256991641D-01  -0.7207071809414D-01   0.1057737689560D+00
$end                                                                            
