$grad                                                                           
  cycle =      1    SCF energy =   -70.07377035695   |dE/dxyz| =  0.218271
   67.54085272919703     50.96584385013067    187.69051975230380      n 
   69.22432722468082     49.60158133968191    186.02093458758981      c 
   71.93324051415210     49.76472945077043    187.00947472988543      c 
   72.70750915241520     51.61716509435799    188.18644415956197      o 
   69.11005616908028     50.67175217468717    183.33213222011847      c 
   66.49068354675710     50.42893073523228    182.13239777026700      c 
   65.78714153325485     47.70184339742793    181.47353279825367      c 
   67.31822026725034     46.65056254665970    179.44989740564438      n 
   66.82512515125839     46.87018919822821    176.99395434603522      c 
   64.88092904993688     48.23148410666777    176.14595679168073      n 
   68.30663090341410     45.74224673184180    175.30312503205448      n 
   67.64854935187503     52.86621141940227    187.66441057198870      h 
   68.61540273310308     47.62838778503068    186.09015958414389      h 
   69.61173853388939     52.67062598986207    183.41732759850640      h 
   70.53098783666555     49.71151465522158    182.19122350344384      h 
   65.07754840353496     51.18644968965598    183.42543659283470      h 
   66.44953678621791     51.60634132218758    180.44510685228616      h 
   66.03124824638157     46.50068626663965    183.12735152621639      h 
   63.79352298566269     47.61900388576788    180.95639868670850      h 
   68.88815482830839     45.70612112357209    179.99761824251482      h 
   63.64607629001292     49.04233357552061    177.34570277698631      h 
   64.43462224699527     48.09517730996226    174.29499390752355      h 
   69.83057716066635     44.73771425060858    175.82522545526618      h 
   67.91358714280352     45.89145689177952    173.43361018064155      h 
   73.36401009370661     47.74511614671425    186.51578167663516      n 
   75.91804027595593     47.54685864883915    187.52080350429270      c 
   77.41238006958197     49.91059424152127    186.73944752312298      c 
   77.90983382751557     50.32877678644014    184.53631387750866      o 
   77.19757395905486     45.18087892949142    186.46810730888171      c 
   79.73232287872688     44.63748422012692    187.74604699037900      c 
   80.90443378935066     42.23070531621106    186.63628968145758      c 
   83.63668151084194     41.78634515058338    187.42851855066488      c 
   83.84485400808795     41.25367931002931    190.19188749777345      n 
   72.74439560649300     46.34146884542998    185.35264646840645      h 
   75.81119315633481     47.48215826205382    189.59062779001502      h 
   75.93082990584290     43.58059605112283    186.75054538775910      h 
   77.49922614853102     45.48232826917015    184.45169978638162      h 
   80.99160435862268     46.24399708256549    187.43952472919946      h 
   79.41225446989162     44.45163608825519    189.77436143249997      h 
   79.74571545326796     40.60474468989843    187.14374314780648      h 
   80.89527338155084     42.39266523111745    184.58386198360074      h 
   84.39569658548820     40.16807303492217    186.40373401532787      h 
   84.77989421370827     43.44349870419602    186.98797768029564      h 
   85.68910189734912     40.86142318851721    190.67275679117429      h 
   83.26066617677411     42.79927582413500    191.21907318636482      h 
   82.72995845720959     39.72707936202701    190.66785879650234      h 
   71.91006111222543     43.46293902406162    182.69092913780915      o 
   73.37674014393589     43.05303353020120    181.69637978075627      h 
   71.06231078523669     41.94360517815902    183.23940163377392      h 
   65.92818454972915     50.59525880836225    187.29741665921171      h 
   77.99412017666820     51.13782895357220    188.05342529042161      h 
  -0.1120911405417D+00  -0.2359644125931D-01  -0.3929284622061D-01
   0.6982856233693D-03  -0.8297143496751D-02  -0.2241701907449D-02
   0.3817041172212D-02  -0.1125850723820D-01  -0.4653364438456D-02
  -0.2898696653044D-02   0.8147715585137D-02   0.5330744211611D-02
  -0.4669544036631D-02   0.3994639414775D-02   0.7545567301351D-02
  -0.1582323081454D-02  -0.6164184601343D-03   0.1021315903096D-02
   0.3645690863090D-03   0.7995791378790D-03   0.1007690574475D-02
   0.2044985413309D-02   0.5097530982094D-03   0.5803687407181D-03
   0.7247692345065D-03  -0.2666501362105D-02  -0.1280642606817D-02
  -0.9108324070550D-03   0.4343156806212D-02   0.9950097734092D-04
   0.9253544686359D-03   0.4930123386493D-03   0.4101029741749D-02
  -0.1482997607970D-01  -0.4193893329416D-02   0.1209693511499D-02
  -0.1402490027439D-02  -0.1841142123408D-03   0.1004781699666D-02
  -0.1561913199326D-02  -0.1807632832877D-03  -0.8796024533245D-03
   0.2864853109480D-03  -0.9980444609308D-03   0.2924217114732D-02
   0.1069105137840D-02   0.2748882530988D-03   0.6192944720535D-04
  -0.1302976889902D-03   0.4651476552714D-03   0.1879114757012D-02
  -0.7641341631383D-03   0.4261598447027D-03   0.1235036817599D-03
   0.1014574346949D-02   0.5547127474222D-03   0.6240097478761D-03
  -0.9589857452971D-03  -0.2966667949142D-03   0.4681048140791D-04
  -0.7790036920300D-03  -0.3779846009527D-04   0.1895864685915D-02
   0.1911368165857D-02  -0.3463698805379D-02  -0.2894944793749D-02
  -0.4509168656579D-03   0.3516261003825D-03  -0.3169301702225D-03
  -0.2754999701502D-02   0.7653169462671D-03  -0.5376759520329D-02
  -0.2265928435741D-02   0.4338296352460D-02   0.1325735146462D-02
  -0.3913919664752D-02  -0.3928616772541D-02  -0.1567126128338D-02
   0.2187125924100D-01   0.4577954054323D-01   0.6339841287494D-01
   0.4329478256513D-02   0.2502846825432D-02  -0.4065993492523D-02
  -0.6408133804223D-03   0.6352636349320D-03  -0.9910327812673D-04
  -0.1204163648203D-02  -0.3957396581915D-03  -0.2893568886975D-03
  -0.1164954135521D-03  -0.4626670284315D-03  -0.6746903168691D-03
  -0.6414809228945D-04   0.3388704993351D-04  -0.1251756156842D-02
   0.2931544934701D-03  -0.2684265345855D-03   0.4497641251039D-03
  -0.2206404632071D-03  -0.1134006027679D-02  -0.1280197920685D-02
   0.4759168804814D-03  -0.1084687459136D-02   0.2758044391517D-03
  -0.7932524383576D-04  -0.3261164916463D-04   0.3586893661177D-03
   0.3773102794743D-03   0.4482330181636D-03   0.4298571058465D-03
   0.1143832303762D-03   0.1924020803022D-03   0.6378788290754D-03
   0.3931202554357D-03   0.4499948293275D-03   0.2145044248020D-03
   0.4174750255638D-04   0.3080283112886D-03   0.1622923566695D-03
   0.3340717945418D-03   0.2661773664786D-03   0.1442984779866D-03
   0.1691531237622D-03  -0.1087469085436D-03   0.3181717626757D-03
   0.2279169674671D-03  -0.2735836465236D-04  -0.6680612412239D-04
   0.1497607691819D-03   0.4738653440460D-03  -0.3869904466738D-04
   0.5735822363899D-03  -0.1034919966875D-03  -0.2756393178886D-03
  -0.3363724579964D-03  -0.1009616355096D-02   0.6994132372867D-03
   0.4606317004520D-02  -0.5566541457373D-02  -0.1073180819518D-02
   0.2543932691192D-02   0.4429784124145D-02  -0.2510561781761D-02
  -0.6087981843257D-02  -0.1343514696166D-02   0.3271586525946D-02
   0.1319257442966D+00   0.3498426710298D-01   0.2765754761759D-01
  -0.2064602849613D-01  -0.4470311247505D-01  -0.5911305382674D-01
$end                                                                            
