$grad                                                                           
  cycle =      1    SCF energy =  -257.47679788287   |dE/dxyz| =  0.348649
  -10.21094043685853    172.68460075570900     16.10014843835126      n 
  -10.91843084054670    172.86850090005757     13.50045768652266      c 
  -11.93954421019528    170.37755099094773     12.45848686846445      c 
  -12.39352488956158    170.13408960279210     10.20954179928291      o 
   -8.69011599610308    173.89136440972538     11.95975390155654      c 
   -9.65504881785737    175.67606589160692      9.89629648768354      c 
  -10.90552458244332    178.07596127600041     10.91788455819133      c 
  -13.18489818421147    178.44698862267816     10.79519797789497      o 
   -9.31113943501654    179.80732990113751     11.90230970223475      n 
   -8.34622116301823    172.51417035172676     16.50780208299200      h 
  -12.51374257578642    174.20135536417419     13.37129358090709      h 
   -7.41445005648958    174.87260842633336     13.24612203536486      h 
   -7.68375216690150    172.32045924705835     11.09084409541710      h 
   -8.09584254319621    176.22280175928196      8.66345309093592      h 
  -11.06928804234710    174.67359722864887      8.78115674868569      h 
   -7.45211583487167    179.46401118351156     12.08043470254183      h 
  -10.02788688652268    181.41739721185297     12.61968942108359      h 
  -18.57535646580883    169.45551971677693     14.38993598836806      n 
  -19.76191739002541    170.24478893556386     12.04303621531280      c 
  -21.42570607682575    168.22570213334566     10.70366242306028      c 
  -23.60646827057535    168.87152749364174     10.21127886428831      o 
  -17.86082821793967    171.62147231931320     10.27262416416004      c 
  -17.09933300686428    170.32338553965832      7.79821561531197      c 
  -17.87306519199257    171.74834876426851      5.35028004963781      c 
  -17.04274692510408    173.95647682895520      5.10912321629240      o 
  -19.12165623840299    170.59678149473015      3.69995787952037      o 
  -16.95199081476025    170.31722663328352     14.92065414470002      h 
  -21.21671959014263    171.65189683887778     12.55708096338078      h 
  -18.66803668037436    173.46316622940299      9.79621500496828      h 
  -16.17691812739648    172.00521282169231     11.38642482785447      h 
  -15.05117752792325    170.25411405395616      7.69516339968955      h 
  -17.81168654091448    168.40248619413467      7.67661202505187      h 
  -20.19058424619380    177.45731076218203     -3.24547989760558      n 
  -18.04659253630816    177.95111740761502     -1.49424966182409      c 
  -16.29257840180056    179.86143409979485     -2.89124232492530      c 
  -16.36850174816658    179.82083910389497     -5.20807674842264      o 
  -16.65288073470882    175.38634833174805     -1.05268233956236      c 
  -14.71267761657030    175.62784188137638      0.71217644896532      o 
  -20.82172281439304    175.61932413970322     -3.12509193308874      h 
  -21.69174616479174    178.65500298066476     -2.88843540952610      h 
  -19.46379755490627    177.87533977801692     -5.05326638034295      h 
  -18.67281114819636    178.67386440226099      0.33273797366123      h 
  -18.02506898917009    173.96675476342276     -0.41953436774664      h 
  -15.77944401106730    174.79770410599278     -2.82660522940838      h 
  -15.41670934858388    175.26793270387319      2.39984306600779      h 
  -14.83716574121118    181.40982772388972     -1.50398076553781      n 
  -12.71006058423599    182.62514023637374     -2.80616610301811      c 
  -11.12161171381401    180.41204968444788     -4.00837013442339      c 
  -10.80620593031530    180.01558150061098     -6.25335123773081      o 
  -10.85172855764815    184.25173921419074     -1.21212614464953      c 
  -11.73341652209318    185.90158299772747      0.98513266461979      c 
   -9.19279521440509    186.69535825783595      2.32291005116131      c 
   -8.27970154688809    185.11595746574599      3.82993387300883      o 
   -8.24729388598444    188.75014447956437      1.68820735210731      o 
  -14.72724337606646    181.18480666553964      0.38973112601248      h 
  -13.50332653655601    183.77138110394239     -4.33392949595000      h 
   -9.39277706547708    183.02584057920404     -0.41139327755694      h 
   -9.87599999327258    185.48012729609735     -2.56008266606165      h 
  -12.74861390831496    187.57915099507491      0.36670256730231      h 
  -12.85405702183802    184.82906856598490      2.33776198036174      h 
  -10.22503914529509    178.91356406565922     -2.14948265728576      n 
   -8.21049995874728    177.06383167201855     -2.36990111215285      c 
   -9.20753398190240    174.48889705124517     -3.25147629095022      c 
   -9.19240064794168    173.93525113626387     -5.49996168334973      o 
   -6.86977995615307    177.01778237919748      0.17529674593349      c 
  -10.67753129301134    179.35733759629053     -0.34879415302162      h 
   -6.93845849139474    177.69222378395474     -3.88351157700919      h 
   -5.38889154420581    175.59501464197461      0.19278658100312      h 
   -6.01673147368426    178.84979254305071      0.55278555393707      h 
   -8.20468124858578    176.61239798002657      1.68692655576319      h 
  -10.08958849781262    172.84263133018982     -1.56929387498624      n 
  -10.47623431362111    170.26362152523336     -2.36644631744002      c 
  -11.75491595802889    170.01628841647505     -4.93295953817063      c 
  -11.30348386342225    168.13911041056454     -6.21406215490061      o 
  -11.98995379544465    168.57050036428248     -0.53601940397061      c 
  -10.99353656693411    168.12841503884729      2.18882483328932      c 
  -12.55052811660879    165.97486932866315      3.30608560107061      c 
   -8.21072016076428    167.45971171852699      2.50846871254445      c 
  -10.43413086136770    173.30621724523840      0.24770312012274      h 
   -8.62088219796142    169.36468224655005     -2.59263488344151      h 
  -13.89939421452086    169.32644861024454     -0.33569896181858      h 
  -12.12544755664671    166.73742095229110     -1.47323418413709      h 
  -11.37638779470607    169.83775653095904      3.29331738385735      h 
  -12.08910827744185    165.71592451894097      5.28942184061348      h 
  -14.55966354204261    166.38832953328341      3.17373945301429      h 
  -12.15719141899635    164.22466430851546      2.30624037075970      h 
   -7.81504911095386    167.18581892804693      4.50340451779806      h 
   -7.75819722676670    165.71580714579460      1.51813195582138      h 
   -6.98033686613820    168.95304551541011      1.81480037936626      h 
  -13.61901651121592    171.60006992363961     -5.64993402607663      n 
  -15.20585595930558    170.81707339540631     -7.76289164504159      c 
  -13.79390233699763    170.69012798849295    -10.32466804204701      c 
  -14.69061748666222    169.66005183839533    -12.18430623511676      o 
  -17.65019119869210    172.40776622355239     -7.76076260004067      c 
  -20.06618836833616    170.94131232812236     -8.51820665612124      c 
  -21.43814622892148    169.63416946109891     -6.29999371968478      c 
  -23.33106290886347    167.61666784037547     -7.16149933634714      c 
  -25.55839764902218    168.68516620404287     -8.52779141889053      n 
  -13.52187131019198    173.45381282464785     -5.22508403762475      h 
  -15.68691350021352    168.83552167812351     -7.37639344404179      h 
  -17.87943464331782    173.12979428688982     -5.84939143719063      h 
  -17.39178060504716    173.99751507746197     -9.04552953012380      h 
  -21.32689812426936    172.31151958797324     -9.39834049161523      h 
  -19.53104827463675    169.55782840706345     -9.94767165486287      h 
  -20.03935981054817    168.67564916791778     -5.12924462891697      h 
  -22.37836345934442    171.02697643300093     -5.11430785196628      h 
  -22.36198523628926    166.30392409756988     -8.42342298930230      h 
  -24.00640802762387    166.57767962799460     -5.51619891092826      h 
  -26.74050197338412    167.26062164632700     -9.11412599532338      h 
  -26.54798620050303    169.89708578917396     -7.36759545223088      h 
  -24.96023091600724    169.66917339739808    -10.10010700667674      h 
  -11.49713887308763    171.70436639548723    -10.22088552198936      n 
   -9.61415497540465    171.77574416651996    -12.20134078588335      c 
   -8.20476473951281    169.19465212979864    -12.49629573406083      c 
   -7.53410050159752    168.23133259788980    -14.49903835342433      o 
   -7.79837201583454    174.05918936180288    -11.53324233868251      c 
   -5.70021203877884    173.31717509044134     -9.61924210329824      c 
   -9.39444347740869    176.34838195163567    -10.65290952203804      c 
   -3.75999478227768    175.33478279452146     -8.91682538229250      c 
  -10.90972255553839    172.53467028704145     -8.60325655698055      h 
  -10.53229856135541    172.15559209195803    -14.01875938848922      h 
   -6.85396411327274    174.57414999106348    -13.30489851359070      h 
   -6.64363321942443    172.76393424294159     -7.89889826974046      h 
   -4.67815149880023    171.69856393073280    -10.38408611775948      h 
   -8.31028828374069    178.06964836433070    -10.92697610607833      h 
  -11.09957655512257    176.47604714854907    -11.78822779516263      h 
   -9.86642114572346    176.21070848339176     -8.67081742552581      h 
   -2.36310452361464    174.50854492424713     -7.66277824957936      h 
   -2.79061240877962    176.04477172337300    -10.58495809098071      h 
   -4.66002658239698    176.91110662786230     -7.96089682614102      h 
   -7.76861194318894    168.09158920264261    -10.26799401697647      n 
   -6.54901744587437    165.69813250384192     -9.90516096062027      c 
   -8.38697830949879    163.49685465773794    -10.40860025863545      c 
   -8.13816588887436    161.39192460953444     -9.50682951191062      o 
   -5.74383760311242    165.44938820405849     -7.12853468155453      c 
   -3.47274751810008    166.97020950749092     -6.12890569258399      c 
   -4.20910535176814    169.50170846759366     -4.93115485877076      c 
   -2.09379779017715    165.40084959584243     -4.09003933332283      c 
   -8.78806134828999    168.66316506382003     -8.74521769264991      h 
   -4.94732593573654    165.52830481340035    -11.20789431749203      h 
   -7.41181443945645    165.91774201484017     -6.01548042861857      h 
   -5.33976441636967    163.44630989056483     -6.85627513699285      h 
   -2.16332183605169    167.29662415614763     -7.69400871968686      h 
   -2.67882459367207    170.85240795173249     -5.11923357042969      h 
   -5.88744153556410    170.25872290581799     -5.80280721756638      h 
   -4.57016774757101    169.23073868215727     -2.92517343621304      h 
   -0.48102707588002    166.46366366555509     -3.39694281061888      h 
   -3.34736102284516    164.98783544761542     -2.51927891005747      h 
   -1.42041899192720    163.61701581734636     -4.85520439767196      h 
  -10.43991225000863    164.03494134347346    -11.80226395272541      n 
  -12.02248846653010    161.95406781633059    -12.54526281269154      c 
  -11.17921304044698    161.01384348601829    -15.12772786551712      c 
  -12.09468093130079    159.11208488834157    -16.07418048727189      o 
  -14.89259076608848    162.50040463265560    -12.38818969205139      c 
  -16.21827211452737    160.08428044905031    -11.52047389678083      c 
  -17.36299182338259    158.67006781810693    -12.93369032939927      o 
  -15.92769175625574    159.66876065196001     -9.02724138769682      n 
  -10.72319736112621    165.72384519244082    -12.63391160685930      h 
  -11.56079458573106    160.41395306517896    -11.22925292991615      h 
  -15.21470588154147    164.01227696311062    -11.02981711874770      h 
  -15.62085781350469    163.05686477929910    -14.22899885890788      h 
  -16.73853163229274    158.14104334736530     -8.22725758359307      h 
  -14.86979944810932    160.83413641716200     -7.96184798058027      h 
  -10.72152066398318    174.08004757819717     16.92755279506909      h 
  -12.24425729990741    168.92050694411927     13.62263322634083      h 
  -19.64908635926646    169.71289075913808     15.68354575742729      h 
  -20.70530794067001    166.52682221719053     10.29635698631495      h 
   -9.85103389382227    161.95428909719215    -16.08823105153838      h 
  -0.3350496000282D-01   0.1082296130597D+00   0.3239036731928D-01
  -0.2462198217010D-02   0.5312120056224D-02   0.1402625509926D-02
  -0.1320679027324D-01  -0.6059049042679D-01   0.6502683349058D-01
  -0.1487527841284D-01   0.2571614848287D-02  -0.1114842021439D-01
   0.5054823964564D-02  -0.5261070979647D-02   0.1250959201920D-01
  -0.1748692885435D-02  -0.4259026600098D-02   0.2512994466215D-02
  -0.4713937017253D-02  -0.1346271344477D-02   0.2618487712355D-02
  -0.1703785735597D-02   0.1407498972389D-02  -0.2153968511448D-02
   0.3751893293858D-02   0.8081463731647D-02  -0.1150660162377D-02
  -0.7710748355133D-03   0.8258482962611D-02   0.1113216537233D-01
  -0.1336581357717D-02   0.1454327041483D-02   0.2029289016118D-02
  -0.6933844957042D-03  -0.1318127735846D-02   0.1829296458706D-02
  -0.1554443162964D-02  -0.3759007388689D-03   0.1142622711817D-02
   0.1892643282382D-03  -0.1338504293786D-02   0.1449466013272D-03
  -0.6940348990141D-04  -0.5621943958677D-03   0.7311862404925D-03
  -0.3890100640490D-03  -0.7851460294367D-03   0.1567654389749D-02
  -0.5130482298263D-03  -0.3261539151482D-03   0.1042385842729D-02
  -0.8229090745766D-01   0.3683152002320D-01   0.9162733311752D-01
   0.4458919503539D-02  -0.1258012532000D-01   0.2208748810635D-02
   0.4248545961507D-01  -0.9310293343802D-01  -0.2116459556800D-01
  -0.2950358845247D-01   0.1850885260587D-01  -0.1449823337461D-02
   0.8897290312289D-02  -0.4648298068664D-03   0.4743998664427D-02
   0.5552726375604D-02   0.1769739258772D-02   0.4165541024865D-02
   0.1264649425435D-02   0.2527023514918D-02   0.5356793553440D-02
   0.8272331731473D-03  -0.2367012335176D-02   0.2481484441128D-02
  -0.5155366351611D-02  -0.4253375446757D-02  -0.9090022226008D-02
  -0.3329790111218D-02  -0.2636486995568D-02   0.1440544795259D-01
   0.5900952243403D-03  -0.4170046193572D-02   0.3621658532804D-02
  -0.6373711045441D-03  -0.8362338846352D-03   0.1343455476047D-02
   0.6212490902192D-03  -0.2565984194778D-03  -0.1610881595865D-03
  -0.5966706284203D-03   0.1257951602969D-02   0.1253602447554D-03
   0.1330121247192D-02   0.2119266817726D-02   0.7795139992492D-04
   0.2504296777275D-02  -0.6162983460527D-02  -0.2606970372496D-03
   0.1362370784260D-02  -0.1626833241039D-02  -0.6868716635782D-03
   0.1077763939703D-02   0.3449600419553D-02   0.1955099771642D-02
   0.1684671257674D-02  -0.3782602434055D-03  -0.9459403385220D-02
  -0.2276016678605D-02  -0.5118497086314D-02  -0.3623660359764D-02
  -0.8685758888289D-03  -0.1621638238796D-03  -0.4188157647652D-02
  -0.6399146517669D-04   0.4954724188307D-06   0.1362793032239D-04
  -0.6778122897965D-03   0.1277475970690D-03   0.8986358518466D-03
  -0.2799349094087D-03  -0.9322194297209D-04   0.1233376798694D-04
   0.3242416957697D-03  -0.4649104822259D-03   0.1772772357852D-03
  -0.2851848725948D-03  -0.5315040454164D-03  -0.6040636802391D-03
  -0.2635056370300D-03  -0.4079134013679D-03  -0.2360954456554D-03
  -0.4462936871970D-03   0.1032273845021D-02  -0.2762192379509D-03
  -0.3970676645968D-02   0.5878571399468D-02   0.3645305325416D-02
  -0.3326408603175D-02   0.3504874464625D-02   0.3936326353081D-02
   0.6087958567204D-03  -0.1329154532617D-02  -0.6247263695688D-03
  -0.1663089885231D-04  -0.9026429180825D-02  -0.1276846741776D-01
   0.9473884114052D-03   0.5156165791104D-02   0.5634179211560D-02
  -0.1703609435263D-03   0.3829182311875D-02   0.2068640090779D-02
   0.7861114341248D-04   0.4375656599079D-02  -0.2126033631465D-02
   0.4000507718264D-02  -0.3693238437198D-02   0.3582702311507D-02
   0.1315181821601D-02  -0.1759300850069D-02  -0.5535269090553D-03
   0.4683749248136D-03  -0.4675956379228D-03   0.4029221196676D-04
   0.1109457935801D-03   0.9229841069462D-03   0.3949153074468D-04
   0.5873340274541D-03   0.6690563160373D-03  -0.4421516294329D-03
   0.3599596241415D-03   0.3827335406447D-03  -0.5671627917660D-03
   0.8537005466118D-04   0.2515030709428D-03   0.2827901175572D-03
   0.6925014815174D-03  -0.3221419605458D-03  -0.8266918480214D-03
   0.4511980479434D-02   0.2436678767486D-03   0.2999324660512D-02
   0.1955048486901D-02  -0.1724667056690D-02  -0.1476368375754D-02
   0.6801112043004D-03  -0.4169561660230D-02  -0.2093519117002D-02
  -0.2825710657783D-02  -0.7755928020688D-03  -0.1302670918297D-02
  -0.2628724990369D-02   0.5700642885482D-02   0.4003823650539D-03
   0.2552801273854D-03   0.7746116591438D-03   0.4271227787184D-04
   0.9619373752595D-04   0.1259420682917D-03  -0.6313345424202D-04
  -0.3416823579290D-03  -0.1651402848696D-03   0.7715637042241D-04
   0.1358900423694D-03  -0.6647573020928D-05   0.6262534146845D-03
  -0.3094031076091D-03   0.2601855811479D-03   0.5334110873006D-04
   0.3292349322688D-02  -0.1330485120462D-02  -0.7884850094939D-02
   0.2556202052086D-03   0.6373065234703D-02  -0.5045287421628D-02
   0.1347943727186D-02   0.5673158619162D-02   0.3854893305038D-04
  -0.2103748173084D-02   0.5227759672539D-02  -0.1580115085012D-02
  -0.1052958770393D-02  -0.1953721003199D-02  -0.3179431309276D-02
   0.2882108321612D-02  -0.4226871203257D-02   0.3202189271302D-02
   0.3502137167332D-02  -0.6182913600163D-03  -0.8451749917756D-03
  -0.2024407476269D-02  -0.2324504027080D-02   0.7870801084370D-02
  -0.9745440189975D-03  -0.9064611320615D-04  -0.2344029710528D-03
  -0.5318850088465D-03  -0.7156283149147D-03   0.1917859987374D-03
   0.4641169714416D-04  -0.3463374836509D-03   0.8384372150358D-04
  -0.3000137035959D-03   0.1824486706078D-03  -0.3113462319109D-03
   0.9723846964074D-04  -0.4604898964820D-03  -0.1026909074649D-03
   0.1293734588876D-03  -0.1245610710545D-03  -0.5798741381221D-03
   0.6035576682681D-03   0.2371571354214D-03  -0.5068819632813D-03
   0.5040424563090D-03   0.4891763975387D-03  -0.8472630037291D-04
  -0.5798749584317D-04  -0.1415891654781D-03  -0.9032478809973D-04
   0.2428293248815D-03  -0.2665405866432D-03   0.6702485291901D-03
  -0.1031109714543D-03  -0.2745799995943D-03   0.2837496911045D-03
   0.4680905356326D-02   0.4257810848845D-02   0.7047199461876D-03
   0.6132645290660D-02   0.2324479580789D-02  -0.1046236092021D-02
   0.1838933914360D-02  -0.1987210565457D-03  -0.3918571218064D-02
   0.2327767266233D-02   0.6944133878772D-03  -0.1338583918911D-02
   0.2461814067954D-02   0.2736461879690D-02   0.2995614136219D-02
  -0.1111379984338D-02  -0.1586300864094D-02   0.1150339790191D-02
  -0.3465942133056D-02   0.5283395539007D-03   0.4432419130536D-02
  -0.4416424186847D-02  -0.3264645720848D-03   0.7301781116075D-03
  -0.4603629564447D-02  -0.3724671105895D-02  -0.9148072125678D-03
   0.8207585118011D-03   0.4330228390344D-03  -0.1141558027789D-02
   0.3083109653339D-03   0.1750635172958D-03  -0.5732523933407D-03
   0.4358051917692D-03   0.3413251270214D-03  -0.1109661917847D-03
  -0.5215357122049D-03  -0.2104181616915D-03  -0.2388856411612D-03
   0.1764834631272D-03   0.3624501316572D-03   0.5090640099434D-03
  -0.6831180752406D-05   0.1873290381349D-03  -0.6961540335753D-04
   0.3677830691230D-03  -0.8763656549550D-04  -0.2572589559121D-03
   0.4513135793302D-03  -0.1654336780022D-03   0.2797776317219D-03
   0.8523794909160D-03   0.4369303062579D-03  -0.3690335982869D-03
   0.8376674674688D-04  -0.3057346119760D-03  -0.1168254365608D-03
   0.8303434096925D-03   0.1418213949708D-02  -0.2804593463228D-03
   0.1772619864384D-03  -0.5133779193900D-04  -0.2802100051073D-03
  -0.1462150095936D-03   0.2683557451833D-04  -0.6337640134088D-04
  -0.9049152798173D-02   0.6104306976151D-05   0.1119347046369D-02
  -0.1104311901290D-01  -0.4489649202017D-02  -0.1384128348905D-02
   0.2266360573721D-02  -0.6255564066053D-02  -0.2191814930933D-02
   0.2581940047805D-02  -0.1278696449284D-01  -0.5882273403369D-03
  -0.4830277888195D-02   0.1625442557985D-02   0.6595573066861D-02
   0.7639076272853D-02  -0.9261784901060D-04   0.9426056225309D-02
  -0.9430336183502D-02   0.8220408487188D-02   0.9141847524837D-02
   0.5384380532211D-02  -0.2058051605332D-02   0.7168952452484D-02
   0.1584595480739D-04   0.6069525032684D-04   0.7477560633882D-03
   0.3108854610902D-03  -0.1319951516767D-03  -0.2762807131304D-03
   0.7526086440977D-03   0.3527609119034D-03   0.2976685034209D-03
  -0.1718274662899D-03   0.1247759563999D-03   0.3046157814052D-03
   0.2216271862623D-03   0.4363769835719D-04   0.3570170848200D-03
   0.7246691907187D-03   0.1606227158945D-03  -0.9113110755439D-03
   0.1548726292589D-03  -0.1267887310883D-02  -0.9307970018342D-03
   0.4270020536026D-04  -0.2484510074396D-02   0.1254758556024D-02
  -0.1288497606217D-03  -0.5210883862955D-03  -0.4303424033464D-03
   0.1586072584445D-03  -0.4807571018672D-03   0.2851634097063D-03
   0.2007057175114D-03  -0.7292757172635D-03   0.1646212581585D-03
   0.3539596955888D-02  -0.3524781725827D-02  -0.5627630862632D-02
   0.5293903773509D-03   0.4056510759682D-02  -0.7761234874675D-02
   0.3105510671956D-02  -0.3972880708742D-02  -0.2657210761881D-03
  -0.1133907007349D-01   0.2023496492361D-02  -0.2745402700375D-02
  -0.1521439216625D-02   0.2527117152873D-02  -0.4511057568428D-02
  -0.2738698349585D-02   0.6039043141027D-02  -0.2437590207962D-02
  -0.2041808083324D-02   0.6293180896697D-02  -0.1036031595926D-02
   0.3061677805089D-03  -0.2137202489652D-02   0.8023573250952D-02
  -0.4239211846277D-03  -0.2027656008229D-03   0.9315858228081D-03
   0.8711098144755D-03   0.1618404209428D-03   0.2300797864072D-03
   0.8879397810402D-03   0.1943592496448D-02  -0.2189329954378D-02
   0.6834335284925D-03   0.6230553766773D-03  -0.7977077038491D-03
  -0.1677718146802D-04  -0.4825234436387D-03   0.2122559585021D-03
   0.2173679413344D-03  -0.8919018810326D-03  -0.2840084535271D-03
  -0.7582976317925D-04  -0.4659442094266D-03  -0.3101645513958D-03
  -0.2188458834074D-03  -0.2370449279914D-03  -0.3743145282613D-03
  -0.5648362135075D-03   0.2994673940014D-03  -0.1172171626453D-02
   0.9663967208071D-03  -0.7101289531901D-03   0.9288265567199D-04
  -0.4705007969815D-03  -0.4119419495045D-03   0.7488127053010D-03
   0.3632682438019D-02  -0.3128530032142D-02  -0.1736614261492D-02
   0.1384680393875D-03  -0.7490589394003D-03   0.8165413662785D-02
   0.7269100960242D-01   0.6376180637038D-01  -0.2550949358492D-01
  -0.8024789310209D-02  -0.1529687750075D-01  -0.7780047969890D-02
  -0.4627828092332D-02   0.2674397303629D-02   0.2830165486411D-02
  -0.2128121125437D-02   0.2003497265189D-02  -0.4586844135922D-03
   0.6189473580106D-03  -0.4706605494507D-02  -0.4452436100499D-02
   0.5776390580750D-02   0.1204222925235D-03   0.2789680975879D-02
  -0.1433632059045D-02   0.8459804902763D-03   0.7590522779079D-03
  -0.5824843924634D-03   0.4358915253734D-03  -0.6563619840101D-03
  -0.1530080506937D-02  -0.4635026827838D-03   0.7438240698810D-03
  -0.1227595167703D-03  -0.5227421942449D-03   0.4824508311767D-03
  -0.2244986626130D-02   0.3897133515367D-03   0.6575071512351D-03
   0.3537424817109D-03   0.9341822537311D-03  -0.7169542113418D-03
   0.4553551028662D-01  -0.1105120335760D+00  -0.7083803328754D-01
   0.1041440117823D-01   0.5364601142014D-01  -0.5345327278748D-01
   0.9089570736883D-01  -0.1381219804953D-01  -0.1041604796698D+00
  -0.2642088037187D-01   0.6578999174636D-01   0.1431091764065D-01
  -0.5492582048617D-01  -0.4401018192814D-01   0.3194163942260D-01
$end                                                                            
