   -0.38363814
    0.04628429
    0.18673425
   -0.35904591
   -0.05890751
   -0.08844842
    0.36445645
   -0.62142925
   -0.64299065
    0.16109651
    0.04904534
    0.04733191
    0.06016936
    0.02336351
    0.02506862
   -0.38681770
    0.03287289
    0.26020075
   -0.52971428
   -0.07276516
   -0.06697737
   -0.08503789
   -0.03883353
   -0.14979094
    0.16267894
    0.03014303
    0.06381440
    0.04381332
    0.05152203
    0.04970725
    0.06512398
    0.06961905
    0.11368997
    0.10586615
    0.29479523
    0.28582930
    0.28894731
   -0.16662049
    0.02642305
    0.20787452
   -0.38626299
   -0.07497518
   -0.08282630
   -0.08947440
   -0.05476531
   -0.14422617
    0.23953054
    0.08659656
    0.07166420
    0.06573995
    0.05970373
    0.08195310
    0.07582712
    0.07522645
    0.11360252
    0.12550685
    0.29823195
    0.29065530
    0.29834198
   -0.64177366
    0.30524032
    0.30242163
    0.17855790
    0.09264706
    0.17676419
    0.07063849
