           2           1   1.02807448244434     
           3           2  0.982488656717161     
           4           3   1.86709228586191     
           5           2  0.967999266760455     
           6           5  0.995862909795844     
           7           6  0.964610229888791     
           8           7   1.64892895960321     
           9           7   1.29627183921025     
          10           1  0.950128764663135     
          11           2  0.926970659043929     
          12           5  0.970148714429748     
          13           5  0.974276433004993     
          14           6  0.961450172693690     
          15           6  0.972870863075959     
          16           9  0.929166515821158     
          17           9  0.929232965216836     
          19          18   1.01602058186784     
          20          19  0.960716227647521     
          21          20   1.90774568982919     
          22          19  0.961815968088516     
          23          22  0.999796414030413     
          24          23  0.926003907751324     
          25          24   1.46335908021352     
          26          24   1.51525206025053     
          27          18  0.950174341428636     
          28          19  0.964575060180433     
          29          22  0.978857309754691     
          30          22  0.965089651657389     
          31          23  0.938543536341301     
          32          23  0.976557878590064     
          34          33  0.974851194796578     
          35          34  0.935181831848867     
          36          35   1.64240206614179     
          37          34  0.950121806416608     
          38          37   1.02790489754407     
          39          33  0.890151207128154     
          40          33  0.885427064249962     
          41          33  0.848818358802761     
          42          34  0.952098152219997     
          43          37  0.959405455921341     
          44          37  0.948842437804124     
          45          38  0.825911160305019     
          46          35   1.30731325001916     
          47          46  0.976268818205768     
          48          47  0.905698745944985     
          49          48   1.69106640768486     
          50          47  0.977294707430886     
          51          50  0.999764050333330     
          52          51  0.894641116511491     
          53          52   1.49816417630124     
          54          52   1.51335730527340     
          55          46  0.921912765471812     
          56          47  0.957468697572864     
          57          50  0.967348515083570     
          58          50  0.974308923832894     
          59          51  0.982881654042161     
          60          51  0.976411714769965     
          61          48   1.27342738625760     
          62          61  0.967754003017227     
          63          62  0.931600235406836     
          64          63   1.60466946710224     
          65          62   1.00601127440239     
          66          61  0.918902686949284     
          67          62  0.951404480048738     
          68          65  0.979649243896701     
          69          65  0.981512376745154     
          70          65  0.976572089571609     
          71          63   1.31852861172451     
          72          71  0.977394307661100     
          73          72  0.954288691282072     
          74          73   1.60823271141153     
          75          72  0.966710363045182     
          76          75  0.985455349878561     
          77          76   1.00608227622668     
          78          76   1.01156992021364     
          79          71  0.916516644506040     
          80          72  0.933140234011948     
          81          75  0.975518945789712     
          82          75  0.968908120512584     
          83          76  0.969880416496472     
          84          77  0.984901388826710     
          85          77  0.986284583646031     
          86          77  0.985156605550030     
          87          78  0.984069069175953     
          88          78  0.985596102526253     
          89          78  0.985208630046084     
          90          73   1.27643655150577     
          91          90  0.975942077362453     
          92          91  0.921602306683546     
          93          92   1.63586025304737     
          94          91  0.978716509221974     
          95          94   1.00047156222066     
          96          95   1.00603334031460     
          97          96   1.01184060283917     
          98          97  0.955478498371569     
          99          90  0.910252144548982     
         100          91  0.940071107836989     
         101          94  0.963143201126455     
         102          94  0.975723259754276     
         103          95  0.972108079591364     
         104          95  0.972238851370923     
         105          96  0.965297150871779     
         106          96  0.969007292046123     
         107          97  0.964128635245393     
         108          97  0.964218791555291     
         109          98  0.896816298688917     
         110          98  0.893863314906850     
         111          98  0.896286113998655     
         112          92   1.30623916534816     
         113         112  0.991255827015440     
         114         113  0.921541397252171     
         115         114   1.63192223078066     
         116         113  0.951220765104004     
         117         116  0.993465914384756     
         118         116   1.00448375777873     
         119         117   1.01750769908476     
         120         112  0.888221325052311     
         121         113  0.958341995068340     
         122         116  0.972083911133923     
         123         117  0.941899819204042     
         124         117  0.976558436616035     
         125         118  0.983038228075668     
         126         118  0.985471143225871     
         127         118  0.967058708946135     
         128         119  0.983276824520667     
         129         119  0.988116753999223     
         130         119  0.986405176086140     
         131         114   1.29375191853994     
         132         131  0.992465113485675     
         133         132  0.928043677405399     
         134         133   1.64936295762965     
         135         132  0.981093977923544     
         136         135  0.993679882092337     
         137         136   1.00772332239558     
         138         136   1.00519381072123     
         139         131  0.885079181866536     
         140         132  0.940228682768243     
         141         135  0.966503272168763     
         142         135  0.964997947477621     
         143         136  0.971371630281649     
         144         137  0.985333298361056     
         145         137  0.965688591498013     
         146         137  0.980927769306434     
         147         138  0.986189651847375     
         148         138  0.986487440649894     
         149         138  0.986907387828379     
         150         133   1.28075028808957     
         151         150  0.990820066139614     
         152         151  0.984736944676737     
         153         152   1.89911755628722     
         154         151  0.949102854023384     
         155         154  0.958673836671617     
         156         155   1.66645180158060     
         157         155   1.29984829287374     
         158         150  0.922356711594681     
         159         151  0.911557800790342     
         160         154  0.959489928179660     
         161         154  0.972974868011420     
         162         157  0.923880274563352     
         163         157  0.927286596498996     
         164           1  0.955066062341838     
         165           3  0.950957111139784     
         166          18  0.954854036517943     
         167          20  0.953107853680133     
         168         152  0.952537976772644     
