$grad                                                                           
  cycle =      1    SCF energy =  -532.13713519115   |dE/dxyz| =  0.619623
   78.55556523252720    117.23067763456049    -33.24116876356327      n 
   80.92147852290555    118.25319464407825    -34.18721953906334      c 
   83.26101268826254    117.49843276882308    -32.71482994261696      c 
   85.00928202527071    116.41009058155674    -33.77260344822830      o 
   81.21000069182867    121.12020927996795    -34.01663359495078      c 
   80.02643078880601    122.69107759373487    -36.11340898756686      c 
   81.47606789698409    125.18845527149071    -36.33209567565319      c 
   80.05034202905847    121.30852827784022    -38.62366905939987      c 
   77.37566854006539    118.45170157103880    -32.34010531045873      h 
   81.20864747495008    117.51740735476805    -36.09744957842670      h 
   80.48638633734943    121.73401238008601    -32.18629474497828      h 
   83.24413410829483    121.49036251841208    -34.03803021354319      h 
   78.05846035164096    123.09151193779567    -35.60082349003432      h 
   80.57343731493678    126.38736491908213    -37.73227587840793      h 
   81.49744619978568    126.16321544958302    -34.52304300736581      h 
   83.41749297239267    124.85383976212432    -36.91102239521781      h 
   79.14167278522136    122.44417270727014    -40.07394153255944      h 
   81.98975447678913    120.95715181147430    -39.19851352078130      h 
   79.10225801520647    119.51321103631702    -38.50569774672480      h 
   90.66076316979306    116.27037760503920    -36.68658247691899      n 
   90.17846922957348    118.74884049609389    -37.71256095509471      c 
   89.77511071186242    120.89197143732140    -35.75845969930756      c 
   88.29121402174387    120.84167085807883    -33.99435880105657      o 
   87.82332409521906    118.46694541938557    -39.37377832165350      c 
   88.26171822141413    116.58083468136935    -41.54803752772748      c 
   87.04334308961047    121.08007622587563    -40.28350491137884      c 
   86.42691344465558    114.36299604408551    -41.43894387544167      c 
   89.88343097698493    114.86788106200936    -37.72655161637142      h 
   91.81218119142157    119.27922215988647    -38.87709819484684      h 
   86.33970021444233    117.73746046740557    -38.12338544252639      h 
   87.98946392046402    117.55976719067634    -43.33797899289928      h 
   90.19362674654614    115.86706110349489    -41.50915180538937      h 
   85.47915610054748    120.95209551842800    -41.60949708987873      h 
   86.41796924096853    122.21990778326341    -38.69070192547579      h 
   88.60259365888096    122.05385938825111    -41.15653588969413      h 
   86.72617482712693    113.07381285866290    -43.00884998176226      h 
   86.62618682764260    113.30641016150241    -39.68619014978081      h 
   84.48424571267481    115.03355451347250    -41.53007314807897      h 
   91.19902527859948    122.93628154429766    -36.34066572550756      n 
   91.11777162684579    125.40161632191075    -35.14532867379827      c 
   89.13193152706525    127.16988244846348    -36.31579671356248      c 
   88.14464992902379    126.77201991483915    -38.37296787809817      o 
   93.72496683304192    126.66407700191047    -35.45438654506810      c 
   93.91357812295261    129.59157110738280    -34.86458769486807      c 
   94.68926995256751    130.21642294077415    -32.73144560728101      o 
   93.36861470672417    131.05611633047118    -36.62271969736569      o 
   92.18140602678203    122.89694836093297    -37.97073451701232      h 
   90.67162470794759    125.10958973255956    -33.14840724807411      h 
   95.08732688607972    125.69886346835843    -34.24231343803398      h 
   94.31457276244259    126.47455982065442    -37.42590412539648      h 
   88.64954947534972    129.23721789519075    -34.92356772265687      n 
   87.45932117340040    131.41985264200505    -36.10568211736839      c 
   89.00911388029031    132.45928379575494    -38.38239816370795      c 
   88.98941289011550    131.35485202463161    -40.41840966352183      o 
   86.90749768706993    133.20459978155526    -33.86667529024206      c 
   88.90156714878489    132.51612266483258    -31.89681937693241      c 
   89.07915803921733    129.65348092489842    -32.21658707386633      c 
   85.70963204616919    130.76901243507706    -37.00419617143034      h 
   86.89372043348953    135.19492875903245    -34.37688819583820      h 
   85.04591741735086    132.72278108038884    -33.11642928874155      h 
   90.73460625254381    133.33461652925146    -32.36121980487219      h 
   88.38465590339237    133.05539218503077    -29.98577482014250      h 
   90.90624946071947    128.96340601238234    -31.58425827897443      h 
   87.59183847941614    128.67541146684951    -31.15191805445306      h 
   89.98485953534738    134.78026030861571    -38.03877164090536      n 
   90.66421216380311    136.74656124169053    -39.86554155558385      c 
   90.49416084130299    135.74119224265232    -42.59674185375993      c 
   88.52609844686070    135.79507251502076    -43.82348211051247      o 
   93.18366819541717    138.03403650054804    -39.13080821141106      c 
   93.00694123364258    139.75180098082825    -36.77956878419152      c 
   91.03961192153270    140.61465898818102    -35.95140926860689      o 
   95.22973361931690    140.32382336818480    -35.70575009874764      n 
   90.15346787785249    135.39230415040888    -36.24332725729749      h 
   89.16889182483011    138.19634557728352    -39.73073531069721      h 
   94.60915567044586    136.59592134079989    -38.75246183027593      h 
   93.80633522271914    139.22599335863376    -40.69579032685570      h 
   95.17652022575574    141.30044329852726    -34.06999403526902      h 
   96.86123856172505    139.47989773237799    -36.18821884787717      h 
   92.65115331618748    134.95377159630783    -43.63973341787212      n 
   92.77081533378815    134.26291830907473    -46.29979600294994      c 
   90.65731799850961    132.44101575150830    -47.05475403005791      c 
   89.53558836938684    132.68247022462756    -49.07598145279334      o 
   95.37913955448502    133.08472933719790    -46.88159621541561      c 
   96.06612073353266    133.01156022879746    -49.69093301023555      c 
   98.69785826170990    131.68075115718315    -50.27084017366884      c 
   98.89017415260815    129.41605003586133    -49.65259287237702      o 
  100.33681237341906    132.99563294745508    -51.33576665595948      o 
   94.18150440648188    134.60336503821046    -42.55755748007766      h 
   92.54060493321275    135.98092296823185    -47.43941225497861      h 
   96.81596798547240    134.18599458317615    -45.88634560260583      h 
   95.42640657121207    131.16079885216536    -46.12616703427506      h 
   94.62183874662340    131.94646921751703    -50.71353654954864      h 
   96.16942466310817    134.91405047960680    -50.46288445860278      h 
   90.24583090607484    130.44773446368424    -45.56673631610701      n 
   88.48715609831761    128.54432101447443    -46.44042851935853      c 
   85.98398301809114    129.78983593342616    -46.98366153337731      c 
   84.53576375258454    129.20216399472645    -48.70449294759946      o 
   88.33827938770462    126.40114973477885    -44.53162928429691      c 
   90.74088452496996    124.75585423700937    -44.75420715905290      c 
   92.27117465950823    124.81638352468133    -42.30202523574048      c 
   90.10928273769738    122.07537675598532    -45.67332132393596      c 
   90.73548628015497    130.43395887722008    -43.71727210916055      h 
   89.17772172258499    127.81470632657195    -48.25949634173623      h 
   88.11369905369706    127.17822877271787    -42.63967855761603      h 
   86.65647869940594    125.28509874687362    -44.95148461387022      h 
   91.94108851030373    125.61083395212411    -46.20743511408634      h 
   93.27513102755020    123.04765670183939    -42.00326730007257      h 
   93.65690083980556    126.34090195391238    -42.36237368136341      h 
   91.04410126032249    125.20027725662285    -40.71051740809876      h 
   91.45099796200616    120.70407192837425    -44.96041281781459      h 
   88.23447417921928    121.50010882988434    -45.08513602152897      h 
   90.13288923016080    122.03039420514781    -47.72685587906782      h 
   85.40000243869135    131.62139964498854    -45.41271256270537      n 
   83.03210456549097    132.84748080860467    -45.82129315723053      c 
   83.12287468116072    134.16520240098751    -48.41844184347605      c 
   81.51636173028297    133.81119814596721    -50.04093389802880      o 
   82.53550074978656    134.45900651683334    -43.50905244643355      c 
   83.29005177149902    133.09012906695952    -41.04331962299363      c 
   82.02221872213482    134.46496065174836    -38.83640007811371      c 
   82.62543618106342    130.28635398240658    -40.99239073935263      c 
   86.60650811053370    132.27907835174173    -44.09525477719885      h 
   81.56829395068867    131.38780848443866    -46.00856973464808      h 
   83.61421000554711    136.21257933948257    -43.63544439456828      h 
   80.53047914133727    134.94119606443408    -43.44976445680981      h 
   85.31567640604966    133.31277854721120    -40.79351394691450      h 
   82.63200262139006    133.71938737598060    -37.02805056872626      h 
   82.49157333272409    136.46795228407964    -38.88536529612025      h 
   79.97906032583487    134.27968910908984    -38.94642233814053      h 
   82.83807094053891    129.56874250832323    -39.08189198436078      h 
   80.65848232121691    130.02827730352587    -41.54188948746588      h 
   83.81522924265492    129.15075032759347    -42.20286144155175      h 
   85.15195290024367    135.64855837380466    -48.76047599437663      n 
   85.66860195693216    136.93133482530979    -51.14936250057306      c 
   85.14136300773771    135.15598113342966    -53.37226861619111      c 
   84.03540253827234    135.86523523459795    -55.27751656883367      o 
   88.41686393950489    137.91347419463943    -51.22733042100108      c 
   89.27073305417547    139.15286336756043    -53.71974698553751      c 
   89.30873978919654    138.04501536951909    -55.74400600037122      o 
   90.13990535666632    141.53057417130887    -53.46796941916968      n 
   86.43877391745821    135.79410324245603    -47.35127096107644      h 
   84.36247450882527    138.53410942167093    -51.35267211198758      h 
   88.66098332607868    139.24444392848628    -49.67281231831466      h 
   89.65831390581674    136.29043537282763    -50.92545955017039      h 
   90.68500705472492    142.46621840874266    -55.03533034091451      h 
   90.00618859793786    142.49810511982318    -51.83633690740982      h 
   85.93606228241931    132.77881513124734    -53.05683313130273      n 
   85.94599606169774    131.06518060564431    -55.18477431796673      c 
   83.28802463488321    130.42443024460272    -56.11047214538281      c 
   82.83797918243880    130.12686606053330    -58.36427620699348      o 
   87.24684554755812    128.57336217111825    -54.46740136206911      c 
   85.69080971979031    126.94907665212220    -53.10934950587257      o 
   87.07963480233448    132.38364759551459    -51.56952367813386      h 
   86.95896625111972    131.95402118828767    -56.76517034991262      h 
   87.75606011584853    127.57812227267664    -56.20543206996462      h 
   88.98945134131425    129.02036801373512    -53.41863318786601      h 
   85.22614074384073    127.70963982220250    -51.47918463333062      h 
   81.55910228908930    130.08506681674115    -54.29424313641142      n 
   78.96094086072407    129.74178594295606    -54.99731933360100      c 
   77.58575024709113    132.28398643169211    -55.39523774623271      c 
   75.28054456875188    132.33386073165730    -55.50447140718027      o 
   77.50314795140669    127.99828328583129    -53.21486729928645      c 
   76.74053780882421    125.56649262385162    -54.53827871685189      c 
   74.50137934593032    123.70660426300255    -52.73278616715314      s 
   71.95078531001126    125.96480039183847    -52.49490355651337      c 
   81.95782961705498    130.55204611891298    -52.48102189784195      h 
   79.01219485338429    128.90798707374540    -56.90212517370833      h 
   78.64406858280343    127.60701366608234    -51.54385003750917      h 
   75.81868097279917    129.03185860594238    -52.62799819327081      h 
   75.87316254084691    125.99598974188724    -56.35706034854937      h 
   78.37865993466916    124.36121040348559    -54.84882365221060      h 
   70.47632999139078    125.05795143030147    -51.40268842391300      h 
   72.56928988823140    127.63198215225651    -51.46953130884724      h 
   71.30574345825066    126.50277675726278    -54.36231053465903      h 
   79.10987614188107    134.26200793322073    -55.76936253572196      n 
   78.39878835779905    136.79426563983498    -56.49711954534857      c 
   79.89881025273081    137.77177916432012    -58.81861869310106      c 
   79.93199480113715    140.03696240764390    -59.26469000179638      o 
   78.76488332283969    138.66028503019953    -54.31410162655138      c 
   80.98079093855999    134.08551458352539    -55.42203384759958      h 
   76.39686911149585    136.73719368194318    -57.03663396760474      h 
   78.05195779595670    140.49867151963409    -54.87336698425024      h 
   77.79839181090284    137.99055236916266    -52.63396651039011      h 
   80.77453560665097    138.81969773757854    -53.92198162370016      h 
   80.96128983017903    136.02992593899444    -60.36331957518357      n 
   82.46822999555953    136.78279386948716    -62.53908461410455      c 
   82.47308808677833    134.98223181453415    -64.84957385205858      c 
   83.43438122719031    135.76827403732352    -66.81689113511794      o 
   85.22364415186701    137.30709966184111    -61.78503901395915      c 
   81.31353198963991    134.29219754851144    -59.65392873004407      h 
   81.64772016412800    138.55913710823478    -63.22675295136455      h 
   86.28755869271481    137.87701008637447    -63.44544885488844      h 
   85.28955989945601    138.79734124686311    -60.37568684451785      h 
   86.07771342990060    135.61890774520433    -60.98263747879113      h 
   81.57814786731387    132.63362357029476    -64.64696857778810      n 
   81.50409920694626    130.90293480657127    -66.77967840076879      c 
   78.84008994736472    130.90579329032394    -68.13361102799466      c 
   78.85309183618359    130.09211176232327    -70.33622898194832      o 
   82.26906493695516    128.25850999530857    -65.93197843233098      c 
   76.99229160395140    131.69770782913085    -66.92266228333395      o 
   80.65374360039584    132.08236834194273    -63.07574066334597      h 
   82.84432625827498    131.61209306102839    -68.18682196321134      h 
   82.11570468560950    126.96707822913631    -67.52056629776571      h 
   84.20416783404487    128.26352614415066    -65.23688722735365      h 
   81.02984226325221    127.61753339174099    -64.42047387221439      h 
   91.15834565283475    107.94371646317532    -52.90582903864765      n 
   90.73318063100444    110.47922234470167    -52.01277187647860      c 
   88.64882006343205    111.61718852714874    -53.60220339003230      c 
   86.68602005894964    112.44303139953520    -52.68264380861717      o 
   93.09234713638301    112.10222222682056    -52.10072765503945      c 
   92.97839358384373    113.89966044421486    -49.87568132141581      c 
   95.56149114892050    115.01534260769256    -49.29190609607828      c 
   95.78854770970317    115.65447035063450    -46.62359900442434      n 
   95.91092001610198    117.93639608531176    -45.57646897714388      c 
   95.61262236740862    120.03572406134762    -46.91652194068204      n 
   96.24360162906471    118.12798120350071    -43.07440206708807      n 
   92.95613417987765    107.36325175745459    -53.15019397658925      h 
   89.99805361855498    110.37329741455633    -50.07206374873327      h 
   94.74496654051235    110.87678117366571    -51.90601847063497      h 
   93.24097667046388    113.10840726035734    -53.89174149849146      h 
   91.56860470705035    115.36431485585756    -50.18904206616891      h 
   92.39394182319928    112.82118757672997    -48.21409398355478      h 
   97.00380245685538    113.58347593356525    -49.67116475828912      h 
   95.98418433380905    116.65024767296313    -50.46215739013427      h 
   95.95237491327576    114.14473661623329    -45.46239413991448      h 
   95.23849456097189    119.99320201816685    -48.78177742312661      h 
   95.88432806598682    121.75196705485796    -46.13917501670424      h 
   96.74035810665788    116.60626613944069    -42.04488610772881      h 
   96.61235447022044    119.83682842323951    -42.31586735473101      h 
   80.50180000402891    115.14247541268119    -53.13922836366778      n 
   79.34213462573959    117.30597421570988    -54.35424452252541      c 
   77.09177515980186    116.66107337359887    -55.99031108744167      c 
   75.99544720666947    118.32810624893443    -57.11049906982020      o 
   81.16853329071624    118.72707197867877    -56.00593574183441      c 
   82.84872126364614    120.37398565558166    -54.36879444800784      c 
   83.99193720569173    118.97099612972788    -52.08648120688331      c 
   84.93054668392215    121.50444827542287    -56.01718006060956      c 
   82.29013853543141    114.65935678679769    -53.58841885212528      h 
   78.59958796887834    118.58105989720723    -52.89197838470988      h 
   82.27959315674299    117.38150459602139    -57.11456706794242      h 
   80.10967940440221    119.90399015161763    -57.32005051294155      h 
   81.71235380276924    121.92593435080714    -53.61328224912764      h 
   85.29663674172244    120.26276822137068    -51.15820473426995      h 
   82.57612471613010    118.43835259795556    -50.70570704342057      h 
   85.06579596201848    117.31428863836666    -52.65779063087481      h 
   85.84518381118644    123.05691250470591    -55.03496704733684      h 
   86.34890036884805    120.07257963881518    -56.42668343514988      h 
   84.16779852331524    122.21721534802914    -57.78255172529523      h 
   71.96809548600029    115.40591345667424    -49.50094630993781      n 
   71.56603455692711    117.84493596191190    -48.39535063298072      c 
   70.15289292249633    119.63494714228651    -50.10936864841850      c 
   68.63832437792207    121.10840326264208    -49.16636512574255      o 
   74.09024713798171    118.89573178900395    -47.51108093155779      c 
   74.97962508120625    117.40581291380511    -45.21290205138445      c 
   75.20013880112687    118.61529178105651    -42.88545089730425      c 
   75.57210357243999    114.82502350554520    -45.21735579661908      c 
   75.94178792244398    117.38605147450970    -40.69116321249330      c 
   76.41164378378618    113.58117768023517    -43.05312094741184      c 
   76.65234914213812    114.86190076062604    -40.76189305564642      c 
   77.56772561995579    113.79644070419808    -38.61268734317873      o 
   73.57862827457855    115.23045867069193    -50.51934940231559      h 
   70.31889408834387    117.58981158109478    -46.75274249029522      h 
   75.46008960815891    118.73906569851472    -49.04306475830047      h 
   73.87549724812439    120.87676014762994    -47.00134799802245      h 
   74.69402714602666    120.58999694563596    -42.74202217627417      h 
   75.49121521623965    113.78425094589289    -46.95891192773477      h 
   75.83987782090259    118.34513322530148    -38.90193286858170      h 
   76.96505330482266    111.61984061975755    -43.09515644247450      h 
   78.22067847265396    112.10882939168627    -39.00781442592601      h 
   70.51326401988626    119.62694986628867    -52.60213144419698      n 
   68.62490261524088    120.91780307490916    -54.15183412964495      c 
   66.02477090965701    119.70805449425397    -53.61512270746480      c 
   64.28294232938129    121.06781635098984    -52.84984876523228      o 
   69.49632379214481    120.94259299861072    -56.91450297788685      c 
   68.57320710285245    123.22452354566408    -58.46117041726245      c 
   69.23240131236933    122.93335394929859    -61.31390527136408      c 
   68.78684774455350    125.26368277125135    -62.82069882613627      n 
   68.65372678996071    125.57641860158542    -65.33745287486465      c 
   68.65131711309742    123.60786668138387    -66.90569186703148      n 
   68.56797666324513    127.90660060392619    -66.33909800375775      n 
   71.41882704823711    118.16926628631019    -53.44222343133188      h 
   68.44539510314560    122.84922829336998    -53.44965122632065      h 
   71.56195708239618    120.94965264418202    -56.87768412894387      h 
   68.88825078330086    119.18950840121136    -57.82207995143253      h 
   66.53062738485777    123.40684030904882    -58.25062447713645      h 
   69.45139843102858    124.93636879974777    -57.72702270823203      h 
   71.23222680694936    122.42261146709139    -61.45914919473298      h 
   68.08614093073463    121.40048123572052    -62.07883984602815      h 
   68.75809014809140    126.85560445681284    -61.76298070064462      h 
   68.84677166815521    121.83687823641554    -66.23618511328321      h 
   68.59765951601928    123.85596842351086    -68.78977960164048      h 
   68.35489138573340    129.44169635256060    -65.23671537964425      h 
   68.28239003165027    128.11560660297459    -68.20894386618201      h 
   63.57882099109852    122.25902153864284    -47.18547005459003      n 
   62.66587845214665    124.83076506840071    -47.06169435417539      c 
   59.96189572564022    124.84361826923553    -48.00621077424983      c 
   58.07629143720197    125.61643594227763    -46.92510759627124      o 
   63.96997125027633    126.61356210979285    -48.87171481480516      c 
   66.45660127496787    127.56781732646637    -47.85904622073141      c 
   67.16101129572348    129.83310491233129    -49.47775131550438      c 
   66.33488831398387    128.30585348584330    -45.08604865995186      c 
   65.29810118673657    121.86613359935384    -47.93569672419409      h 
   62.67787405358273    125.49602535981990    -45.10819893545690      h 
   64.30075857322366    125.67450730630414    -50.67259031236528      h 
   62.71817649571715    128.22900292805480    -49.18617991785966      h 
   67.87972686921582    126.07711100624392    -48.05402421978602      h 
   69.08189236041625    130.42964117902574    -49.06225510559543      h 
   67.01241663804677    129.39095784747062    -51.47352524407417      h 
   65.88964526007788    131.37709226318606    -49.03248798087053      h 
   68.05800915670488    129.30101845287155    -44.56048683932489      h 
   64.75494824172907    129.56306856024011    -44.71476652568177      h 
   66.18504779816125    126.65790200603102    -43.87433287552833      h 
   72.83122186013814    138.57158375059427    -39.01940592439668      n 
   75.52198965673620    138.32411001372205    -38.58566865779531      c 
   76.32466786705838    139.25768202926938    -35.90993842176816      c 
   77.23245417518508    137.85422256447680    -34.31046581839136      o 
   76.90018555634836    139.73692232409988    -40.74919024487182      c 
   75.61625977767828    139.58160844609989    -43.38294449576311      c 
   77.37065270586268    140.67814462322133    -45.41184192004017      c 
   74.89396540471147    136.89474464246632    -44.16185284927020      c 
   72.29969618781428    138.90643824320796    -40.82241781950343      h 
   76.00325130769981    136.30319076220320    -38.65967229355245      h 
   77.08513205234860    141.73610572343944    -40.28480391674427      h 
   78.80335788767644    138.95676506072846    -40.90631318322333      h 
   73.93865246363761    140.78069473506858    -43.38378075788820      h 
   76.43355291344152    140.64222888734864    -47.23993025569542      h 
   77.83197179561344    142.63107657951895    -44.98405877399191      h 
   79.10578913576144    139.58299876415703    -45.54780551530125      h 
   74.32726665352173    136.86892879146018    -46.12965011157132      h 
   76.53242297580967    135.66094718280223    -43.97492585206704      h 
   73.36111947610902    136.09999446329195    -43.05693290977772      h 
   81.12014319568456    138.44804804518623    -28.17471974608282      n 
   83.41734792742228    139.93652782056435    -28.06433237493992      c 
   83.46885337892260    141.62295661722123    -25.65722756454047      c 
   85.48173544362054    142.18925590566761    -24.67499889847874      o 
   83.62117648233789    141.52854085018694    -30.45362059586612      c 
   79.67574340892880    139.25806301257163    -29.12725868152384      h 
   85.02149286857112    138.64109958031833    -27.89063579281544      h 
   85.44446059057792    142.46166970534600    -30.52646062379929      h 
   83.40800893919743    140.32575190135722    -32.10583146392194      h 
   82.13641510502549    142.94771036967842    -30.45148033647554      h 
   90.48624364093045    106.83420831499828    -51.80590516550163      h 
   88.84025065967499    111.71845713778404    -55.47947885175565      h 
   80.54653268641968    115.39218167160094    -51.45750075674076      h 
   76.51720743158918    114.86724265097861    -56.14232236358758      h 
   72.04075715233871    114.23109744832951    -48.27331053284490      h 
   65.77045602904404    117.85534475272050    -53.88688495306847      h 
   63.67135177331694    121.61322206154512    -45.61481953268363      h 
   59.55601717447194    124.15582860060918    -49.71889058573682      h 
   72.04707247983407    137.13513772832945    -38.55648633503262      h 
   76.10577605243280    141.07440061899109    -35.43804425704159      h 
   81.44017678745304    136.96646010072317    -28.94610657211537      h 
   81.85115757846435    142.24850376507109    -24.90701744307758      h 
   77.65360514244321    116.59557659790596    -34.53564805713685      h 
   83.38305244333441    117.88866094718432    -30.86986586970876      h 
   92.33844945963854    115.99815768595197    -36.62471971754795      h 
  -0.6143926399167D-01  -0.4749264433394D-01  -0.1018646479422D+00
   0.8714401253664D-03  -0.7272492477897D-03  -0.7191345170407D-02
  -0.1247670538967D-01   0.4432882636070D-01   0.8226898449879D-01
   0.1459435752648D-01  -0.9314958753805D-02  -0.9645016630354D-02
  -0.5245621632327D-02  -0.4459582471151D-02  -0.1164753758737D-03
   0.3629167694441D-02  -0.4001524600295D-02   0.2385392292176D-02
   0.7368828030009D-02   0.1638089557577D-02  -0.6256491254933D-03
  -0.6498996374373D-02  -0.5261091897805D-02   0.5832067588478D-02
  -0.1161377644022D-01  -0.4713837380132D-02  -0.3304826120936D-02
  -0.1896334965005D-02  -0.2358095838715D-02  -0.1565849813317D-02
  -0.9061430100828D-03   0.1195477837025D-05  -0.1272025370672D-02
  -0.2398103706507D-02  -0.1918160524826D-02  -0.1039236373678D-02
  -0.2172879192894D-04  -0.1525324665347D-02   0.9318953094404D-03
  -0.8321224186848D-04  -0.6425992427019D-03  -0.4828087739091D-03
   0.4271601417283D-04  -0.9263185525846D-03   0.3190894807162D-05
  -0.5771370535467D-03  -0.4518507798971D-04   0.3171096876112D-03
  -0.1912410192472D-04  -0.2145561264738D-03   0.4462658747832D-03
  -0.3018295498387D-03  -0.9659979943684D-03   0.3735157793708D-03
   0.4639860505787D-03  -0.4138811628758D-03   0.5408768479229D-03
   0.1158413335543D+00  -0.1354424852850D-01  -0.7439201251753D-02
   0.4312524547693D-02   0.8962020706120D-02   0.3159770872676D-02
   0.2890916827148D-02   0.3104052852047D-02   0.5429629938624D-02
  -0.3709050039751D-02  -0.2207023419817D-03   0.4051266644865D-03
   0.5228224608419D-02  -0.8639629648932D-02  -0.1180345016862D-02
   0.2732251287916D-02  -0.2060115594725D-02   0.2131434989692D-02
   0.8008845403632D-02   0.2071433822995D-02   0.4510766760368D-03
   0.2678186522279D-02   0.1777831071132D-02  -0.3645408860643D-03
   0.6339667101768D-02  -0.4561519781088D-02  -0.2789250433092D-02
   0.2649867343786D-04  -0.7809434338425D-02   0.4729544845439D-02
  -0.1841305071807D-02  -0.1213055269661D-03  -0.7860943150392D-04
  -0.6384781409887D-03   0.2022954846489D-03   0.3957213162867D-03
  -0.3297148176107D-03  -0.6024840536188D-03   0.7713791626230D-03
   0.2821336815384D-03  -0.5423476917402D-03   0.1111187832140D-02
  -0.1063461801576D-03  -0.6153086045452D-03   0.7088083821977D-03
   0.3831170675580D-03  -0.1828295236310D-03   0.3967610052982D-03
  -0.8594581453802D-03  -0.3225468208370D-03   0.1014249050159D-02
  -0.1252581759962D-03  -0.3503183468272D-03  -0.6807808213178D-03
  -0.1058376077879D-02  -0.9591198405729D-03   0.4918825268111D-03
  -0.1070852894976D-02  -0.1337234543691D-02  -0.2281509790761D-02
  -0.1245132557717D-02  -0.8200923172639D-03  -0.1826514246294D-02
  -0.1823085479203D-02  -0.4914093639147D-03  -0.4465792272266D-02
  -0.3446584256971D-02   0.1111700454299D-02  -0.7794663513930D-02
  -0.1386243063890D-02  -0.8268066487314D-03  -0.9155563386936D-03
  -0.1334153007253D-02   0.1767485697858D-02   0.7654397080324D-03
  -0.1380568892871D-02   0.3790548574961D-02   0.2198945284214D-02
  -0.2839297430392D-02   0.1916534474033D-02   0.2187738944089D-02
  -0.3138056154048D-03  -0.5377945048119D-04  -0.7497371794878D-04
   0.6291558131539D-03   0.3937829059697D-03   0.2230088548776D-04
  -0.1139948836887D-03  -0.3125141366925D-03  -0.1344678592120D-03
   0.4388321621502D-03  -0.2485824745611D-03  -0.3872109547678D-03
  -0.1247877649811D-03  -0.1136545187507D-02  -0.3094086282344D-02
   0.1067603948194D-03  -0.2612420471874D-02  -0.2993151472017D-02
  -0.7271957921096D-03  -0.4863790705398D-02  -0.2709042869841D-02
  -0.5921737225758D-02  -0.8200300280807D-02  -0.2799696840216D-02
   0.1012932601843D-02   0.1712956850658D-02   0.4108767460957D-02
   0.1413353102429D-02   0.3658573973895D-02   0.6051775318246D-02
   0.7544283818138D-03   0.1488707821620D-02   0.3414160969502D-02
  -0.3594765233738D-03   0.6154375321534D-04   0.3281534044764D-03
  -0.2338970687686D-04   0.1538206159647D-03   0.3301910382344D-03
  -0.2923094968071D-03  -0.7863839559776D-04   0.4548053090174D-03
  -0.1681067906772D-03  -0.2707131680505D-03  -0.3389727424719D-03
   0.3174101219978D-03   0.1972913844737D-03   0.1859004755527D-03
   0.1734088951494D-03   0.3370894659513D-03   0.9533281544621D-04
   0.6843012536772D-03  -0.5790184374885D-03   0.1022296420356D-02
   0.2464955869472D-02  -0.3101282570948D-02  -0.2262601796049D-03
   0.3378634566654D-02   0.4381532700978D-03  -0.1329006750776D-02
  -0.4772652351183D-03   0.5389158781273D-05  -0.1918917026876D-02
  -0.1081506451352D-02  -0.4212693773301D-02  -0.4819760149081D-02
   0.1534563953660D-02   0.3412817456040D-02   0.3863766552819D-03
   0.1690519057072D-02   0.3117269232907D-02   0.1113062020616D-02
   0.5635048086792D-02   0.3719550070439D-02   0.3930102204386D-02
  -0.1013681646687D-02   0.3448032462112D-02   0.1249946012789D-02
   0.5721560160290D-04   0.2503804692680D-03  -0.6566449946151D-03
  -0.4301339317319D-03   0.1728388314407D-03  -0.4397040001162D-03
  -0.2154278093619D-03   0.1031164685243D-02  -0.2597064698057D-05
  -0.2135753694685D-03   0.4533738903741D-03   0.3390502580033D-04
  -0.4559200871596D-03  -0.1361318281332D-02   0.7346473742585D-03
  -0.2191571438403D-03   0.3132877614938D-03   0.1487866764043D-02
  -0.3371499184925D-02   0.3403343916424D-02   0.6205701123615D-03
  -0.3646222569614D-02   0.2847113647533D-02  -0.6340204238641D-03
  -0.5696062013044D-02   0.3685969308936D-03   0.3250564155488D-03
  -0.5317374224476D-02   0.1221535457822D-02   0.1585337822829D-02
  -0.1874394451586D-02   0.2496182363071D-02  -0.8577299329250D-03
  -0.3043520813594D-03   0.2237332511444D-02  -0.2097497338176D-02
   0.2550972932084D-02  -0.3778075286684D-04  -0.2149879128412D-02
   0.2550983103985D-02  -0.3465872206911D-02  -0.1097608238664D-02
   0.5714420348382D-02   0.1099019488330D-02  -0.3311667477550D-02
  -0.4976634714798D-05  -0.7612987712035D-03   0.1755737366261D-03
   0.5810299430884D-03   0.2429930797480D-04  -0.5721837182626D-04
   0.7866800042947D-04  -0.4650413104165D-03   0.1015075675373D-02
  -0.8958487340166D-03  -0.3195025166951D-03   0.1141386045141D-02
  -0.5778995648887D-03  -0.4823537658798D-03   0.1417110479015D-02
   0.3720935596360D-03  -0.1611136129771D-02   0.8696273196933D-03
  -0.7888382877884D-02  -0.1842337820744D-02   0.2368982480212D-02
  -0.2683633947280D-02   0.2013113906320D-02   0.4268225008959D-02
  -0.2053761171315D-02   0.3939233254747D-02   0.3891072877589D-02
  -0.2088578789814D-02   0.7792705814729D-02   0.3305675336225D-02
  -0.3409237404237D-03   0.3098972927684D-02   0.5922841411069D-02
  -0.6569606352825D-03   0.1083154127397D-02   0.3239810362443D-02
  -0.3516285883634D-02  -0.9215213419613D-03   0.1446853834438D-03
   0.1693736642899D-02  -0.7009524805368D-04   0.2723445940097D-02
  -0.3021396359884D-03   0.2200468578061D-03   0.8775666884814D-04
  -0.4337585180808D-03   0.7646325394730D-04   0.3048103588954D-03
  -0.8637737172994D-03  -0.3419585026727D-03   0.2461293274976D-03
  -0.3683640920113D-03   0.6776008655697D-04   0.4273976331499D-04
  -0.4877219640871D-03  -0.7973078398396D-04   0.1446325388291D-04
  -0.1586588617917D-03  -0.2278962700739D-04  -0.6035150303423D-04
  -0.8368256866926D-04   0.6743951521583D-04  -0.2815948280934D-03
   0.2996874220697D-03  -0.4653392745535D-04   0.2138213561092D-03
   0.2009049299411D-03   0.8465703804789D-04   0.1088542997560D-03
   0.8173301375089D-04  -0.8373553387297D-03   0.1383287580519D-03
  -0.1203310373751D-03  -0.2050476246931D-03   0.1909798039319D-03
  -0.7271376630165D-03  -0.1139851725529D-02   0.2190065234471D-02
   0.5836994027429D-02  -0.4511551938566D-02  -0.8058058830036D-03
   0.8302930940845D-03  -0.3073687853770D-02  -0.9072920771395D-03
  -0.6933976580215D-05  -0.1732621555504D-02  -0.2203762367522D-02
   0.6404650057132D-02  -0.6403716698278D-02  -0.2587026664902D-02
   0.5097160111962D-02  -0.6994712943648D-02  -0.2610965409749D-02
   0.2201589717690D-02  -0.2547302737442D-02   0.1089704541974D-02
   0.9446092094514D-02  -0.2466030779443D-02  -0.2354710899748D-02
  -0.1146079029888D-03   0.1031717984361D-03  -0.3095798720556D-03
  -0.9942215261390D-04   0.8646150197051D-05   0.3731767517570D-03
  -0.7714135487389D-05   0.2916276333263D-03  -0.2258379480676D-03
  -0.2934614804284D-03  -0.4462245790270D-04  -0.8665804944194D-04
  -0.6418088244638D-04   0.2462432584804D-03   0.3951862351645D-03
   0.3772515580011D-05   0.6920081289337D-03   0.1533500766453D-03
   0.9181042718123D-04   0.7331073237236D-03  -0.1331179054824D-03
   0.6521880189433D-04   0.4412496323056D-03   0.1338323274219D-03
  -0.1709027461769D-03   0.2238713104830D-03   0.7375767694935D-04
  -0.2195469812380D-03   0.6435734377897D-03   0.1613438799678D-03
  -0.6698010466456D-03   0.1127599757342D-03   0.4110146999212D-03
  -0.6890657008874D-03  -0.4181609587195D-02   0.1274931005554D-02
  -0.1215977244977D-02  -0.1643343638411D-02   0.8516470792461D-03
  -0.1386009688352D-02  -0.1110724130948D-02  -0.1909243452486D-03
  -0.8044955750027D-03  -0.6758580621356D-04  -0.1583226015693D-02
   0.1271290450961D-02   0.1170564413217D-03   0.4073079763011D-03
   0.2117614085629D-02   0.1205303084894D-02  -0.2052859566393D-02
   0.2037392776900D-02   0.1223959566425D-02  -0.5301145937982D-02
   0.4010479548009D-02   0.2443642061268D-02  -0.1086983920266D-02
  -0.3360701936524D-03  -0.5926148290362D-03   0.1775269764192D-03
   0.1977914886265D-03  -0.2021687261375D-03   0.2274986786216D-03
   0.2050127575508D-03   0.3102407818405D-03  -0.4860841039063D-04
   0.1756449639740D-03   0.9348274397563D-04   0.4967932190247D-03
  -0.5874884534769D-03   0.8605001124697D-03   0.2981677562744D-03
   0.1525318590012D-03   0.4221251670340D-03   0.3451780274488D-03
  -0.2095992738951D-02  -0.4147601392941D-03   0.1807877847946D-02
  -0.1633975892646D-02   0.1136437587198D-02   0.1637489847160D-03
  -0.1864005639865D-02  -0.8757199716107D-03   0.3452008360808D-03
  -0.1503802042805D-03  -0.3405217125366D-02  -0.8789988717308D-03
  -0.1705752189605D-02   0.1335409928477D-02  -0.5087226838546D-03
  -0.2374700091289D-02   0.4296214561256D-02  -0.1352170035830D-02
   0.3461843266890D-03   0.1667141412761D-04   0.3553988898628D-03
   0.2488100033269D-03   0.4035945098890D-03   0.7517882412177D-03
  -0.1039961434090D-03  -0.7277303270829D-05   0.1540483166826D-03
  -0.1231836956461D-03  -0.4799168227059D-03   0.6142051006736D-03
  -0.1669331417400D-03   0.3146695828062D-03   0.1918924855604D-03
  -0.2421489321494D-02  -0.3258408109148D-03   0.1256283047180D-02
  -0.3462946766615D-03  -0.2233825397566D-02   0.1304512482065D-02
   0.5128636927327D-03  -0.1468402389789D-02   0.1777075934852D-02
   0.7742084262158D-03  -0.3435396708832D-02   0.8868723667620D-03
  -0.8373888219123D-03  -0.2271101199832D-02  -0.1287664969863D-02
  -0.1198382110194D-02  -0.9975373726911D-03   0.1108773142800D-02
  -0.3073054631576D-02   0.1901634199434D-03  -0.1374885662076D-02
  -0.7618906813191D-04  -0.2564555712862D-02  -0.4415624182961D-02
  -0.3323853757085D-04  -0.6029731593381D-03   0.4205422964868D-03
  -0.5604365864770D-04  -0.8563669010381D-04   0.1735874594270D-03
  -0.2605309344262D-03   0.5500266063888D-03   0.3921479608570D-03
  -0.2993744090751D-03   0.4784178552006D-04  -0.2756231217203D-03
   0.8597575957322D-03   0.1598800296428D-03   0.9071139331493D-04
   0.4355894490992D-03   0.5512724482305D-03   0.1509452120416D-03
   0.2642513111477D-03  -0.4409245754351D-03  -0.5062956607228D-04
  -0.2260621743156D-03   0.3669235891997D-03  -0.1404313093797D-04
   0.3118580074009D-04   0.2433648400878D-03   0.1811793549404D-03
  -0.4662330519877D-04   0.6064192143398D-05   0.3059680662818D-02
   0.1063517262395D-03   0.1407070449687D-02   0.2298917885385D-02
   0.8994215480431D-03   0.1547249271293D-02   0.5207231911456D-03
   0.1160194581424D-02   0.2880815595490D-02   0.1648476598174D-02
  -0.5484721392191D-03   0.1063733323565D-02   0.1984037599106D-02
  -0.2836947751718D-03  -0.7214716639443D-03  -0.1767659715138D-03
   0.1364213024148D-04   0.2479145088654D-04   0.6368048415950D-03
   0.1300099765633D-03  -0.1967810498020D-03  -0.2758787929331D-03
   0.6649803041617D-03   0.5118305260365D-03   0.3758172438744D-03
   0.4811030378026D-03   0.2135281880897D-03  -0.3025027574621D-03
   0.1141098414187D-02   0.1558157407988D-02  -0.4360927387532D-03
   0.8720582815277D-03   0.1065827419534D-02   0.4982714402308D-03
  -0.4543882412247D-03  -0.1221558300683D-02  -0.9856695813552D-03
   0.1046276739167D-03  -0.2281516116364D-02  -0.2159887717519D-02
   0.1636496509996D-02   0.2246410580262D-02   0.1128002269143D-02
   0.6239173929248D-03   0.5032286096369D-03  -0.2620468484900D-03
   0.2892399637404D-03   0.2152111884556D-03  -0.7032513331326D-03
   0.3259464130996D-03   0.2178873485920D-03  -0.2956665618279D-03
   0.3700565735181D-03   0.2466868216980D-03  -0.3330004965286D-03
   0.2197855575560D-03   0.2930607618483D-03  -0.2393050750301D-03
  -0.6654059585607D-03  -0.2311453896412D-02  -0.2610265084403D-02
  -0.2339544854322D-03  -0.1930599658306D-02  -0.2292004457805D-02
  -0.7956772912266D-03  -0.7238290679628D-04  -0.9063097320861D-03
   0.2705767952575D-06   0.1322632682214D-02   0.9334703957457D-03
   0.1638031682879D-02   0.7724144364533D-04  -0.1006059584144D-02
  -0.1006389625921D-02  -0.1238755918056D-03  -0.2463047535224D-02
   0.1868493178174D-03   0.4126009137437D-05  -0.1583904498268D-03
  -0.2657141613531D-03  -0.6413035666247D-03  -0.2657128840377D-03
   0.2012274053181D-03  -0.5979705358161D-03   0.3429049603082D-03
   0.1657344049913D-03  -0.2466266866275D-03   0.6494547796825D-04
   0.2612584907113D-03  -0.3092187993087D-03   0.3727203762357D-03
  -0.4743987995989D-01  -0.6302209291764D-01   0.8808052345256D-01
   0.4228423072026D-02   0.4496877827507D-02   0.1037402590510D-02
   0.3492341888915D-01  -0.1036968261461D-01  -0.7997352844562D-01
  -0.1751188077943D-01   0.6584792751325D-02   0.4343409588876D-02
  -0.2334779809177D-02  -0.4286722904220D-02  -0.1659195539141D-02
  -0.1796689674583D-02  -0.5080515054594D-02  -0.7423790616227D-02
  -0.7225885204263D-02  -0.3141769939376D-02  -0.4970797511788D-02
  -0.2211088494008D-02  -0.5378240635228D-02  -0.9371476572578D-03
  -0.3058637865571D-05   0.3222719122771D-02   0.2467246366673D-02
  -0.2482924397811D-02   0.4718577341539D-03   0.2068431108131D-02
  -0.1374310343140D-02   0.1271903737820D-03   0.9439054336071D-03
  -0.7488165683772D-02  -0.1125095803823D-01   0.4698626237450D-02
   0.1046503243656D-03  -0.3679102041481D-02  -0.2413884464245D-03
   0.1131163708194D-02  -0.2913309789168D-03   0.1074361510415D-02
  -0.4528391828013D-03   0.3758111804501D-03  -0.1263282751065D-05
   0.9503617240909D-04  -0.6454671273559D-03   0.3440676303331D-03
   0.2027373753644D-03  -0.1174434984318D-02   0.1221955112078D-03
  -0.4229188611659D-03  -0.9481543501747D-03   0.4011088240401D-03
   0.1021665680347D-03  -0.4574893853752D-03   0.7813419583743D-03
   0.6999543277883D-03  -0.3197273879611D-03  -0.6862034797152D-04
  -0.4068716191299D-04   0.9741608188687D-04  -0.2541061939465D-03
   0.4090321798242D-03  -0.7355788548253D-04   0.4362923189789D-03
  -0.1166379833691D-03   0.3751889331671D-03  -0.3555958399490D-03
   0.3233775130585D-03   0.9147182830767D-03  -0.2597600106006D-03
   0.1641226513712D-01   0.3330384855445D-01   0.1166971444290D+00
   0.2500697653991D-02   0.1409591288981D-01  -0.1273524048696D-02
  -0.1878699722697D-01  -0.7354908304941D-01  -0.5909715794198D-02
   0.6764249070893D-02   0.6339646530635D-03   0.3143390089525D-02
  -0.7010018149255D-02  -0.6170725843409D-02   0.3990679060317D-02
  -0.9802847565398D-02  -0.2817269559922D-02  -0.3488995790139D-02
  -0.7257614864626D-02  -0.1018399604213D-01   0.3936395186075D-02
  -0.4584757802664D-02   0.1329433460958D-02  -0.4822753979971D-02
   0.1002412663246D-02  -0.3562788909425D-02   0.1560410909074D-01
   0.7533500694745D-03  -0.2842788272712D-02   0.1843975248812D-02
  -0.5327517151212D-03  -0.4818490102664D-03  -0.1796784702736D-02
  -0.1086091971992D-02  -0.2854613724587D-02   0.1711915816291D-02
   0.8054811673842D-03  -0.1258681057170D-02   0.4128388643661D-06
  -0.3067235112988D-03  -0.8038300450805D-03  -0.4677100146521D-03
  -0.7125357676227D-03  -0.2669647765603D-02  -0.2144008622264D-03
   0.5994391298205D-03  -0.4214218059884D-03   0.1055691293405D-02
   0.1899145642846D-03  -0.7443165906400D-03   0.3819363603945D-03
   0.2708342881676D-03  -0.1226030660380D-03   0.2059396204108D-02
   0.3921747855595D-03  -0.6944786806986D-03   0.5784190794485D-03
   0.1596092423087D-01  -0.6847882595086D-01   0.1061715439726D+00
  -0.4512086209394D-02   0.4264827909842D-02   0.8866521395161D-03
   0.4681781866151D-02  -0.4864043426022D-02  -0.6304316511742D-02
   0.2081125554162D-02  -0.8429668472227D-02  -0.7956801237675D-02
  -0.1011047803669D-01  -0.7330621428461D-03  -0.1669438759754D-01
  -0.6023676752815D-02   0.1346979371837D-02  -0.7328198932064D-02
   0.5794949865970D-02  -0.1562479998115D-02  -0.3849628422333D-02
  -0.5620598422860D-02  -0.5010669996229D-02  -0.3835918100796D-02
   0.9925739948166D-02  -0.1147330017148D-02   0.7366793743440D-02
  -0.2350225141813D-02  -0.7201674286990D-02  -0.9244798443957D-04
   0.2872010920707D-02  -0.3336224648961D-02   0.8069872729448D-02
  -0.3644092842831D-02   0.1203491730138D-01   0.4320493722345D-02
  -0.1152308748369D-02  -0.9249487565439D-02   0.4497352833335D-02
  -0.8828358562122D-03  -0.1730683023842D-02   0.1114943909768D-02
   0.3244683755958D-03  -0.1875714982344D-02   0.1283424147726D-02
  -0.2660296430435D-02  -0.1391389686543D-02  -0.3835314330972D-03
  -0.2575910570861D-03  -0.1480873634104D-04   0.4065631859795D-03
  -0.2516147992230D-02   0.3754252237176D-02   0.1355186326614D-03
   0.5923036146977D-03  -0.2364371753833D-03   0.1308451701642D-03
   0.1600064995944D-02   0.1729012877384D-02   0.4633430415333D-02
   0.4860880560388D-02  -0.8042905811224D-02  -0.4875745985815D-02
   0.7274039263000D-02   0.1098611219428D-01   0.1223658558768D-01
   0.1774135603573D-02   0.1342641989060D-02   0.8244082934467D-05
   0.1579603110891D-01  -0.1093714473209D+00  -0.1803807147219D-01
  -0.2820824965279D-01   0.2802358680414D-01   0.1687070920930D-01
  -0.9251801263506D-03   0.4616041135605D-02   0.6687883166260D-02
   0.2915955162104D-02  -0.1569542461897D-02   0.1003856241914D-01
   0.5111393262437D-03  -0.4418310876760D-02   0.1706934672496D-02
   0.3756921938158D-02   0.2486458882611D-02  -0.3310858220195D-02
  -0.6353503754560D-02   0.1654350595059D-02  -0.7085356347290D-02
   0.1475117953402D-02   0.1574217498793D-02  -0.5821994143185D-02
   0.7069169624545D-02   0.9781585744465D-02  -0.9078196496702D-02
  -0.2526761979085D-02  -0.1434074790739D-02  -0.2339612356443D-02
  -0.2273059581568D-03   0.3313890577150D-03   0.7850769226246D-03
   0.5141359977607D-03  -0.6711004423524D-04   0.7190656766252D-03
   0.1360793284576D-03  -0.1144721530611D-02   0.4668862560169D-03
   0.5994833352748D-04  -0.5244400847954D-03   0.1323232794029D-04
  -0.2176558926781D-03   0.1713865185652D-03   0.4765430292610D-03
   0.1808911261653D-03  -0.3436272870686D-03   0.4865910293977D-03
   0.2636096252947D-03  -0.5331128240571D-03   0.8364004679497D-03
  -0.1635199626419D-02  -0.1170635877658D-03   0.7605205678402D-03
  -0.6216765549690D-03  -0.2327949953136D-03   0.1611824931571D-03
  -0.7779518778773D-03  -0.6389092309960D-03   0.4187795629995D-04
  -0.2412742787101D-02  -0.3779510354234D-03   0.3815126292670D-03
  -0.1787071281075D-02  -0.7787300054007D-03  -0.5341119704678D-03
   0.5580299968798D-02  -0.3207408260132D-01   0.1114106655180D+00
   0.1306684928725D-01   0.9065237388508D-02   0.7109715759115D-02
   0.1185161804855D-01  -0.2239495072847D-01  -0.6341028624556D-01
  -0.1111667459819D-01  -0.6343168374522D-02  -0.1493709036393D-01
   0.3488206591530D-02  -0.4851560831707D-02   0.9505366316432D-03
  -0.1005866073033D-01  -0.1476420368125D-02   0.3826292735433D-03
  -0.7875881894630D-02  -0.2794430349429D-02  -0.3120724530765D-02
  -0.5346980968173D-02  -0.5157567636984D-02  -0.4133159871865D-02
   0.1596020506204D-02  -0.1478844096210D-01   0.1091244522997D-01
   0.2072418867661D-02  -0.5146717770661D-02   0.5597694503696D-03
   0.3730946559772D-02   0.3009875840500D-02  -0.4471218430558D-03
   0.1728727252973D-03  -0.6995489894676D-03   0.9113475795811D-03
   0.3301158642484D-04  -0.1745016432701D-03   0.4901619226292D-03
  -0.9872249200796D-03  -0.2133273812666D-02   0.1774452861130D-02
  -0.8449219633449D-03  -0.2782174491806D-03   0.5451794800553D-03
   0.5526968990907D-03  -0.2934064116372D-02   0.1610588454497D-02
  -0.5365614380177D-03   0.6120202350588D-04   0.1959688117965D-03
   0.1723072128120D-02  -0.2565834261581D-03   0.3893005095665D-03
  -0.7549564285853D-03  -0.8342438076032D-04  -0.7578161539083D-03
  -0.4196793300226D-01  -0.1119232448636D+00   0.1874825494901D-01
  -0.3772004398249D-02  -0.1686420408390D-02   0.9963539153074D-02
  -0.1252407874338D-01   0.8595330682226D-01   0.1441847385737D-01
   0.7414362105486D-02  -0.7063197982385D-02   0.1985800801341D-01
  -0.7090741455201D-02  -0.2198199064428D-03   0.9346511814843D-03
  -0.4063139374680D-02   0.1017116531877D-02  -0.5393516763439D-03
  -0.1635432620896D-04  -0.3095197203274D-03  -0.3844221880502D-02
  -0.5332387875063D-02   0.2316300890046D-02  -0.9625636229995D-03
  -0.8003998156692D-02  -0.6588889500940D-02  -0.2983824828831D-02
  -0.6976028456927D-02   0.5726923509204D-03  -0.1363479685513D-02
   0.1019307677297D-02   0.3059820428900D-04  -0.1972434353021D-02
  -0.5507293674915D-03  -0.5381246133105D-03   0.2023694181847D-03
   0.2036181970915D-02  -0.8213256054002D-03  -0.4060027322742D-03
  -0.4021524493999D-03   0.6692746975230D-03  -0.3105505754129D-04
  -0.1964665287115D-02  -0.3642919979473D-03  -0.7323228771266D-03
  -0.8068013969304D-05  -0.6903408106930D-03   0.2695572993618D-03
   0.1103818611840D-02  -0.1934457857330D-03   0.2340235816588D-02
   0.8746354746823D-03   0.4019106584668D-03   0.3280623623314D-03
  -0.3100873794462D-03   0.8364590459034D-03  -0.2299301134018D-03
   0.2971050510507D-01  -0.1017787902032D+00  -0.6787322654655D-01
   0.1056416113984D-01  -0.6689400937686D-02  -0.1212410735965D-01
  -0.8627964543538D-01   0.2814370940566D-01   0.3600336423467D-01
   0.1460117976438D-01   0.3145507850366D-02   0.6800142826659D-02
  -0.7939750760002D-02  -0.8769715164959D-02  -0.7182818922337D-03
  -0.9315844197817D-03  -0.9104057327849D-02  -0.1327511534113D-02
  -0.7073019505028D-03  -0.2031428661273D-02   0.8838707315371D-03
  -0.1570382417798D-02  -0.2220853391983D-02   0.2483891373510D-02
  -0.5744774242920D-03  -0.1331915252150D-03  -0.3195584740367D-03
   0.2642530730377D-03  -0.6680404824746D-03   0.1355277672294D-02
   0.6185197255073D-01   0.9158913037859D-01  -0.8385877576399D-01
  -0.1642315921054D-01   0.1791668281038D-02   0.7563828525419D-01
   0.2481829156897D-02  -0.1429067097839D-01  -0.1367148956239D+00
   0.1918410227235D-01   0.7524978510258D-01   0.3005533773999D-02
   0.8125295675023D-03   0.9666327632218D-01  -0.9702569620978D-01
   0.5463705567152D-02   0.7303891371210D-01   0.9945575391848D-02
   0.1856781657938D-03   0.5532738497016D-01  -0.1280862138255D+00
  -0.3721178514224D-02   0.3466922743488D-01   0.7563339219139D-01
   0.6649523589502D-01   0.1137288381605D+00  -0.4524891599269D-01
   0.1436869681442D-01  -0.7545318664703D-01  -0.8671192982307D-02
  -0.2474926388722D-01   0.1217974150646D+00   0.5934323665201D-01
   0.6812048703427D-01  -0.2132394459089D-01  -0.2401609663344D-01
   0.7062400791853D-01   0.5760232842529D-01   0.1048703072291D+00
   0.9935001208360D-04  -0.1912296857414D-01  -0.7382212474829D-01
  -0.1355887860416D+00   0.2305132900033D-01  -0.1434636354256D-01
$end                                                                            
