   -0.38774327
    0.02020381
    0.26637144
   -0.50444187
   -0.12603944
    0.15891000
    0.07034296
    0.03609468
    0.06777497
    0.04510458
   -0.17056287
    0.01204618
    0.27438073
   -0.51247190
   -0.08182977
   -0.01672186
   -0.11834497
   -0.11263098
    0.21782983
    0.06684851
    0.07517666
    0.04893306
    0.03096547
    0.04005060
    0.04755989
    0.05022542
    0.02997701
    0.05038277
    0.02959104
   -0.18316987
    0.00395798
    0.28381139
   -0.48765320
   -0.09207896
   -0.07876112
   -0.09958091
   -0.05226833
   -0.14798689
    0.22672522
    0.09213841
    0.08687256
    0.06017488
    0.08065393
    0.05635228
    0.07159440
    0.08779443
    0.12737325
    0.11587404
    0.30599642
    0.29348466
    0.30160898
   -0.17665274
    0.01395295
    0.27334683
   -0.50144126
   -0.02488172
   -0.08082294
   -0.13082209
   -0.10624198
    0.21268746
    0.08404150
    0.04969961
    0.07134154
    0.05320047
    0.07033534
    0.06123594
    0.06487050
    0.03886318
    0.01309342
    0.03773236
   -0.17147558
    0.03073591
    0.28197207
   -0.50133294
   -0.07683046
   -0.00857880
   -0.11584910
   -0.11251281
    0.22519152
    0.07675721
    0.08111999
    0.04681932
    0.01698824
    0.03637052
    0.04576925
    0.06301262
    0.03399055
    0.06431247
    0.01640122
   -0.19750752
    0.04148711
    0.26376523
   -0.50335759
   -0.10154452
    0.29694745
   -0.52236020
   -0.29132214
    0.22334992
    0.05181123
    0.06983674
    0.09692456
    0.22819816
    0.25941760
   -0.17030524
    0.01674734
    0.27106312
   -0.45230230
   -0.11127747
    0.28740374
   -0.48700576
   -0.29024422
    0.24665799
    0.07213517
    0.09750211
    0.09253058
    0.24056100
    0.23973931
   -0.17997296
    0.02369767
    0.17253400
   -0.39639773
   -0.02849051
   -0.07092409
   -0.11153944
   -0.10998961
    0.19831143
    0.05016876
    0.05638862
    0.03712198
    0.07152075
    0.03425448
    0.03105778
    0.03179957
    0.05402728
    0.05215554
    0.01553675
   -0.39566438
    0.04624972
    0.19230433
   -0.40740756
   -0.06100653
   -0.00819072
   -0.11501903
   -0.09620250
    0.18188869
    0.04772004
    0.04229004
    0.02302438
    0.01138422
    0.04421694
    0.05351212
    0.04688980
    0.03261762
    0.03274028
    0.00121673
   -0.39919551
    0.04183794
    0.17229076
   -0.46463698
   -0.06924895
   -0.00506306
   -0.11561815
   -0.10446504
    0.16774907
    0.04077991
    0.05747807
    0.02636833
    0.00208461
    0.03545013
    0.04877808
    0.06198026
    0.00977259
    0.05193087
    0.01729213
   -0.39074778
    0.04149090
    0.17037564
   -0.45227912
   -0.06409325
   -0.00802536
   -0.11317828
   -0.10695773
    0.16728261
    0.03946208
    0.04150013
    0.03318607
    0.03750077
    0.03794196
    0.04168423
    0.03015552
    0.03750801
    0.02834355
    0.03882786
   -0.39207316
    0.04166044
    0.18382555
   -0.43852060
   -0.07055184
   -0.00912789
   -0.10888453
   -0.10889568
    0.16150442
    0.04952320
    0.04352678
    0.03409179
    0.02766940
    0.04211013
    0.04445823
    0.03654740
    0.03919614
    0.03590118
    0.02096823
   -0.39872851
    0.04526692
    0.16940578
   -0.42790628
   -0.11976227
    0.17333102
    0.01856988
    0.03629863
    0.05518732
    0.06374301
   -0.38631036
    0.03828614
    0.27719178
   -0.48361739
   -0.05152971
   -0.08887222
    0.36934981
   -0.65172980
   -0.63527418
    0.15157861
    0.03199784
    0.02662336
    0.03214518
    0.01902077
    0.01858001
   -0.18114490
    0.00439890
    0.27471124
   -0.46798413
    0.05717161
   -0.47671311
    0.20678766
    0.10527748
    0.05998812
    0.03955055
    0.33450272
   -0.18176376
    0.01146880
    0.27743862
   -0.48906900
    0.10954387
   -0.49806359
   -0.15538929
    0.22553417
    0.09318215
    0.04790440
    0.34217116
    0.08442831
    0.08941074
    0.07830553
   -0.18686350
    0.02681240
    0.30597144
   -0.52703979
   -0.09568132
   -0.00383703
   -0.12002937
   -0.10363576
    0.25406010
    0.06286010
    0.10108081
    0.07583213
   -0.00102056
    0.02933293
    0.05270119
    0.07114953
    0.01986955
    0.06748461
    0.00236269
   -0.19914348
    0.04078379
    0.32615044
   -0.56089279
   -0.07534777
   -0.10393428
    0.36975965
   -0.67327861
   -0.66463435
    0.23633496
    0.03393691
    0.06912028
    0.08398161
    0.06229596
    0.03173065
   -0.20859922
    0.03892842
    0.28990833
   -0.54618758
    0.11154810
   -0.46326662
   -0.14233109
    0.24480077
    0.02877254
    0.03461909
    0.35413619
    0.11082637
    0.04490671
    0.05882277
   -0.19013233
    0.04364218
    0.28044289
   -0.54215877
   -0.07073020
   -0.01607347
   -0.10970373
   -0.12046629
    0.24797412
    0.05626403
    0.04037934
    0.04998323
    0.05340920
    0.07170693
    0.03263673
    0.04309683
    0.06840656
    0.04250520
    0.03420436
   -0.22114082
    0.06497023
    0.29560031
   -0.55344720
   -0.03592020
   -0.07726789
    0.37174967
   -0.60837207
   -0.64941960
    0.23829667
    0.03293461
    0.06089275
    0.01199286
    0.02875005
   -0.03192809
   -0.20183116
    0.06924174
    0.28551219
   -0.52172462
   -0.02425705
   -0.07720413
    0.37754511
   -0.62179292
   -0.62333989
    0.20387937
   -0.00162622
   -0.00528750
    0.03658317
    0.01676502
    0.00779390
   -0.19462821
    0.04003486
    0.25591690
   -0.48204819
   -0.04625521
    0.00197074
   -0.15008685
   -0.05569883
    0.21134064
    0.06450276
    0.07892179
    0.03468222
    0.01402503
    0.04061631
    0.10672770
    0.04292932
    0.02026507
   -0.20185841
    0.04393847
    0.28393268
   -0.49715504
   -0.06206653
    0.01452354
   -0.10656605
   -0.09821065
    0.18434029
    0.08369862
    0.07332506
    0.01432666
   -0.02267684
    0.05148804
    0.03404487
    0.06096514
    0.03812052
    0.05663383
    0.01153040
   -0.21604804
    0.07182569
    0.29525724
   -0.49887275
   -0.04972390
   -0.06876656
    0.37127135
   -0.60859744
   -0.62770590
    0.17699774
    0.01065274
    0.04900132
    0.03416251
    0.00547887
   -0.00089915
   -0.19753793
    0.02828012
    0.27680672
   -0.46896599
   -0.07700129
   -0.05680299
   -0.08340280
   -0.03347215
   -0.15225406
    0.18913560
    0.05674146
    0.06196343
    0.08238575
    0.02334853
    0.03575564
    0.09265296
    0.07172426
    0.07921894
    0.09582849
    0.29867343
    0.32273299
    0.29115098
   -0.18099321
    0.03277462
    0.29488867
   -0.48186088
   -0.07241273
   -0.01225363
   -0.12107410
   -0.11823055
    0.20965599
    0.08195522
    0.06933364
    0.02661987
    0.04829050
    0.07129802
    0.05415834
    0.04140453
    0.06843040
    0.02565990
    0.02074507
   -0.19670342
    0.04766336
    0.27518738
   -0.50921201
   -0.05100445
   -0.08088735
    0.36888832
   -0.61724014
   -0.67239815
    0.21937116
    0.07551951
    0.04166650
    0.05868133
    0.02914349
   -0.02161732
   -0.20224192
    0.05008998
    0.28521997
   -0.51636212
   -0.00681287
   -0.09486018
   -0.13489931
    0.20485592
    0.01563131
    0.03357757
    0.03444478
    0.00013233
    0.03654359
    0.04683601
    0.08220581
    0.05577673
   -0.18424637
    0.02867886
    0.20017150
   -0.41395790
   -0.01142996
   -0.12009224
   -0.12064318
    0.22309628
    0.07826553
    0.03847119
    0.06282068
    0.04320607
    0.05114318
    0.06124922
    0.06706967
    0.04578919
   -0.63667782
    0.09715268
    0.01017633
   -0.50839611
   -0.02695579
   -0.07818082
    0.36386046
   -0.63734756
   -0.65468129
    0.05786108
   -0.04692856
    0.00996259
    0.00989718
   -0.02276389
    0.00328956
   -0.61510519
    0.09387431
    0.00123888
   -0.48428458
   -0.04177822
   -0.03952269
   -0.06492248
   -0.00222080
   -0.14415728
    0.06302475
   -0.06098994
    0.03669713
   -0.01099877
   -0.01240368
    0.03956765
    0.07736587
    0.04679491
    0.08060775
    0.10202723
    0.26261267
    0.29496992
    0.25125009
   -0.39468821
    0.03238123
    0.27802446
   -0.51949792
   -0.10825954
    0.29481291
   -0.51908223
   -0.28652953
    0.18681876
    0.04856744
    0.10435317
    0.05822246
    0.20711990
    0.24533666
   -0.18468122
    0.04246443
    0.24901240
   -0.47672499
   -0.10067974
    0.29423648
   -0.52205356
   -0.29513582
    0.24302319
    0.04777276
    0.10760231
    0.05979216
    0.24521235
    0.25730498
   -0.19898284
    0.03628017
    0.18033970
   -0.47058871
   -0.00004425
   -0.04729109
   -0.07357078
   -0.10885230
    0.14993478
    0.06056206
    0.00504222
    0.02765072
    0.02323813
    0.02617351
   -0.00149092
    0.01485001
    0.05533973
    0.07033561
    0.02505926
    0.19953704
    0.05828525
    0.18008703
    0.04658108
    0.19251022
    0.02210611
    0.17606439
    0.04869906
    0.18530593
    0.05571974
    0.17571242
    0.05356498
    0.18551193
    0.02508920
    0.21214801
   -0.00270227
