$grad                                                                           
  cycle =      1    SCF energy =  -902.80826724490   |dE/dxyz| =  0.761739
   -2.61727043977665     87.21274228601585    173.09322777777714      n 
   -0.15684725379167     88.34657785559418    173.05354353284190      c 
    1.03934927211347     87.71351966257960    170.54776692407381      c 
    1.86138006005776     89.39915520935273    169.21551012981928      o 
    1.49099377399550     87.39604570309767    175.21539001883792      c 
    4.59581350869083     88.82656824671568    175.20405166314214      s 
   -2.79868413090918     85.62537248860619    174.17037156887659      h 
   -0.30991505568474     90.38370242893657    173.31810516574350      h 
    0.58014586643425     87.84957993092901    177.00685021877172      h 
    1.72343006575906     85.35703140380598    175.03964550555330      h 
    1.09037187274449     85.28333209178339    169.89014229371838      n 
    2.39617250370887     84.40083007346158    167.60168416911947      c 
    1.63839239804069     85.89182384745709    165.26031371794019      c 
    3.23899027709543     86.91794503792548    163.93372610153355      o 
    1.95964580942121     81.57568977926225    167.14248076344020      c 
    3.38071972329272     80.51555352170651    164.88614797997937      c 
    2.47932044547795     80.82924802928986    162.44840150538593      c 
    5.61815524726063     79.17384809770549    165.19984248756268      c 
    3.76622381694935     79.83903163185812    160.38482076875337      c 
    6.92206615227570     78.17229334457795    163.13815147687941      c 
    5.98287235547499     78.51244401545145    160.73442006937336      c 
    7.26410654909850     77.53923515156339    158.67272905869009      o 
    0.24944382530723     83.86981708170907    170.89547649874450      h 
    4.40684091376111     84.68995814370408    167.93994511404367      h 
    2.57191701699351     80.53445078119948    168.81110877666967      h 
   -0.05102260063102     81.26388499762821    166.81744790016108      h 
    0.74455202402310     81.86292812355543    162.14604535349838      h 
    6.36270727128373     78.90172756100669    167.08011980711342      h 
    3.02923069672344     80.10926244260762    158.50076399730406      h 
    8.65683457373055     77.13672352436309    163.42538982117259      h 
    8.79100511613065     76.65673313324159    159.23586739158065      h 
   -0.80124380250202     85.99764850061774    164.73874935593417      n 
   -1.67807664297593     87.46974501512027    162.59768985538042      c 
   -0.73132394237802     90.15882504097021    162.84902340663695      c 
    0.16251643163956     91.29077088459924    161.03110704341302      o 
   -4.54857035995840     87.47919364486675    162.52588026930712      c 
   -5.65217031434798     84.83924649369855    162.62981519651848      c 
   -4.19141215554123     82.97975615959008    162.50320355791555      o 
   -7.98976131362863     84.62570746142795    162.83579532499186      o 
   -2.19019237523547     85.10758757849875    165.73652465716307      h 
   -0.98643694553315     86.63259641958160    160.84780362633120      h 
   -5.25910731689415     88.53366072457460    164.14537540785483      h 
   -5.17595937512508     88.36736484103645    160.77599404025790      h 
   -0.96564996009088     91.16604897194563    165.13181235338800      n 
   -0.11338355695783     93.70017146995320    165.72518630146729      c 
    2.61538071382735     94.20283857246626    165.00709044073437      c 
    3.25599781063910     96.26641930909881    164.14537540785483      o 
   -1.75366568094782     90.25709079033366    166.63792393497786      h 
   -1.29446227526859     95.05699470154859    164.72174182239050      h 
   -0.30613560378615     94.01386597753653    167.75097251911393      h 
    4.23676557832436     92.31878180101693    165.36046919325295      n 
    6.88616135923906     92.57956398201995    164.65749114011439      c 
    7.26599627504780     92.27909755608169    161.79077687503050      c 
    8.48297978639521     93.86268790159276    160.57190363773381      o 
    8.49620786804029     90.69172775867202    166.10313149132674      c 
    3.78134162454373     90.60669009095365    166.12013902487041      h 
    7.51732982630433     94.46928993131716    165.18094522806970      h 
   10.46530230720799     90.92416405043559    165.54566233628407      h 
    8.29211746551619     91.04321678524130    168.12324853112548      h 
    7.85937022312712     88.78499427583112    165.65337671539402      h 
    6.18696275799909     90.27031887197874    160.72119198772828      n 
    6.51766479912610     89.69017300554451    158.03589141377694      c 
    6.43829630925562     91.98996948583921    156.27844628093052      c 
    4.64683610932186     93.49419134147981    156.29545381447420      o 
    4.71108679159796     87.60958473536826    157.21197089988334      c 
    6.25499289217379     84.58224376459412    157.51243732582162      s 
    5.07391417386303     89.00798193784820    161.66038578452898      h 
    8.43195718576418     88.96262851506506    157.81668320365847      h 
    3.03489987457133     87.62659226891193    158.41005715173779      h 
    4.17251489604825     87.89304362776285    155.24476618666495      h 
    4.80746281501212     83.07046300515636    158.80123042324232      h 
    8.44707499335856     92.23374413329856    154.78367305503642      n 
    8.89682976929130     94.48629746486084    153.25299503610569      c 
    6.56868739975712     95.39714537242209    151.88483344881448      c 
    4.92651554981784     93.93260776171675    151.14406087668999      o 
   10.90371872744494     94.06866803006616    151.14784032858856      c 
   12.06212073436413     96.57633436478356    150.33903762228937      c 
   12.92572549319296     92.31689207506763    151.99821700577232      c 
    9.81334685470045     90.88825925739893    154.58903128225882      h 
    9.50154207306641     95.87524603759429    154.64761278668703      h 
    9.95507630089774     93.21829135288240    149.52834519004085      h 
   13.45862821089478     96.22673506416358    148.86505138183753      h 
   10.57112696036863     97.80087677992815    149.61716230965786      h 
   12.96540973812820     97.45505693120676    151.96798139058359      h 
   14.29010762858555     92.07689687950689    150.47320816468945      h 
   13.85547066024719     93.11813587756966    153.65172721140738      h 
   12.08101799385711     90.50086543779300    152.47820739689382      h 
   -0.79746435060343    109.13356329786356    159.40972217891601      n 
   -1.99555060245786    107.54241404855530    161.25409470543008      c 
   -4.64494638337256    108.53263044598705    161.66227551047831      c 
   -6.46853192444437    107.14368187325360    161.36747826238792      o 
   -0.47621093922290    107.58965719728774    163.68806172812492      c 
    2.65695468471189    106.17425246126413    163.37247749459229      s 
    0.91273763351056    109.83843107695142    159.95207352636430      h 
   -2.07113964042975    105.57898878723549    160.63426459406062      h 
   -0.23054656581426    109.54741328075966    164.28143567620424      h 
   -1.50233212969129    106.54085929542778    165.13370207933730      h 
   -9.52421878445797    106.38590176758541    157.04378529039590      n 
   -9.87759753697655    103.66469640059742    157.29133938975383      c 
  -11.33079679198611    102.94660053986446    159.69885024915848      c 
  -13.04666795394798    101.38001772789708    159.64026874473026      o 
   -7.31890860162812    102.34755741393725    157.26299350051437      c 
   -5.57658127637609    103.21494162466468    155.16161824489589      c 
   -2.78545604926410    102.63857521012903    155.75688191892451      c 
   -2.30168620624401     99.93248765073541    156.18962916131355      n 
   -0.04346369683384     98.92148426786140    156.68473736002943      c 
    2.00688895815364    100.36712461907378    156.81701817648022      n 
    0.16818560948745     96.44972272618065    157.04000583849731      n 
   -7.67039762819740    106.89612777389566    156.90961474799579      h 
  -10.99064612111261    103.02218957783637    155.68129288095258      h 
   -6.37026617508092    102.71416424810091    159.05445370044814      h 
   -7.62315447946497    100.32366092223994    157.02866748280152      h 
   -6.07735865293985    102.23984303482732    153.41740119369453      h 
   -5.77500250105229    105.25017647205777    154.91217441958864      h 
   -1.62327459044631    103.24517723985343    154.16762239556553      h 
   -2.23932524991720    103.66091694869881    157.45952499924127      h 
   -3.80968751378319     98.73629112483027    156.10459149359517      h 
    1.86515951195635    102.27007865001607    156.53922846193353      h 
    3.72276012011552     99.57343972036894    157.19685309228899      h 
   -1.39272802463205     95.32344606039950    156.93418118533668      h 
    1.89161567524651     95.67493508696879    157.41795102835675      h 
  -10.66561325783349    104.09366419108790    161.81723303832067      n 
  -11.95251662930490    103.49462106516067    164.17561102304359      c 
  -14.69261925578586    104.38279226133037    164.21340554202953      c 
  -16.24408426015887    103.40391421959440    165.65148698944472      o 
  -10.51443518188971    104.58877238980375    166.41115682106221      c 
   -9.27477495915074    105.41836208154523    161.96841111426443      h 
  -11.97141388879787    101.44615813612248    164.39292950721276      h 
  -11.51410020906794    104.11445117653015    168.14781496846635      h 
   -8.61904005474461    103.78185940945384    166.44895134004815      h 
  -10.40294135088118    106.63534559289265    166.19950751474090      h 
  -13.94050832796557     96.23240424201147    176.16781189728374      n 
  -13.29233232735662     98.66637126470629    175.06043249099557      c 
  -10.75443037745046     99.64524930644222    176.01663382133995      c 
   -8.95730099966881     99.93437737668472    174.55587566253320      o 
  -15.39937676082302    100.62601707412750    175.51396671882691      c 
  -17.81255679807557     99.78130957479163    174.14391540558643      c 
  -14.56789734313224    103.21494162466468    174.60122908531633      c 
  -20.08022793723222    101.41025334308584    174.67114894544034      c 
  -15.69795346081198     96.17193301163395    176.95771734408996      h 
  -13.10713918432550     98.36401511281872    173.03086682145033      h 
  -15.78299112853036    100.75073898678110    177.53408375862563      h 
  -17.46862667530347     99.82855272352407    172.11434973604119      h 
  -18.26987047780549     97.86323773625496    174.73728935366574      h 
  -16.08534728041791    104.56609567841220    174.94137975618983      h 
  -12.87848234446053    103.77996968350455    175.63679890553121      h 
  -14.15593708618545    103.11478614935193    172.58489149741621      h 
  -21.69405389793205    100.67137049691063    173.62613049547898      h 
  -20.47707038658464    101.37434855004919    176.69126598523906      h 
  -19.67582658408262    103.33777381136899    174.06832636761453      h 
  -10.62781873884755    100.12523969756373    178.47705700732493      n 
   -8.27510993197251    100.84900473614456    179.72616585981038      c 
   -6.12838125357087     99.11801576658831    178.97594465793938      c 
   -4.31613406819484     99.91925956909033    177.76652005038918      o 
   -8.59825306930234    100.61467871843172    182.56264450970551      c 
  -11.15316255275217    101.41592252093373    183.45081570587521      c 
  -11.17961871604233    101.34222320891114    186.28162517792242      c 
  -13.41894396595954    102.71416424810091    187.33231280573170      c 
  -13.16383096280441    102.85589369429822    190.13099693664086      n 
  -12.13582004638672    100.02886367414958    179.67325353323005      h 
   -7.82157570414118    102.78408410822492    179.18570423831139      h 
   -8.32424280665424     98.64747400521330    183.10688558310312      h 
   -7.19985586682240    101.80520606648895    183.49616912865835      h 
  -11.55000500210459    103.33777381136899    182.82153696475925      h 
  -12.58935427421806    100.12712942351303    182.72894039324368      h 
  -11.26654610971001     99.38257739948993    186.91279364498769      h 
   -9.47319618382695    102.23984303482732    187.00350049055396      h 
  -13.49642272988072    104.62467718284040    186.56697379626632      h 
  -15.14993293551579    101.69749168737901    186.86555049625528      h 
  -14.70584733743094    103.80264639489612    190.90011539800483      h 
  -13.08446247293393    101.04553623487146    190.89066676825834      h 
  -11.51976938691583    103.82154365438909    190.60720787586376      h 
   -6.34192028584146     96.75963778186539    179.80175489778230      n 
   -4.63171830172748     94.76408717940753    179.06665150350565      c 
   -3.59047930366471     95.24218784457972    176.46827832322197      c 
   -1.32280816450805     95.71083988000544    176.13757628209498      o 
   -6.01877714851164     92.30366399342255    179.05720287375917      c 
   -7.71953050287913     96.16815355973536    181.01306923128178      h 
   -3.06702521570938     94.68093923763846    180.40268774965881      h 
   -4.72053542134445     90.80322158968056    178.50162344466580      h 
   -6.74632163899106     91.93705715925890    180.94881854900569      h 
   -7.57591133073254     92.41704755038039    177.71549744975817      h 
   -5.27989430233642     95.07211250914298    174.61634689291074      n 
   -4.59770323464013     95.42360153571227    171.98206891959040      c 
   -2.92718549546139     97.76119253499290    171.67215386390566      c 
   -0.80313352845132     97.64402952613648    170.71406280761195      o 
   -6.98253738265322     95.69194262051245    170.36257378104267      c 
   -6.42695795355983     96.06799808442261    167.59601499127157      c 
   -6.39861206432038     94.01953515538442    165.96140204512946      c 
   -5.86192989471997     98.47172949192867    166.63792393497786      c 
   -5.84492236117629     94.35968582625792    163.42916927307121      c 
   -5.30824019157588     98.83077742229514    164.11702951861537      c 
   -5.30068128777869     96.78042476730765    162.50509328386485      c 
   -7.14883326619137     94.69038786738493    174.88657770366024      h 
   -3.56213341442525     93.76253242628000    171.33956209682933      h 
   -8.11448322628225     93.98174063639847    170.55343610192170      h 
   -8.05401199590474     97.32277611475595    171.02019841139810      h 
   -6.81057232126717     92.15059619152949    166.66815955016662      h 
   -5.86004016877067    100.07610682288200    167.90026086910842      h 
   -5.83169427953121     92.75908794720317    162.16305288704206      h 
   -4.88494157893331    100.69782666020079    163.41027201357821      h 
   -4.87360322323752     97.04309667425997    160.52655021495067      h 
   -3.91929161884243     99.89091367985087    172.51875108919083      n 
   -2.65695468471189    102.29842453925554    172.21450521135395      c 
    0.02267671139157    102.29653481330624    173.21605996448150      c 
    1.80846773347744    102.56109644620786    171.77608879111702      o 
   -4.16117654035247    104.31854157905425    173.59778460623951      c 
   -6.69529903836004    104.35633609804020    172.62457574235145      o 
   -2.92907522141069    106.89423804794636    173.28597982460548      c 
   -5.61248606941273    100.00996641465660    173.43337844865067      h 
   -2.54546085370335    102.70660534430372    170.19816762345383      h 
   -4.21597859288209    103.90469159615817    175.61412219413964      h 
   -7.66661817629881    102.94660053986446    173.32944352143929      h 
   -4.02322654605377    108.32476059156436    174.28564485178370      h 
   -1.01856228667120    106.85833325490971    174.05320856002015      h 
   -2.83836837584442    107.39501542451013    171.29042922214762      h 
    0.24755409935794    102.04520126204970    175.70104958780732      n 
    2.64939578091470    102.07543687723846    177.00873994472099      c 
    4.61282104223451    100.75451843867971    175.44404685870288      c 
    6.47420110229226    101.88457455635944    174.62957497455579      o 
    2.36404716257082    100.69782666020079    179.50884737564121      c 
    4.81691144475861    100.08555545262850    180.82031718445350      c 
    4.42006899540619     99.78130957479163    183.61711158941335      c 
    2.24877387966369    100.13846777920881    184.44670128115484      o 
    6.23798535863011     99.21061233810387    184.98905262860313      o 
   -1.25099857843476    101.81087524433684    176.89157693586458      h 
    3.22765192139965    104.01996487906530    177.36589814913816      h 
    1.25855748223195    101.87890537851155    180.78252266546752      h 
    1.38327939488556     98.91959454191210    179.16680697881841      h 
    5.57469155042679     98.32244114193419    180.07198570853180      h 
    6.16050659470893    101.61623347155924    180.51229185471803      h 
    4.15739708845388     98.34511785332576    174.99807153466875      n 
    5.91484222130029     96.85790353122884    173.55432090940567      c 
    6.53845178456837     98.01819526409733    170.98996279620934      c 
    8.72108525600666     98.10701238371429    170.23596214243975      o 
    4.85470596374455     94.23118446170571    173.18582434929272      c 
    4.47109159603721     92.57767425607065    176.06009751817379      s 
    2.60215263218227     97.38513707108277    175.60845301629175      h 
    7.67228735414670     96.76152750781469    174.62390579670790      h 
    3.01033343723047     94.37480363385231    172.28064561957936      h 
    6.14160933521595     93.15026121870770    171.99529700123549      h 
    4.63171830172748     98.87613084507826    169.61613203107029      n 
    5.14194430803773    100.06665819313552    167.20484171976702      c 
    7.03167025733494    102.21716632343575    167.51286704950249      c 
    9.15194277244642    102.11701084812299    166.55855544510737      o 
    2.71742591508940    101.05687459056725    166.02754245335487      c 
    3.24654918089262    102.42125672595985    162.99642203068214      s 
    2.77222796761902     98.77597536976552    170.11124022978615      h 
    5.94885728838764     98.66259181280769    165.93116642994070      h 
    1.38705884678416     99.49974040834636    165.81022396918567      h 
    1.91240266068878    102.50440466772893    167.25397459444878      h 
    6.25310316622449    104.16169432526259    168.87913891084438      n 
    7.84992159338064    106.35566615239665    169.24952519690663      c 
   10.49364819644744    105.62434221001863    170.06966625890161      c 
   12.33424127106293    106.45960107960799    168.93583068932330      o 
    6.73876273519387    108.15090580422901    171.16570730949400      c 
    8.56801745411358    110.25983996364471    171.66648468605777      c 
    4.27267037136101    109.18836535039318    170.16793200826507      c 
    4.53723200426262    104.27318815627112    169.74841284752108      h 
    7.95385652059198    107.29108049729878    167.41649102608832      h 
    6.37593535292881    107.16446885869587    172.93827024993479      h 
    7.74787639211859    111.54485360916681    173.05165380689263      h 
   10.32357286101069    109.46615506493987    172.39780862843577      h 
    8.93084483637865    111.26517416867082    169.90526010131273      h 
    3.47709574670688    110.48282762566178    171.55877030694782      h 
    4.63171830172748    110.18803037757141    168.40292797162147      h 
    2.97253891824452    107.62556199032439    169.83911969308735      h 
   10.69395914707295    104.05397994615265    172.01608398667776      n 
   13.17327959255090    103.21683135061397    172.86835038981079      c 
   14.71529596717743    102.12645947786947    170.68949637027112      c 
   16.68061095444653    103.13179368289561    169.97706968738603      o 
   12.97296864192539    101.24206773359839    174.94326948213913      c 
   15.54866511081750    100.20838763933280    175.51207699287758      c 
   11.78433101981744    102.38535193292320    177.28275020736908      c 
    9.21052427687463    103.34344298921688    173.01952846575458      h 
   14.12192201909810    104.88923881574202    173.60723323598600      h 
   11.76921321222306     99.69060272922536    174.32343937076965      h 
   15.38992813107653     98.79487262925849    177.00118104092383      h 
   16.31778357218147     99.34856233240258    173.80565446066223      h 
   16.76753834811420    101.74851428801004    176.13190710424709      h 
   11.65771938121453    100.93971158171082    178.74539809212513      h 
   12.95785083433102    103.94626556704270    177.93659538582591      h 
    9.90027424836812    103.07321217846739    176.81031872004476      h 
   13.80066860771757    100.06476846718621    169.62558066081678      n 
   15.03654937855795     98.88935892672335    167.47696225646584      c 
   15.97007399751078    100.81309994310791    165.55133151413196      c 
   18.19806089173220    100.87168144753613    164.91449386921880      o 
   13.24697890457349     97.06577338565154    166.22974312992969      c 
   12.20196045461213     99.15581028557425    170.20572652725102      h 
   16.67494177659864     97.85756855840707    168.17994030960440      h 
   14.19184187922210     96.19460972302552    164.61969662112844      h 
   12.70462755712519     95.62013303443916    167.59223553937298      h 
   11.57835089134405     98.09189457611993    165.59290548501650      h 
   14.24664393175172    102.35511631773444    164.59324045783828      n 
   14.91182746590434    104.20704774804571    162.67705834525088      c 
   17.27776435442445    105.60355522457637    163.44050762876699      c 
   19.12213688093853    105.70937987773701    162.03833097438843      o 
   12.75942960965481    106.08165588974856    162.31990014083374      c 
   10.59569339770949    104.82309840751661    161.36936798833722      o 
   12.38715359764326    102.37023412532882    165.09968701224994      h 
   15.23119115133557    103.23572861010696    160.88937759721571      h 
   12.30022620397558    106.93959147072950    164.13592677810834      h 
   13.34146520203835    107.53485514475813    160.98008444278199      h 
    9.82468521039623    103.79508749109893    162.70351450854108      h 
   17.19272668670608    106.65235312643632    165.70628904197434      n 
   19.27520468283161    108.10744210739517    166.75697666978360      c 
   21.71295115742502    106.64668394858843    166.87791913053863      c 
   23.75007573076742    107.68225376880329    166.54154791156370      o 
   18.55521909614937    108.96159823647751    169.37802656145882      c 
   16.12314179940385    110.41479749148708    169.29865807158833      c 
   16.09857536206299    112.48404740596753    171.22995799177011      c 
   16.64848561330848    112.03051317813619    173.44093735244786      o 
   15.48441442854140    114.78951306411012    170.42115528547092      n 
   15.67905620131901    106.53141066568129    166.89303693813301      h 
   19.60401699800933    109.72882697189219    165.53054452868969      h 
   18.30388554489284    107.31942638653823    170.59501007280625      h 
   20.03109506255050    110.18236119972352    170.13769639307631      h 
   15.89448495953889    111.26139471677223    167.43538828558127      h 
   14.55277953553787    109.14112220166075    169.69172106904216      h 
   15.05922608994952    115.07675140840331    168.56355467731174      h 
   15.43906100575826    116.26538903051126    171.66081550820988      h 
   21.49941212515444    104.22216555564010    167.38058623305167      n 
   23.68393532254202    102.59700123924449    167.22562870520932      c 
   24.46250241365247    102.21905604938505    164.49686443442411      c 
   26.67348177433021    101.89591291205522    163.93750555343215      o 
   23.12457644155004    100.07421709693271    168.47095810579617      c 
   22.41781893651288    100.37090407097236    171.24885525126308      c 
   22.47640044094110     97.82355349131971    172.52630999298799      c 
   24.21872776619313    102.23795330887802    172.52819971893729      c 
   19.86668890496164    103.33588408541971    167.89270196531120      h 
   25.25618731235730    103.45493682022543    168.24419099188052      h 
   21.54854499983616     99.17470754506724    167.49585951595881      h 
   24.79887363262737     98.87802057102756    168.35568482288903      h 
   20.50919572772269    101.12490472474195    171.42648949049703      h 
   21.96995388652944     98.05598978308328    174.50863251380079      h 
   21.12524638719358     96.57633436478356    171.59656482593377      h 
   24.37557501998480     97.04120694831067    172.37513191704420      h 
   23.68960450038991    102.43070535570634    174.50863251380079      h 
   26.14435850852700    101.51985744814507    172.38269082084142      h 
   24.07510859404654    104.06153884994983    171.58333674428869      h 
   22.65970385802293    102.30031426520482    162.77910354651294      n 
   23.37779971875587    102.40613891836547    160.15238447698982      c 
   25.04642773198531    104.70971485055877    159.58546669220064      c 
   26.55253931357519    104.67947923537002    157.80534484796269      o 
   21.06666488276537    102.27385810191467    158.47997701186179      c 
   20.38636354101838     99.57154999441966    157.97164073150083      c 
   18.32467253033511     99.38068767354063    156.04789971511627      c 
   15.89448495953889     99.22195069379966    157.30456747139891      n 
   15.06300554184812     97.14892132742061    158.44407221882514      c 
   16.48218972977032     95.07778168699087    158.46296947831812      n 
   12.81801111408302     97.14892132742061    159.56278998080907      n 
   20.76430873087781    102.29464508735693    163.13437202498082      h 
   24.49840720668912    100.74695953488252    159.66861463396972      h 
   19.47929508535571    103.19037518732382    159.41917080866250      h 
   21.45594842832060    103.20738272086750    156.68473736002943      h 
   22.03798402070414     98.57188496724142    157.25543459671718      h 
   19.73251836256154     98.69093770204715    159.71396805675286      h 
   18.33979033792949    101.05120541271936    154.84414428541393      h 
   18.59301361513532     97.68749322297033    154.90650524174075      h 
   14.76631856780845    100.78475405386845    157.31212637519610      h 
   18.20750952147868     95.08345086483877    157.60314417138790      h 
   15.84724181080646     93.48285298578402    159.33791259284271      h 
   11.73330841918642     98.74196030267817    159.54578244726540      h 
   12.17739401727126     95.55588235216307    160.43962282128300      h 
   24.85367568515699    106.67314011187858    161.13882142252297      n 
   26.69426875977248    108.72538249281536    161.00465088012288      c 
   29.29831111790405    107.94492567575561    162.08557412312089      c 
   30.98016721277857    107.07943119097749    160.69284609848881      o 
   25.68326537689847    111.04785568450164    162.34257685222531      c 
   29.73105836029311    108.17736196751916    164.35891444012540      o 
   23.48173464596722    106.89423804794636    162.47485766867609      h 
   26.99473518571074    109.20348315798755    159.02421808525938      h 
   27.08355230532771    112.55396726609152    162.21974466552098      h 
   23.93337914784925    111.63933990663166    161.42983921871473      h 
   25.32421744653200    110.58109337502523    164.31545074329159      h 
    7.95007706869339     85.95985398163180    183.31475543752580      n 
    8.57179690601217     88.01209636256857    181.58754591986815      c 
   11.37426048881995     88.15760526066447    181.00740005343388      c 
   12.20762963246002     87.75509363346416    178.87578918262665      o 
    7.82157570414118     90.49519625994510    182.80074997931695      c 
    5.44430045992528     90.33079010235626    184.33709717609560      c 
    4.65250528716975     92.92160437884273    185.13456152669900      c 
    1.93885882397894     92.95939889782869    185.94336423299825      c 
    1.16407118476709     95.59745632304760    186.48571558044654      n 
    6.72742437949809     86.48141834363783    184.71126291405645      h 
    7.56268324908746     87.68139432144156    179.82254188322455      h 
    9.33902564142685     91.10935719346671    184.04985883180242      h 
    7.51921955225363     91.89359346242506    181.31920483506795      h 
    3.94007860428470     89.49364150681758    183.20704105841585      h 
    5.77878195295089     89.19128535493003    186.01895327097012      h 
    5.81279702003824     93.53387558641504    186.72193132410868      h 
    4.87738267513612     94.22362555790852    183.55475063308654      h 
    0.75022120187100     92.21295714785627    184.43536292545906      h 
    1.70264308031679     91.83123250609825    187.65167649116293      h 
   -0.62927874111597     95.62013303443916    187.29073883484716      h 
    2.43396702269482     96.42704601478908    187.73482443293199      h 
    1.13005611767974     96.64247477300896    184.82275674506499      h 
   12.80478303243794     88.84735523215794    182.94814860336214      n 
   15.55622401461469     88.90971618848475    182.84988285399871      c 
   16.48030000382103     86.87448134109165    181.10188635089875      c 
   17.57256160251482     87.39604570309767    179.13279191173109      o 
   16.61824999811973     88.47507922014640    185.45014576023166      c 
   12.09802552740078     89.38781685365694    184.65835058747612      h 
   16.19873083737574     90.74464008525236    182.16769178630238      h 
   18.67427183095510     88.52610182077741    185.35188001086820      h 
   15.93794865637272     89.95662436439541    186.70870324246363      h 
   15.99464043485164     86.63448614553090    186.13044710197866      h 
   13.80444805961617     83.00243287098165    177.19204336180283      n 
   12.84068782547459     83.27455340768044    174.65225168594736      c 
   14.22396722036015     85.29089099558058    173.09889695562504      c 
   15.46173771714983     84.68239923990687    171.24129634746589      o 
   10.07412903570346     83.94351639373166    174.77886332455029      c 
    8.75699004904330     81.98576031025975    176.08844340741325      o 
    9.00076469650264     84.23264446397414    172.15970315882433      c 
   12.43250702042639     83.09880889439580    178.54319741555031      h 
   13.11847754002128     81.46797540015230    173.70171953345087      h 
    9.82468521039623     85.73119714176683    175.77285917388062      h 
    8.94596264397302     82.20874797227683    177.91769812633297      h 
    7.00143464214619     84.71452458104493    172.26741753793428      h 
    9.99665027178228     85.72741768986825    171.15247922784891      h 
    9.20863455092534     82.46953015327983    171.11468470886297      h 
   14.03499462543043     87.68139432144156    173.88691267648198      n 
   14.99875485957201     89.82434354794461    172.40347780628366      c 
   17.65759927023319     89.36514014226537    171.40381277910546      c 
   18.21317869932657     89.92260929730806    169.24574574500804      o 
   14.96096034058606     92.29232563772676    173.92092774356934      c 
   12.39660222738974     93.13892286301191    174.89035715555880      c 
   12.60447208181244     94.86424265472029    177.20149199154932      c 
   14.63025829945905     94.87747073636537    178.41469605099812      o 
   10.74687147365327     96.20216862682271    177.82510155481739      o 
   13.22052274128333     88.20862786129548    175.55176123781283      h 
   13.71941039189779     90.03977230616448    170.80476965317823      h 
   16.18361302978136     92.05610989406462    175.56120986755934      h 
   15.68283565321760     93.79843721931665    172.71528258791773      h 
   11.42339336350167     94.17827213512540    173.40125310751262      h 
   11.29867145084806     91.48163320547826    175.42703932515920      h 
   19.31110947586826     88.36358538913785    172.97228531702214      n 
   21.86979841121669     87.82690321953744    172.15592370692573      c 
   22.03798402070414     85.64615947404846    170.29076419496940      c 
   23.33622574787133     85.80489645378942    168.39158961592568      o 
   23.48551409786581     87.22597036766093    174.44816128342325      c 
   23.68204559659272     89.81867437009672    176.54953653904178      s 
   18.94639236765390     87.90249225750932    174.80720921378975      h 
   22.57088673840596     89.51064904036126    171.19783265063205      h 
   22.65781413207363     85.63482111835268    175.46105439224655      h 
   25.39224758070670     86.75164915438732    173.82833117205379      h 
   24.28150713467922     89.48361463056821    178.71071983308579      h 
   17.76720337529243     83.22542053299871    166.18438970714655      n 
   16.85824519368047     84.01721570575425    163.72963569900944      c 
   18.68561018665088     85.80867590568802    162.40871726045069      c 
   19.39992659548523     85.38348756709614    160.23931187065750      o 
   14.26932064314328     85.21152250571009    163.93561582748285      c 
   13.48130492228634     86.24898205187426    161.42605976681614      c 
   12.41738921283201     83.24998697033959    164.80677949010888      c 
   16.47463082597314     83.38604723868897    167.60546362101803      h 
   16.72785410317896     82.31079317353887    162.58257204778604      h 
   14.31089461402782     86.76109778413381    165.29243905907825      h 
   11.61425568438069     87.10124845500731    161.60936318389795      h 
   14.84757678362823     87.67194569169507    160.82890636683823      h 
   13.42272341785813     84.71263485509563    160.05411872762636      h 
   10.55033997492636     84.10981227726982    164.95606784010334      h 
   12.37581524194747     81.71175004761166    163.43672817686837      h 
   13.01076316091134     82.53567056150524    166.64548283877505      h 
   19.46795672965992     87.79477787839940    163.71073843951649      n 
   21.25752720364439     89.54466410744861    162.58068232183675      c 
   23.58944902507716     88.16894361636024    161.59235565035428      c 
   24.08455722379303     88.17083334230954    159.33035368904552      o 
   22.09656552513236     91.57045032509524    164.42505484835084      c 
   24.17904352125789     93.11624615162035    163.24019667814147      c 
   19.88369643850531     93.22207080478100    165.14693016098235      c 
   18.91426702651584     88.23508402458565    165.50408836539955      h 
   20.26164162836476     90.42905585171971    161.01032005797077      h 
   22.81844083776389     90.70117638841852    166.14659518816060      h 
   24.77619692123581     94.56944540662991    164.57245347239601      h 
   25.76263386676895     91.87658592888138    162.79422135410735      h 
   23.46661683837284     93.99307899209425    161.51865633833171      h 
   20.52620326126637     94.66393170409478    166.47162805143972      h 
   19.12969578473572     94.11402145284927    163.44995625851345      h 
   18.43427663539435     92.05422016811532    166.02943217930417      h 
  -13.89214697283100    115.46038964693987    174.56155752781214      n 
  -12.02609973962222    113.97818725865129    173.22552128165901      c 
   -9.55163511410147    115.40682007631999    173.07434320571522      c 
   -7.65312465410929    114.58270613877097    174.10235412213294      o 
  -12.87190691073913    113.37202861192486    170.55155906340346      c 
  -14.52393015414155    111.00643482904009    170.57045632289643      c 
  -10.58088233383271    112.99055749504430    168.84135707928948      c 
  -14.90638866379103    109.83205877705328    167.97019341666345      c 
  -15.58986674484085    115.61924995170806    173.66204797594668      h 
  -11.78813220658802    112.22808942886171    174.28565753921475      h 
  -13.97426760193739    114.95256102217999    169.82212484697473      h 
  -13.63630166288703    109.58995964471339    171.77421175259875      h 
  -16.37902170758434    111.50212173724171    171.31500834691951      h 
  -11.23221132650334    112.55777876887606    166.93462359644857      h 
   -9.46044366059872    114.71974857989930    168.82623927169510      h 
   -9.45259000698556    111.42936085670047    169.57079129571818      h 
  -16.09905725843170    108.16372290355032    168.15727628564389      h 
  -15.81377326229022    111.21094295680808    166.73809209772168      h 
  -13.07199808056756    109.30041741476192    167.19729550340088      h 
   -6.25126710244503    116.48964896205102    178.83422789917316      n 
   -4.79456948905930    114.45034452746515    179.94916620925852      c 
   -2.23206283675153    114.21470332209665    178.74352105360688      c 
   -0.35296572796798    113.85507181166477    180.04365250672336      o 
   -6.08308340365948    111.88221218254920    179.59767718268921      c 
   -8.65412043593861    111.82271338379130    180.92993397694377      c 
   -4.33865083658357    109.76027589790991    180.51608399404768      c 
   -9.65646810938172    109.15576901906179    181.35890176743422      c 
   -7.58619097578002    115.92186258835083    177.56433206124544      h 
   -4.65256999535468    114.93382840638316    181.94660653766567      h 
   -6.43969759811675    111.58903817843571    177.59078822453557      h 
   -8.47253245387000    112.73273618787020    182.76863732560997      h 
  -10.02631691089674    112.83504526082622    179.77531142192316      h 
   -5.28669080640389    107.95168970998490    180.25152236114607      h 
   -2.59308711394741    109.80578578414350    179.42193266940461      h 
   -3.92342365391892    110.05019497776605    182.51352432245483      h 
  -11.48102964741909    109.26976407451825    182.30943391993074      h 
   -9.87122561748024    108.22004957752721    179.53720595231172      h 
   -8.31649629747885    108.11610395390007    182.52864213004921      h 
   -2.18892502372456    114.37053300419599    176.23963417078809      n 
    0.05633066564501    113.79243593743995    174.76564793033626      c 
    2.02347658249714    115.87300342025280    174.97162805880964      c 
    4.29229931478915    115.42416237311483    174.66738218097279      o 
   -0.66243609561000    113.39709436248262    172.06711927473981      c 
   -3.69795816490678    114.89799762691996    175.16249037968865      h 
    0.89898614955601    112.05323438539290    175.47807461322131      h 
    1.03134193521468    112.96538191342539    170.97863712794464      h 
   -1.99055441535791    111.82730402682081    171.94995626588340      h 
   -1.54109569447485    115.11550892908740    171.34902341400687      h 
    7.05681156537225    115.25059746520476    179.96428401685287      n 
    9.33677531457040    113.82625828025944    179.34067445358480      c 
   11.29943321978726    115.17760610726170    177.67582589225395      c 
   13.44650073909072    114.33115951959084    177.47929439352706      o 
    8.61487017299270    111.24049098689541    178.24652312894173      c 
    7.06373757783923    109.74705765096557    180.09845455925299      c 
    8.22775779650849    108.47924696707490    182.08833598386298      c 
    4.44189963642807    109.67350340659007    179.92648949786695      c 
    6.84819167021652    107.14596547005819    183.84956056860796      c 
    3.03041168322312    108.35015871279126    181.67826545286545      c 
    4.24901226292301    107.08985727164468    183.65302906988106      c 
    2.88442826813836    105.76086157727187    185.44070981791623      o 
    5.64777648060690    115.11353162681255    178.65659365993923      h 
   10.35009101921727    113.50355626543742    181.10378876427913      h 
    7.50663452904231    111.50839094899884    176.53254169292913      h 
   10.32553467263503    110.17481801183219    177.81944506440055      h 
   10.26014309363936    108.54197277165690    182.25652159335041      h 
    3.50133707578440    110.66009872646457    178.40903956058128      h 
    7.79064395680948    106.15609704903042    185.36512077994433      h 
    0.99613666014295    108.29070600955151    181.52330792502309      h 
    1.07295913528106    105.88241553633654    185.07410298375257      h 
   10.60586613699160    117.28218853678635    176.50986498153756      n 
   12.34983192361667    118.58146470787501    174.81100135311939      c 
   14.22881248865456    120.35364592764248    176.15081705117109      c 
   13.45757773945162    122.00315820581558    177.59267795048490      o 
   10.83868605994143    120.00453932128529    172.81923020256014      c 
    8.96729588247991    118.31747691387949    171.43217135577595      c 
    7.82377311942694    119.66694797183841    169.14371323117703      c 
    6.18673557287779    117.88388995626910    167.55634343376735      c 
    4.43737648174829    119.26980720713510    165.80456747876886      n 
    8.88236727764908    118.12442690129959    176.69505812456873      h 
   13.53707155859267    117.15249435434924    173.92283015694969      h 
    9.78022757799532    121.51658977844212    173.73385756201998      h 
   12.13652040887018    120.79530361584322    171.43028162982668      h 
    9.93584826963275    116.62477716200428    170.76887754757263      h 
    7.43807429725911    117.79898570433657    172.70962609750086      h 
    6.64159211943461    121.22321678108392    169.79188923178597      h 
    9.34015060397720    120.38532005551410    167.94940643122121      h 
    7.41186417817727    116.68409122927920    166.41494896039183      h 
    5.04055416685895    116.72463040683192    168.81490091599932      h 
    3.36722262593068    117.98642298121428    164.76899765855396      h 
    3.22605014659927    120.42302298930986    166.83824757303441      h 
    5.47453284198191    120.38357765770208    164.56112780413127      h 
   -3.74669514861617     88.32832957542432    173.70349558728205      h 
    6.32697256510985     97.24235576770627    151.55644846227898      h 
   -0.53649218581312    108.24912582052374    157.98065750217611      h 
   -4.91267190260594    110.33140595497244    162.17588419256717      h 
  -10.31325316681219    106.93556561708643    155.64098225063563      h 
  -15.25069417892220    105.77458416523794    163.06339169884208      h 
  -13.89016095646287     95.03030684273924    174.96573496260970      h 
    7.22458483042147     84.68878175868707    182.44838462276329      h 
   16.20638722703239     85.05670727838910    181.53976008965316      h 
   14.57203043910088     81.49291333191452    177.34930118898157      h 
   21.07586105287291     84.05173906055602    170.61202281896999      h 
   18.22822538897458     81.58966846666843    166.11854251635833      h 
   24.72780099148629     87.25622377726511    162.79325592070984      h 
  -14.20326165262657    114.75054394986664    176.07545604302803      h 
   -9.45964783577435    117.03967448601250    172.12756499476188      h 
   -7.06796309161131    117.34002735567285    180.05996287085352      h 
    1.48908018024055    117.64350878758472    175.35995188360891      h 
    6.42077204791453    114.68737951230179    181.43764793729045      h 
   16.08478339337560    120.16508182097621    175.84935437985374      h 
  -0.6222366803463D-01   0.8973791394292D-01   0.3837533384790D-01
  -0.1974113153025D-02   0.1054917772480D-01  -0.1254448211162D-01
  -0.2382375351470D-02  -0.4529134700259D-03   0.1380055153359D-02
  -0.9431008437480D-02  -0.7958859736636D-02   0.1166936640821D-01
   0.1354908506141D-01  -0.2604092982666D-02  -0.4194086380701D-02
  -0.2414416405648D-01   0.2143564954011D-02   0.6519467992345D-03
  -0.8575756589586D-02  -0.3233021241547D-03   0.4921438388770D-02
  -0.6211846048098D-03  -0.5082325870616D-02   0.8702529327152D-02
  -0.9101667005157D-03   0.1157419537185D-02  -0.1611029513638D-02
  -0.7195463175076D-02  -0.1620896153258D-02  -0.2666367482022D-02
   0.2922880432379D-02   0.1795564968148D-01   0.7707611261084D-02
  -0.5639976092383D-03   0.1054571539471D-02  -0.5794558761201D-02
  -0.1054842350920D-01   0.6063982950664D-03  -0.3571467450830D-02
  -0.1560454696764D-02  -0.4445259603395D-03   0.2570034151343D-03
   0.1494654422245D-02   0.6117323614093D-02   0.2073470629376D-02
  -0.3367961327876D-02  -0.2774315134462D-02  -0.3822925827226D-02
   0.8633276017994D-03  -0.4159359468503D-03   0.3892203499282D-02
  -0.4624460756309D-02   0.2131048425101D-02   0.3794978758307D-02
   0.1277271825529D-01  -0.6033107376298D-02  -0.1118461013356D-02
   0.4447896345916D-02  -0.4541606458198D-02  -0.1924216739192D-01
  -0.1938188753907D-01   0.1383327607768D-01   0.1828083504256D-01
   0.4771753415772D-02  -0.3319264310346D-02  -0.1351938678647D-01
  -0.2017516369833D-02  -0.1055055779414D-01  -0.7265071738380D-04
  -0.6819247440123D-02  -0.3325341991782D-02   0.4075886925651D-02
   0.1212850374768D-02  -0.1476002551914D-03  -0.1555247837524D-02
   0.1894038070466D-02   0.1153098100215D-02  -0.5871025996782D-03
   0.1613084888978D-02   0.1807297348468D-02   0.1239761337865D-02
  -0.8598210688866D-03   0.4386559956045D-03   0.4839590178028D-03
   0.2834811013331D-02   0.7040677956548D-02   0.1458288708013D-03
   0.5132508166704D-03  -0.3949310900073D-03  -0.1243489072489D-02
   0.9027678088143D-02  -0.5384125192560D-02   0.2969199860700D-02
   0.1691157241836D-01  -0.4867835895182D-02  -0.5782773613237D-02
   0.4657727630541D-02   0.6017662581724D-02  -0.5783592411022D-02
  -0.1268525989012D-01  -0.2336000848148D-02   0.2330571376490D-01
   0.5518508265904D-02   0.6469951350686D-03  -0.9418152100764D-02
  -0.7977459363248D-02  -0.1572429950001D-01  -0.1413742259425D-02
   0.1198624130317D-01   0.3753563728796D-01   0.3260798502543D-02
  -0.5296877812088D-02  -0.5774154979780D-02  -0.3968176000956D-03
   0.3699543323215D-02  -0.1032769107440D-01  -0.1405140645513D-02
  -0.1068390056822D-01   0.5819319477649D-03   0.3928078831508D-02
  -0.4157280445231D-02   0.4013060472532D-03   0.3381171049425D-02
   0.4128420744515D-02  -0.1585795815024D-02   0.6358955283537D-03
   0.2232002866357D-02  -0.1001101015980D-02  -0.9933822885548D-03
   0.5687626802893D-02  -0.9371200695493D-02  -0.2454556852676D-01
   0.1611747649671D-02   0.2543646202571D-02   0.9190166385826D-03
  -0.3195975513745D-02  -0.7587267018369D-02   0.1051795237297D-01
   0.4691863699615D-02   0.1622716962763D-01  -0.1820569463466D-03
  -0.5656999768573D-02   0.2643138146602D-02   0.1300009563309D-01
  -0.1469605078306D-03  -0.3661763977182D-02   0.1363824841998D-02
  -0.2714046837206D-03  -0.4684395621447D-03  -0.9496054394065D-03
  -0.1309027574724D-01   0.7889769579887D-02  -0.1101721331196D-02
   0.3933745585405D-02   0.1799628522794D-02   0.6632239280469D-03
  -0.5847173276323D-03  -0.1335630745323D-01   0.1183635015809D-01
   0.4048071876429D-02   0.1634684262530D-01  -0.1133782003184D-01
   0.1482988903754D-02   0.2254546951650D-02   0.3606153759982D-02
   0.5929032805630D-02  -0.8549352650830D-02   0.2465807057872D-02
   0.3110868552651D-03  -0.6045168330949D-02   0.2208146103529D-02
   0.1599162390300D-02   0.2300682553799D-02  -0.3123925199643D-02
  -0.2187691947446D-02   0.2438182219547D-02   0.1435655871750D-02
  -0.2226465273834D-02  -0.1067964369245D-03  -0.2460127933885D-02
   0.1895972838873D-02   0.1190148683844D-03   0.8268432604589D-02
  -0.9980447069750D-02   0.3208676753305D-02  -0.3776423186934D-02
   0.2381335412919D-01  -0.1853806812730D-01  -0.6744625682256D-02
  -0.1919059993543D-01   0.8806222932138D-02  -0.2515598721642D-02
   0.1350418254166D-01  -0.9147862108585D-02  -0.5691380947147D-02
  -0.2871653143314D-01   0.1688858794460D-02   0.1574071039756D-01
  -0.3958035417574D-02  -0.7623703247847D-02  -0.2965866613739D-02
  -0.7412939995191D-02   0.5651611975372D-02  -0.1850603110087D-02
   0.1290416176076D-02  -0.1009738315126D-02   0.2729899781544D-02
   0.1110370055813D-02   0.2111534475985D-02   0.2444029745580D-03
   0.1304111771672D-01  -0.3261717411585D-02  -0.9209228146254D-02
  -0.7842614913022D-03   0.1617966702546D-02   0.1012591718523D-01
   0.1295894795848D-02  -0.1699204786806D-02  -0.3976150458127D-02
   0.2280976082370D-01   0.9614109216634D-01  -0.9068651265026D-02
  -0.1807795909099D-01  -0.1340970497002D-01  -0.3370569978489D-02
   0.1216630654639D-01  -0.9159046562949D-02   0.4850532416496D-02
   0.5898811606761D-02  -0.2981002574193D-02  -0.2122852474706D-02
  -0.1313651096596D-01   0.9524773951488D-02  -0.8305284410884D-02
   0.9848437633433D-02  -0.2379988626055D-02  -0.7633985374475D-02
  -0.4270006454339D-02  -0.9038770383475D-02   0.3500519143544D-02
   0.3326370533955D-02   0.9698518665409D-03   0.2460924056996D-02
   0.2490120459473D-02  -0.3156239581085D-02  -0.2503265909396D-02
  -0.5939961192254D-02  -0.1631963991865D-02   0.7846290785514D-03
  -0.4752348879345D-03  -0.9805410880501D-03   0.4227079335072D-02
   0.3989286864095D-03   0.3018994045433D-02  -0.4443013718855D-02
  -0.3073734861089D-02   0.3916290819891D-02   0.1029452583042D-02
  -0.1122810209450D-01   0.4317991784580D-02   0.4264372819954D-02
   0.1080934831367D-01  -0.7519447769380D-01  -0.9404538981864D-01
  -0.1058320404848D-01  -0.3745952752332D-02  -0.4780801408539D-02
   0.9666886891299D-02   0.8520191119249D-01   0.1835055889110D-01
  -0.1453297953293D-01  -0.1009163210821D-01  -0.4314876348837D-02
   0.2505695318436D-01   0.1211201965090D-01  -0.1227802806165D-01
  -0.3119631107488D-01  -0.1536221239557D-01  -0.3727130886397D-02
   0.6373412101636D-02   0.1896523693097D-02  -0.5675464659372D-02
   0.5486832246088D-02   0.4707919752816D-02   0.1053236779060D-02
  -0.6939479971224D-02   0.4045728283807D-02  -0.9142477107687D-03
  -0.4189367778632D-03  -0.1413954018329D-02  -0.4097920698987D-02
  -0.5712587277659D-01   0.3430275233792D-01  -0.1091473201816D+00
  -0.7795310195501D-02  -0.9919367920190D-02   0.2982148832500D-02
   0.4123063256076D-02   0.7026167828563D-03   0.1153936557465D-01
   0.1708779216385D-02   0.3465812854047D-02   0.2251575803439D-02
  -0.6988417519613D-02   0.1289056384496D-01  -0.7061454765339D-02
  -0.1272903063020D-01   0.8849548545216D-02   0.6479249952382D-02
   0.1706477647872D-02   0.6375938270832D-02   0.6363197187547D-03
   0.9294835481453D-02  -0.1366436598120D-02   0.7330642333259D-03
  -0.1838338305054D-03  -0.1644293848343D-02   0.7861760133238D-03
  -0.5317658552205D-02  -0.7847644933310D-02   0.1396031054882D-02
   0.6660602461042D-02   0.2915322310869D-02  -0.1627077640725D-02
   0.7174080729385D-02   0.2436764009255D-02  -0.9224519361946D-02
   0.5029096448242D-02   0.6336750681726D-02   0.4649625266790D-03
   0.2893759921679D-02   0.1033618035407D-02  -0.3016954305638D-02
   0.2537255265428D-02   0.1610265982715D-02  -0.6846158034619D-02
   0.1272723940072D-02  -0.3747990357937D-02   0.2502161866958D-02
  -0.5888945187774D-02   0.2731887184341D-02   0.5724925735806D-02
  -0.1396826341035D-03  -0.1870587878253D-02   0.1767426119024D-02
  -0.5605387916728D-03  -0.8722459322731D-03  -0.1210124351913D-02
  -0.6233516862337D-02  -0.6509173073847D-02   0.1162660055796D-02
  -0.4391624842844D-02   0.1068561872006D-01  -0.2259706009362D-02
   0.1078191614612D-01  -0.5181006837967D-02   0.1604198585385D-02
  -0.1378984176951D-01  -0.2973883566642D-02  -0.1604531444354D-02
   0.8813038308765D-02   0.3548949824418D-02   0.3388561032159D-02
   0.2414882923560D-03  -0.7098642171466D-02  -0.1995501196981D-01
   0.1426640795149D-02  -0.1083471255965D-02   0.6339994473360D-02
  -0.3173350878737D-02   0.7451321605819D-01  -0.6571977972408D-01
  -0.2053059543679D-01  -0.1285807642805D-01   0.1760380425128D-01
  -0.1936033013127D-02  -0.4473520717929D-02  -0.3019690961007D-03
   0.2767490622738D-02   0.1773200875270D-02   0.1032795546850D-01
   0.3852128794275D-02   0.5847325088476D-02   0.9979424203910D-03
  -0.3251103811842D-02  -0.1906905805716D-02   0.1589773285643D-02
   0.3200359761746D-02  -0.2047940717355D-02  -0.1800679758439D-02
  -0.2061906915905D-02   0.3128917359808D-02  -0.2517675865591D-02
   0.1696905534422D-02  -0.8417137137117D-01  -0.1040444364800D+00
   0.1323782889474D-01  -0.2220168242893D-02   0.2030401861187D-02
   0.3749929928289D-02   0.4741188226285D-02   0.2188014738547D-02
   0.8633372688083D-03   0.5478803545757D-03  -0.4344071043487D-02
   0.2149128717219D-02  -0.1527771462146D-02   0.2956164991035D-02
  -0.8584449925744D-02   0.4619303392804D-02   0.1320848373774D-02
  -0.1040009791562D-02  -0.1522699581841D-02  -0.9754326402731D-03
   0.2570209387382D-02  -0.5840503505094D-02  -0.4800961918881D-02
  -0.5979143263160D-02  -0.6161217762102D-02  -0.1434961198631D-03
  -0.3940347987552D-02  -0.6590083997013D-02   0.6426052623678D-02
   0.1573071583876D-02   0.2380054871799D-02  -0.3026273123321D-02
  -0.1862475807714D-02   0.4550344302595D-02   0.2083816951312D-02
   0.4928941162685D-03   0.3088297084459D-02   0.4421968796066D-02
  -0.5866239819409D-02  -0.6507603069739D-03   0.1878396809184D-02
   0.1963185250540D-02  -0.3874384279712D-02   0.4327696263559D-02
  -0.1078136904293D-03  -0.3939249509300D-02  -0.2090551166172D-02
  -0.2054631569051D-03  -0.3863333788655D-02  -0.2565400179110D-02
   0.4022531218948D-02  -0.2839178544681D-02   0.1742935519433D-02
   0.7068339903404D-02   0.1665520020533D-02  -0.8413160977676D-03
  -0.8032470755894D-02   0.3685368485137D-02  -0.1799075709932D-02
   0.1034244465795D-01  -0.5833600867362D-03  -0.1174810825435D-02
  -0.1065016046565D-01  -0.1369238795040D-01   0.9060150938688D-02
   0.3792694151099D-02   0.5134946047003D-02  -0.3621414522790D-02
  -0.8648660997206D-02   0.1617484009636D-03  -0.3314801099248D-02
   0.1346230965034D-01  -0.8975140213478D-02   0.2769506152081D-02
  -0.3866052097644D-02   0.7035265897343D-02  -0.1434600956593D-01
   0.1054423478646D-01  -0.5275480213058D-02  -0.7933524805312D-02
   0.5062440599930D-02  -0.2781005829856D-02  -0.5402075046013D-02
  -0.1945975851383D-02   0.4332303003853D-02   0.1425862886245D-01
  -0.3403688473970D-02  -0.2881163509028D-02   0.2211092081690D-02
  -0.2034327362012D-02  -0.4655123469631D-02  -0.6366153288938D-02
  -0.4551152096123D-02   0.3572141069440D-02   0.1821315177778D-02
   0.1273568680417D-02  -0.4555987161127D-03   0.2458674427569D-02
   0.4758388519080D-02  -0.1947563406680D-02  -0.4714871163161D-02
  -0.5245471994428D-02   0.1084713354548D-02  -0.6012813617010D-03
  -0.3051372539789D-02   0.1856144429812D-02   0.3521664359496D-03
   0.2234658464647D-02  -0.8457373350738D-03  -0.5769108622018D-03
   0.1788976342614D-02  -0.2612350951849D-02  -0.8859450736940D-04
  -0.6269625959910D-02   0.3667457967417D-02   0.9255651177730D-03
   0.2025431015246D-05  -0.6468062411769D-02   0.1330539546991D-02
   0.5649658913150D-02   0.3390070047545D-02   0.3530874379255D-03
   0.3850927010967D-02   0.1012759100074D-01   0.1458396896414D-02
  -0.3427395828692D-02  -0.4265099162630D-02  -0.8439098158814D-02
  -0.3079996289332D-01  -0.1350895808125D-01   0.1595191233807D-02
   0.1424531104821D-01   0.7108481379284D-02   0.3971083543848D-02
   0.8399822637792D-02   0.1375639534430D-01  -0.4103222104729D-02
  -0.1682007128169D-03  -0.3850219543973D-02   0.8247914074053D-02
  -0.7225428804817D-02  -0.1834810282280D-02  -0.6638156594169D-03
   0.4336683519983D-02   0.6948686421314D-03  -0.1589636214328D-02
   0.1211494470980D-03   0.4638457341304D-02   0.2396209553802D-02
   0.1071813711651D-02   0.6666456151264D-02  -0.4125485952274D-02
   0.9994173093684D-02  -0.1723581686825D-02   0.1550811897298D-01
   0.3594371725941D-02  -0.1839077272137D-02   0.2811780278880D-02
  -0.1470015001870D-01   0.6121219266577D-02  -0.2698066972157D-02
   0.4629627022215D-02   0.2868125436976D-02   0.2421646933668D-02
   0.5747878071433D-02  -0.3608825984104D-02   0.3286429673568D-02
  -0.7420638295085D-02  -0.8881990793398D-02   0.2081797006936D-02
  -0.9531943653796D-03  -0.2184614429081D-02   0.1730778246674D-02
   0.2760417749291D-02   0.5061904790154D-02  -0.9152670531529D-02
  -0.1142884090346D-02  -0.1242829418798D-01   0.6748209990610D-02
  -0.1433597581279D-03   0.3601678491629D-03   0.1790979746986D-03
   0.2055391012436D-02   0.1285979758502D-01   0.9448582674411D-03
  -0.7899120386274D-02  -0.3513534552336D-02  -0.3894288878840D-02
  -0.7475240029917D-02   0.2330098450851D-02   0.2422371137880D-02
   0.9427271201721D-03   0.8019465577185D-03  -0.1794293472050D-02
   0.1765247634420D-02  -0.8867427442966D-04  -0.3108589930198D-02
   0.9969166389784D-03   0.1247437432170D-02   0.2974369100005D-03
   0.1651087416380D-02   0.1144017051855D-02  -0.4944758818610D-03
   0.3440060802534D-03  -0.8423143331249D-03  -0.1672835318072D-03
   0.6873664572921D-03   0.1143336646821D-02  -0.4756156580132D-03
   0.4451386495087D-03   0.1815117058507D-02  -0.1640519398771D-02
   0.3135851681894D-02  -0.7484799186683D-02  -0.2486253943287D-02
   0.1471051264429D-02   0.4391522144381D-02  -0.3642531786727D-02
  -0.3525507069931D-03   0.7833042554005D-02   0.9672512083535D-03
  -0.5952809067740D-02  -0.7084858985042D-02   0.2278531667939D-02
   0.2279805344050D-01  -0.8617438250472D-02   0.4215528722591D-02
  -0.8354749902467D-02  -0.2257366627889D-02  -0.7371471147532D-02
   0.1145347442540D-02  -0.7090440366975D-02   0.4475762155785D-02
  -0.2296675976357D-02   0.8561995764083D-02   0.1384100706691D-02
  -0.2377009207284D-03  -0.2864703822450D-02   0.4698160113954D-02
   0.9892413646960D-03   0.4788330958922D-02  -0.2602736857668D-02
  -0.4702722777818D-02  -0.5540289756868D-02   0.3379371795623D-02
  -0.9782189947446D-04   0.2364360415046D-02   0.1049954978882D-02
   0.2106396354722D-02   0.7106179710180D-03   0.6328862327357D-03
   0.7581424592504D-03   0.7876241236877D-03  -0.1648391297675D-02
   0.3691196317808D-02  -0.2335227122278D-02  -0.1158383661947D-01
   0.5852073563754D-02   0.2780201032941D-02  -0.5155967224551D-02
  -0.1094531424050D-01  -0.1963542781529D-01   0.6486145706433D-02
   0.2767913060451D-02   0.5535272999388D-02  -0.1429216042792D-02
   0.1175688733612D-01   0.1192367891041D-03   0.1730234984152D-02
  -0.4297181798277D-02  -0.3172209160540D-02   0.2069482143744D-01
  -0.6471859387653D-02  -0.5775433981483D-02  -0.2537400212799D-01
   0.1806311101833D-01   0.5663675080600D-02  -0.1720966569970D-02
  -0.8231882568989D-02   0.5222313847538D-02   0.8982946892166D-03
   0.1771657501775D-03   0.4201142344628D-02   0.9512016129633D-02
  -0.5206859748084D-02  -0.5017764558064D-02   0.1756961552495D-02
   0.3071113366609D-02   0.9687178770012D-03  -0.1677158969502D-02
   0.5710278234888D-02  -0.4100184199143D-03  -0.3777636789425D-03
  -0.9757983888241D-02  -0.1049897645928D-02   0.5958403181905D-03
  -0.6415274996660D-02   0.1868749049776D-02  -0.5110914438514D-03
   0.9976276858161D-02   0.1908865750647D-01   0.7608935485077D-02
   0.2084290578604D-02   0.4705431524177D-02  -0.5778416849706D-02
   0.1395942404026D-02  -0.2362436082059D-02  -0.3613910989375D-02
  -0.7700450996539D-02   0.5188918051620D-02  -0.9269510659691D-03
   0.2435377606077D-03  -0.3176314511110D-02   0.2387019444429D-01
   0.6675435782718D-02   0.1050606299414D-01  -0.2681502384147D-01
  -0.1339746636153D-02  -0.9848112077432D-02   0.2337300539843D-03
  -0.1011768571801D-01   0.1259567603098D-02  -0.3147565786145D-02
   0.2200544658608D-02   0.1229562317676D-03   0.4656787507422D-02
   0.2210605602482D-04   0.1661343894521D-02   0.2749712514541D-02
   0.1170362506041D-01  -0.1972389677848D-02   0.4093779297440D-02
   0.3802550710475D-02  -0.5543379629103D-02   0.5504368306359D-02
  -0.9890819915991D-02   0.5766029388221D-02  -0.8369767671211D-02
   0.5642413844848D-02  -0.4116664011683D-02   0.8180494568361D-02
   0.6784022061829D-02  -0.1907510315963D-02  -0.1734669162680D-01
   0.1194637626069D-01   0.7005264389435D-03   0.1196314622406D-01
  -0.5418051727032D-02   0.1384857345374D-02  -0.4246123220709D-02
  -0.5427599795463D-02   0.1921557807988D-02   0.1929220411567D-02
   0.4375365893008D-03  -0.1514677487326D-02   0.5513557910268D-03
   0.2181861639996D-02   0.1100047038032D-02  -0.1459114003774D-02
   0.5805447729200D-02  -0.7379681412612D-02  -0.2440231728288D-02
   0.7989057033932D-03   0.8757897454468D-02   0.1434791760335D-02
  -0.3306630674271D-02   0.6865005468650D-02   0.9777693641180D-02
  -0.5554969554998D-03   0.2833811076571D-02   0.4374656725035D-02
   0.1221302373772D-01   0.9546290234475D-03  -0.6461008243628D-02
  -0.5429740185522D-02  -0.9547526144265D-02   0.2910973490675D-03
   0.7889957667826D-02  -0.3517945658963D-02   0.3344974016073D-02
  -0.6138771109287D-02   0.1082496689780D-01   0.4778180142061D-04
  -0.6427752807962D-02  -0.4558262429177D-02   0.4007875118403D-02
  -0.1563367613361D-02   0.6422771761950D-02  -0.2285155126371D-02
  -0.4922253703481D-02  -0.1063669615126D-02   0.4766069813893D-02
  -0.3606565562213D-03  -0.7972005458089D-02  -0.1191612160985D-02
  -0.3154037543415D-02  -0.2465085551443D-03  -0.3656722792592D-02
  -0.2517933886347D-02   0.5023234021048D-02   0.2184402692694D-02
   0.3020558536826D-02   0.1823270926013D-02  -0.1210374131884D-02
   0.2863512610648D-02  -0.5646652671507D-02   0.2279841912436D-03
   0.6958365969687D-03   0.9878201934469D-02  -0.7155441187379D-02
   0.9195819121233D-02  -0.8004963482563D-03   0.3377534962178D-02
  -0.3501430846239D-02  -0.1491108004093D-01  -0.1968123405544D-02
  -0.1083893242617D-02   0.2229860660404D-02  -0.1441697162870D-04
   0.1057138481788D-01  -0.3089617992161D-02  -0.2095621857948D-03
  -0.8064671656746D-02   0.1875765843473D-02  -0.2543862926420D-02
   0.8115675289873D-03  -0.3817079121948D-02  -0.1828424583505D-02
  -0.2073528857197D-02  -0.3006799991809D-02   0.9184758473437D-02
  -0.9558572943838D-02  -0.2702031226767D-02  -0.3422740960953D-03
   0.3482122636648D-02   0.2247913143559D-02   0.2882885204620D-02
  -0.5110561518725D-02  -0.1300466455021D-02   0.2773008975804D-02
  -0.4974471820009D-02   0.1686507230704D-02  -0.5468392612917D-02
  -0.2836468347892D-02   0.3657371438031D-02  -0.8021950464973D-04
   0.1858626121976D-02  -0.2927047006033D-02   0.9128926074917D-03
   0.2370572994149D-02   0.5329259895479D-03  -0.2817928466476D-02
  -0.2235671823738D-02   0.8353776220929D-03  -0.6511104270784D-02
   0.1177366897974D-01   0.1045308953825D-01   0.9343964564893D-02
  -0.1349875333090D-02   0.6254488894203D-04  -0.5790458076463D-02
  -0.6619470785392D-02  -0.3698881570795D-02  -0.9707781065878D-02
   0.5374943812430D-02   0.4786136027814D-02   0.3739805999730D-02
   0.5847405222888D-02   0.5275682752125D-02   0.7869935319128D-02
  -0.3205593077044D-02  -0.9621343581914D-02   0.2740291756841D-03
  -0.8072858195604D-02   0.1568271356515D-02  -0.2086843708144D-04
   0.1873434990747D-02   0.9237561725619D-03  -0.3167203648889D-02
   0.1226540769786D-02  -0.3222190067934D-03   0.3013521719505D-02
   0.3471391149909D-03   0.3624918736381D-02  -0.1856807922009D-02
   0.1174559938321D-01  -0.4244330300950D-02   0.8726793896542D-02
   0.3684150265981D-02   0.1829323313812D-02  -0.3564330450983D-02
  -0.1497484644554D-01   0.4967397454266D-02   0.4230710022353D-02
   0.6318933007854D-02  -0.1466452449044D-01  -0.5059918308107D-02
   0.1550580516946D-01   0.5540239092093D-02  -0.2937821794694D-02
   0.1904074941423D-02   0.1098999825160D-02  -0.3003733211676D-02
  -0.6721508316477D-02   0.5069098975762D-02  -0.8334681054363D-02
  -0.4438486071938D-02   0.1884404168955D-02   0.3368014750995D-02
  -0.1807449362088D-02  -0.3455706918673D-02  -0.2671960215090D-02
   0.3774527706366D-02   0.1991168252563D-02   0.2216948150266D-02
  -0.5649065376887D-02  -0.7770186549789D-02   0.6747964857952D-02
   0.3773187947778D-02  -0.1033797521453D-01  -0.1500514970332D-01
   0.1004643725051D-01   0.3106030830395D-02   0.6621845344978D-02
  -0.1014278778938D-02  -0.2806631322171D-02   0.2893900652806D-02
  -0.5593815299562D-02  -0.6298511803493D-02  -0.1539115624933D-02
  -0.6911487527495D-02   0.1790763759552D-02  -0.8518203217256D-02
   0.1807091298908D-01  -0.1460374742821D-01   0.1202792070903D-01
  -0.6851253425079D-02   0.8435699550683D-02  -0.2367034655884D-01
   0.4463151359758D-03  -0.5425224270305D-02   0.3676155050740D-02
   0.7635431024082D-02  -0.1178933303860D-01   0.1244253412694D-01
  -0.2676523330636D-02   0.6598272194996D-02   0.5663230136964D-02
  -0.3278278085469D-02  -0.5026419612732D-02   0.2776523997679D-02
  -0.6138019068314D-02   0.5686831517356D-03  -0.1036386538232D-02
  -0.4437607316923D-02   0.4296308090350D-02  -0.1275901949517D-02
   0.2355670132713D-02   0.1167521355045D-02   0.2350596972053D-02
   0.1791927277935D-03  -0.3776822358868D-02   0.1211600328726D-02
  -0.3286512958519D-02  -0.6104866349999D-03  -0.1010945403474D-01
  -0.4498295764439D-02   0.8377814672958D-02   0.8307177544344D-02
   0.4209496865464D-02   0.2326227893300D-01  -0.6369791534302D-02
   0.6438972930626D-02   0.5648211559134D-02  -0.5383904937556D-02
  -0.2273850482787D-02  -0.5832999315702D-02  -0.7895650910366D-02
  -0.2027924995739D-01   0.5589443879208D-02   0.1888981208349D-02
   0.4877125509742D-02   0.4212046596118D-02  -0.1057710305846D-02
  -0.3038640020845D-02  -0.1109203928721D-01  -0.1981662968769D-02
  -0.6960008636484D-03   0.3133472319308D-02  -0.3179844605700D-02
   0.4135052914893D-02   0.5273614735070D-02  -0.2658730904024D-02
  -0.1342437149546D-02  -0.9002690742112D-02   0.3806121162903D-02
  -0.5508433237626D-02  -0.3883259977648D-02   0.8745345324547D-02
  -0.1713194210608D-02   0.1329546308583D-02   0.3707401393614D-02
  -0.3451229100855D-03  -0.5790955980214D-03   0.3771507798437D-02
   0.2986731856982D-02  -0.2615213839971D-02   0.2166087481041D-02
  -0.1400302097057D-03   0.5184170596510D-02   0.1414248855582D-02
  -0.2355379588418D-02   0.2327673398726D-02  -0.3963769468659D-02
   0.3249705043702D-02   0.2632351065542D-02  -0.2446244875647D-02
  -0.2953700632428D-02  -0.1632978854239D-02   0.1257501830866D-02
   0.8178077179921D-03  -0.3498471246476D-02  -0.1794099673337D-02
  -0.1875115058476D-02   0.4169830073755D-03  -0.9035923531680D-02
   0.9493616035388D-02   0.3416165685884D-02   0.1452123596699D-01
   0.2380016879076D-02  -0.3908207011189D-02   0.2303324571144D-02
  -0.1072678375220D-01   0.4822858361316D-02  -0.1903683920714D-02
   0.8873945115386D-02   0.4114805392793D-02   0.2030386890518D-03
   0.6255230299048D-02  -0.8327269077283D-02   0.4847896163477D-02
  -0.1002031775727D-01   0.1400144417242D-01  -0.3607281848062D-02
   0.1577049100723D-01   0.2521195789986D-02   0.1045445600598D-01
   0.1391087842368D-01  -0.8644473124225D-02   0.7625009526191D-02
  -0.1476618698208D-02  -0.1154020835079D-02  -0.2534395111400D-02
  -0.3404054953306D-02   0.1083023234310D-01   0.4721462636155D-03
   0.4818375986266D-02  -0.2882239547097D-02  -0.2291143859798D-02
  -0.9260588847449D-02  -0.1397516727777D-02  -0.6805504262147D-02
  -0.1152524070339D-01   0.6170004580162D-03  -0.2935173309186D-02
  -0.5180646438130D-02  -0.3704552928732D-02   0.4078062735163D-02
  -0.2939724576527D-02  -0.3089388369824D-02  -0.1662929362213D-02
  -0.3444019502144D-02   0.6543755364627D-03  -0.3299235085036D-02
  -0.6531491247882D-02   0.1362221077500D-02  -0.3747783117492D-02
   0.1889211071873D-02   0.2744368889650D-02   0.1914535934294D-02
   0.1770899945052D-02  -0.1262429017013D-02   0.6026845514440D-02
  -0.4896758661906D-02   0.5408969907398D-02   0.2603672679294D-03
   0.8962748216650D-02   0.4098919077533D-02  -0.6570576726787D-02
  -0.5095814524424D-02  -0.7492371180285D-02   0.5541989332626D-02
  -0.3230274276853D-02   0.1048105367179D-01  -0.1854967373649D-02
   0.4669312940803D-02  -0.9265751019200D-02   0.4808647476058D-02
   0.7874435341533D-03  -0.1516414501424D-01  -0.1013345034985D-02
   0.7528290114038D-02  -0.5045258873841D-02   0.2080772896373D-02
  -0.1630135734475D-01   0.1450259780980D-01  -0.2499799250402D-02
   0.1588840822485D-03   0.1708800477741D-02   0.3169281834407D-01
   0.3629195406242D-02  -0.2244523712340D-02  -0.9881642448662D-03
   0.1292958606145D-01  -0.1305742403927D-01  -0.3611711622781D-01
  -0.8812360716318D-02   0.8766061178684D-02   0.5337368434040D-02
  -0.2592994005804D-02   0.3887904100153D-02   0.8144165532610D-02
   0.2175243340692D-02   0.1630043796601D-02  -0.1732325634809D-02
  -0.8560980903777D-03  -0.1031586599312D-02  -0.1063724116537D-02
  -0.2769132762670D-02  -0.2366521225116D-02   0.2767269477906D-02
  -0.5990186161345D-01  -0.8299661774401D-01  -0.7164647045377D-01
   0.1024589610676D-01   0.3509706627928D-02  -0.1126146419624D-01
   0.7969071021443D-03  -0.4223484209561D-02   0.5730695706071D-02
   0.3022546621610D-02   0.5871955714509D-04  -0.6985031988697D-02
  -0.8787675588711D-03  -0.1007216626795D-01   0.5143290906360D-02
   0.9617362823167D-02   0.9200980467170D-02  -0.1811084299527D-02
   0.2048156952487D-03  -0.1279279796729D-01  -0.5237447824620D-02
   0.1307516984204D-01  -0.1242357147096D-02  -0.6873687747294D-02
   0.1318915493364D-01   0.8195898653735D-02  -0.8869886942257D-02
  -0.1031447848064D-01   0.2648766669502D-02   0.7291760716763D-02
   0.3964260636236D-03  -0.5629128465220D-02   0.8363673448734D-02
   0.3994119077897D-02  -0.7772091056639D-02   0.3750964719245D-02
  -0.6794573969514D-02  -0.3294764363401D-02   0.1263897088185D-02
   0.4598504180075D-03   0.2753742556526D-02   0.1938039630625D-02
   0.3743568845398D-02  -0.2296143097745D-02  -0.2633007200198D-02
  -0.4152049610524D-02  -0.5083588657029D-02   0.4234679270620D-02
  -0.4699837025983D-02  -0.3074566290268D-02  -0.1137964814567D-02
   0.1536329058457D-02   0.5147586200186D-03  -0.2215179017259D-03
   0.1332287235022D-02   0.1379620881221D-02  -0.3415186009150D-03
  -0.7005943085589D-02  -0.2898001045550D-02   0.2129837331729D-02
   0.4305283245847D-02  -0.1263913857527D-02   0.8992046100336D-02
  -0.4706229404741D-02  -0.9022404233599D-02  -0.8183317524723D-02
  -0.1342516736293D-01   0.5979329532938D-02  -0.1204235382666D-01
   0.5653013304444D-02  -0.3808613381976D-02   0.1695068097118D-02
  -0.2189539107009D-01  -0.7846515507269D-01   0.5506982182014D-01
   0.2577959938961D-03   0.6340682896155D-02  -0.1474794580547D-01
  -0.1306157137552D-02   0.4522477082602D-02  -0.1048200069245D-01
   0.4048122215675D-03   0.7661620704327D-02   0.8168839146509D-02
   0.4272148090313D-03  -0.4786098903855D-02   0.7465209589724D-02
   0.2510258873076D-02  -0.3746912041562D-03  -0.3111646965150D-02
  -0.3592460348892D-02   0.1793598796416D-02  -0.8142101055513D-03
  -0.2180813602764D-02  -0.1069153509097D-02  -0.2633428075774D-02
   0.5191458615011D-01  -0.1107529391090D+00  -0.2310112894795D-02
  -0.6038915991949D-02  -0.6076905078604D-02  -0.6400525004489D-02
  -0.8491651185895D-02  -0.6074495195071D-03  -0.9025594130349D-02
   0.1808782641907D-02   0.1820846237668D-03   0.6395744665529D-02
   0.1559356977129D-01   0.5881261374439D-02  -0.2834082659885D-02
   0.4049437074166D-02  -0.5758979858244D-02  -0.6447704730106D-02
   0.9441469594316D-02   0.2596650450193D-02   0.1114258036930D-01
  -0.3842017692909D-02  -0.6330991622284D-02   0.6635004265456D-02
   0.2822475353836D-02   0.1484629457663D-02   0.1012602658590D-01
  -0.1702088247312D-02  -0.2344328995753D-02  -0.3632678046279D-02
   0.5892939387048D-03   0.1665597979375D-02   0.1400062998902D-01
  -0.1158383004924D-02  -0.6325387970904D-04   0.1314803090393D-03
   0.1225163516053D-02   0.1931006561477D-02  -0.9481102347982D-03
   0.3300719413448D-03  -0.1589307899234D-02  -0.3393286248036D-03
  -0.1295939133375D-02  -0.1466945016434D-01  -0.7406693366476D-03
   0.8936722596857D-02   0.7641402489085D-02  -0.1187834819074D-01
   0.1360468574645D-01   0.1006951632216D-02   0.3353668470604D-02
   0.6215806370418D-03  -0.2678694819271D-03   0.1144592453345D-01
  -0.4598025247065D-02   0.3665167779940D-02  -0.2019803947352D-02
   0.1621413550155D-02   0.7848574686294D-02   0.1384217794703D-01
  -0.6638736367118D-02  -0.1629608783311D-01  -0.2516487405313D-01
  -0.1142719810848D-02   0.7197755037529D-02   0.1968776211796D-02
   0.8603422783939D-02   0.9683203510391D-02   0.1222534550989D-01
  -0.4756220313909D-02   0.1099120761442D-01   0.2609418470525D-02
   0.1703442103167D-03  -0.9828798897283D-03   0.9421934343348D-02
  -0.3360716099906D-02  -0.2600689897367D-02  -0.8091417709549D-03
  -0.6134612793485D-02   0.3085372497552D-03  -0.1356288475962D-02
   0.6434191863697D-02   0.2970095036952D-03   0.4581059126920D-03
   0.5494533643575D-02  -0.9751660587422D-03  -0.2218697170226D-02
  -0.1264147274143D-01   0.1460643746385D-01  -0.2017645212533D-01
   0.3896193828459D-02  -0.7704918441342D-02  -0.5385456581899D-02
  -0.5063068463399D-01  -0.6102453489887D-01   0.3900204579167D-01
   0.9618148761107D-02  -0.1073460603392D-02  -0.1788389700925D-01
  -0.8840483439140D-02   0.3682725604749D-01  -0.1271085279838D-02
   0.2994037226394D-01  -0.7632781646800D-01   0.7731550528825D-01
   0.6988064058726D-02  -0.3676476629612D-02   0.6057769891780D-02
  -0.4160840109979D-02  -0.4124091446539D-02   0.2616318778444D-02
   0.6019678437246D-04   0.4455987762709D-02   0.5996322375008D-03
  -0.1573080255537D-02   0.2349241236606D-02   0.1211521296719D-02
  -0.2414750540253D-01   0.3985610259564D-01  -0.7671283361576D-01
   0.2876579667402D-01  -0.1216495663085D+00  -0.1884261804218D-01
  -0.9728739631621D-03   0.2785337071622D-02  -0.8918850020495D-02
  -0.4511089546094D-02   0.1567348327695D-01   0.4921378754887D-02
   0.1309706517823D-02  -0.3760643180943D-03  -0.2089480110585D-02
   0.9184202788371D-03  -0.6645742354996D-02  -0.1420432840610D-02
   0.5627911190284D-02  -0.8193437198166D-02   0.1233526236291D-01
   0.9631745423520D-02   0.5896666150504D-02  -0.5268074658936D-02
  -0.4865667740178D-02  -0.9263083839555D-02   0.4735614465335D-02
   0.1319663870343D-02  -0.5057735048060D-03   0.1250741794563D-01
  -0.4510415803147D-02  -0.1256077104481D-02  -0.5664550854826D-02
  -0.7093593268807D-03   0.1923010454310D-03   0.4370011576972D-02
   0.4144793880386D-02   0.2015251368654D-02   0.3779678692061D-02
   0.8145738895946D-03  -0.4929095009683D-02   0.1714087758246D-02
   0.8181542095286D-05   0.5239534351379D-02  -0.1482617069218D-02
   0.3216865559475D-02  -0.2267365261735D-03  -0.3118392584113D-02
   0.6399021432421D-02   0.1965343711677D-02   0.8097108684220D-03
  -0.4921333523567D-02  -0.1402265516117D-01  -0.1477090276988D-01
  -0.4572167398211D-03   0.7557545637584D-02  -0.2383010892194D-02
   0.4694481258072D-01  -0.3403311945516D-01   0.8336875784572D-01
   0.3108724777220D-03  -0.1852737456838D-02  -0.2123805035195D-01
   0.4994072993935D-03   0.8979434878883D-03  -0.1027397770013D-01
  -0.3490570859559D-02  -0.3315411467849D-02   0.1390101872404D-02
   0.7566917735944D-02  -0.3230206627362D-02   0.2264559074095D-02
  -0.1432349789867D-02   0.9801051507188D-02   0.4534743566361D-02
  -0.4164773354246D-02  -0.1614081114336D-02   0.9156714741758D-02
  -0.8788259880840D-03   0.5515013157559D-02  -0.1114972731611D-02
  -0.2328415570007D-02  -0.3738447266736D-03   0.4770759004232D-02
  -0.1579616799463D-02  -0.6118530702056D-02   0.1277218673231D-02
  -0.5358096899119D-02  -0.1125597595336D-02  -0.1145109932526D-02
   0.3859611348147D-02   0.9004417308025D-03   0.1965013518856D-02
   0.7489822190419D-04  -0.2753934470144D-02  -0.3342065384458D-02
  -0.1588386066135D-02  -0.8534657738317D-02   0.4834449312244D-03
  -0.9360382200344D-02  -0.6498215175238D-01   0.1081782053546D+00
   0.5669822627213D-02  -0.3535304885202D-02   0.2586111519883D-02
  -0.1369529446194D-01   0.7191312240740D-01  -0.5038882374245D-01
   0.8660785501231D-02  -0.3433771398344D-02   0.9236493778281D-02
  -0.1412716848707D-02   0.6593268265855D-02   0.1451943646267D-01
   0.3792254115569D-02   0.3141421714609D-02   0.1070758689956D-02
  -0.1201963656357D-02  -0.1210491549988D-03   0.1212953980868D-02
  -0.7245955402059D-03  -0.3168338476969D-02  -0.1673449580043D-02
  -0.8704166202499D-02  -0.7951943156656D-03   0.3953057921348D-02
  -0.1173586523126D-01   0.5246502210924D-02   0.9976815253666D-03
   0.4530598255760D-03  -0.3270229898670D-02   0.4245512121385D-03
   0.1719665338547D-02   0.1086824418395D-02  -0.1816417135092D-02
   0.6724038229843D-03   0.2441402562237D-02  -0.4515112776698D-02
  -0.6195202553890D-02  -0.4342823756876D-02  -0.2480746376357D-02
  -0.6694533190965D-03   0.4831762823995D-02   0.4765874654836D-02
  -0.9816831702641D-03  -0.1462946230709D-02   0.2787517120928D-02
  -0.1186398482411D-02  -0.1743887844564D-02   0.3599305602640D-02
   0.1479795726227D-04   0.4184284686103D-02   0.1858797699942D-02
   0.8551760070524D-02   0.2734647180747D-02   0.9568392862449D-03
  -0.5277522616760D-01   0.5416281769491D-01   0.9855660015621D-01
   0.1974077891035D-01  -0.1755526452121D-02   0.7426157338488D-02
  -0.4486212805510D-02  -0.1028670168355D-01  -0.1116734562197D-01
  -0.1109708628155D-01   0.2268361598830D-02   0.2020490322143D-02
   0.2689461212077D-02   0.1303772843916D-01  -0.3898983092862D-02
   0.8524754951259D-03   0.3510350137717D-02  -0.4068465017069D-02
   0.4989850518859D-02  -0.1203830480124D-02   0.1650499296209D-02
   0.5304045027670D-04   0.4854561515397D-03   0.4103440307834D-04
  -0.1091379245043D-01   0.3925866473784D-02  -0.1383254619139D-02
  -0.1025820703161D-01   0.6457316471026D-02  -0.3477490034885D-02
  -0.2418991558940D-02  -0.1847560817091D-02   0.4487852218776D-02
   0.1506664985731D-02  -0.3462257542586D-02  -0.6463646244448D-03
  -0.1351971925704D-03  -0.4394704450229D-02  -0.2391144623463D-02
  -0.7392939591821D-02  -0.8435372838751D-03   0.1160699891559D-02
   0.2001698976444D-02   0.3616285066429D-02  -0.4622175056720D-02
  -0.2681405109430D-02   0.1728560358211D-02   0.2453614840845D-02
  -0.2041027896168D-02   0.1482284466262D-02   0.2114093734219D-02
   0.1288467075843D-02   0.1712118056692D-02  -0.2444309295226D-02
   0.6922957806039D-02   0.2222211411927D-03   0.5526100171321D-04
  -0.2456423817732D-02   0.4587369114008D-03   0.1960758551616D-01
  -0.2311258208448D-02  -0.9509501251226D-02  -0.1909515570754D-01
  -0.5611213762023D-01   0.7862413877813D-01   0.1702531757692D-01
   0.2937184218388D-01  -0.4132430470299D-02  -0.3582244984175D-02
   0.5514784148661D-02  -0.2777397518975D-02   0.1972345601618D-01
   0.2045420426649D-02   0.2250547383168D-02  -0.1174211689379D-01
  -0.3439966279740D-02   0.2801944036274D-02  -0.5143203931251D-02
   0.5743656238361D-02  -0.1778246208016D-02   0.1641822546041D-02
  -0.1916284893854D-02  -0.3050394744691D-02   0.2496293358379D-02
   0.5097779751120D-03   0.2199801325075D-02   0.2151585910306D-02
  -0.5103140762141D-01  -0.5522683097237D-01   0.1165579312267D+00
   0.9419418837152D-02  -0.3196731662289D-02  -0.4244702754796D-04
   0.1377730751488D-02   0.8024542657318D-02  -0.7719489711534D-02
   0.1127213812631D-02   0.2733254572182D-02  -0.3413276685413D-02
  -0.1290621027000D-02   0.9998978702502D-02   0.1320113416548D-02
   0.5809593192404D-03  -0.5125795727305D-03  -0.2802617348054D-02
  -0.8916681524082D-03  -0.2746596379603D-02   0.4041827800446D-02
  -0.2911864206607D-02   0.2332571903438D-02  -0.3402044096873D-03
  -0.5849227024268D-02  -0.9294448227463D-03  -0.8912267429397D-03
  -0.4216474943249D-02   0.3563668825356D-02  -0.3134057028782D-02
   0.2228709515009D-01   0.7374854615559D-02  -0.5720093407278D-02
   0.4945973649333D-03  -0.8846146809700D-02   0.9418040836180D-02
  -0.9773097844326D-02   0.2306041643507D-02   0.3434078601403D-02
  -0.2193845078430D-02   0.8212927358791D-03  -0.4838885419587D-02
  -0.1820180570558D-02  -0.2249159235851D-02  -0.1126719319129D-02
  -0.2000536849093D-02  -0.1082124403325D-02   0.3460643320161D-02
  -0.1577542083816D-02   0.4991584689031D-03   0.5377662709302D-03
  -0.2490258355539D-04   0.4715466490776D-04  -0.1153566684991D-02
   0.1651723330733D-02   0.6956617421010D-03  -0.1545551010225D-03
  -0.7994818673444D-03  -0.3885611211926D-03  -0.9018076666460D-03
  -0.1015838588526D-01   0.1737181863331D-04  -0.1140725427905D-02
   0.5008540143675D-02  -0.2154070246490D-01   0.1200342092743D-01
  -0.7430089823854D-02   0.2237297091113D-02  -0.1836862244112D-02
   0.9846147163735D-01  -0.2865917358729D-01  -0.3512130351705D-01
  -0.1038056298269D-01   0.1780609935022D-01   0.1410290196815D-01
   0.4527587763929D-02  -0.5832886430555D-02   0.4938686544146D-02
   0.5461849107662D-02   0.4446923416352D-02   0.6318308333414D-02
   0.4683089635276D-02  -0.2519761150677D-02   0.7621445009438D-02
   0.2201176070218D-02   0.2158476894255D-02   0.1224146130408D-02
  -0.1229555639767D-02  -0.1646308161371D-02  -0.1273415961956D-02
  -0.5867844365537D-02   0.8540125328954D-02  -0.6282808658723D-02
   0.3435318273575D-02   0.6671871334402D-02  -0.2538445718182D-02
  -0.4044857052970D-02  -0.3717922531152D-02  -0.9744905331976D-03
  -0.2121210929315D-02  -0.3685792953919D-02  -0.2659637285105D-02
   0.5719017182725D-03   0.2127712438640D-02  -0.3212490478688D-02
  -0.2045870677548D-02   0.5075564431194D-02   0.8123715433550D-03
  -0.3242896926054D-02  -0.2385383992543D-02  -0.1759880116225D-02
  -0.1782080687347D-03  -0.3664423399904D-02  -0.2377124016365D-02
   0.1354621689077D-02   0.2062982781373D-02  -0.1317414626178D-02
  -0.7086453596538D-03   0.1437821790385D-02  -0.2590936293671D-03
  -0.3857880929618D-02  -0.4177918026801D-02  -0.3097423934788D-02
  -0.4539151112036D-02   0.3189130312078D-02   0.4065661689785D-02
   0.3847162772680D-02   0.3162334372763D-02  -0.4335915856476D-02
   0.9598971584433D-01  -0.8960461185999D-01  -0.4560258788669D-01
   0.1691356028090D-02  -0.7478764763988D-01   0.1035209774353D-01
  -0.1857187149183D-01   0.6522805020400D-01   0.1199337055518D+00
   0.3191316677820D-02  -0.7198780238636D-01  -0.1798168903465D-01
   0.6654739924344D-01  -0.4782382705487D-01   0.1092168364698D+00
   0.1581669026238D-01  -0.5613396968612D-01   0.4790231484543D-01
  -0.6223607469507D-02   0.9952249185011D-01   0.9401871190636D-01
   0.5414332502300D-01   0.1060260268663D+00   0.6801567244956D-01
   0.1473974528588D-01   0.7091196942769D-01  -0.2337548871119D-01
  -0.6723080455494D-01   0.1189782143157D+00  -0.1444375038299D-01
   0.4262037037025D-01   0.5987131141605D-01  -0.1963989473996D-01
  -0.4316033324923D-01   0.1297907908781D+00   0.3545215427527D-02
  -0.3889394323861D-01   0.3569787539032D-01  -0.5483379088749D-01
   0.2406025414670D-01   0.5150375101584D-01  -0.1251931971593D+00
   0.4617075655848D-02  -0.6625107675227D-01   0.3517460530806D-01
   0.6417321587266D-01  -0.7235630720919D-01  -0.9715096016031D-01
   0.2842336523239D-01  -0.6820736914589D-01  -0.1506088719757D-01
   0.5001245506338D-01   0.4329660620995D-01  -0.1198604002056D+00
  -0.7194977348744D-01   0.1148665429877D-01   0.1670562350642D-01
$end                                                                            
