           2           1   1.00522215335766     
           3           2  0.969394400631674     
           4           3   1.87880727261968     
           5           2  0.962569051122932     
           6           5  0.989487906863176     
           7           5   1.00812223406358     
           8           6   1.01773244201304     
           9           1  0.941775132140856     
          10           2  0.962708387823586     
          11           5  0.961786362507417     
          12           6  0.969744464855800     
          13           6  0.969900677658082     
          14           7  0.982375838766673     
          15           7  0.986028845787669     
          16           7  0.976714762352101     
          17           8  0.984968611882280     
          18           8  0.987017028538119     
          19           8  0.988020591077300     
          21          20   1.01660932659847     
          22          21  0.925505368442726     
          23          22   1.61912690593067     
          24          21  0.980643966282843     
          25          24  0.987695460452470     
          26          25   1.00809330101357     
          27          25   1.00931160022615     
          28          20  0.938809219850810     
          29          21  0.962815418404920     
          30          24  0.968323198369688     
          31          24  0.975392621650408     
          32          25  0.971988075527174     
          33          26  0.985144366959269     
          34          26  0.984331444421832     
          35          26  0.985904292548170     
          36          27  0.985395878098541     
          37          27  0.983847994323555     
          38          27  0.986228493684223     
          39          22   1.30862204871381     
          40          39  0.977235454439213     
          41          40  0.993921746347099     
          42          41   1.80237445527164     
          43          40  0.958811710311704     
          44          43   1.00079032924889     
          45          44   1.00350142043171     
          46          45  0.977649871737885     
          47          46   1.33682382194556     
          48          47   1.29054891276323     
          49          47   1.30807974566392     
          50          39  0.876747919556436     
          51          40  0.940433623834913     
          52          43  0.965257479844772     
          53          43  0.967423523504395     
          54          44  0.968370285582161     
          55          44  0.967320755430609     
          56          45  0.950472408219073     
          57          45  0.957375416140643     
          58          46  0.914804628000351     
          59          48  0.908765726586359     
          60          48  0.924749326109334     
          61          49  0.921858616306224     
          62          49  0.927376547590794     
          64          63   1.01757332125080     
          65          64  0.943066068013002     
          66          65   1.58867275692878     
          67          64  0.986019961618981     
          68          63  0.926537900162457     
          69          64  0.965378922834472     
          70          67  0.985873271273759     
          71          67  0.978166867848401     
          72          67  0.968647151405241     
          73          65   1.31389764935639     
          74          73  0.979049106175778     
          75          74  0.923896842044598     
          76          75   1.65374404999252     
          77          74  0.979819504935501     
          78          77   1.00570589604914     
          79          78  0.989087156788609     
          80          79  0.982503213268881     
          81          80   1.31769650413753     
          82          81   1.30643159803577     
          83          81   1.31567876013733     
          84          73  0.852605593395489     
          85          74  0.946335369883511     
          86          77  0.969269081474649     
          87          77  0.970338346165617     
          88          78  0.972602615322658     
          89          78  0.965783399413090     
          90          79  0.958576157145475     
          91          79  0.968578482694301     
          92          80  0.909589486550472     
          93          82  0.919535773489325     
          94          82  0.924571577742311     
          95          83  0.910373627021364     
          96          83  0.921483889682399     
          97          75   1.27730704971103     
          98          97  0.985376982503644     
          99          98  0.942029904427451     
         100          99   1.64077647226396     
         101          98  0.971188574310383     
         102         101   1.00232793319518     
         103         102  0.922812112273040     
         104         103   1.49644434278006     
         105         103   1.49423987685307     
         106          97  0.909487507722486     
         107          98  0.954301966867415     
         108         101  0.976873213273046     
         109         101  0.968448192818705     
         110         102  0.969547547944059     
         111         102  0.968609936666719     
         112          99   1.26607865002695     
         113         112  0.995765701581051     
         114         113  0.964037111081565     
         115         114   1.63319316621511     
         116         113  0.954009991138077     
         117         116  0.999242669115678     
         118         112  0.875596932551050     
         119         113  0.921803988716689     
         120         116  0.964904831958125     
         121         116  0.964849174945665     
         122         117  0.862522919546930     
         123         114   1.25836337984203     
         124         123  0.996261297684520     
         125         124  0.961819066228707     
         126         125   1.61105710878580     
         127         124  0.917866008632089     
         128         127   1.00429257717117     
         129         127  0.995768386245840     
         130         123  0.885190394228439     
         131         124  0.949814952767126     
         132         127  0.948469330998790     
         133         128  0.855058033384419     
         134         129  0.976523330419451     
         135         129  0.981222763931501     
         136         129  0.979813998400764     
         137         125   1.25285504491640     
         138         137  0.981543010128953     
         139         138  0.934567469325491     
         140         139   1.60661139161476     
         141         138  0.984262233199248     
         142         141  0.988375835639796     
         143         142   1.00703436860625     
         144         142   1.00893971185102     
         145         137  0.912960754224595     
         146         138  0.949244005934559     
         147         141  0.965131367873930     
         148         141  0.971241121319365     
         149         142  0.968643349854384     
         150         143  0.986330697763306     
         151         143  0.984916036418853     
         152         143  0.985262284928847     
         153         144  0.984921532490448     
         154         144  0.986101838814225     
         155         144  0.985572629702281     
         156         139   1.29069592706967     
         157         156  0.969079696743838     
         158         157  0.936620218463790     
         159         158   1.58211292867621     
         160         157  0.982074606611182     
         161         160   1.00678790007188     
         162         161  0.903335967092219     
         163         162   1.50626912798685     
         164         162   1.49510169536036     
         165         156  0.912039392554418     
         166         157  0.948241638770697     
         167         160  0.973448521594341     
         168         160  0.959399811042407     
         169         161  0.977098399201821     
         170         161  0.965148028553401     
         171         158   1.31800688519795     
         172         171  0.978659561705992     
         173         172  0.945275956350917     
         174         173   1.60389436318693     
         175         172  0.944332652835245     
         176         175  0.998623859102392     
         177         175   1.00189015672415     
         178         171  0.868905199058606     
         179         172  0.954394516064551     
         180         175  0.954203209482167     
         181         176  0.835498017653944     
         182         177  0.975661840252967     
         183         177  0.982018585968386     
         184         177  0.982683890337691     
         185         173   1.30546872479597     
         186         185  0.978876347241100     
         187         186  0.940132454678648     
         188         187   1.60321868268364     
         189         186  0.969696788583958     
         190         189  0.987619087126128     
         191         190   1.00443063409692     
         192         190   1.00730909215407     
         193         185  0.884372081350510     
         194         186  0.944258316912887     
         195         189  0.970294114128403     
         196         189  0.967826542670650     
         197         190  0.962527460363221     
         198         191  0.983515935574532     
         199         191  0.987002040935333     
         200         191  0.984476217365976     
         201         192  0.979282075954216     
         202         192  0.982279386077692     
         203         192  0.981799726570408     
         204         187   1.28079374951622     
         205         204  0.982202402394344     
         206         205  0.937118833131269     
         207         206   1.61095963991413     
         208         205  0.983086255979553     
         209         208   1.00542042741148     
         210         209  0.886141505863321     
         211         210   1.53556212312375     
         212         210   1.48776042763814     
         213         204  0.905743719572516     
         214         205  0.954992824613651     
         215         208  0.967587395421715     
         216         208  0.976684842220280     
         217         209  0.981085815122128     
         218         209  0.966242761444902     
         219         206   1.29864136168734     
         220         219  0.965431041721144     
         221         220  0.947267892166042     
         222         221   1.59616033702569     
         223         220  0.977391370072555     
         224         223   1.00854237615249     
         225         224  0.897824857601293     
         226         225   1.51363441007829     
         227         225   1.50739200434747     
         228         219  0.884018364588526     
         229         220  0.954424290652907     
         230         223  0.974373046731876     
         231         223  0.967849597211469     
         232         224  0.964897576943303     
         233         224  0.978316269471125     
         234         221   1.32449582094983     
         235         234  0.978889238037098     
         236         235  0.930667637188836     
         237         236   1.62813632424207     
         238         235  0.977171061796872     
         239         238   1.01132420167398     
         240         239  0.982910067070940     
         241         240   1.01118388926475     
         242         234  0.869795656762687     
         243         235  0.947813750090674     
         244         238  0.969739221239570     
         245         238  0.959176649897658     
         246         239  0.971160683759773     
         247         239  0.967405952739379     
         248         241  0.971306747581091     
         249         241  0.981506030900520     
         250         241  0.974467960167562     
         251         236   1.29725619872022     
         252         251  0.977073128986219     
         253         252  0.938975807509825     
         254         253   1.59271577537877     
         255         252  0.978386597432259     
         256         255  0.982903063012395     
         257         256   1.00562118654808     
         258         256   1.00450825890361     
         259         251  0.862906708543143     
         260         252  0.951066408401188     
         261         255  0.947501612490361     
         262         255  0.967160322816361     
         263         256  0.970742464279983     
         264         257  0.984937786550656     
         265         257  0.965625825497823     
         266         257  0.986107040580744     
         267         258  0.987072657619031     
         268         258  0.975566247189237     
         269         258  0.986802024239312     
         270         253   1.30540133093337     
         271         270  0.977395471299168     
         272         271  0.977385450823765     
         273         272   1.87251024428650     
         274         271  0.966221792756379     
         275         274   1.00445920793545     
         276         275  0.932246135949902     
         277         276   1.48849006319488     
         278         276   1.48297243708560     
         279         270  0.912624215815553     
         280         271  0.946437302841947     
         281         274  0.965764456938375     
         282         274  0.976161364442805     
         283         275  0.974997091163191     
         284         275  0.946051226494378     
         286         285   1.02457679913978     
         287         286  0.983445542558868     
         288         287   1.87738098815413     
         289         286  0.953710251351384     
         290         289  0.982205073566457     
         291         290   1.00510705496761     
         292         290   1.01149420053054     
         293         285  0.954899454086034     
         294         286  0.945025733606201     
         295         289  0.977684305416533     
         296         289  0.972430718554817     
         297         290  0.969823147341823     
         298         291  0.984037179324490     
         299         291  0.986584677202321     
         300         291  0.983496871565099     
         301         292  0.982880809849856     
         302         292  0.984626346973699     
         303         292  0.984259066867429     
         305         304   1.03767988979161     
         306         305  0.987741286282215     
         307         306   1.89410226490135     
         308         305  0.935860283355958     
         309         308  0.959577790983338     
         310         309   1.66636246267302     
         311         309   1.27235945720369     
         312         304  0.946509344680002     
         313         305  0.931063109228983     
         314         308  0.961283825696976     
         315         308  0.973675571777277     
         316         311  0.944670077312550     
         317         311  0.926712936453864     
         319         318   1.00958619643739     
         320         319  0.936198563369510     
         321         320   1.58530088760638     
         322         319  0.978439061658788     
         323         322   1.01214589909574     
         324         323  0.926197215209471     
         325         324   1.42679020652126     
         326         324   1.55507160942976     
         327         318  0.946072778122518     
         328         319  0.956021639768468     
         329         322  0.960855573331428     
         330         322  0.950658045030559     
         331         323  0.963465761867591     
         332         323  0.971331511476770     
         333         320   1.32793904249678     
         334         333  0.968734593189561     
         335         334  0.902744282771116     
         336         335   1.63442820048368     
         337         334  0.966321697486612     
         338         337  0.998362309080659     
         339         338   1.00507930493081     
         340         339   1.00667337013314     
         341         340  0.953538551054719     
         342         333  0.891660346145876     
         343         334  0.953753498950577     
         344         337  0.971321353664072     
         345         337  0.969201442396162     
         346         338  0.974705831328317     
         347         338  0.971525452420939     
         348         339  0.967075147264638     
         349         339  0.969172130747714     
         350         340  0.967740452878690     
         351         340  0.964452609696631     
         352         341  0.891091306399587     
         353         341  0.895279201324347     
         354         341  0.900900449316431     
         355         335   1.30914268831652     
         356         355  0.990001170093944     
         357         356  0.939343875801137     
         358         357   1.59509648038157     
         359         356  0.976504479528681     
         360         359  0.995559843523470     
         361         360   1.00298749620640     
         362         360   1.00832554498969     
         363         355  0.906228172397512     
         364         356  0.942736024533906     
         365         359  0.960227949876113     
         366         359  0.968478676128427     
         367         360  0.965259787255338     
         368         361  0.986638230787658     
         369         361  0.981987966600330     
         370         361  0.986912011339814     
         371         362  0.956180686768014     
         372         362  0.978440081043880     
         373         362  0.962109946296910     
         374         357   1.27804976980759     
         375         374  0.995888791519227     
         376         375  0.951241586007670     
         377         376   1.59592431501973     
         378         375  0.973881162256595     
         379         378   1.01316746728356     
         380         379  0.889008675740427     
         381         380   1.51413588267619     
         382         380   1.50180727798420     
         383         374  0.917338170098530     
         384         375  0.930994949628650     
         385         378  0.975108769608638     
         386         378  0.965418648621587     
         387         379  0.957447636474163     
         388         379  0.973379832843879     
         389         376   1.29157932363313     
         390         389  0.978398718598433     
         391         390  0.943051523426355     
         392         391   1.54669113453287     
         393         390  0.956582085144531     
         394         393   1.00257932895797     
         395         393   1.00918227876208     
         396         389  0.863517097606929     
         397         390  0.950206920315838     
         398         393  0.967101669676974     
         399         394  0.981181608808715     
         400         394  0.986711590413512     
         401         394  0.969901182063563     
         402         395  0.981024339775379     
         403         395  0.966413346455654     
         404         395  0.983871105274398     
         405         391   1.35482650538872     
         406         405  0.965911357751319     
         407         406  0.960687206260004     
         408         407   1.60899151658614     
         409         406  0.947293259028489     
         410         409   1.00914353029493     
         411         409   1.00601631521867     
         412         405  0.870074559382259     
         413         406  0.923946299335844     
         414         409  0.955239723045097     
         415         410  0.978704499815432     
         416         410  0.978073269882793     
         417         410  0.984785485346254     
         418         411  0.978474769687193     
         419         411  0.984090438379561     
         420         411  0.979770486258607     
         421         407   1.27440139752892     
         422         421  0.992781894977046     
         423         422  0.946935965052203     
         424         423   1.57706671175787     
         425         422  0.970728260250476     
         426         425   1.00777886475984     
         427         425   1.00295028844040     
         428         421  0.888539724231075     
         429         422  0.946034153973206     
         430         425  0.966262006463188     
         431         426  0.985771287263318     
         432         426  0.982541817138975     
         433         426  0.983740775387649     
         434         427  0.979310595430226     
         435         427  0.981713010309388     
         436         427  0.961047091490415     
         437         423   1.31393762922833     
         438         437  0.985683907129435     
         439         438  0.929415315919305     
         440         439   1.53003165663881     
         441         438  0.984224062910791     
         442         441  0.950436955511998     
         443         442   1.67218962871637     
         444         442   1.28399313470358     
         445         437  0.897987745037570     
         446         438  0.937362542269640     
         447         441  0.948246666361501     
         448         441  0.970121643787632     
         449         444  0.915160063688094     
         450         444  0.926980193043139     
         451         439   1.34990414893613     
         452         451  0.970356542322229     
         453         452  0.950890371193927     
         454         453   1.59705714279929     
         455         452  0.965019698635578     
         456         455  0.990509158962463     
         457         456  0.912348570453122     
         458         457   1.50577318048888     
         459         457   1.49971687411629     
         460         451  0.868582716004035     
         461         452  0.951794727121268     
         462         455  0.955067532267858     
         463         455  0.974479401910517     
         464         456  0.978418627057728     
         465         456  0.957547327707128     
         466         453   1.30449919198336     
         467         466  0.989898553798806     
         468         467  0.945101686071016     
         469         468   1.60370140242263     
         470         467  0.979582910270597     
         471         470  0.995512950472056     
         472         471  0.994791129617954     
         473         472  0.984474757552831     
         474         473   1.25255110845526     
         475         474   1.34657527584965     
         476         474   1.34159273731137     
         477         466  0.902581573014916     
         478         467  0.924323549692804     
         479         470  0.975096049426445     
         480         470  0.966597745412387     
         481         471  0.973223399741773     
         482         471  0.974142095503971     
         483         472  0.967304602243068     
         484         472  0.960008462106326     
         485         473  0.918641890999141     
         486         475  0.871832340698062     
         487         475  0.920477108169717     
         488         476  0.912983994545465     
         489         476  0.862899222060027     
         490         468   1.30891964087811     
         491         490  0.982176683892125     
         492         491  0.917180866831779     
         493         492   1.61560172113599     
         494         491  0.987079419173431     
         495         494  0.999290843566976     
         496         495   1.00182035548227     
         497         496  0.975181024158590     
         498         497   1.30794820121296     
         499         498   1.32844309635799     
         500         498   1.30148429680709     
         501         490  0.869513946650204     
         502         491  0.953586203459781     
         503         494  0.961979511021841     
         504         494  0.970804659872033     
         505         495  0.966832712211333     
         506         495  0.973435193120674     
         507         496  0.961288233241721     
         508         496  0.962143564024232     
         509         497  0.917539466468436     
         510         499  0.884075586666102     
         511         499  0.918323179431109     
         512         500  0.919674944478348     
         513         500  0.915169942103834     
         514         492   1.32302133216399     
         515         514  0.970372490885597     
         516         515  0.922308132948044     
         517         516   1.63019592702043     
         518         515  0.986384868001067     
         519         518  0.999830909232127     
         520         519  0.892093339605726     
         521         520   1.51822811784912     
         522         520   1.50379428625285     
         523         514  0.899221582207110     
         524         515  0.950749340663173     
         525         518  0.973985786993513     
         526         518  0.975160132775736     
         527         519  0.973575628899768     
         528         519  0.980679671376390     
         529         516   1.31674154862986     
         530         529  0.959835440484968     
         531         530  0.946039042783274     
         532         531   1.62702379082521     
         533         530  0.972414621369360     
         534         533   1.00320453715394     
         535         534  0.895955481227219     
         536         535   1.52307416959997     
         537         535   1.49572061632188     
         538         529  0.906812830946215     
         539         530  0.950409946311381     
         540         533  0.973242502885488     
         541         533  0.971461418822920     
         542         534  0.965078524202773     
         543         534  0.960412877973565     
         544         531   1.29266168429615     
         545         544  0.978373176220102     
         546         545  0.946955080595194     
         547         546   1.62847589546091     
         548         545  0.972359613089677     
         549         548   1.00162773333076     
         550         549  0.913031909830904     
         551         550   1.47541800380726     
         552         550   1.52750766206566     
         553         544  0.929419711734647     
         554         545  0.948401517970071     
         555         548  0.970233069323124     
         556         548  0.971821472859852     
         557         549  0.978723129269813     
         558         549  0.967206854028195     
         559         546   1.28455746064254     
         560         559  0.992483707168774     
         561         560  0.978438935521708     
         562         561   1.89799649041939     
         563         560  0.973838190355265     
         564         563   1.00208892972363     
         565         559  0.903851821325845     
         566         560  0.898076403750403     
         567         563  0.964043390689132     
         568         563  0.971933097167602     
         569         564  0.863839680456965     
         571         570   1.01732732500083     
         572         571  0.933492421953387     
         573         572   1.61397288544205     
         574         571  0.976175363168887     
         575         574   1.00558407029204     
         576         575  0.930869861505344     
         577         576   1.49933237407484     
         578         576   1.48490858864575     
         579         570  0.937747921519760     
         580         571  0.959045394303359     
         581         574  0.968603409739231     
         582         574  0.978676302087818     
         583         575  0.975729009878305     
         584         575  0.950617997185266     
         585         572   1.30206915328745     
         586         585  0.959299799848478     
         587         586  0.967371996261031     
         588         587   1.89554244500549     
         589         586  0.963415785128615     
         590         589   1.00063325225337     
         591         590   1.00611730035860     
         592         591   1.00669239999576     
         593         592  0.966314821561086     
         594         585  0.899814313869936     
         595         586  0.957594351029724     
         596         589  0.971510185293430     
         597         589  0.973086223515651     
         598         590  0.977684113328518     
         599         590  0.966173066536052     
         600         591  0.970313601785258     
         601         591  0.969927259585717     
         602         592  0.965997378164372     
         603         592  0.966972447245222     
         604         593  0.906556906338524     
         605         593  0.909950741949741     
         606         593  0.764179036608379     
         608         607   1.02620962961573     
         609         608  0.992131983161258     
         610         609   1.84523306528488     
         611         608  0.936641658238989     
         612         611   1.00347742236002     
         613         611   1.01326839365828     
         614         607  0.934251291494625     
         615         608  0.945295193048846     
         616         611  0.968689037973326     
         617         612  0.981118583956841     
         618         612  0.981040336672522     
         619         612  0.959648501371052     
         620         613  0.985242936865365     
         621         613  0.968554189992167     
         622         613  0.986215217657230     
         624         623   1.02300984456613     
         625         624  0.922137075018681     
         626         625   1.58354478519979     
         627         624  0.958139285097915     
         628         627  0.966641217428420     
         629         628   1.64777727915438     
         630         628   1.28380057223384     
         631         623  0.953745587182737     
         632         624  0.953808306861142     
         633         627  0.952399042904090     
         634         627  0.971862377502061     
         635         630  0.930455294839523     
         636         630  0.934813901865101     
         637         625   1.34748021998002     
         638         637  0.976244621487753     
         639         638  0.970933077872898     
         640         639   1.88608775812989     
         641         638  0.971948117324134     
         642         641  0.988534071673741     
         643         642  0.915470878925361     
         644         643   1.49016892367995     
         645         643   1.50492121648343     
         646         637  0.859883097792459     
         647         638  0.949531241459964     
         648         641  0.973118105366544     
         649         641  0.974312765141486     
         650         642  0.974707046491321     
         651         642  0.974877715285989     
         653         652   1.00739664223124     
         654         653  0.983279784816854     
         655         654   1.90069789298176     
         656         653  0.958342159411030     
         657         656   1.00818801169041     
         658         657  0.891901834380326     
         659         658   1.50988814566461     
         660         658   1.48583842025230     
         661         652  0.929590188719196     
         662         653  0.942163641877862     
         663         656  0.972567144216201     
         664         656  0.975693648617882     
         665         657  0.970078775186751     
         666         657  0.983576571480477     
         667           1  0.957608018955318     
         668           3  0.950305988378687     
         669          20  0.954641551929130     
         670          41  0.949877297054601     
         671          63  0.956030173922189     
         672         272  0.955108294058168     
         673         285  0.951223075224263     
         674         287  0.952654265882576     
         675         304  0.952258747917219     
         676         306  0.945463624731871     
         677         318  0.965777392842602     
         678         561  0.953802365379383     
         679         570  0.956742961835059     
         680         587  0.951923835712459     
         681         607  0.955241267913612     
         682         609  0.949857055102497     
         683         623  0.950339330835010     
         684         639  0.950875910301743     
         685         652  0.955312877275826     
         686         654  0.952166743951272     
