   -0.39863531
    0.04219537
    0.20170275
   -0.38161274
   -0.07203836
   -0.01611036
   -0.12657907
   -0.12954853
    0.16658050
    0.04830259
    0.05535334
    0.04129363
    0.02076591
    0.05352964
    0.03688005
    0.05499841
    0.05892453
    0.05507824
    0.04178957
   -0.38557123
    0.00409859
    0.25232406
   -0.47637358
    0.11732744
   -0.46225903
   -0.13443890
    0.16042080
    0.05825940
    0.01968015
    0.31952782
    0.05216082
    0.05283067
    0.08103948
   -0.16741123
    0.01578232
    0.27205233
   -0.47874157
   -0.14350279
    0.21865767
    0.08379642
    0.07369343
    0.07652648
    0.07135437
   -0.18031564
    0.02228534
    0.26602207
   -0.49145191
   -0.13790393
    0.21680499
    0.08014267
    0.07969399
    0.07509107
    0.07009068
   -0.16199577
    0.01390851
    0.26339320
   -0.47791311
   -0.08033723
   -0.01999035
   -0.11618134
   -0.13092152
    0.20058725
    0.10066259
    0.05073426
    0.07538630
    0.03965037
    0.03757864
    0.03546839
    0.03811313
    0.04689107
    0.06028364
    0.05135211
   -0.17961158
    0.00772901
    0.26199812
   -0.47274882
    0.06766454
   -0.43822457
    0.21956254
    0.10032881
    0.04806640
    0.05983808
    0.31772831
   -0.19314401
    0.02046566
    0.27406874
   -0.49502729
   -0.06897362
   -0.10647599
    0.28226795
   -0.48446205
   -0.28700775
    0.22813314
    0.06801296
    0.07439752
    0.06614510
    0.07122601
    0.07836923
    0.22061790
    0.21672528
   -0.17699645
    0.01609287
    0.27664122
   -0.49984232
   -0.08728931
   -0.09740335
   -0.03513059
   -0.12914027
    0.21976761
   -0.25080547
   -0.24953996
    0.22722283
    0.07366506
    0.06780749
    0.06798926
    0.07971674
    0.07910350
    0.05901290
    0.10904206
    0.25728526
    0.22972769
    0.23326044
    0.24348051
    0.24978414
   -0.15923188
    0.01584581
    0.26914440
   -0.48892694
   -0.14331550
    0.22080815
    0.09970824
    0.07836146
    0.08762881
    0.06725711
   -0.17902278
    0.03170953
    0.27200207
   -0.50933313
   -0.06564370
   -0.00635932
   -0.20743293
   -0.07824085
    0.22157354
    0.07333060
    0.05795704
    0.03970664
    0.05858424
    0.06844478
    0.06956847
    0.06201215
    0.05115245
   -0.20928521
    0.02051474
    0.27382286
   -0.50654630
   -0.01779940
   -0.06081497
   -0.11319354
   -0.10867499
    0.24129558
    0.05093163
    0.04925935
    0.02990993
    0.03432055
    0.06144279
    0.04342558
    0.03517612
    0.04871415
    0.03968898
    0.03924025
   -0.17987025
    0.01750747
    0.26893383
   -0.45341873
   -0.07930150
   -0.01519338
   -0.13030447
   -0.11221678
    0.21598212
    0.07460892
    0.07013571
    0.08629256
    0.02658156
    0.04139492
    0.05513138
    0.06467399
    0.02957501
    0.05091888
    0.01741313
   -0.17421130
   -0.03586787
    0.27451596
   -0.44877926
    0.17386252
    0.10803481
    0.06740407
   -0.15950656
   -0.01181927
    0.25642972
   -0.47903487
   -0.08800118
   -0.09810448
   -0.09746463
   -0.05410672
   -0.14965992
    0.18823567
    0.11786505
    0.06398824
    0.07911518
    0.07492701
    0.07360669
    0.08211071
    0.08152584
    0.11535285
    0.11148261
    0.29339445
    0.29953111
    0.29833488
   -0.18443355
   -0.00703279
    0.26879215
   -0.46007956
    0.04795668
   -0.45042526
    0.26145269
    0.09755332
    0.05820275
    0.05643800
    0.35652332
   -0.16052150
   -0.05409108
    0.26948861
   -0.47808747
    0.21993907
    0.12230764
    0.10100239
   -0.18121133
    0.01978400
    0.27705399
   -0.50492780
   -0.07599394
   -0.10683089
    0.35815308
   -0.59911154
   -0.63720635
    0.21933526
    0.05071480
    0.08433814
    0.04201840
    0.04351067
    0.02244017
   -0.18478087
    0.02440948
    0.27676550
   -0.52902910
   -0.09183420
   -0.00878130
   -0.11694035
   -0.13172986
    0.23670572
    0.06366177
    0.07139697
    0.08070208
    0.02784449
    0.04390311
    0.02311421
    0.04289287
    0.04668014
    0.05406785
    0.05981163
   -0.17943073
    0.01888013
    0.26971053
   -0.50740404
   -0.08570860
   -0.07919324
   -0.10467885
   -0.06411642
   -0.14444815
    0.24738059
    0.06793334
    0.08392351
    0.05355357
    0.05315384
    0.06477157
    0.09968827
    0.08101906
    0.12454926
    0.11620233
    0.30668011
    0.30449253
    0.29678320
   -0.18751038
    0.01803854
    0.27140484
   -0.51559904
    0.11202247
   -0.47280547
   -0.13089891
    0.24687169
    0.06747961
    0.03669638
    0.34163279
    0.06218527
    0.03441349
    0.06064230
   -0.19345219
    0.03749326
    0.29532585
   -0.51077396
   -0.07136419
   -0.03345828
   -0.01217039
   -0.01399985
   -0.11752474
    0.04245991
   -0.03651461
   -0.05987454
   -0.04704148
   -0.04348509
    0.24413064
    0.04923064
    0.06673877
    0.06667786
    0.04877788
    0.20672706
    0.01172114
    0.03299698
    0.01171291
    0.02090648
   -0.17963633
   -0.01577432
    0.27772986
   -0.49840784
    0.22691679
    0.07316449
    0.08312738
   -0.17381575
    0.03607084
    0.20704237
   -0.38191474
   -0.07071561
   -0.00770554
   -0.11845565
   -0.11964773
    0.22493327
    0.08375391
    0.06896451
    0.05257775
    0.05102113
    0.05868746
    0.03696985
    0.04139952
    0.05990162
    0.03989132
    0.03177994
   -0.63144551
    0.29399096
    0.33153392
   -0.62646611
    0.32841606
    0.33810106
   -0.62958694
    0.32596969
    0.34374678
   -0.38333120
    0.02082026
    0.18872692
   -0.36117219
    0.12023192
   -0.45412230
   -0.13640540
    0.16250821
    0.06611984
    0.02397719
    0.31883585
    0.05814160
    0.05132816
    0.08506498
   -0.39878266
    0.02480768
    0.18569488
   -0.35621822
    0.07656917
   -0.43476421
    0.18236354
    0.07379009
    0.02887671
    0.04941674
    0.31446881
   -0.39935133
    0.03184937
    0.25741921
   -0.49442802
   -0.12976503
    0.15328309
    0.05556742
    0.05897585
    0.06530154
    0.05932881
   -0.17008202
    0.03193392
    0.19366245
   -0.36482547
   -0.06676319
   -0.00742351
   -0.20838725
   -0.07344526
    0.22784628
    0.08366599
    0.06736478
    0.04388152
    0.06206002
    0.07460265
    0.06674431
    0.06566024
    0.04964310
   -0.39556108
   -0.02283613
    0.26473987
   -0.45773603
    0.12850315
    0.07416649
    0.05766301
   -0.17727548
   -0.00601576
    0.26173191
   -0.50165502
   -0.07744413
   -0.09370516
   -0.09041778
   -0.05085074
   -0.14879994
    0.17668610
    0.11495424
    0.04732008
    0.06880624
    0.07870998
    0.06946031
    0.07136717
    0.07425465
    0.11673815
    0.10695726
    0.29672811
    0.29936031
    0.30150711
   -0.18205944
    0.01383918
    0.19413729
   -0.34373201
    0.05172356
   -0.44731657
    0.26133929
    0.09487973
    0.06101484
    0.05047722
    0.35614610
   -0.39200917
    0.03582365
    0.26169091
   -0.52629089
   -0.08062971
   -0.01026258
   -0.10807816
   -0.12628414
    0.16499775
    0.02314213
    0.04594365
    0.07046284
    0.02763409
    0.03986149
    0.02156690
    0.03405675
    0.04481104
    0.04253703
    0.05928345
   -0.16957080
    0.02128556
    0.19720881
   -0.38246960
   -0.08406887
   -0.08341842
   -0.10603632
   -0.06719331
   -0.14417101
    0.25404081
    0.07901139
    0.08716263
    0.06118805
    0.05717573
    0.06880209
    0.09908465
    0.08582015
    0.12640495
    0.11762982
    0.30562189
    0.30245128
    0.29589036
   -0.39455174
    0.04127711
    0.28005291
   -0.51803161
   -0.06538855
   -0.03514664
   -0.01069204
   -0.01379742
   -0.12048232
    0.04219246
   -0.03696689
   -0.06012205
   -0.04813446
   -0.04429682
    0.16548978
    0.02317625
    0.04729855
    0.05628442
    0.04403584
    0.20385635
    0.01390017
    0.02814756
    0.00979288
    0.01702664
   -0.16482077
   -0.01063147
    0.20875503
   -0.37255188
    0.23823387
    0.07986247
    0.09896767
    0.18244329
    0.06511598
    0.18565486
    0.06279792
    0.18737722
    0.07923171
    0.18356187
    0.06612789
    0.18555384
    0.07201923
    0.18637669
    0.09841159
    0.16971386
    0.07698972
    0.18280534
    0.07924145
