   -0.38718675
    0.02740891
    0.27525439
   -0.50155559
   -0.06520544
   -0.00114959
   -0.21940010
   -0.06962921
    0.15063231
    0.05583726
    0.03043884
    0.05712310
    0.03562569
    0.03293793
    0.07367950
    0.04709963
    0.08227232
   -0.17469691
    0.01395965
    0.27425480
   -0.48317834
   -0.04021053
   -0.07128584
   -0.14428248
   -0.11676448
    0.21087928
    0.07296697
    0.06307122
    0.06419917
    0.05035741
    0.07779939
    0.06683555
    0.04673313
    0.04274964
    0.03228185
    0.04203290
   -0.17528858
   -0.03508753
    0.19333899
   -0.35280183
    0.21818282
    0.11452523
    0.11591989
   -0.36518147
    0.00934363
    0.19071641
   -0.38209878
    0.06963987
   -0.47591234
    0.18820383
    0.07732180
    0.05286135
    0.05771108
    0.33530863
   -0.33553438
    0.04441343
    0.20163475
   -0.37776312
   -0.05575921
   -0.06895277
    0.01027463
    0.02426130
    0.05438507
    0.04456831
    0.05458072
    0.04996938
    0.04419586
    0.02940034
   -0.39320504
    0.02633060
    0.27419361
   -0.46981181
   -0.07703655
   -0.08272621
   -0.01944881
   -0.13860278
    0.23046395
   -0.20855063
   -0.25244357
    0.16585743
    0.03460960
    0.06094658
    0.05907139
    0.06146884
    0.04833205
    0.06391155
    0.08799494
    0.22789496
    0.22265339
    0.24261307
    0.24679891
    0.24795394
   -0.18151555
    0.02060351
    0.26332516
   -0.50844528
   -0.07546178
   -0.00798175
   -0.04478149
   -0.04345222
   -0.06105066
   -0.07618191
    0.13933483
   -0.42161573
    0.19132552
    0.07047529
    0.05878002
    0.05927400
    0.04739264
    0.03289667
    0.07343643
    0.05040040
    0.34602125
   -0.08179598
    0.01447237
    0.27529793
   -0.47170296
   -0.07655063
   -0.07858610
   -0.01736525
    0.07512220
    0.07019427
    0.06962988
    0.07091486
    0.08057312
    0.07383121
    0.07549917
   -0.18016996
    0.01167291
    0.27064868
   -0.48861046
   -0.08519118
   -0.08611558
   -0.03021945
   -0.13595384
    0.23382906
   -0.24354605
   -0.25831681
    0.19901071
    0.09228257
    0.06288081
    0.07348676
    0.06786078
    0.07598403
    0.08764877
    0.08444399
    0.23252958
    0.24579471
    0.24851341
    0.24561107
    0.25139504
   -0.17901508
    0.03357227
    0.27302625
   -0.47495832
   -0.06478838
   -0.09789056
    0.36189412
   -0.58272262
   -0.60445349
    0.21869153
    0.04646888
    0.05668952
    0.06537079
    0.05009647
    0.03711822
   -0.16743355
    0.00295779
    0.27066155
   -0.48075792
    0.11068338
   -0.48083888
   -0.12706294
    0.18214246
    0.09457028
    0.07564471
    0.32396699
    0.05872635
    0.06216679
    0.04933667
   -0.17985392
    0.01360380
    0.26880858
   -0.48770898
   -0.07638680
    0.01088546
   -0.04021453
   -0.03834927
   -0.03124971
   -0.03045044
   -0.03584043
    0.21337121
    0.08956715
    0.06277816
    0.05143217
    0.05423531
    0.01508264
    0.05629890
    0.01541223
    0.04028464
   -0.19100957
    0.02559056
    0.26189080
   -0.50944886
   -0.07266711
   -0.00705646
   -0.10499875
   -0.11640181
    0.22421035
    0.06205920
    0.04827878
    0.06173473
    0.02846283
    0.02571795
    0.02301550
    0.04628721
    0.03243050
    0.04681584
    0.04592262
   -0.07133766
    0.01092514
    0.20393068
   -0.35640482
   -0.07799670
   -0.07510444
   -0.01917477
    0.10795872
    0.07568512
    0.08825442
    0.05649978
    0.07983681
    0.06085132
    0.07757077
   -0.39198253
    0.03414043
    0.21351757
   -0.37887464
   -0.07043252
   -0.08373300
   -0.02248944
   -0.14510721
    0.23552285
   -0.26111432
   -0.27202248
    0.16769100
    0.06712331
    0.05378778
    0.02963778
    0.06789435
    0.07954078
    0.10036560
    0.07138508
    0.19316478
    0.24723644
    0.24946769
    0.24838660
    0.24639585
   -0.38250850
    0.03969965
    0.20427006
   -0.36927531
   -0.05264147
   -0.08916754
    0.36630055
   -0.61845328
   -0.62101975
    0.15881491
    0.05175297
    0.03649663
    0.04427603
    0.02840135
    0.03018848
   -0.38272235
    0.02258864
    0.19387425
   -0.37640084
    0.11416847
   -0.47738145
   -0.13853761
    0.15922287
    0.07320511
    0.04221119
    0.33701532
    0.06923314
    0.04536492
    0.06260653
   -0.38389265
    0.03639059
    0.27693151
   -0.51970011
   -0.11808874
    0.15692527
    0.04455849
    0.04513016
    0.05804955
    0.04006563
   -0.19723343
    0.01363335
    0.22606320
   -0.33207462
    0.08780094
   -0.48812471
    0.23096326
    0.07605413
    0.05199028
    0.04502365
    0.33750579
   -0.38751416
    0.03308969
    0.26392085
   -0.50575596
   -0.07545923
    0.01176404
   -0.04460036
   -0.03964655
   -0.03083791
   -0.03252278
   -0.03330419
    0.14576121
    0.05103635
    0.05188223
    0.05536464
    0.05296105
    0.02421525
    0.03106897
    0.02058941
    0.02054787
   -0.09406674
    0.02330662
    0.27861304
   -0.52094590
   -0.06750282
   -0.07666723
   -0.01948474
    0.05828641
    0.05762668
    0.05909507
    0.06715989
    0.07435963
    0.08253699
    0.07068134
   -0.18966334
    0.02177370
    0.26649265
   -0.47195977
   -0.11309218
    0.28293693
   -0.48542675
   -0.27319433
    0.23746823
    0.07561791
    0.09639880
    0.09006922
    0.24441492
    0.23888301
   -0.15370758
    0.01795659
    0.19724387
   -0.37589940
   -0.07873052
   -0.07099326
   -0.09966933
   -0.05033477
   -0.13182813
    0.19237695
    0.10976241
    0.05683857
    0.08489382
    0.05367050
    0.06363601
    0.08984292
    0.08836725
    0.11349333
    0.12253930
    0.28728156
    0.29608085
    0.27364060
    0.17792546
    0.09196212
    0.17568727
    0.06709797
    0.21733173
    0.06299488
    0.18057710
    0.08048321
    0.19507130
    0.05501488
    0.17402628
    0.06899569
    0.18937267
    0.06998963
    0.17751866
    0.06171701
    0.18225452
    0.08697078
