   -0.39389289
    0.03007551
    0.26694162
   -0.48492034
   -0.07445602
    0.01212390
   -0.04054578
   -0.04103570
   -0.03325576
   -0.03296042
   -0.03232557
    0.16627793
    0.04356852
    0.05649551
    0.04890889
    0.03131235
    0.03916226
    0.02900809
    0.03628117
    0.02231743
   -0.17872545
    0.01367298
    0.20430086
   -0.35125954
   -0.08225054
   -0.08208705
   -0.10145042
   -0.03481975
   -0.17124856
    0.22085934
    0.09655196
    0.07940766
    0.07589040
    0.06904461
    0.07357893
    0.08036125
    0.07844318
    0.08680583
    0.10786534
    0.28408433
    0.26867046
    0.25325675
   -0.38757857
    0.03674204
    0.20140123
   -0.37108552
   -0.08048802
   -0.01113893
   -0.11154535
   -0.11404482
    0.17916227
    0.04473951
    0.06118629
    0.06710190
    0.03036380
    0.03806950
    0.04023554
    0.02839904
    0.03215767
    0.03543727
    0.04314111
   -0.39460687
    0.02971627
    0.26579180
   -0.49191983
   -0.07192175
   -0.07633675
   -0.01308218
   -0.15154842
    0.22873582
   -0.23054088
   -0.26926780
    0.16647273
    0.05050628
    0.04133868
    0.06363313
    0.06669032
    0.03893922
    0.07939899
    0.07496522
    0.23448730
    0.23525263
    0.26191528
    0.22041465
    0.24359616
   -0.18073006
    0.02585337
    0.20689663
   -0.36759250
   -0.07260547
   -0.10314602
    0.28921058
   -0.50114509
   -0.28542916
    0.24932745
    0.06851721
    0.08031888
    0.08495362
    0.08430294
    0.06378503
    0.23247432
    0.19806956
   -0.39503517
    0.03524930
    0.27269056
   -0.50943892
   -0.04486445
   -0.09295238
    0.36681302
   -0.61253597
   -0.62105690
    0.15435991
    0.02138350
    0.03029235
    0.03510475
    0.02083840
    0.02269098
   -0.17306659
    0.02940254
    0.21142077
   -0.36407567
   -0.02695492
   -0.12190273
   -0.11235671
    0.23366053
    0.07597584
    0.06988265
    0.04516055
    0.05193698
    0.05095627
    0.02866081
    0.04184758
    0.06551191
   -0.39104310
    0.03031497
    0.26479665
   -0.51817631
   -0.02325064
   -0.06277166
   -0.10949704
   -0.11070290
    0.15911969
    0.03185166
    0.03765214
    0.04004618
    0.03170723
    0.04781843
    0.02399590
    0.03610130
    0.04568389
    0.03683674
    0.04001153
   -0.08248285
    0.02121498
    0.27153478
   -0.49165258
   -0.06136868
   -0.06418880
   -0.00384513
    0.06244460
    0.05634141
    0.06426091
    0.06058498
    0.05485546
    0.05790224
    0.06103021
   -0.15599018
    0.01495435
    0.26850889
   -0.47041159
   -0.01772346
   -0.11503510
   -0.11852044
    0.20785171
    0.07575705
    0.04924849
    0.06383847
    0.03442228
    0.04377058
    0.05635920
    0.04329760
    0.04391976
   -0.17647151
    0.01871398
    0.19927673
   -0.35201642
   -0.01221328
   -0.12778004
   -0.11382288
    0.21669653
    0.09517813
    0.03916302
    0.06323201
    0.04650941
    0.06372389
    0.04566809
    0.05892975
    0.03321784
   -0.39359110
    0.03049178
    0.20321096
   -0.35591151
   -0.07042684
   -0.07420250
   -0.09406172
   -0.05079736
   -0.15605859
    0.17519707
    0.05600351
    0.03725041
    0.03986205
    0.05936917
    0.07131843
    0.07291400
    0.05439134
    0.11319600
    0.12529155
    0.29257310
    0.27365358
    0.29282056
   -0.38728230
    0.03209546
    0.28069570
   -0.49321189
   -0.01347484
   -0.11218253
   -0.10905174
    0.15532859
    0.03449382
    0.02310066
    0.04138341
    0.03189826
    0.03470471
    0.04446449
    0.03784207
    0.04814935
   -0.19531264
    0.02993416
    0.21159563
   -0.34827744
   -0.10030020
    0.29086798
   -0.49116200
   -0.28219476
    0.22674155
    0.10004061
    0.07542456
    0.09114072
    0.20327874
    0.23376938
   -0.39337001
    0.03154304
    0.26653651
   -0.49719452
   -0.02023732
   -0.05971868
   -0.10528823
   -0.10650138
    0.16875185
    0.03592045
    0.03665116
    0.04080268
    0.04513907
    0.04297184
    0.02729196
    0.04096269
    0.03905355
    0.03640907
    0.03419197
   -0.16756489
    0.02714171
    0.19570176
   -0.35801456
   -0.08154301
   -0.00600176
   -0.04402466
   -0.04808157
   -0.07446598
   -0.06484278
    0.14659702
   -0.44083584
    0.22623648
    0.07573637
    0.07694664
    0.08271194
    0.03909086
    0.06413678
    0.03250294
    0.05564442
    0.33065307
   -0.39403980
    0.04181910
    0.27505446
   -0.54318322
   -0.06137174
    0.00463991
   -0.05133333
   -0.03875956
   -0.06096780
   -0.07505264
    0.13790912
   -0.43999081
    0.18050494
    0.03186723
    0.03918022
    0.03946394
    0.07298187
    0.01979553
    0.04532299
    0.03052972
    0.34341987
   -0.17416444
    0.03474525
    0.30340237
   -0.52976900
   -0.08070223
   -0.06680861
   -0.08993108
   -0.06002933
   -0.14989078
    0.24484034
    0.04029488
    0.04281683
    0.09962940
    0.04514203
    0.03463453
    0.07554377
    0.08412770
    0.12791220
    0.10518357
    0.31343497
    0.29750677
    0.30669275
   -0.18508069
    0.05900567
    0.29056740
   -0.47929292
   -0.08655183
    0.35871255
   -0.58579515
   -0.58951475
    0.22392949
    0.02157325
    0.04368623
    0.04878231
   -0.20191246
    0.04348032
    0.29344727
   -0.46808164
   -0.05947425
   -0.09902912
    0.36727318
   -0.64967191
   -0.65195471
    0.18773703
    0.04067914
    0.05108735
    0.05081838
    0.03152715
    0.04689571
   -0.19542184
    0.03954920
    0.29093822
   -0.48615846
   -0.10582175
    0.37141082
   -0.60859109
   -0.58084841
    0.19490261
    0.05938074
    0.03941071
    0.05640128
   -0.19551457
   -0.02340477
    0.27460993
   -0.49180372
    0.20042718
    0.08358153
    0.10425922
   -0.16991982
    0.03535652
    0.28091963
   -0.49718165
   -0.06634126
    0.01474390
   -0.04189563
   -0.03163616
   -0.03406254
   -0.02577952
   -0.02884862
    0.22385301
    0.08027631
    0.06131622
    0.04949623
    0.03024077
    0.03086246
    0.04989314
    0.03562589
    0.03646049
   -0.18587127
    0.03206749
    0.26826356
   -0.47140396
   -0.00641172
   -0.11455469
   -0.10289283
    0.22497324
    0.03869159
    0.03008332
    0.05449553
    0.05394005
    0.05752145
    0.05237641
    0.03850849
    0.02614960
   -0.15615215
    0.01496829
    0.26458969
   -0.49079735
   -0.07957709
   -0.00459684
   -0.03420409
   -0.04595484
   -0.05124861
   -0.07769290
    0.14550801
   -0.40754566
    0.18593691
    0.09369356
    0.05527390
    0.07851122
    0.00080193
    0.07420013
    0.02791695
    0.06824783
    0.33285628
   -0.16552484
    0.02562618
    0.19460017
   -0.33761537
   -0.06718831
   -0.00053897
   -0.21703851
   -0.06246246
    0.25013532
    0.07565373
    0.08185182
    0.07499629
    0.03740815
    0.04601854
    0.07421743
    0.04922875
    0.06383236
   -0.14370698
   -0.01639085
    0.19978879
   -0.32153390
   -0.10207775
    0.01017693
   -0.03993219
   -0.04425796
   -0.03103699
   -0.02459669
   -0.03355934
    0.30777971
    0.31161132
    0.30485084
    0.14287743
    0.10421490
    0.10938568
    0.04607064
    0.05943073
    0.02332537
    0.01926376
    0.02084718
    0.18020132
    0.07483452
    0.18221099
    0.08496554
    0.18792925
    0.08275511
    0.17972945
    0.07000219
    0.18207669
    0.09375413
    0.18322088
    0.05355550
    0.19011882
    0.08436101
    0.17607739
    0.10116118
    0.18037523
    0.08857636
    0.10616858
