   -0.38641735
    0.03251066
    0.20183237
   -0.37707553
   -0.02408040
   -0.05997366
   -0.11757903
   -0.10653360
    0.16441910
    0.05819787
    0.03720946
    0.03890142
    0.03764068
    0.05316526
    0.03352282
    0.04679727
    0.04277885
    0.04575605
    0.03447980
   -0.39121984
    0.02198787
    0.27037601
   -0.51315546
   -0.07039926
   -0.08790089
   -0.03271029
   -0.13925370
    0.22663628
   -0.19145310
   -0.31949196
    0.15140543
    0.06171265
    0.04491244
    0.03066521
    0.07081734
    0.06715035
    0.07974186
    0.09429610
    0.23471775
    0.27153070
    0.27132295
    0.22816204
    0.23016632
   -0.18208698
    0.01704491
    0.26354401
   -0.48905335
   -0.07780580
   -0.00594701
   -0.11370316
   -0.11144412
    0.22699646
    0.08178012
    0.06996312
    0.05390235
    0.02015931
    0.03537620
    0.03239691
    0.04600476
    0.03616088
    0.04890671
    0.04277302
   -0.16774046
    0.03470124
    0.19038075
   -0.36069027
   -0.06091448
   -0.00743329
   -0.02613497
   -0.03692610
   -0.04612596
   -0.05984950
    0.12773694
   -0.42046738
    0.22727338
    0.08692957
    0.04765139
    0.06314126
    0.02084310
    0.04321260
    0.05280171
    0.05169285
    0.35692562
   -0.39550444
    0.02683138
    0.27322096
   -0.49668431
   -0.06625422
   -0.00883111
   -0.22212746
   -0.05656256
    0.16574622
    0.03079904
    0.05884561
    0.05216866
    0.03490724
    0.07895586
    0.06438711
    0.05427038
    0.03137582
   -0.19539328
    0.01367669
    0.27122012
   -0.48256435
   -0.02041501
   -0.05728388
   -0.11246909
   -0.11006947
    0.22665822
    0.07633113
    0.04282112
    0.02999555
    0.03239131
    0.05458038
    0.03934129
    0.04302379
    0.04450448
    0.04248975
    0.04353594
   -0.17972318
    0.02416057
    0.19624488
   -0.34228033
   -0.05931540
   -0.10648118
    0.28849520
   -0.48802069
   -0.28357828
    0.21165349
    0.09058743
    0.07469530
    0.07224547
    0.08045538
    0.08264428
    0.23209247
    0.21905636
   -0.38899505
    0.02335232
    0.27854659
   -0.48095916
   -0.02105735
   -0.11187181
   -0.10260548
    0.15012351
    0.05019601
    0.03591225
    0.04920104
    0.03996987
    0.04340573
    0.04263719
    0.03550471
    0.02042208
   -0.18859895
   -0.01697788
    0.20439162
   -0.35835219
    0.22607971
    0.09647349
    0.08281681
   -0.39444849
    0.02281461
    0.28019778
   -0.51645607
   -0.01909724
   -0.05303397
   -0.11151141
   -0.11211234
    0.14738110
    0.06252496
    0.01742627
    0.02564633
    0.03792226
    0.05470203
    0.01811601
    0.04924783
    0.04208947
    0.04742973
    0.04725257
   -0.18967490
    0.04039632
    0.26519449
   -0.47355658
   -0.09089628
    0.36977561
   -0.65107372
   -0.61552718
    0.22008268
    0.04686200
    0.03585425
    0.02670599
   -0.16792661
    0.02949420
    0.20356345
   -0.36503107
   -0.07321563
   -0.00712766
   -0.11794979
   -0.11408155
    0.20840957
    0.10166683
    0.06524868
    0.04763230
    0.02755341
    0.05313851
    0.03975829
    0.04924876
    0.05486676
    0.04377439
    0.03082841
    0.18306423
    0.06518723
    0.19478298
    0.09471778
    0.17868870
    0.10087475
    0.18776833
    0.07572217
    0.18851548
    0.08258216
