   -0.40557164
    0.05974174
    0.12708750
   -0.57444756
   -0.08862627
    0.17528642
   -0.01452692
    0.00697298
    0.02652521
    0.03636899
   -0.40537293
    0.03759391
    0.27171215
   -0.49537031
   -0.02327430
   -0.08865893
    0.37193544
   -0.66368811
   -0.63150201
    0.14938961
    0.05436334
   -0.00441008
    0.01482083
    0.03138715
    0.01579176
   -0.16937341
    0.02933223
    0.27565487
   -0.47891240
   -0.03857066
   -0.04387797
   -0.01191200
   -0.02218859
   -0.12539091
    0.04720904
   -0.04226831
   -0.07040841
   -0.04398622
   -0.04953322
    0.17533681
    0.07152063
    0.00921678
    0.03875871
    0.01544090
    0.18442028
   -0.03169066
    0.03534891
    0.00106498
    0.03388262
   -0.20657524
    0.03389494
    0.27195757
   -0.51254820
    0.08081816
   -0.46853893
    0.20772234
    0.03816937
    0.04027485
    0.03569868
    0.37386237
   -0.18711744
    0.03355686
    0.26458964
   -0.48412339
   -0.05738800
    0.00849650
   -0.04035865
   -0.03834067
   -0.03313803
   -0.03452775
   -0.03795778
    0.23600323
    0.05122704
    0.03143779
    0.03271763
    0.02218299
    0.03108668
    0.03795711
    0.04894916
    0.05027219
   -0.18837702
    0.01296577
    0.29392973
   -0.45918883
   -0.06711318
   -0.03549845
   -0.00721376
   -0.02442204
   -0.11124796
    0.04207809
   -0.04444361
   -0.05572083
   -0.04643025
   -0.04161754
    0.19589925
    0.08390267
    0.04994183
    0.07456879
    0.02666849
    0.16261380
    0.04315980
    0.01474296
    0.04306236
    0.03250524
   -0.19109024
   -0.03553886
    0.23517405
   -0.51291842
    0.21450621
    0.11215621
    0.07169502
   -0.19585812
    0.02971271
    0.23612670
   -0.54303752
   -0.02729678
   -0.03711403
   -0.12955275
   -0.09836688
    0.18841081
    0.02602170
    0.07605804
   -0.01192495
   -0.00283369
    0.07183667
    0.08691024
    0.02754317
    0.01638777
    0.05948327
    0.05318179
   -0.23552204
    0.06250439
    0.26256851
   -0.52972289
   -0.03735090
   -0.05298824
   -0.06560297
   -0.03678654
   -0.11109684
    0.17102590
    0.02227016
    0.00794744
    0.00842111
    0.05854605
    0.05570473
    0.04441039
    0.05766368
    0.12646473
    0.12214832
    0.30263956
    0.25468548
    0.26712776
   -0.21400022
    0.06812071
    0.20580795
   -0.61888886
   -0.03340227
   -0.00792522
   -0.02990688
   -0.03755285
   -0.06464477
   -0.07023577
    0.13980283
   -0.39960952
    0.16600614
    0.03250141
   -0.00952846
    0.00302891
   -0.01585561
   -0.01592811
    0.05653466
    0.04616016
    0.34415542
   -0.24699998
    0.02612571
    0.21658373
   -0.62621375
    0.14778798
    0.03211458
    0.02457879
   -0.27745561
    0.06655881
    0.26753289
   -0.55884950
   -0.04099746
   -0.00480084
   -0.11376443
   -0.11279303
    0.15536666
    0.02930759
    0.02150264
   -0.01245780
    0.03373962
    0.07896443
    0.03397956
    0.03182729
    0.07511361
    0.01756592
    0.03955043
   -0.24897885
    0.07264795
    0.12505038
   -0.58423424
   -0.03745681
    0.00652740
   -0.03189525
   -0.03991255
   -0.03680655
   -0.03581450
   -0.04345155
    0.16834733
    0.01536568
    0.00406056
    0.00144903
    0.00213248
   -0.00251830
    0.05787824
    0.05618506
    0.07394508
   -0.74436331
    0.11214319
    0.26937056
   -0.60803227
   -0.03183860
    0.28989481
   -0.52197750
   -0.29267010
    0.00068453
   -0.06055088
   -0.02946715
   -0.02707434
    0.24591515
    0.19987788
   -0.20481469
    0.07396284
   -0.08406068
   -0.53875942
   -0.00712336
   -0.01354898
   -0.09638906
   -0.08788024
    0.16993556
   -0.03995361
    0.00884099
   -0.00892849
   -0.03350918
    0.05553956
    0.05187718
    0.02396319
    0.01418253
    0.03663565
    0.05272451
   -0.59824344
    0.06814512
    0.26556568
   -0.53128754
   -0.01565411
   -0.00693466
    0.09497232
   -0.02938256
   -0.02367635
    0.00763683
   -0.06201307
   -0.01083512
   -0.07553546
   -0.05849206
   -0.20928965
    0.06635595
   -0.05161304
   -0.50371129
   -0.05816178
   -0.00232707
   -0.10314795
   -0.11728485
    0.18744942
   -0.01539933
    0.02495287
    0.03647355
    0.00949247
    0.03497860
    0.01668703
    0.05204164
    0.04145249
    0.05952824
    0.03328946
   -0.61143603
    0.09093108
   -0.02202930
   -0.48672476
   -0.02532636
   -0.06573263
   -0.08957305
   -0.05396181
   -0.14182876
    0.06342242
   -0.02122874
   -0.01470366
    0.00944869
    0.04956644
    0.04160044
    0.04675998
    0.09430268
    0.09936841
    0.11640779
    0.30937138
    0.31741359
    0.29054886
   -0.64566991
    0.08621137
   -0.02036510
   -0.49427201
   -0.02891219
   -0.04394757
   -0.08339383
   -0.05026381
   -0.14198029
    0.05727305
   -0.05141761
   -0.02758727
    0.00101404
    0.03372869
    0.02953702
    0.04468699
    0.06862297
    0.12855268
    0.10830959
    0.31482506
    0.27082274
    0.30733962
   -0.68506788
    0.09329122
   -0.01467861
   -0.51038682
   -0.02432400
   -0.01868239
   -0.01337151
   -0.01461448
   -0.12681220
    0.04287177
   -0.03767752
   -0.06406294
   -0.05124527
   -0.04701111
    0.01374541
   -0.07569123
   -0.00693070
   -0.02731100
    0.02183210
    0.17878828
   -0.00442618
    0.01968811
    0.01212032
    0.01732613
    0.18172131
    0.00162168
    0.18479715
   -0.04924539
