$grad                                                                           
  cycle =      1    SCF energy = -1018.60991361729   |dE/dxyz| =  0.607842
   95.03899299660006     83.79072635018368    167.71716032053232      n 
   94.29192168518352     84.54431416894218    170.21961763398525      c 
   91.44158280251877     84.65864533578031    170.63146088155793      c 
   90.56807745404632     84.37762695263966    172.75207511089951      o 
   94.66930390810822     81.97590589002257    167.22531627738502      h 
   95.09707536979198     83.25652389787120    171.61419777032748      h 
   94.99957315663943     86.46288559867445    170.53181539622472      h 
   90.02011479159177     85.12494708011451    168.60343583679315      n 
   87.33061708528443     85.51754215175460    168.90290157630736      c 
   86.10272945817816     83.17448524432059    170.05270211044217      c 
   86.62170761249264     81.02165858015138    169.35898032636550      o 
   86.08169366234672     86.08906758899656    166.38187539294489      c 
   86.70358093316406     88.82445269133447    165.43567293348926      c 
   88.21221462672074     90.09903023969700    166.69559964027934      o 
   85.60371612170184     89.46812858379440    163.44793963746667      o 
   90.77544385448461     85.42256872659269    166.87656529080633      h 
   87.05514596016467     87.13876434920881    170.17454466410746      h 
   86.75745678905402     84.78577772484026    164.93262927530182      h 
   84.03080550211097     85.90275024516360    166.52833433205350      h 
   84.37683485435485     83.66037462153987    171.82327748040422      n 
   82.92722323045400     81.72616826373077    173.09761028676857      c 
   80.38092710144045     81.41961449647326    171.73750831583354      c 
   79.19512830766766     83.26584089970156    170.96669487536181      o 
   82.52962411839088     82.48929138017004    175.85627336839835      c 
   84.96716460832047     83.17836504633628    177.26513203590798      c 
   84.32846891058774     83.64047869781858    180.03835494008192      c 
   86.92623738858319     81.08929019871339    177.02945191201150      c 
   83.88387489250766     85.46600223278681    172.18095218471785      h 
   83.98827718466210     79.96240515096964    172.96714077547475      h 
   81.26098489795272     84.11730144148675    175.90687311695899      h 
   81.59811621969546     80.91909860072219    176.81649972336305      h 
   85.76293699487390     84.90406714207637    176.44954156873635      h 
   85.95206412516669     84.38968764663092    181.04523241871732      h 
   82.79080434389792     84.99103281157622    180.21360156065666      h 
   83.74614006335042     81.87899948686382    180.91768253855051      h 
   88.44263635799469     81.37761540339054    178.38303355193307      h 
   86.05428968773148     79.26440825745235    177.39077128408732      h 
   87.77133936688814     81.10638257887348    175.15892763683760      h 
   79.58350292848941     79.05131751239651    171.49025635795462      n 
   77.33446967770308     78.27541884018221    170.15024944949448      c 
   76.15171025697514     76.02854746025936    171.50653286953411      c 
   77.31280276121464     74.79236507725219    173.07873883677468      o 
   77.95199240042930     77.41303151972177    167.41327266765015      c 
   78.31892014842059     79.67868834140756    165.67823204024302      c 
   80.27891739981420     75.71105745624821    167.39646155033194      c 
   80.58289979240604     77.60012991280087    172.27559074892977      h 
   75.97261413916388     79.82112865639768    170.06427189085940      h 
   76.32835051850113     76.33394747007836    166.71990275413575      h 
   78.90991403334301     79.06046929321944    163.81192370983592      h 
   76.55499265331244     80.71320599396127    165.48179860563170      h 
   79.75614587331285     80.94989056540336    166.41536958617610      h 
   80.52977423462981     74.87176080733326    165.53899345920496      h 
   81.96440089696978     76.79654002970574    167.84816275646463      h 
   80.07717249603660     74.20331464980184    168.77847780193733      h 
   70.92311578449157     64.91468854991993    172.68010623623547      n 
   72.76497720650354     64.39753619552738    174.64045010777676      c 
   74.48200417644554     66.68762611662490    174.97771723505278      c 
   75.18398978331004     67.90084922621203    173.11706058382026      o 
   74.30751501207743     62.06351025609075    173.81301248432331      c 
   75.69146713031471     60.86726433029266    175.95058217599905      c 
   77.82133504451798     61.73321996319343    177.12915106650652      c 
   74.95595319874479     58.62737504555658    177.25955812349156      c 
   78.43607184991282     60.20123460633967    179.10910994002276      n 
   76.72095293626185     58.28367404865433    179.24682048450080      c 
   73.01886376013211     56.86733223891745    176.92322849530609      c 
   76.52023725906137     56.26753814818120    180.92219594356720      c 
   72.84998031548068     54.86302411653139    178.57584188141419      c 
   74.57498657727659     54.57346087509505    180.56312514298139      c 
   71.54821879061848     64.59654213353764    170.89069412336426      h 
   71.72005243176928     64.02757200092083    176.38178664763487      h 
   72.97353795418194     60.71575105192540    173.00369528671735      h 
   75.60401543879645     62.66344334505228    172.32349112242656      h 
   78.95440976809925     63.36687406352268    176.72899741780287      h 
   79.97999890206923     60.43322858298938    180.19915223775868      h 
   71.69917918808530     57.12043215046694    175.39190816135977      h 
   77.86674643974686     56.03322452669263    182.44039636737224      h 
   71.36017977303106     53.48972707217238    178.36786871227235      h 
   74.44741611534857     52.97137675832858    181.81769482838322      h 
   75.16166472837477     67.37189570409734    177.30959437542725      n 
   76.77620801071460     69.58421073781591    177.70058539306848      c 
   79.42594868702409     69.10480542625736    176.63027837307294      c 
   80.56853469251494     67.12118059324771    177.02116005570610      o 
   76.81212270893879     69.92680102372502    180.58061117459962      c 
   76.36819238132040     67.24961111178511    181.55796225673041      c 
   74.44106352037879     66.20065617407671    179.68770856102171      c 
   75.97106066670364     71.22408818625351    176.72860065944633      h 
   78.57528390184416     70.73993606187840    181.26317153140710      h 
   75.26813576475301     71.16744624287143    181.14792027457872      h 
   78.12185230427325     66.17004055087327    181.44343695532191      h 
   75.70448673059005     67.20072119557821    183.50214367601512      h 
   74.51681472367125     64.14836337770826    179.58009026956302      h 
   72.52676369615732     66.79674996692034    180.20888011646610      h 
   80.41591158149919     70.98833602600385    175.28272882115155      n 
   82.67304627621377     70.61557512845506    173.77890648759171      c 
   83.75473760040256     73.18650943296393    173.03635267849569      c 
   82.65782248012698     75.17269205199786    173.49849011992694      o 
   82.03318681947898     69.04710834702156    171.43200908009541      c 
   79.38401066364794     72.53588022981185    174.81203914790291      h 
   84.09288124058847     69.60686729735893    174.89988737838055      h 
   83.74152339425923     68.50509881244707    170.44374180232160      h 
   81.02513271110705     67.34793682234192    171.99819390481747      h 
   80.81634915585754     70.11441442627373    170.16580575590115      h 
   85.97666300475572     73.09577750600999    171.84490944924582      n 
   87.22987427256417     75.34008309710815    170.91214649737597      c 
   88.48239570120606     74.77736286778462    168.38092492031879      c 
   89.13967675481747     72.62036426565270    167.81833683442861      o 
   89.27859002387972     76.28313023824947    172.74153852907438      c 
   91.28058740827224     74.26230069844650    173.13200522221987      c 
   93.51261407510218     75.16818985967009    174.69954429674473      c 
   95.25165843142996     73.06275294784965    174.93750779710376      n 
   96.95073465704101     72.73650634760837    176.74582532363542      c 
   97.44558742490183     74.59047808800402    178.37027952788449      n 
   98.35439274166846     70.65215865228224    176.79064323720183      n 
   86.88492689651856     71.41881714134882    171.64929373987084      h 
   85.81340130885444     76.82555030425911    170.67716360374217      h 
   90.11285069543617     78.00610290075579    171.97563938537346      h 
   88.39321219698671     76.72889302612890    174.54442474266563      h 
   90.41741630810061     72.64458380297748    174.08199288854553      h 
   91.99833064935557     73.64293457829235    171.29674780866435      h 
   94.44587133109235     76.76200704353774    173.76743464789098      h 
   92.86390318189410     75.75887317531370    176.57115785871071      h 
   95.06048434450868     71.64071758431193    173.67559221422329      h 
   96.17085550766109     75.99168068994499    178.59890447068722      h 
   98.55351332292700     74.13500003798349    179.86080123775540      h 
   97.91258462825860     69.15823634655050    175.69280533313167      h 
   99.33986466973279     70.32677853012808    178.40154534455999      h 
   88.80358773957899     76.76305085483077    166.85745305004227      n 
   90.47093239966510     76.60490542998768    164.68574825361921      c 
   93.14629591093919     76.91995708640239    165.71795202707690      c 
   93.66074068621165     78.74649146242604    167.06298363293237      o 
   89.93730558168731     78.64807956827171    162.70425133309774      c 
   87.40403925898102     78.24102250860138    161.38319114222710      c 
   92.06354091254792     78.61523217286397    160.75834383076099      c 
   85.15138763748088     78.94114090333360    163.01639235858323      c 
   88.35185695488882     78.51690264014746    167.50139413398077      h 
   90.29916137987487     74.72519920281533    163.84030929787122      h 
   89.93762022067993     80.49488893381398    163.64715163950922      h 
   87.37207779657804     79.40695394072678    159.68077286881149      h 
   87.26983765213193     76.26679350412753    160.79621489517521      h 
   91.73282662939825     80.04058065344684    159.31399288907465      h 
   93.89272659543232     79.00194385525940    161.62143819426404      h 
   92.20496765696244     76.77178169088370    159.85589500066575      h 
   83.43932674601325     78.92896179779154    161.88591664842136      h 
   84.93233061923334     77.63363668744950    164.57877444015642      h 
   85.38714998581005     80.83020586428827    163.79058345855603      h 
   94.81878293031716     75.10705820711193    165.20603055524344      n 
   97.39044341323360     75.30009998445512    166.08503148907042      c 
   99.33966629291668     75.52019656910429    163.96176543659490      c 
  101.53394074170912     76.01375496048338    164.50047553819678      o 
   98.12171008123063     73.17786864858857    167.88224069057694      c 
   97.95812639171230     70.56375114796127    166.51808666835004      c 
   97.72588041613882     70.61942143791289    164.17261440958367      o 
   98.04369189125777     68.68297506245828    167.92747008629962      o 
   94.36511549249113     73.57986764661808    164.14631543029645      h 
   97.51584309745283     77.10982706758790    167.10471328378699      h 
  100.08143510645186     73.43202802516495    168.46674233431725      h 
   96.90724643723352     73.15378788215503    169.54466809382552      h 
   90.60469047082636     67.74803084168811    161.33800748354156      n 
   89.24236483631213     68.11551267074478    163.66944353315560      c 
   90.35785367062070     66.39956322688545    165.70403359263776      c 
   90.99465142020654     64.22852807469467    165.20010602401925      o 
   86.45434686384672     67.42493334294070    163.21377110346731      c 
   84.95676736449333     67.62017050638192    165.65913235878654      c 
   85.33760959267222     69.14758367829336    161.19480890751052      c 
   90.47334779068171     65.99673101750443    160.56596920661332      h 
   89.43128528198662     70.08985364904002    164.24411462011804      h 
   86.41031476352556     65.46727156510845    162.54161032297571      h 
   82.95992530026706     67.29529970694509    165.30429942907978      h 
   85.59872070938953     66.21709627110583    167.01741173931018      h 
   85.19233617313790     69.49557520272131    166.46725633561806      h 
   83.38539762517385     68.61866798395684    160.83737477910520      h 
   85.38321615690744     71.10117348636636    161.83620145147586      h 
   86.40755260893108     69.00172597004641    159.44689359799776      h 
   90.48415650173631     67.40377301209051    168.01593557081421      n 
   91.24629108533500     66.03519741834712    170.25242747052283      c 
   88.97340897282699     65.99892188167723    172.02107772601568      c 
   87.96199338289782     67.99654070093639    172.64243377823908      o 
   93.39607238905164     67.45094273722194    171.57207139248578      c 
   94.11912375996656     66.29666562316000    174.06260442389382      c 
   95.96819717347644     64.43460421504129    174.18362673728649      c 
   93.02447771225090     67.14714141590288    176.29893272416885      c 
   96.76709513330185     63.49848025593542    176.48957476441825      c 
   93.83325581734181     66.22782350001208    178.60800102332442      c 
   95.72506110693419     64.42274732137962    178.70672994432906      c 
   89.92714390731757     69.21763246931661    168.27881049574958      h 
   91.80000515668418     64.12287009215022    169.71333570852988      h 
   95.02227140259203     67.52515384277851    170.29994872701070      h 
   92.68053446249750     69.36249466634300    171.87583555801322      h 
   96.82431164559112     63.76476523651073    172.45827710661641      h 
   91.54087788447298     68.55045264908020    176.24664292282705      h 
   98.24944465792049     62.10064615777330    176.57051494181741      h 
   92.98971266168921     66.93786523101919    180.32855516750666      h 
   96.38906176202659     63.72944681069629    180.50684553943228      h 
   88.13446241775392     63.72632542203344    172.69896138564232      n 
   85.92050550887241     63.39051729584903    174.26548814758218      c 
   86.67920943749549     63.32650207002471    177.05445839301561      c 
   88.29450933360214     61.87823224981361    177.87005290665741      o 
   84.58720228208597     60.90676292212557    173.61013581479298      c 
   83.54672810203523     60.94991296338017    170.97953957753214      c 
   81.03401982844086     61.56818045639377    170.55246864595051      c 
   85.07647773753544     60.39704471598043    168.92698914764404      c 
   80.05936030338871     61.61466715482067    168.12873673955681      c 
   84.11386044234025     60.48238841196616    166.49930352846229      c 
   81.60571270296083     61.09095679734992    166.08648267066505      c 
   89.17799429608900     62.17179661839589    172.30776741030030      h 
   84.67051739562658     65.00031311851912    173.91479504674862      h 
   85.93987447325307     59.36225924938649    173.83330442543959      h 
   83.06323662604096     60.60077384731159    174.96724727608290      h 
   79.83058275822360     61.96922207692749    172.15082952827566      h 
   87.02697161703433     59.86760360280788    169.21405930783951      h 
   78.08379865397089     62.03989134510429    167.84338360609073      h 
   85.35311998270674     60.04467621586763    164.93992562341020      h 
   80.87298582709317     61.11528013580932    164.18396244388884      h 
   85.49276930739617     65.00122832489060    178.52498401065080      n 
   86.05289318214469     65.06003799596377    181.19533660611191      c 
   85.12924346484580     62.62729055156301    182.43424901988419      c 
   83.44940472347584     61.32123005776930    181.49664955859970      o 
   84.85999110487099     67.36953401021050    182.42694702489672      c 
   86.08059967297159     69.76980067019510    181.53235321071810      c 
   88.47885013464108     70.40649552647066    182.38938069050815      c 
   84.82860606217282     71.41620885447723    179.92157957278818      c 
   89.56840132472813     72.67156208205168    181.67600176659141      c 
   85.91907956589066     73.67936191740363    179.19475514594109      c 
   88.28888909209743     74.31810189859632    180.08932194251886      c 
   83.91270868083032     65.91245065122413    177.91012655570273      h 
   88.11048621061306     65.14055241489403    181.43026596569928      h 
   82.83694221970158     67.38714696092573    182.02484750988734      h 
   85.14821295249914     67.22329385355675    184.46172652562583      h 
   89.45059402099025     69.14915045102278    183.67283285037607      h 
   82.95439060174280     70.94716457298260    179.27698546192255      h 
   91.41107937801409     73.19505098329432    182.38730446051292      h 
   84.88855606002420     74.93495521255015    177.96187457677229      h 
   89.16725172676543     76.09470585791991    179.61287049938616      h 
   86.30832304849986     62.00076752334369    184.56905752733971      n 
   85.51223637652156     59.85949301392883    186.05986717021818      c 
   86.55579818074571     57.32802813635643    185.12710417129415      c 
   87.42254945781306     55.77849807038194    186.60402587896542      o 
   87.54321405496526     63.26019705363001    185.36537552690757      h 
   86.12098334365314     60.12633552205173    188.01243751422729      h 
   83.44265423234552     59.70143433676648    186.01911212870334      h 
   86.32371248208965     56.87808280612814    182.65171663857970      n 
   87.30253991148447     54.59627117461548    181.53120846557164      c 
   89.90982477931875     54.94606314281155    180.29466177080246      c 
   91.30157213255914     53.13227972135462    179.94986780800070      o 
   85.51443592946531     53.60629547441249    179.46974416908998      c 
   85.72535802086432     55.27013331544141    177.38524644520820      o 
   82.81375173831167     53.39378255785216    180.45216356273511      c 
   85.45641583011334     58.14509725890338    181.51364816488902      h 
   87.49710271866181     53.18071323227306    183.02900523654401      h 
   86.18696015641338     51.71582298944592    178.91282072551644      h 
   85.02363907644106     54.39241234817990    175.88696625796052      h 
   81.61970483652303     52.63128889400879    178.96814375451433      h 
   82.73375197717303     52.14651507644150    182.07740922937620      h 
   82.11336571681105     55.25116583184244    180.96641085635466      h 
   90.46467961094928     57.32695118720710    179.65727799338921      n 
   92.84309326746202     58.11683462928849    178.56558151346110      c 
   93.35431240148151     56.80912080273443    176.02508415629953      c 
   95.48862079164174     56.41101814012190    175.23822520850575      o 
   95.04354755058826     57.68634629783600    180.39889847307498      c 
   94.70150391798771     58.95676621780763    182.89294517511959      c 
   95.88708860354281     58.03604641835894    184.99786206119290      n 
   93.29445208057504     61.02902346125001    183.55132649596473      c 
   95.21617490725131     59.52828397633716    186.85726955141649      c 
   93.64367423346953     61.37288155976317    186.08824372441856      n 
   89.12362480352992     58.67593593212982    179.75913230833086      h 
   92.66299044274881     60.13749604452013    178.14048445694738      h 
   95.24665105771930     55.65660362729873    180.70261957344880      h 
   96.77638583014698     58.36002471704850    179.49651405202107      h 
   92.07432507946393     62.22194597723266    182.46137522122550      h 
   95.81587772422421     59.34118106114386    188.78078843977536      h 
   92.81000565519388     62.70009208634551    187.20265623734474      h 
   91.27670712777794     56.13993177238947    174.74350331777296      n 
   91.42676695139924     55.24781454384491    172.16664014511886      c 
   91.72684381826990     57.49446382824538    170.37943527240762      c 
   91.20447579947030     59.65445008710314    171.07268433454607      o 
   89.02547710081117     53.79291713517698    171.49824074091921      c 
   88.67189136358580     51.47602468292005    173.16637428581117      c 
   85.85844524743941     50.63741679546094    173.24763268228872      c 
   84.24056868486754     52.36505576486790    173.53161724258524      o 
   85.39635222174891     48.35122274207323    173.08345262398464      o 
   89.55497596306388     56.62136550595542    175.41688741254680      h 
   93.09825542371190     54.03980112221754    171.99311984778032      h 
   87.39962755051116     55.04927294986183    171.74443603377819      h 
   89.10747989586703     53.22469397022087    169.51895731271600      h 
   89.79821659721357     49.89821402737525    172.47834721072482      h 
   89.23601465206573     51.91020011857653    175.10699891809409      h 
   92.49602135019937     56.94462285208552    168.04258345341597      n 
   92.35894376848317     58.77695320619031    166.03275023382525      c 
   91.01439845071953     57.61180098045030    163.76512920207495      c 
   90.90315149445387     55.32491310567654    163.43898945544260      o 
   94.93435801077318     59.83598404020611    165.14814058185343      c 
   96.12669554413583     58.02592434149570    163.59187173821493      o 
   96.57256963573984     60.62964760258217    167.37644811948269      c 
   92.86550305600812     55.13367723832275    167.54232529266281      h 
   91.27334296299883     60.38699505152584    166.73761557819020      h 
   94.50313510561659     61.53001570626827    164.01444855188979      h 
   97.85145959049714     58.56956350788770    163.33792903553717      h 
   98.31646529652465     61.48420891082887    166.69924600539335      h 
   95.57051150780742     62.03923174627724    168.48003417474894      h 
   96.98225041642947     59.01290099030333    168.57668892933910      h 
   73.27431724900651     47.80208307836207    186.51081577125973      n 
   75.82804031639606     47.60564614681289    187.51664526495338      c 
   77.35237620565934     49.95375272229197    186.74738442521132      c 
   77.86310092028521     50.37810765678027    184.54797549558347      o 
   77.11182401904421     45.24111152678783    186.46327144008421      c 
   79.66370078052863     44.72793783674680    187.71833252585344      c 
   80.88070535948579     42.36535790540206    186.56447889484141      c 
   83.61575510860010     41.96026540010430    187.36656656126911      c 
   83.80794189795685     41.31530774886284    190.10697634815224      n 
   72.65515476534271     46.40517808758449    185.33417895867257      h 
   75.72376132394653     47.54460951213211    189.58614204151556      h 
   75.86612280202668     43.63105555480597    186.77777016646559      h 
   77.39239201057127     45.53631144996669    184.44221625679833      h 
   80.89001916843517     46.36235256405386    187.42851643133721      h 
   79.35896074313548     44.50894139971169    189.74572520822230      h 
   79.75155108668125     40.70704852566794    187.03204980104400      h 
   80.87983976201095     42.56989056861589    184.51553526600901      h 
   84.43124796537933     40.41044646495203    186.28153919274612      h 
   84.71649950075332     43.66603257630534    187.01090657202465      h 
   85.65805357263463     40.96342802825654    190.59651216872021      h 
   83.15937065379566     42.79386887618716    191.19281053535823      h 
   82.74079479662448     39.73231449892613    190.50171186588781      h 
   78.19061402184970     51.39787760721238    188.68598253674014      n 
   79.76467663614270     53.56587073431689    188.24662416257266      c 
   78.39432193722762     56.05906297749832    187.84824495916550      c 
   79.60844735410589     58.04005561047730    187.62101898350659      o 
   77.44659808945684     51.23867751025432    190.43332145149247      h 
   81.08193758684945     53.83111073877211    189.81501823793411      h 
   80.87813693184776     53.22817940041490    186.53045918167385      h 
   78.00384051291245     60.91495047538513    193.45749670535730      n 
   80.60844619778258     61.68580368835199    193.76511881519627      c 
   81.27454865350791     63.56804583458481    191.66138782248507      c 
   82.41979807975876     65.54128323352367    192.07614303040916      o 
   82.31468500441611     59.36295632072324    193.64833451800254      c 
   81.79750988884142     57.50648825423829    195.79356463673440      c 
   79.29446273088153     55.94466475524666    195.60972717327274      c 
   78.13556752004045     55.88119307904501    193.54350171509637      o 
   78.64799869215848     54.80248484505930    197.56129311697939      o 
   77.76803607641796     59.01398339225688    193.09199581289644      h 
   80.84900606216526     62.68292974210571    195.57508922643427      h 
   82.01545954714683     58.43114236314690    191.82857533655169      h 
   84.27851617546831     59.99474732908969    193.73540713200717      h 
   83.31613634380282     56.10887113327584    195.86175486622386      h 
   81.78499239517586     58.48132756498267    197.61244653370028      h 
   80.39298555705135     62.92666071365198    189.39017106611877      n 
   80.70889689931121     64.57740274005728    187.24454269765863      c 
   79.62058645018118     67.20411091852284    187.80996540592088      c 
   80.88614085760224     69.11884994888104    187.55646286501428      o 
   79.74072600398588     61.14757169119474    189.05303104521158      h 
   82.71545498364763     64.82371407210506    186.80373166753236      h 
   79.72783850689275     63.74064373174313    185.64064437897429      h 
   78.44997585912895     69.51259917272334    193.05356833832960      n 
   79.83378660356645     70.76003011958602    195.03727226033863      c 
   82.11595263919693     72.17219886224892    193.98109554310781      c 
   82.83786766252958     74.09995469986750    195.04984856359852      o 
   80.72349679084850     68.97632859866277    197.14461112047786      c 
   82.06000904422839     70.49587032500224    199.12192093439543      c 
   80.97875033292247     71.92140292517483    200.98395411359894      c 
   84.71083010483105     71.01276749344822    199.22427911490379      c 
   82.78413383504046     73.19830681027375    202.32708115424310      n 
   85.07823010119520     72.73107678115269    201.24172675711728      c 
   86.77895310240656     70.27892267252754    197.76752045902350      c 
   87.45536573944996     73.64551890098225    201.87050154592811      c 
   89.12472589090470     71.23291270169092    198.36285759709330      c 
   89.46498137656181     72.87769821779568    200.40159121406691      c 
   77.93047568937486     67.69113249065163    193.31726864321419      h 
   78.62632428895377     72.22854846899506    195.88976115300193      h 
   79.07383903684752     68.00727393520273    197.92090702933834      h 
   81.99310005101127     67.57726841191173    196.31084301298208      h 
   79.01410565261251     72.08707230579031    201.46775861249216      h 
   82.44169243213513     74.73060490978014    203.41335881628777      h 
   86.53248397843099     69.01133828124058    196.18165611557080      h 
   87.65480068852544     74.92975445959263    203.43995482402249      h 
   90.72544887246289     70.70072784457896    197.21036014982960      h 
   91.33534389289517     73.58114534041013    200.78641070536554      h 
   83.27921844525217     71.23304238016577    191.94515241244494      n 
   85.73282316912106     72.15453399017940    191.14523969567401      c 
   85.72106828343304     74.77758582842354    189.86806198229306      c 
   87.36302793491164     75.34467609587003    188.34705826285887      o 
   87.09165719195870     70.26209174521219    189.44042425991626      c 
   88.22762329148459     68.02084942708990    190.84727961288436      c 
   89.60293591810805     66.11319002691083    189.09417796826722      c 
   88.85774484848424     65.90979006921046    186.85841121441993      o 
   91.35269163606918     64.82846905212821    190.02651461440351      o 
   82.69215920370426     69.53909674538926    191.27857668600501      h 
   86.88096181665101     72.47558145355680    192.86365134869931      h 
   85.74948107312851     69.59357931007844    188.02441586492208      h 
   88.59086627607543     71.28004536646189    188.44760446981414      h 
   89.57811477556689     68.64193616974396    192.28140033077008      h 
   86.72781392892810     66.94955426429321    191.78820625644423      h 
   83.97181393867908     76.42633419451924    190.65698321787298      n 
   83.92707238081243     79.05826360433554    189.87831758076680      c 
   82.89373931487532     80.70149044329683    192.06194905578522      c 
   80.70352598843724     81.46029233172266    192.03077238674240      o 
   82.25939310695249     79.46016532721002    187.51273210473934      c 
   82.79538152451978     77.56672082677929    185.38003475943015      c 
   82.58300069073263     82.17391913609440    186.57737795819119      c 
   81.17608144461839     75.19849286966715    185.52124090725292      c 
   82.70847124080879     75.89870365196721    191.98005757692613      h 
   85.88405590009670     79.61461747505932    189.47246888405601      h 
   80.30130983500690     79.21290775363251    188.13891103540618      h 
   82.39465552828177     78.49779658653512    183.58318525327414      h 
   84.78531769656921     77.03780030494886    185.38541719026250      h 
   81.21182176838060     82.56131010731642    185.09882635262900      h 
   82.26418650056883     83.48871944950922    188.12110486852742      h 
   84.46807699805544     82.47215297932492    185.83182090156330      h 
   81.64232404412087     73.93109210550733    183.97026969696319      h 
   81.46829373507094     74.15707119784399    187.26652052130888      h 
   79.18117246874894     75.68848222370704    185.42040741867859      h 
   84.40948361915628     81.54863266743548    193.93681891848490      n 
   86.63554098526457     80.58708877853142    195.24240242088257      c 
   88.93355575048709     80.46305894115707    193.49847041499856      c 
   89.43388233538229     82.25029559622422    192.11933572088870      o 
   86.08427799958751     78.19844207950283    196.78534750926374      c 
   83.57727237769060     78.30384325792835    198.22525793341916      c 
   83.56802157050362     80.06916814962912    200.56544213823551      c 
   84.45105688120462     82.24380347239412    200.30468540711669      o 
   82.63773726671475     79.16260626845529    202.53965593192726      o 
   83.39053554701123     82.64666806279621    195.13692220296846      h 
   87.08438835372480     82.09222280205314    196.60362669646841      h 
   85.98606338772004     76.55081798601853    195.55343647287489      h 
   87.59742388533476     77.93962526243098    198.16470396006815      h 
   82.03704583375333     78.90788499641879    196.98752037663147      h 
   83.09611911554930     76.41034880183628    198.85167953456656      h 
   90.42519960211442     78.42035169538465    193.71389419114496      n 
   92.87388309183959     78.11346330509365    192.47613096791048      c 
   92.62610358483659     77.61357408120675    189.61081012513654      c 
   93.04007328092671     75.56525055271651    188.63201550573055      o 
   94.29738331480836     75.97069818117279    193.78344500404270      c 
   96.94932708862056     75.60806445575534    192.70370077731610      c 
   97.69993479538407     76.68379080480518    190.81510478398110      o 
   98.35367885347154     73.91738511023698    193.98369936776953      n 
   89.82119778880900     76.95751223021186    194.77327956741755      h 
   93.92404224947232     79.89383936112448    192.67592494129474      h 
   94.44274794857967     76.38294098918763    195.79753559799605      h 
   93.28159396267330     74.19597850123039    193.49924473663137      h 
  100.21820373460493     73.86798570785147    193.59469626415921      h 
   97.79458296469505     73.27842213079981    195.68344648785552      h 
   91.93239050691635     79.61609662119646    188.24688022591903      n 
   91.35272827275307     79.22020133612696    185.61705098968162      c 
   93.66398325600765     78.72829489989802    183.95934744947280      c 
   93.37664987493984     77.59823185788446    181.94264407393470      o 
   89.69506913260030     81.33636136216437    184.56878877807409      c 
   91.06771731177565     83.85117507713767    184.59057568271172      c 
   91.88547115781205     84.77017746813233    186.54747976112958      o 
   91.27757800571401     85.01189155218046    182.34490711675707      n 
   91.43981371818585     81.26375289369011    189.10567434643735      h 
   90.26161250712096     77.44827054340922    185.49834809776218      h 
   89.05564805883760     80.81762588796806    182.68345805808059      h 
   88.06908667844117     81.50612225249438    185.82524821909391      h 
   92.22670909460471     86.66264422530176    182.26639789321260      h 
   90.70665648501223     84.20052629642475    180.72179893123149      h 
   95.95867141380944     79.47450533815456    184.70095882767149      n 
   98.15050923408916     78.69609520692556    183.25111004732139      c 
   99.33721173033778     76.25387385107969    184.25749433847557      c 
  101.55970654483528     75.79747921197520    183.80819969040243      o 
  100.00574272333623     80.92362251752844    183.31676011833918      c 
   98.75972693554520     82.84719749200863    185.08330141359440      c 
   96.79409493484283     81.31244161379875    186.55832860278238      c 
   97.53869070035248     78.29071257332562    181.32077441215068      h 
  101.83127367510086     80.29392373436455    184.02985401054462      h 
  100.30890952891664     81.70504629412837    181.44125956149364      h 
  100.09461280743621     83.75811169058929    186.34851589371019      h 
   97.80190939327211     84.31495353126097    184.00249731309319      h 
   97.65639761050957     80.34627706111182    188.17207880191225      h 
   95.26671559242739     82.49840580621321    187.24448916776961      h 
   97.79122458531194     74.55354785861358    185.35524065754450      n 
   98.91385335605692     72.20329045280593    186.22217054924093      c 
  100.44300474192713     71.14426614873814    184.03515518013759      c 
   99.52420406972894     71.01728922648718    181.90474253712264      o 
   96.93955250760398     70.18459841263777    186.92398975175163      c 
   95.93031921590887     70.84691908851110    189.29885913578374      o 
   98.09800179282081     67.53109665880201    187.05790986974762      c 
   96.17027757428579     75.07914671106616    186.22691389233168      h 
  100.10095875472805     72.56007177821662    187.88652623678502      h 
   95.45840533586043     70.22146941045804    185.46214042077318      h 
   94.41841738456411     69.87085917240663    189.58041092808864      h 
   96.69306536112305     66.24517904491965    187.83864236966647      h 
   98.62948092535194     66.85733522695213    185.19252916517993      h 
   99.74831232317126     67.52347495997844    188.28069555747732      h 
  102.70674379261875     70.25510808344259    184.63153620660117      n 
  104.11517705484926     68.58209816215459    182.99709473022330      c 
  103.90826513142308     65.95640374758356    184.20715085376119      c 
  104.41592772486105     65.64592542279689    186.45090973561489      o 
  106.90127194127730     69.40544221590324    182.66614835093256      c 
  107.01462626833209     71.71113956502970    180.93227477121752      c 
  108.21127091307741     69.97345137393093    185.17874170896914      c 
  103.31070562858277     70.32965187430769    186.43798072899051      h 
  103.17770572681071     68.58703250438238    181.15659371247361      h 
  107.86423229240803     67.81416873506622    181.75530670648999      h 
  108.94407057287383     72.38842678349407    180.76157512664093      h 
  106.30726086207862     71.25024021553762    179.06038017449956      h 
  105.85828882953135     73.22341853616311    181.71148469380563      h 
  110.23212553842545     70.17166491167818    184.87665623972580      h 
  107.50461873153809     71.73686203806264    185.96458902580207      h 
  107.88680047022430     68.45781971602484    186.52668043067462      h 
  103.12651170290273     64.12534896945496    182.67873950290306      n 
  103.73647341289761     61.49176003160075    183.04600822775342      c 
  103.63636456430497     60.30607956396312    180.32895929163701      c 
  102.45902818821052     61.55933612094368    178.71557086391053      o 
  102.00498022666356     59.97218543706886    184.80358130865261      c 
  103.44144522687918     57.64288765488525    185.73660505819925      c 
  101.70219127632204     55.60310342077058    186.79274535946612      c 
  100.53263297066091     54.09191016938257    184.64351381406678      c 
   98.81326709163579     52.11582814820879    185.66724655760908      n 
  104.73735805200700     58.26101315634765    180.04546957875704      o 
  102.59198354328379     64.43802102437282    180.85017919099548      h 
  105.67720427461302     61.39915190781252    183.77610098514060      h 
  101.42199861611590     61.16055217263116    186.38978636024535      h 
  100.30137500655263     59.44167967554010    183.76947698735202      h 
  104.51238254720168     56.88471554427717    184.14628343307876      h 
  104.78471789037194     58.26029192429773    187.17356275305559      h 
  102.80597208655564     54.36325165295274    188.01186969409835      h 
  100.21930027284242     56.51799664369554    187.89052959475242      h 
   99.44086680633254     55.35060495891301    183.43564144611960      h 
  102.00291333871755     53.20641226760198    183.50508997589958      h 
   98.03957051083412     51.09317059599274    184.20363915240804      h 
   99.78870219763412     50.93456402831823    186.87012969208089      h 
   97.37239049992436     53.00720801778218    186.63323172220214      h 
   79.80599492691732     52.63188382754770    170.82757292480784      o 
   81.42267560382319     52.37764307351378    171.68552820126851      h 
   78.77059392140168     53.43727970699270    172.08228362137103      h 
  106.76780029493331     84.01436991094441    174.52147209008945      n 
  106.52302537036456     85.79407435950668    176.61620512132365      c 
  107.46090335930158     84.52974916174593    179.05307455974204      c 
  107.24087524188020     82.23603967241526    179.33346995560618      o 
  103.80532691238471     86.72359726625442    176.98357186229052      c 
  103.33443890332703     89.17906034737776    175.55583400352464      c 
  100.18580518936132     90.43847699521329    176.04008304098329      s 
   98.22259684325816     88.22127511809559    174.27883856498295      c 
  105.49234932846510     82.59748645094841    174.42936050048712      h 
  107.78010415678104     87.36155217554133    176.13240467400283      h 
  102.51685270905256     85.24642995638172    176.33754303123305      h 
  103.45192431020185     87.01178354791739    178.99842376900324      h 
  104.58752118222164     90.67525275538107    176.22114136745029      h 
  103.63639652712968     88.93270910375099    173.53182204938287      h 
   96.30111284317093     88.91014294378409    174.43853727898286      h 
   98.82428888044056     88.17925439615452    172.31625230211142      h 
   98.36169579017815     86.35622091924358    175.11825619755470      h 
  108.48739335662309     86.05575760360527    180.78003201252452      n 
  109.29030765021913     85.11517279502903    183.22546911898672      c 
  107.00218464924212     84.93190553917604    185.00615148504303      c 
  104.91012170950053     85.68688831262327    184.42318234989918      o 
  111.16070584061001     87.11050103815874    184.14333278814740      c 
  109.99067923761503     89.54454519247483    183.12041400305071      c 
  108.90394719002099     88.76498386155143    180.55519481373784      c 
  110.08856954756521     83.21921629020869    183.00253523157818      h 
  111.29849311079620     87.11942586213928    186.19170449009846      h 
  113.01950589071043     86.78814620208738    183.31752272537184      h 
  108.46940342239952     90.16344069584548    184.36461748318513      h 
  111.36844973459367     91.05473713231746    182.92311352626908      h 
  107.14450600012556     89.75790315592927    180.15161629488767      h 
  110.26759765924183     89.11983522024360    179.04256349809893      h 
  107.58618733938039     83.96042946611124    187.29314823335380      n 
  105.69803283364823     83.04586931135326    189.08424215999003      c 
  106.10903101372875     84.40475158305178    191.62200550076548      c 
  107.84682874543779     83.78291821118694    193.04708448091668      o 
  105.93411365484602     80.16109257075786    189.34037110230324      c 
  103.39887437812428     78.82686603237637    189.64637070194590      c 
  102.12162897079138     79.49162451859704    192.21349448235929      c 
  100.58015271272239     81.27055440666517    192.22704427907578      o 
  102.77673738928239     78.19656089473686    194.07560973632920      o 
  109.31808192551586     83.19149259002550    187.52286233066781      h 
  103.83900552888460     83.53389833455806    188.33991946006904      h 
  106.84188340292627     79.42069389262872    187.63316991002222      h 
  107.12963879778205     79.72980400801804    190.97094496464192      h 
  102.11943733145299     79.33797923724086    188.11596201299355      h 
  103.69613716583362     76.78438598060696    189.59241666034555      h 
  104.65162944870308     86.37608082573314    192.15998074142493      n 
  102.88950547251407     87.81614161576029    190.65532161453802      c 
  103.28589972668138     90.69317092574991    191.34173447740369      c 
  104.41373475043127     91.12133702060441    193.36752597381076      o 
  100.13691848531059     87.18305482495602    191.25724802970558      c 
  102.42485630467191     92.24961163542818    189.82785317796916      o 
  104.99592194456731     87.26450391632476    193.84008558360955      h 
  103.26121065576402     87.55686374410722    188.63777741809997      h 
   98.91330068434915     88.15479798470555    189.92614426288841      h 
   99.82746275907624     85.15431347900325    191.15313186284689      h 
   99.68528370852520     87.80576947921006    193.16512889764007      h 
   95.56350067385738     51.63159281220815    162.97125937951301      n 
   97.08180651791426     50.59671496711707    164.98109259910376      c 
   95.40048243210603     50.01488067816823    167.24871363085407      c 
   93.36435595871977     51.06198192548940    167.57485337748642      o 
   99.28666124447601     52.29757370923308    165.86570225107559      c 
   98.31527232972937     54.23519815231668    167.42197109471411      o 
  100.79309986411737     53.31947481189952    163.63739471344630      c 
   94.17991662037784     52.85704616256564    163.47151754026621      h 
   97.93334325439457     48.85153616861768    164.27622725473881      h 
  100.53812424970795     51.07710788555049    166.99939428103923      h 
   99.64845968173312     55.45706804880467    167.67591379739184      h 
  102.40511949663143     54.40245210158880    164.31459682753564      h 
  101.51280647736073     51.74687494526881    162.53380865818008      h 
   99.59779661677072     54.48264208159663    162.43715390358989      h 
   96.36620110206550     48.28290309980440    168.80954565111134      n 
   95.20454057417359     47.57501365950608    171.18630167252462      c 
   97.27451040507674     46.50958934176423    172.89439211446842      c 
   99.44799769665084     46.24179399829086    172.14255822689736      o 
   93.09765504284897     45.61973325100931    170.81912927399793      c 
   98.09609817757476     47.53455765389466    168.43198044564502      h 
   94.39327235074312     49.28841209824474    172.02951998390861      h 
   91.99827040300258     45.37166507438359    172.53515846448127      h 
   91.80866475460417     46.27500401774635    169.35692503207719      h 
   93.86888358297936     43.80172656285344    170.25545006091156      h 
   96.54099710596030     45.86950191151450    175.21731290002901      n 
   98.19653710611072     44.69850073338375    177.05391874681087      c 
   97.06037510153025     42.14974418609749    177.81616989456427      c 
   94.96155374099031     42.01663990928106    178.75916515705910      o 
   98.35398550761612     46.31828657376548    179.45837368880893      c 
   99.96582884551766     48.61677045381731    179.08878162035913      c 
  102.57424328796745     48.39618390612628    179.26977541381882      c 
   98.89799765942324     50.96596259276146    178.60219300485437      c 
  104.08995364218789     50.51317195678439    179.06624253033854      c 
  100.41841587297232     53.07861293132665    178.36168042595028      c 
  103.01453390551968     52.86599993488005    178.64506507214617      c 
   94.72569789280061     46.11325378872100    175.75742263754873      h 
  100.05204044784541     44.46537567298338    176.17824440377504      h 
   96.43433139870750     46.84264534496437    179.99339684097538      h 
   99.19435679114406     45.15273177479320    180.93283459723875      h 
  103.42495357718130     46.57128254623036    179.59753311716383      h 
   96.87404715028761     51.15436704082862    178.41199164529482      h 
  106.11262652253804     50.34501226980162    179.29179704207246      h 
   99.60023771505224     54.90295751918743    177.96221150791703      h 
  104.16096578885495     54.55368585150465    178.65655653910756      h 
   94.23549557382719     84.75566141334191    166.57005344333956      h 
   74.37203412179882     75.52266940778975    171.12194944128930      h 
   69.55843152349367     63.92564657502479    172.90812994571991      h 
   98.81322820561111     75.26187495339464    162.16532533276279      h 
   90.02250530266551     68.83154431144679    160.16343481086093      h 
   90.18561018343836     58.72573618129396    162.48320777710668      h 
   72.15876742757239     47.82479028879662    187.79440252364589      h 
   76.50662381032777     56.09765945422522    187.76969397777978      h 
   77.13814776885916     61.25884781500248    194.88047691089372      h 
   77.83448487242254     67.37948892834133    188.40169834489868      h 
   76.99453700674893     70.34450632100102    192.76687997742005      h 
  106.62592963216146     84.85004108207524    173.04699306977025      h 
   96.55990919224308     52.48428248693075    161.88836863908324      h 
   98.04195841994421     40.55817757834114    177.54327048898512      h 
  -0.7130291370388D-01   0.7006420547318D-01  -0.7442886290795D-01
   0.4584484654765D-02   0.6344380708173D-02   0.5367274377183D-02
  -0.9164016243464D-02   0.5962969955406D-03  -0.6104954352661D-02
   0.8240453579951D-02   0.5557407029458D-04  -0.4395829466130D-02
   0.2902534558017D-04   0.2840206766032D-02  -0.1250342320398D-01
  -0.9676712079856D-04  -0.2327511325128D-02  -0.6721762168678D-03
  -0.8457612608058D-03   0.8133653887162D-03  -0.2183206915229D-02
   0.7150684689601D-02   0.2643826696476D-02   0.2339978132799D-02
   0.1831945875506D-02   0.2359670907917D-04  -0.1809515420467D-04
  -0.1237587157708D-02  -0.5272925532606D-04  -0.1504778918194D-02
  -0.1160744142818D-02  -0.8537190631790D-03   0.5420227138008D-03
  -0.1561633369163D-02   0.6739311152079D-03  -0.4728321182588D-04
   0.5961216936167D-02  -0.3664310788909D-02   0.8691609716423D-02
  -0.2383923929071D-02  -0.1358918524913D-02  -0.1851062962073D-02
  -0.3093496771288D-02   0.1785601433597D-02  -0.4688015144449D-02
   0.8744143662793D-03  -0.1392888623632D-02  -0.3081276317022D-02
   0.1064159200751D-03   0.3889535752155D-03  -0.3970888790596D-04
   0.1406774444164D-02   0.1227612669537D-02   0.2839135143828D-04
  -0.1028818116578D-02  -0.4968045949444D-03   0.4540547423688D-03
  -0.2827415926355D-03  -0.1113656525869D-02   0.2870368374250D-02
  -0.7703060970130D-03   0.1932030365461D-04  -0.3138179193134D-03
   0.6968294224105D-02  -0.9883171546306D-02   0.1433247246281D-02
  -0.4427883247320D-02   0.4081522401380D-02  -0.1358067302747D-02
   0.3668963134909D-02   0.5036491180944D-04  -0.1603348581048D-03
   0.1658871592143D-02  -0.4232543297186D-03   0.2105604733729D-03
   0.1900279044294D-02  -0.1839029575314D-02   0.5565785438096D-03
  -0.7909511597553D-03   0.3429902633688D-03   0.1033150324102D-02
  -0.1550659503395D-03   0.2864694441220D-03  -0.3608279244872D-03
  -0.2711535511446D-03   0.6951165387291D-04  -0.4766319779565D-03
   0.9019465214720D-03   0.3110788268408D-03   0.5692513957986D-03
  -0.6712560650170D-03   0.1028462761305D-03  -0.3917755451036D-03
   0.2265787802012D-04   0.1239047710702D-03  -0.2753053836976D-03
   0.5692857331283D-04   0.5925935468434D-03  -0.9392082405809D-03
  -0.9966209172802D-04  -0.3025487568183D-03  -0.5715372643396D-04
  -0.9741649403540D-03   0.8304201382670D-04  -0.7910350026794D-03
  -0.7710653654197D-03   0.1137633476094D-02  -0.6016514908810D-03
  -0.1009841879492D-02   0.3786277343474D-03  -0.5016279475489D-03
  -0.1285965937022D-03   0.2155915868234D-03  -0.1083981980200D-03
   0.4797013626144D-03   0.5355259214633D-02  -0.2274123134795D-03
   0.3398174294609D-02   0.8904083972075D-02  -0.3981967464572D-02
  -0.8360441184337D-01  -0.1267613160716D-01  -0.3329948313029D-01
   0.1018981436407D-01  -0.1140624835495D-01   0.1154476760413D-01
   0.8646869135564D-03   0.2218179235337D-02   0.3775010067288D-02
   0.1378806665977D-02  -0.2201930394377D-02   0.1308365660407D-02
   0.1006144161325D-02   0.5729454292623D-03   0.6968492766777D-03
   0.3197450923588D-03  -0.2180726167152D-02   0.8308575118695D-03
  -0.7291219085648D-03  -0.3135800813538D-02  -0.1292228568968D-02
  -0.1970405432160D-04   0.7915416821185D-03  -0.7113398235033D-03
  -0.2838606514041D-03   0.1047506449095D-02  -0.5024518760199D-03
  -0.1038608677700D-02  -0.1498551583668D-02  -0.7993323951928D-03
   0.4876503467348D-03   0.1611369701761D-03  -0.3213841479317D-03
   0.2114403621304D-03  -0.1043184038491D-04  -0.3551986032883D-03
  -0.1037630376510D-03   0.3125607137688D-03  -0.4496910187376D-03
  -0.1286703182829D-02   0.3968363067331D-03   0.3427152605205D-03
  -0.9065701236837D-01  -0.8247831899332D-01   0.2358469198043D-01
  -0.1394080414204D-03   0.2460267304721D-02   0.5339486442871D-02
  -0.2118205742316D-02  -0.3631019915968D-02   0.1387778265024D-01
  -0.2217117767234D-02   0.2481200570625D-02  -0.4239515258960D-02
  -0.5139443898340D-02   0.1566953648815D-02  -0.6049964659832D-02
  -0.1690471432022D-02   0.1431594829703D-02   0.1111703251779D-02
  -0.8562059189675D-03  -0.2385115436257D-03   0.1760389705597D-02
   0.1666278446820D-04   0.1305006454763D-02  -0.1646763329277D-02
   0.5611963306187D-03   0.9387781727223D-03  -0.2643659729422D-02
  -0.2441665081264D-03   0.1639293631979D-02  -0.1513580931985D-03
  -0.5057402235715D-03  -0.1405446556406D-02  -0.3202160517473D-02
  -0.1250395963236D-03  -0.1024863079956D-02   0.1462098768935D-02
  -0.1425348176417D-02  -0.1685042379588D-02  -0.1260740535542D-02
  -0.1225394646173D-02  -0.7102811126159D-03   0.1272013598716D-02
  -0.8574163454465D-02  -0.5705417501277D-02  -0.5608024689692D-02
  -0.1468005763569D-02   0.7415381251348D-03   0.8387989683696D-04
  -0.1294529257368D-02   0.2392297663821D-02  -0.6692390636128D-03
  -0.7648954980655D-03  -0.5413327196137D-03  -0.3488032592361D-04
   0.2720565253323D-03  -0.8196022476197D-04   0.5816228704245D-03
  -0.4086389339867D-03   0.4571291111712D-03   0.4231967008388D-03
   0.1615908493082D-02   0.1857085528148D-02   0.2695811465620D-04
   0.3686241401959D-03   0.7985104815252D-04   0.1252577882454D-03
   0.3596981519209D-03   0.6433352457145D-03   0.8455932406316D-03
   0.1404767374835D-02   0.1085185202171D-03   0.3289576920042D-03
  -0.5015097289648D-03  -0.1613632937038D-02  -0.5847469670079D-02
   0.2437728898665D-03  -0.4816706404253D-03  -0.6228390712558D-03
   0.2987667874530D-02   0.8887036546435D-03   0.1805024423311D-02
  -0.1668861742066D-02   0.2547333534852D-02  -0.2928240091599D-02
   0.3884240581938D-03  -0.3960651194834D-03  -0.5822158156135D-03
  -0.7443958529841D-03   0.4996019434686D-03  -0.1231216668712D-02
  -0.1048940892988D-03  -0.5692753144276D-03  -0.1542043008700D-02
  -0.3937987451545D-03   0.1072670099129D-02   0.9883386870262D-03
  -0.2994561944639D-03   0.4036829087822D-03   0.6029819830032D-03
  -0.2513169914017D-03   0.6736760816493D-03   0.2882072892702D-03
   0.1121439281223D-03   0.9775548048548D-04   0.9769423248560D-03
   0.5055727646747D-03  -0.8586788663828D-03   0.4743542462051D-03
  -0.5424505827541D-03   0.1399253008489D-03   0.6201489148083D-03
  -0.1311250715863D-03  -0.5854915795785D-03   0.3037851440400D-03
   0.4544733426294D-03  -0.7128333620586D-04   0.1932830036050D-02
  -0.6348703199764D-03  -0.1382429084748D-02   0.6466729035708D-03
  -0.1933310228822D-02  -0.4712191688651D-03  -0.2331077262203D-02
  -0.5084009764943D-03   0.1608834270300D-02  -0.1809360331726D-03
   0.1028069934615D-02  -0.1127170913460D-02   0.1768788093112D-02
  -0.5957794589081D-03   0.5165043602247D-03  -0.7123242669128D-03
  -0.2092966289262D-03  -0.4518406470654D-03  -0.2449280942256D-03
  -0.2887894674951D-03   0.1968283660831D-03  -0.5715584899204D-03
  -0.2974467384638D-03  -0.4306359587426D-04  -0.1702201883746D-03
  -0.4669769186808D-04   0.2261026443964D-03  -0.3964244413992D-03
   0.2321764242379D-02  -0.5810001954201D-03   0.1364586917611D-02
   0.2089476552364D-02   0.2614123837105D-03   0.1470388079109D-02
   0.6320833458734D-03   0.1031965241543D-02   0.1412652241276D-02
  -0.6948506168824D-05  -0.1609022373260D-02   0.1342281339175D-02
   0.1194854833111D-02  -0.6060414046362D-03  -0.3811842610466D-03
  -0.1466281298436D-02   0.1444231910761D-02  -0.1065477985801D-04
   0.4680095823574D-04   0.2638153508392D-03  -0.8720049778227D-04
  -0.9539500012213D-05   0.2141686095862D-02   0.9496502438893D-03
  -0.5380284121854D-03  -0.6696524307049D-03   0.1794229244686D-03
  -0.9036316496182D-03   0.3418984068372D-03  -0.6080609939875D-03
  -0.1308342492911D-02   0.5464960781985D-03   0.4160926849842D-03
  -0.1461965142139D-03  -0.4692552804491D-04  -0.2885532361787D-04
   0.1846869473881D-03  -0.7997755058838D-04   0.7503464334749D-04
  -0.1244509660616D-03   0.1256230627836D-04   0.1668386646732D-03
  -0.3445274984720D-03  -0.7187961535403D-04  -0.1353859229286D-03
   0.5953752005468D-04  -0.1347745332397D-03   0.2729960197958D-03
   0.3521374326874D-03  -0.1711600319159D-03   0.2572960807372D-03
   0.2570678572291D-03  -0.2347567508588D-03   0.8029366243700D-05
  -0.5727629933640D-04   0.2257478795514D-04   0.9076395080440D-05
  -0.2107118443666D-03  -0.9536062422410D-03   0.4743804460481D-03
   0.8999410810788D-03   0.7974186384070D-03  -0.1434172618372D-02
   0.6643341864078D-03   0.4065634593512D-03  -0.1035723548964D-02
  -0.5316587899695D-03  -0.4502595748956D-03  -0.1954109729973D-04
  -0.5711519650870D-05  -0.1895822316080D-04   0.1363441408671D-03
   0.1173499651474D-02   0.3463890768100D-02  -0.1189417557183D-02
  -0.1464256549338D-02   0.8448691456977D-03   0.3932835536718D-03
   0.4693261874665D-04  -0.6072193608539D-02  -0.8410305224624D-02
   0.2877429759877D-02   0.7072835541354D-02   0.2969687350564D-02
  -0.2220258561432D-02  -0.1259161724870D-02   0.1368676847160D-02
   0.3432935674119D-03   0.5522751790593D-03   0.2047472546024D-02
  -0.5919514500467D-02   0.2842046465728D-03   0.4068464786502D-02
   0.2484976800127D-02  -0.1782258918621D-03   0.6182240877912D-03
  -0.1199110152070D-03   0.3716299968958D-03  -0.6151070750451D-03
   0.2180522704058D-02   0.5494600057134D-03  -0.1156525770995D-02
   0.4986399839931D-03   0.1905474719245D-02  -0.1139757462030D-02
  -0.2787670460860D-03  -0.1389397967820D-03  -0.6569401211747D-03
   0.6245389999962D-03  -0.5500023155039D-03  -0.6106249218700D-04
   0.4159484166110D-03   0.7947521333736D-03  -0.7558575290260D-03
   0.1344625509124D-02  -0.1400861836593D-02  -0.1080692981056D-02
   0.2121507952999D-02  -0.3580235609010D-03   0.2665627882293D-03
   0.9863491519473D-03   0.5161929588902D-03  -0.2096890076991D-03
   0.6014867469397D-03  -0.2151797361547D-04  -0.7899788866928D-04
   0.6827971876157D-03  -0.1165235872773D-04  -0.5477540379371D-03
  -0.1790978067993D-02   0.1520455156285D-02   0.6703434724141D-02
  -0.4750870924267D-02  -0.9895142479984D-02   0.7240482337126D-02
  -0.3335113274934D-01  -0.7972649094793D-02  -0.8522907816527D-01
   0.1399917858661D-01   0.5224108867152D-02   0.7883987568255D-02
  -0.1022448454658D-02   0.2002169320782D-02   0.1279741605710D-02
   0.3524776419190D-02   0.1213691593851D-02  -0.2049782111402D-03
  -0.3791498192602D-02  -0.5290327187857D-03  -0.3022914852702D-02
  -0.1110439005700D-02   0.2564311173557D-03   0.3838534928554D-02
  -0.2814350525268D-02   0.2278567152481D-04  -0.2273518143488D-02
   0.1235757014786D-02   0.9148955070575D-03  -0.1591734480589D-02
   0.5353033952303D-03  -0.8694349353386D-04  -0.1847967426434D-02
  -0.6365770875889D-03  -0.3014292824182D-03  -0.3297814111892D-03
  -0.6037264044942D-01   0.7827314113310D-01  -0.7542198070506D-01
  -0.6832741611272D-03   0.9937695579601D-02   0.2520498246000D-02
   0.1231260262668D-02   0.2978308587663D-02   0.6397863467878D-02
   0.1825812267665D-02   0.6820979015102D-04  -0.1980057760276D-02
   0.6261235121013D-02  -0.8579075663271D-03  -0.7308515522734D-02
   0.3742431877319D-02   0.1525136810422D-03   0.8425547011826D-03
   0.2747462444581D-02  -0.1607721284697D-02   0.3276068456344D-03
   0.2781909189546D-03   0.3875021665575D-02  -0.1300130860677D-01
  -0.2144228805790D-04   0.1149669133688D-02  -0.3577775286324D-03
   0.6867280894559D-04   0.8728893861896D-03  -0.1048230878368D-02
   0.6564223856780D-03   0.1077588542440D-03  -0.8948783577867D-03
  -0.1116494792047D-03   0.7323919673226D-04  -0.8071836236802D-03
  -0.3952187023097D-03   0.1759403668016D-03  -0.3129037090256D-03
  -0.6388004324508D-03  -0.2334645781610D-03   0.6191177702753D-03
   0.8304757039590D-04   0.9945550253653D-04  -0.3666123176345D-03
   0.3545876029919D-02  -0.2628898425649D-03   0.1104708143135D-02
   0.2523833569381D-03   0.7155917755104D-03   0.1215067324997D-02
   0.2834688647625D-03   0.6509587907983D-03   0.5930995931800D-03
   0.1426432334026D-02  -0.1123901252377D-03  -0.6664788815649D-03
   0.2583703699812D-02   0.1470255202626D-02  -0.9941363243355D-03
  -0.1229974951975D-02  -0.5826343953289D-03  -0.6999376133944D-03
  -0.5637723993420D-03  -0.6647733410831D-03  -0.3454099294578D-04
  -0.3851271184334D-03  -0.7789784868110D-03   0.1822357244211D-03
   0.2493806263347D-04  -0.5195094934439D-03   0.5292177993027D-03
  -0.3368861859364D-03  -0.3359596972880D-03  -0.4400603992926D-03
   0.4288793541201D-03   0.1318180408370D-02  -0.4930822114338D-03
   0.1954605543670D-03   0.1537543490959D-03  -0.2773691994670D-03
  -0.1274638672889D-03  -0.1850152624318D-03   0.1957832648270D-03
   0.2337718543982D-03   0.2839836554923D-03  -0.1434839541334D-03
  -0.2710845468253D-03  -0.1922159238005D-03  -0.2588426832124D-03
  -0.4226668903815D-04   0.7171572515442D-04   0.2972987109097D-03
   0.5755719369499D-04  -0.8996030224650D-04   0.6602358166700D-04
  -0.1130180675775D-03  -0.1676436935271D-03   0.1123045408854D-05
  -0.1250182118260D-03  -0.9518577840823D-04  -0.3659897371653D-04
  -0.1349704057979D-03  -0.1256781128937D-03  -0.4784823084013D-05
  -0.2022646104102D-03  -0.1563379385374D-03  -0.1449082525277D-04
   0.1612930675548D-02  -0.3671460349913D-02  -0.3986566530828D-03
  -0.1468897805718D-03   0.9238380524000D-03  -0.1282006592409D-02
   0.2291998722208D-02  -0.3126113544728D-02   0.6868861389502D-03
  -0.2413819287737D-02   0.6448135666674D-03   0.4995953616020D-03
   0.1103326278829D-02   0.2789593622371D-02  -0.1598125533062D-02
   0.7753685706413D-03  -0.3987243811841D-03   0.5355502032909D-03
   0.1074389899571D-02   0.8382874767141D-04  -0.2507364055700D-03
  -0.1052724430856D-02   0.5826430120253D-03   0.2167548376913D-02
   0.9662077652835D-03  -0.2790184389378D-03   0.4903169125471D-03
  -0.1162261166313D-02   0.3731933481740D-03   0.1074961753282D-02
  -0.3434647515382D-03   0.7011662637791D-03   0.6063326638104D-03
  -0.1432568184063D-02   0.1047489979054D-02   0.4887291326818D-03
  -0.9765882501048D-05   0.9396564258518D-04  -0.1395076285786D-02
  -0.4347818680088D-03  -0.3810942934268D-03  -0.2995580175068D-03
  -0.3928004703427D-03  -0.7159599893258D-03  -0.6811934009681D-03
  -0.4336883902122D-03  -0.3222999678117D-03  -0.4984211342402D-03
   0.2939702319313D-03  -0.6066098313127D-03  -0.6019485409135D-03
  -0.8639111726681D-03  -0.7994354984469D-03   0.2077980418911D-03
  -0.4805604576772D-05  -0.8950659476641D-04   0.1086155203390D-02
   0.5537978027974D-03  -0.4930781941106D-03  -0.7048393505721D-03
   0.1887495838589D-03   0.1793327872789D-03   0.2173029196301D-02
  -0.5386655883837D-03   0.1199877597351D-02   0.6022708630235D-03
  -0.2418304454854D-03   0.1025884575101D-02   0.3874224743197D-04
   0.9299025252993D-04  -0.1094297551855D-02   0.1903465393794D-03
   0.1947547389713D-02  -0.2348607463396D-02  -0.1223997115155D-02
   0.1337420750194D-02  -0.1999575736466D-02  -0.5908342452663D-04
  -0.1512206657451D-03  -0.2140597094684D-02   0.1028042006709D-02
   0.2452105247560D-03   0.7451477239445D-03  -0.1768121798155D-02
  -0.7517286376162D-03   0.1999218906744D-04   0.5006019266001D-04
  -0.3739504941287D-03   0.1363972556336D-03  -0.8856693317229D-03
  -0.9944400591120D-03   0.9232804237846D-03  -0.3992352344386D-03
   0.1125297196874D-04   0.4503983082912D-04  -0.9395540464956D-04
  -0.2721383296595D-03  -0.7187350420499D-04   0.1140964363228D-03
   0.2656885808314D-04   0.4318371586644D-05   0.3368463244317D-04
  -0.7232695128629D-04  -0.3259137912189D-03  -0.1820543497174D-03
   0.2124442247049D-04  -0.2984201948190D-04  -0.2784545418879D-03
   0.4097323146447D-04  -0.1134019647759D-03  -0.2792204038345D-03
   0.6235210543285D-04   0.2253486779997D-04   0.2992397952292D-04
  -0.1775444462639D-03  -0.1342315820939D-03   0.2314679421081D-04
   0.6675951838818D-04  -0.1069040074669D-03   0.3309192051018D-03
   0.8159741089511D-03  -0.2854495940055D-03   0.1124517093332D-02
   0.1070190162567D-02   0.2715237165357D-02  -0.5298737231111D-03
  -0.6311004658150D-03   0.2674142281735D-02  -0.4303075312149D-02
  -0.9034682021778D-03  -0.1556137336908D-02  -0.1113235016543D-03
  -0.1763338733585D-03  -0.9136033434920D-03   0.3314685574477D-03
   0.3585561271666D-04  -0.3403035059228D-03   0.8789529478735D-03
  -0.3721927828482D-03  -0.4073920615437D-03   0.2439261895450D-03
  -0.2487922133457D-02  -0.5097389609574D-05  -0.4268472494122D-03
  -0.2577341600281D-02  -0.7313924326359D-03   0.1193395125592D-02
  -0.8450143259155D-03   0.2348767890044D-03  -0.1220479905880D-02
   0.1254599975316D-02  -0.2955901048052D-02  -0.1036206380464D-02
   0.1347048544501D-03   0.3220682524025D-03   0.2832925138361D-02
   0.1310273449329D-02  -0.2129090650738D-03   0.4427902926500D-03
   0.7676653216456D-03   0.6997872758432D-03   0.2227455967002D-02
  -0.1087147522686D-03   0.4592962457315D-03  -0.1793424247877D-03
  -0.5120601193578D-04  -0.1400190649114D-02  -0.1846372922547D-03
  -0.5978361714598D-03  -0.1652054291871D-03   0.4545073157371D-03
   0.5272099155804D-04   0.3659566526526D-03  -0.3037200886617D-03
   0.6954968231300D-03  -0.4660286818857D-04   0.7437140272169D-04
  -0.1557750162245D-03  -0.2398679468015D-03   0.1202850403808D-03
   0.5421789281345D-03  -0.1475296304522D-03  -0.1525857541007D-03
  -0.2264769327863D-03   0.1500718407292D-02  -0.2078374307861D-02
  -0.1246032696402D-02   0.9804538257069D-03   0.1282750205049D-03
  -0.1533567884813D-02   0.2719267049509D-03  -0.1958010164121D-03
   0.6344774179696D-03  -0.1244918450828D-02  -0.1173696333027D-02
  -0.7392180386213D-03   0.8246365969136D-03   0.6121230315230D-03
   0.1313407186897D-02   0.1460684499313D-02  -0.1320898901856D-02
   0.2084486472515D-02  -0.1155265762500D-03  -0.1310784366275D-02
   0.1497488980327D-02   0.8185690549400D-03  -0.1216054027398D-02
   0.2957017333239D-03   0.2833363669017D-03   0.8815163763404D-04
   0.1521941260149D-03   0.8598181977653D-03   0.3356709909715D-03
   0.2819631822206D-03   0.1780651920940D-03  -0.2400829468460D-04
  -0.4384149948332D-03   0.5608298484897D-03   0.9534152748176D-04
   0.5940281404381D-03   0.8927872189173D-04   0.4499583034987D-04
   0.2370791649459D-03  -0.6151882216589D-03   0.9553167070323D-03
  -0.1706897791425D-03  -0.1041944033152D-03   0.1101095805982D-03
  -0.1172318814098D-03  -0.2312306607124D-03  -0.6214971356096D-04
  -0.2139516149808D-03   0.5496951992274D-05  -0.2762936401745D-03
  -0.1331258085929D-02  -0.5412540344465D-03   0.2693163213679D-03
  -0.7633436563301D-03  -0.2871946661118D-03   0.1055281207382D-03
  -0.9929044592969D-04  -0.1964043418365D-03  -0.1256089124427D-04
  -0.4178834066844D-03   0.1061221314715D-02   0.1289028183601D-02
   0.3433560305523D-03   0.5562487219004D-04   0.5701798026822D-03
   0.1005197687775D-02   0.7632809760347D-03   0.2868882997648D-04
   0.5665190462741D-03   0.1467264287367D-03  -0.2630020221317D-03
  -0.9008087503589D-03   0.1192899846192D-02  -0.7849437457939D-03
  -0.4102017423755D-03  -0.1396541747821D-02   0.7802838138405D-05
  -0.5868908408031D-04  -0.4176658184000D-05  -0.2501872860616D-05
  -0.1492380161972D-04   0.7153579882671D-04  -0.4511479163867D-04
  -0.1523852576093D-05  -0.9347057009279D-05   0.2577368589306D-03
  -0.9742284175619D-05   0.2726158627172D-03   0.3339691001335D-04
  -0.5863276198705D-04  -0.8876928230071D-04   0.2678721980052D-04
  -0.6836819517727D-04   0.3936225584131D-04   0.1824217583770D-03
   0.1580439350872D-03   0.2471024461185D-04  -0.1586305272528D-02
   0.6970698328055D-02   0.3622658592035D-02   0.6487243262641D-02
  -0.3301668449267D-01   0.7190979711900D-01  -0.4953543248555D-01
  -0.1522633800355D-02  -0.2020053267411D-01  -0.6553986129296D-02
  -0.8830446736197D-03  -0.2252146213701D-02   0.4645193622522D-02
   0.3162770436871D-03   0.6163724146584D-03  -0.1226368990831D-02
   0.1106178092749D-02   0.1281251975802D-02   0.6386501455781D-03
  -0.1241865913160D-02   0.2938070147910D-02  -0.1922884012650D-03
   0.2194525007476D-03  -0.2084695210825D-02   0.1885698910724D-02
   0.1073606382878D-02   0.1765503398913D-03  -0.6342055172152D-03
   0.1042032904297D-03  -0.3644391133502D-03   0.2487068739923D-03
   0.1883161634992D-03   0.3286132997214D-03  -0.9373931972024D-03
  -0.2025947095787D-03   0.4099760484156D-04  -0.2816868069311D-03
  -0.3703452049182D-03  -0.1992645245986D-03  -0.5490471845147D-03
  -0.6848969297572D-01   0.1918432747636D-02   0.9635327337208D-01
   0.2860494888187D-02   0.5457130591425D-02   0.3307962881094D-02
   0.4495618131930D-02   0.5744432199522D-02   0.2145083474320D-02
  -0.4376645306680D-02  -0.3102908468843D-02   0.1957967605903D-02
  -0.8840919149600D-02  -0.1330080325890D-03  -0.4493810356396D-02
  -0.2399992816631D-02   0.1594117760017D-02   0.1015001723173D-02
  -0.1599415913648D-02   0.1282294287825D-03  -0.1093584347324D-02
  -0.1245148250502D-02   0.2331845872425D-03  -0.1553714169909D-02
   0.9609293114696D-04   0.7091484364477D-03  -0.7777219048026D-03
  -0.1565239996002D-01  -0.3345499453957D-02   0.1631754064259D-02
  -0.2703285209614D-02   0.9406690169764D-03  -0.6646120891938D-03
   0.8678987878998D-03   0.5639286433016D-03   0.1605553060001D-02
   0.1973614817115D-02   0.5060128853695D-03   0.3081470595361D-03
   0.5935345580638D-03  -0.3635657469001D-03   0.7895271127640D-03
   0.5357272436832D-03   0.2794557672687D-03  -0.1694921417576D-03
   0.4769190640627D-03  -0.8013506720978D-04   0.4647098505093D-03
   0.1000661108266D-02  -0.2672194306415D-03   0.2119946524127D-03
   0.2770451798624D-03  -0.7688776738445D-04   0.3678399142197D-03
   0.5992584157854D-03  -0.1055093214788D-03   0.4977560554418D-03
  -0.7473810798070D-03  -0.1287131737625D-03   0.3365387110150D-03
   0.4970696584037D-03  -0.4797079323697D-03   0.4282110490306D-03
   0.4877055763058D-03  -0.2123548809183D-03   0.4054928857663D-03
   0.1620619134523D-03  -0.1172448370180D-02   0.4074681692318D-06
   0.5230696433296D-02  -0.7345994183190D-02   0.3032979709887D-02
  -0.9633306810821D-01  -0.1779956578493D-01  -0.4184004618548D-02
   0.1533645657899D-01   0.2566006578749D-01  -0.1254002702866D-02
  -0.8985772972637D-05  -0.6237933084828D-03  -0.5842396699212D-07
   0.1471020841850D-03  -0.3232938541664D-03  -0.2841972225149D-03
  -0.1269861970081D-03   0.2001962038617D-03   0.7048060099979D-03
  -0.4763214282671D-01   0.1958496904341D-01   0.1108370245983D+00
   0.4312185223474D-03   0.7004996798430D-02   0.4063998417615D-02
  -0.3658417696648D-03   0.3802043387907D-02  -0.5375897673893D-02
  -0.1355816959440D-02  -0.1461540291805D-02   0.2668575322104D-03
  -0.7247749017090D-02  -0.5442841518309D-03  -0.1875056361370D-04
   0.1229740292212D-02   0.1296796281357D-02   0.1599984650016D-05
   0.1034085436730D-02   0.2064740355149D-02  -0.1109636023637D-02
  -0.3423886121729D-02   0.8502018629651D-02  -0.6638173996869D-03
  -0.2081744742715D-02  -0.1197614435784D-02   0.1852745935311D-02
  -0.8474268218839D-02  -0.9994619077212D-02   0.1565500213641D-02
  -0.3540280419373D-02   0.3391615163544D-03   0.1386361180450D-02
  -0.8005280620333D-04  -0.2210389476299D-03  -0.4492722931452D-03
  -0.2792566322097D-02   0.1088301839609D-02   0.3688898304286D-03
  -0.5090556953434D-03   0.1841901090977D-03   0.4613082724538D-04
   0.3258856802067D-03  -0.3295570948072D-03  -0.3765704702640D-03
   0.3778874937668D-02   0.6199063040003D-03   0.2931578023143D-02
   0.2660744109013D-02  -0.7794544273661D-02  -0.3095757324752D-02
  -0.8824535197983D-01  -0.1126106835437D-01   0.2785204192142D-01
   0.9520704900369D-02   0.1823357887870D-01   0.1834864623911D-02
   0.1050085331884D-02  -0.3972924285108D-02  -0.3937971138666D-02
  -0.2975223234284D-03  -0.3769292056850D-03   0.1123154217551D-02
   0.3810033394867D-03  -0.7123161430401D-03   0.1007050344784D-02
  -0.9692093328662D-01   0.6823815437541D-01  -0.1043648180528D-01
   0.2940021606272D-02   0.9030085451498D-03   0.2242290960119D-02
  -0.1126282506320D-02   0.7485758416097D-02  -0.2838492725569D-02
   0.2249504449122D-02  -0.2645662257828D-02  -0.8654335405518D-04
  -0.5211914180707D-02  -0.1390426447961D-02  -0.2552030223376D-02
   0.1930414244944D-03   0.1311849337350D-02  -0.2867120537708D-03
   0.5189111496190D-03   0.1261855241302D-02   0.9499745988092D-03
   0.7956484556460D-03   0.1222240340073D-02   0.4224620587285D-03
   0.2120551490623D-03   0.2412585834888D-03  -0.1491495016593D-02
   0.9274040813466D-03   0.3159031646253D-03  -0.5691364120383D-03
   0.1859751031538D-02   0.1318770894376D-02  -0.8126079410323D-03
   0.1447157926628D-02   0.1713199949319D-02   0.6033042489202D-03
   0.1412925537008D-02   0.4446468782545D-03   0.8038720735208D-03
   0.7574849399199D-03  -0.8930800572706D-03   0.3188049528099D-03
  -0.1224467732346D-01   0.4028969071383D-02  -0.8576340428125D-02
  -0.3445081437771D-02  -0.8774194950804D-03  -0.2804597219441D-02
  -0.5240593872062D-03  -0.9275950517895D-03  -0.9509568240287D-03
   0.3713213610555D-03  -0.2656093330556D-03  -0.2039680759361D-03
  -0.1177211909306D-02  -0.3182166008885D-03  -0.5110455190818D-03
   0.6202583351691D-04  -0.1356771812990D-03   0.2617271089660D-03
  -0.4279639444650D-03   0.5080771954607D-03  -0.5165920024460D-03
  -0.2317582224431D-02  -0.1424788478822D-02   0.6143471533359D-03
  -0.1588971736317D-02  -0.4147193108819D-03  -0.2628135620103D-03
  -0.2184168145805D-02  -0.8909296215215D-03  -0.1064868849009D-02
   0.2008562381436D-03  -0.2947612346435D-03  -0.1503885869604D-02
   0.4829105132274D-03  -0.2083373862589D-03  -0.1110629623292D-02
  -0.1852860520275D-02  -0.1161271875209D-02  -0.1645656866292D-02
  -0.2638050994571D-02  -0.1856535903575D-02   0.1979377614326D-03
   0.4497109833227D-03   0.1091500812778D-02  -0.5828718882476D-04
   0.1088981208209D-03   0.1265749234845D-02   0.8128989716692D-03
   0.6764491489278D-03   0.6302474776146D-03   0.1059135627615D-02
   0.5058538676873D-03   0.6828979152861D-03  -0.1275847016536D-02
   0.2404030247927D-03  -0.2104909497870D-02   0.1832810880561D-02
   0.2468430901011D-03  -0.1402649331498D-03   0.1015869950585D-03
  -0.1565791075917D-03   0.5365818755409D-04  -0.2180290619973D-03
  -0.1378865095531D-03   0.1185343065976D-03   0.7105842627688D-04
   0.1300001646938D-03   0.1982162319815D-04   0.1064042114024D-04
   0.1589885348166D-03  -0.2516709543013D-03  -0.2148748968582D-04
   0.1139026881375D-03  -0.8434702316988D-04  -0.4871182823700D-04
   0.9290422893029D-03  -0.8881137975153D-03   0.9592283894843D-03
  -0.1001448035314D-02  -0.1191673102785D-02  -0.2234222864272D-02
  -0.9475575405086D-03  -0.6697141791258D-03   0.1713832854939D-02
  -0.2196566569732D-02   0.3332513322891D-02   0.6943144248130D-03
   0.1323284854108D-02  -0.1647722390805D-02  -0.1665957227121D-02
  -0.7749261351181D-03  -0.1083836743838D-02   0.2566725210317D-03
   0.3976728878061D-02   0.2784512583545D-03  -0.8785600721313D-03
   0.4033652048497D-02   0.2859448185354D-02  -0.7505977724459D-03
  -0.1418358868723D-02   0.2327808277564D-03  -0.2360278698257D-02
  -0.4726716628581D-04  -0.2493636077006D-03  -0.3032183235674D-03
  -0.1559467812685D-03  -0.7932915848139D-03   0.2605016533757D-03
  -0.8920130256739D-03   0.1397612266896D-03  -0.1190482517885D-03
  -0.2115911368792D-03  -0.9469277638965D-03   0.6453924158949D-03
  -0.6729700797500D-03  -0.1326094596273D-03  -0.1131895305590D-03
  -0.4766210273324D-03  -0.7886960960598D-03   0.5242519405014D-03
  -0.2721373701211D-03  -0.4332015588695D-03  -0.2592337314763D-03
  -0.1582949188568D-04  -0.6616796840055D-03   0.2976142701505D-04
  -0.1548170126834D-02   0.1112071586611D-03   0.2500134357105D-03
  -0.4110510654069D-03  -0.2510688883926D-03   0.1364607243592D-02
   0.1645996768992D-02   0.2638996229187D-02  -0.7965359463235D-03
   0.1299971158777D-02  -0.1877562925681D-03   0.1869862431016D-02
  -0.1208613545436D-02  -0.6922488502860D-03   0.6255923331227D-04
  -0.5539677140986D-03   0.5892869754274D-03   0.2622466246250D-02
   0.2506663960378D-02  -0.4066506108946D-03  -0.1767669846009D-03
   0.1698074886274D-02  -0.1675337417218D-02  -0.3654586610218D-03
  -0.1823439866377D-02  -0.5074273534097D-03  -0.1514902515167D-02
   0.1153192868377D-02   0.1161982598748D-02  -0.3077731760107D-03
  -0.1351943448578D-02  -0.1277362752864D-02   0.7018664155493D-03
  -0.1120483902948D-03  -0.6511460738660D-03  -0.2094012734762D-03
  -0.8073133865697D-03   0.3890218037399D-03   0.1018860109660D-03
  -0.6828540087574D-03  -0.1296643093326D-03   0.4252915816434D-03
  -0.8550769229917D-03   0.3958396785709D-03   0.3196476197103D-03
  -0.1288089137525D-02  -0.3567997069250D-03   0.1005290871058D-02
  -0.1371041411020D-02   0.5586910095476D-04  -0.8490410195493D-04
  -0.3055173324847D-03   0.3584227439096D-03   0.2844589647901D-02
   0.6494024050485D-03   0.2732960996437D-03  -0.2952801788006D-03
   0.4809357598016D-03   0.2112669718859D-02  -0.2822271766723D-02
  -0.9143009308558D-03   0.4296604262260D-02  -0.1431020994386D-02
   0.4914721785707D-03  -0.9972854466931D-03   0.6013236527954D-03
  -0.5241869199339D-03  -0.1561256083277D-02   0.1110967387079D-02
  -0.8579837239964D-03   0.4808249641677D-03   0.1137819132021D-02
  -0.1013698803451D-02  -0.6354647006023D-03  -0.7797758491795D-03
  -0.1133629162441D-03   0.5688595447994D-03   0.4476411843495D-03
  -0.3590362900776D-03   0.3525109019491D-03   0.5844461748433D-03
   0.2443643604592D-03   0.3193964360332D-03   0.4168201743325D-04
   0.2401198368701D-03  -0.3881932337725D-03   0.6286712027600D-03
   0.2021908796908D-03  -0.6152215275879D-03  -0.2064688493874D-03
   0.1807175692336D-03  -0.2366128713307D-03   0.7922191983140D-04
   0.1857281390609D-02   0.6991695917373D-04  -0.2371887367032D-02
   0.1411941498267D-02   0.3057658592761D-03   0.1504445011516D-02
  -0.1699578328325D-02  -0.8247405395746D-03   0.5233896574882D-03
  -0.5910456173175D-03   0.9697361025460D-03   0.2838619465297D-03
   0.5147891347788D-03  -0.1328913918829D-02   0.9135471559676D-03
  -0.8476171379281D-03  -0.1822167731124D-02   0.4465225478959D-03
   0.3149031932270D-04  -0.1196044229450D-02   0.2207938388450D-02
  -0.5480776603833D-03   0.1627215361879D-03  -0.2062443634004D-02
  -0.2502077110048D-03  -0.3181021810338D-03   0.8789640477716D-03
  -0.4875085664917D-03   0.5563336167264D-03   0.1846710881573D-03
  -0.3775265233644D-03   0.2567249659093D-03  -0.9937309540996D-04
   0.3687984098719D-03   0.4194323966578D-03   0.3578898624395D-03
   0.2838579126052D-03  -0.2830744462956D-03   0.4730362856212D-03
  -0.4730269828801D-03  -0.4005184289725D-03   0.9452142951944D-04
  -0.9647788181750D-03  -0.1524387117703D-02  -0.6560614743850D-03
   0.1806864417949D-02   0.7468353337268D-04  -0.1680412994889D-02
   0.1176633017720D-02   0.7633474376207D-03  -0.9924007052671D-03
  -0.1232402885131D-03   0.2807723431291D-02  -0.5369511761421D-03
   0.5041234546727D-03  -0.7059958404019D-03  -0.1296069276640D-02
   0.1787419528541D-02   0.4332530688275D-03  -0.1020731828997D-02
   0.5618652861845D-04  -0.4020552803250D-04   0.1413618071200D-02
   0.4626167499972D-04  -0.2230846287091D-03  -0.8112937175422D-05
   0.1324367953009D-03  -0.4208907871134D-04  -0.4922779297652D-05
  -0.4877130537250D-03  -0.4855092704600D-05  -0.9878505249591D-04
  -0.1879981644496D-03   0.1696414403736D-04  -0.1112861908317D-03
  -0.2846488418092D-03   0.3028620088627D-04   0.1343956145704D-03
  -0.3142502141374D-04   0.1476276324219D-03  -0.2916001723105D-03
   0.2758924587477D-03   0.3382022035739D-03   0.2315335377007D-03
  -0.1927427720759D-03  -0.8412185022184D-03  -0.2083256909569D-02
  -0.4052226163966D-03  -0.2071261822973D-02  -0.4817758040875D-03
  -0.1470042346716D-02  -0.1007708245040D-02   0.6064310222443D-03
  -0.1588715212562D-02   0.2805749135185D-03  -0.2856763938160D-03
   0.1056548746871D-02  -0.1649941882008D-02  -0.3887118847356D-03
   0.1361920603862D-02  -0.1225358713233D-02  -0.1070950775495D-02
   0.1394538885209D-02   0.1391733376757D-03   0.8328470364339D-03
   0.3322554436234D-03  -0.7594171802016D-03   0.2601608709379D-03
   0.4193709947318D-04  -0.5673930641366D-04  -0.5550185537462D-04
   0.4749674088763D-03  -0.2903441383926D-03  -0.1498221037862D-03
  -0.7975600701941D-03   0.2864737192703D-03  -0.3815864031535D-03
  -0.5217870300630D-04  -0.3214183277765D-03  -0.1059743880621D-04
   0.2592344847561D-03  -0.1710967251949D-03   0.1674414543408D-03
   0.6139033062833D-03   0.7725927363413D-04  -0.4078539565365D-04
  -0.1717134787550D-02  -0.2084837300145D-02   0.1366622202364D-02
  -0.4481239099062D-03  -0.1161250954408D-02  -0.1563488201155D-02
  -0.1339513364823D-02  -0.1343833193657D-03  -0.2372523178919D-02
  -0.2389089847880D-02   0.1397863087570D-02   0.2192246489050D-02
   0.6844847135965D-03   0.2101244844252D-03  -0.8861576249587D-04
   0.6337766156660D-03   0.2395945831337D-03  -0.5566245288016D-03
   0.1338172557153D-02   0.5228739600946D-03   0.7274474078432D-03
  -0.9548555611315D-04   0.1122359371698D-03   0.2205455718983D-03
  -0.1421356221745D-05   0.1424673929910D-03  -0.7255281630341D-04
   0.1010204630326D-04   0.4638644501063D-04   0.1843432301104D-03
  -0.5790181635413D-05   0.4201826006016D-03  -0.1830310175415D-03
   0.1205950968323D-03  -0.2078612497674D-03   0.1473123542306D-03
   0.3209317823947D-03  -0.3593694289911D-03   0.3679580010299D-03
   0.4148258126527D-03   0.1715497001062D-03   0.3332509487649D-03
   0.4091571063609D-03   0.1133109483286D-03  -0.1532230886387D-03
   0.3717658654194D-03   0.1071874563481D-03   0.1398053440131D-03
  -0.1246240911773D-02   0.8130177380780D-03  -0.3131493360958D-02
  -0.1179629651716D-02  -0.4296857190622D-03  -0.1778000240434D-03
  -0.1487243272903D-02   0.1373641822433D-02   0.1672042215043D-02
  -0.1250620446550D-02   0.1465979454337D-02   0.1583778172186D-02
  -0.4415825709134D-03  -0.1876666920611D-02   0.4329393654917D-03
  -0.3917380720493D-03  -0.6889926525421D-03  -0.8796306128534D-04
   0.7904750657723D-03   0.4529592912338D-03  -0.1409517798474D-02
   0.1890836276552D-03   0.2662148265306D-03  -0.6490830379064D-03
   0.1902211009056D-02  -0.2167428189530D-03   0.8266549884816D-03
  -0.7470945643784D-03  -0.2515722179589D-02   0.1559319646360D-02
  -0.9264383410540D-04   0.1992790143546D-03   0.2775501887758D-03
   0.1708080432080D-03   0.1088076541840D-02  -0.1007651461574D-03
  -0.8492426787404D-03  -0.6123488026074D-03   0.2244424582600D-03
   0.1929976442303D-04  -0.2527523762740D-03   0.1536598935680D-03
   0.1606864646229D-03  -0.1082359569935D-03   0.9764519645681D-04
   0.4222253870773D-03  -0.1557445528279D-03   0.8923253337667D-05
  -0.1396348345894D-03   0.1149197397987D-03   0.1126496339650D-03
   0.1419167492676D-03   0.2339611401701D-03  -0.3484467734581D-03
  -0.2351413377702D-03   0.1161178640337D-03  -0.1242074575258D-03
  -0.5119986288583D-04   0.1391384815953D-03  -0.1588456694832D-03
  -0.2923184945251D-05  -0.1651933705251D-03  -0.2962305072156D-03
   0.9064730484368D-04   0.3149932017439D-03  -0.2965916359913D-03
  -0.9758565460297D-04  -0.2115942832409D-03   0.5371708451100D-03
  -0.1881145629462D-02   0.5904561022489D-03  -0.2827316704372D-02
   0.1317940880038D-02  -0.3081949063682D-03   0.1804121639129D-02
   0.1010360054784D-02  -0.1641459954892D-03   0.1434904828428D-02
  -0.1632284045069D-01   0.6011308804715D-01  -0.1053796378181D+00
  -0.5163390995248D-02   0.1177272867851D-01   0.6670471793859D-02
   0.9100188916790D-02   0.5756849894103D-02   0.7566417420512D-02
  -0.2098006513897D-02  -0.2562562756128D-02  -0.6008015773729D-02
   0.2454331439921D-02  -0.7178288514069D-02  -0.5620284177869D-02
  -0.3482579231462D-02   0.3114338836574D-02   0.2511922613268D-02
   0.6232292957628D-02  -0.2779070954179D-02   0.1837079990989D-03
  -0.4907495400652D-02  -0.9078382664636D-03  -0.1207353789820D-02
   0.1345109933530D-02   0.3329074757605D-02  -0.1468851148096D-01
   0.1065730537615D-02  -0.1795611947395D-03  -0.1704049924364D-02
   0.3298996855547D-03  -0.3245706196264D-03  -0.8749663960304D-03
   0.2204009649424D-02  -0.5357332330524D-03  -0.8166514710960D-03
   0.1075050168345D-02   0.1055726115869D-02  -0.9378652734611D-03
   0.1762058950087D-02   0.4545611553151D-03   0.5986744218372D-03
   0.3135041974543D-03  -0.1842490227240D-03   0.2841459755961D-03
  -0.1804712369386D-04  -0.5816803883387D-03  -0.7370968014314D-03
   0.5175438022533D-03   0.5250974374320D-03  -0.4697539790513D-03
  -0.4109739765136D-02  -0.1523728916919D-02  -0.1009681775017D-02
   0.1123332062869D-02  -0.1369281674898D-03   0.6199841681261D-03
  -0.1308921188223D-02   0.1330889688599D-03  -0.2602794447654D-02
   0.2795836919352D-02   0.2771235140962D-03   0.8954536254695D-03
  -0.4148707700605D-03  -0.1389417966730D-02  -0.8403342407479D-03
  -0.6683065157353D-03  -0.6039120222920D-03   0.1019198967998D-02
  -0.2737763545773D-03   0.5439308401655D-03  -0.6843021404557D-03
   0.4997922631887D-03  -0.3811273209804D-03  -0.5648257101171D-05
  -0.1107879541402D-02  -0.4552803749600D-03  -0.6823616176325D-03
   0.7472908212014D-03   0.6161849605966D-03   0.3757969322990D-03
  -0.3157888267218D-03  -0.1170687235845D-03  -0.5953419612948D-03
   0.5616755160325D-03  -0.3789149596867D-03  -0.1096812884390D-02
   0.2915207589763D-03   0.4576299724249D-05  -0.1214276891164D-03
  -0.6025725295231D-04   0.1378487148554D-03   0.3545653993015D-03
   0.1632379435990D-02   0.3890842328147D-02   0.1210245083964D-02
  -0.9369153222214D-03  -0.9553802639345D-03  -0.5802494993081D-04
  -0.3023976390906D-02  -0.4611988236331D-03   0.1065736810609D-02
   0.3238893954965D-02   0.3819231449929D-02   0.2117385364799D-02
  -0.1040000921689D-02  -0.7653455697544D-03  -0.8270703876234D-03
  -0.5081530969829D-03  -0.2461191114394D-03  -0.1359861977890D-02
  -0.1115121944862D-02  -0.9291032404560D-04   0.1236781949913D-02
   0.4610524285597D-03  -0.2074696575533D-03  -0.6070599957673D-03
   0.6018909235346D-03   0.1637197175141D-02  -0.4598167219736D-03
  -0.4386987278942D-03  -0.1138208645164D-02  -0.1649817016902D-02
   0.3409145877625D-03  -0.2027990115778D-03  -0.1408058820951D-03
   0.3015384422311D-03  -0.4937335553876D-03  -0.3296512984205D-05
   0.1948178404524D-03  -0.3712567430378D-03  -0.4170576468667D-04
   0.2765982209897D-03  -0.1641485638670D-03  -0.7842387231694D-03
   0.3105278164564D-03   0.9898075198597D-04  -0.4220613200154D-03
   0.2861813378069D-02  -0.8244508756898D-03   0.3328460618236D-03
  -0.1916600855139D-02   0.4690615537462D-03   0.2839294231227D-04
  -0.4751452986419D-02   0.2119858999855D-02  -0.5198883781606D-02
   0.2611943508710D-02  -0.4276853885246D-03   0.2736608842618D-02
  -0.1092302487816D-02   0.5735598475412D-03   0.9894061688850D-04
   0.8728173703490D-03  -0.2529784207378D-02   0.2173723091778D-02
  -0.8228653680600D-03  -0.6794672799816D-03   0.2465132400680D-02
   0.1389345223690D-03  -0.2163133153070D-04  -0.2526597710842D-03
   0.4682140037242D-03   0.4428621340902D-03  -0.3341348638754D-03
   0.7115438976668D-03   0.5382395387972D-04  -0.6445961233739D-04
   0.3230788723640D-03   0.5119928470306D-04  -0.6517174953627D-04
   0.7703844398970D-01   0.6573936551182D-01  -0.7071634363886D-01
   0.9380140816471D-02  -0.4909354374541D-02  -0.2897664001799D-03
   0.1630363963989D-02  -0.5525927276616D-02   0.2811757364486D-02
  -0.1863741100945D-02  -0.1101578500327D-02  -0.4161558838864D-02
  -0.3799777344347D-02   0.1885614092888D-02  -0.3250254891489D-02
  -0.7955031429175D-03  -0.2663450506434D-02  -0.6543300726906D-03
  -0.2936107065383D-02   0.2227536486791D-02   0.2148762884938D-02
   0.1927227119097D-02   0.4386764317559D-02  -0.1217262038424D-01
   0.4247808151062D-03   0.3250347767101D-02   0.1146911483292D-02
  -0.1946723388853D-02  -0.4934902215103D-03  -0.3227360235500D-02
   0.2099512838760D-02   0.7394134951756D-03  -0.1365574942221D-02
   0.1898251503851D-02  -0.1935629926224D-02   0.2940384575058D-03
   0.8105075196383D-04   0.1004877430989D-02   0.1095301294766D-02
  -0.2475507524985D-02  -0.2750559441721D-02  -0.1799029271628D-02
  -0.2083064778357D-03   0.5652554448606D-02  -0.8855216534545D-03
   0.3009139109431D-03   0.1230439561908D-03  -0.3585588807966D-03
  -0.8678306113660D-02  -0.2812442781030D-02   0.2577764702375D-02
   0.2959285137048D-02   0.6994909135070D-03   0.1132866924831D-02
   0.1844983789799D-02   0.2119774292392D-02   0.2105689489091D-02
   0.3293154661144D-02  -0.2878122845864D-03  -0.5340763383605D-02
  -0.5743211004703D-03  -0.3473385971186D-03  -0.7441654587995D-03
  -0.3740766306533D-03  -0.8269513532035D-03  -0.4583812812123D-03
  -0.7113198942898D-03  -0.7953680915295D-03   0.1948373319425D-04
  -0.1167153271056D-02  -0.4634157303883D-03   0.8848921421819D-03
   0.2882617005355D-02   0.2073287908016D-02  -0.1505996138914D-02
   0.6100900098987D-03   0.5733862951230D-02   0.1559911476987D-03
   0.6122625358692D-01  -0.6118408720534D-01  -0.1813525297890D-01
  -0.1367921916963D-01  -0.1998406014552D-02   0.7498409250806D-02
  -0.9014624463129D-03   0.7227608647420D-03  -0.2967698085170D-02
   0.3098058480803D-03  -0.6379395484644D-03   0.2663730740721D-03
  -0.1140042853266D-02  -0.5525521572362D-03   0.1248177117295D-03
   0.4491028003780D-03   0.1813948303684D-02   0.6743237810634D-03
  -0.9412160942908D-03  -0.8532449939890D-03  -0.1480318111497D-02
  -0.2230162891084D-02   0.4081490374547D-04   0.1262428939503D-03
  -0.1273257360780D-02   0.8858015184400D-03  -0.1871381168576D-02
  -0.5402158051591D-03  -0.1345450888843D-02  -0.8966792121876D-04
   0.8741774384203D-03  -0.7837553325386D-03   0.7718740665162D-03
   0.4139061350454D-04   0.2619491137084D-03  -0.4479851256338D-03
   0.7255027125092D-03   0.9073886065168D-03  -0.1877219834783D-02
   0.6330989105823D-03  -0.9542695648115D-04  -0.3151106983465D-03
   0.1210633893685D-02  -0.9756846987898D-03   0.2423515443199D-03
   0.6467987683212D-03  -0.7802304743032D-03   0.1049937777168D-02
   0.1197379001235D-02  -0.3692179044731D-03   0.2380790930099D-03
   0.5574449485464D-03   0.1095101974791D-02   0.3456944189712D-02
   0.5932954973856D-01  -0.8349670587286D-01   0.9484136072791D-01
   0.7105940463466D-01   0.1505753872585D-01   0.2315292461085D-01
   0.1122346374983D+00   0.7844391038565D-01  -0.2018067510668D-01
   0.2556279104129D-01   0.9978008896694D-02   0.6953432874165D-01
   0.4261494117984D-01  -0.9182737471172D-01   0.9363968136273D-01
   0.2736385887545D-01  -0.5401253528268D-01   0.4668596152120D-01
   0.9125244829270D-01  -0.9566687991733D-02  -0.1035739818198D+00
   0.7456476371149D-01   0.2876824394503D-02   0.2468247492958D-02
   0.7273003185584D-01  -0.2858747584066D-01  -0.1126611878476D+00
   0.7115498009966D-01   0.2344031781032D-02  -0.2437919709213D-01
   0.1154850316186D+00  -0.7214023924757D-01   0.2883798519253D-01
   0.7812245379903D-02  -0.7049289149456D-01   0.1206378112333D+00
  -0.8002351446526D-01  -0.6557649022292D-01   0.9172854665689D-01
  -0.4548345791303D-01   0.5997008638116D-01   0.1255761235843D-01
$end                                                                            
