           2           1   1.03114116940889     
           3           2  0.970199164878822     
           4           3   1.59020548225974     
           5           2  0.962316158455133     
           6           5   1.01086827452604     
           7           6  0.961174495633319     
           8           7   1.68929134670485     
           9           7   1.25796126801274     
          10           1  0.955812248123724     
          11           2  0.936852931033949     
          12           5  0.972980802956073     
          13           5  0.962016963137710     
          14           6  0.954492497089974     
          15           6  0.948778488290006     
          16           9  0.929606015094493     
          17           9  0.926535470926179     
          18           3   1.31526252114221     
          19          18  0.969841057256545     
          20          19  0.937034154163150     
          21          20   1.57107856800713     
          22          19  0.959007247324781     
          23          22   1.01003497726443     
          24          22   1.00629463170464     
          25          18  0.914549607740723     
          26          19  0.950519513815001     
          27          22  0.959089813392718     
          28          23  0.981959582691532     
          29          23  0.980989721046356     
          30          23  0.982636195403936     
          31          24  0.983316962805212     
          32          24  0.985207835986107     
          33          24  0.983722849413676     
          34          20   1.34982457116374     
          35          34  0.964736636981281     
          36          35  0.972942209302609     
          37          36   1.59473456664125     
          38          35  0.945644762183461     
          39          38  0.993772846826416     
          40          38   1.00636210289654     
          41          34  0.903921561463294     
          42          35  0.932699970804226     
          43          38  0.947547817806172     
          44          39  0.874726845899174     
          45          40  0.965908531394951     
          46          40  0.969266413652445     
          47          40  0.983831631886351     
          48          36   1.29760671530040     
          49          48  0.998349806308643     
          50          49  0.926325220821805     
          51          50   1.57491171404266     
          52          49  0.955146237816378     
          53          52   1.02332447052450     
          54          48  0.892825547577871     
          55          49  0.948938343738887     
          56          52  0.975322177786806     
          57          52  0.962617340996556     
          58          53  0.855068152075415     
          59          50   1.34282684862913     
          60          59  0.985245389650264     
          61          60  0.917983309993326     
          62          61   1.56387669130724     
          63          60  0.981434003739846     
          64          63  0.999479136154337     
          65          64  0.931697291768055     
          66          65   1.38549871352649     
          67          65   1.57609852572015     
          68          59  0.913236910807393     
          69          60  0.950080844933922     
          70          63  0.963103022271112     
          71          63  0.960114604460258     
          72          64  0.976969353281474     
          73          64  0.943781046445149     
          74          61   1.37745241491239     
          75          74  0.968502777968375     
          76          75  0.930309806168592     
          77          76   1.61457344195538     
          78          75  0.981605843334507     
          79          78   1.00562362394765     
          80          79  0.957547397274829     
          81          80   1.64059108018722     
          82          80   1.32104229794770     
          83          74  0.883924472584159     
          84          75  0.950256022907191     
          85          78  0.961025431716347     
          86          78  0.970791349184032     
          87          79  0.928170525224195     
          88          79  0.970045488246770     
          89          82  0.927357792939965     
          90          82  0.919874707144411     
          91          76   1.31742911359858     
          92          91  0.984845638425549     
          93          92  0.950236060143968     
          94          93   1.57321788842671     
          95          92  0.990852165740012     
          96          91  0.902711041506874     
          97          92  0.943142277399455     
          98          95  0.976197699194556     
          99          95  0.969609209870339     
         100          95  0.975538778027426     
         101          93   1.31934967868795     
         102         101  0.983393861454883     
         103         102  0.917337381857909     
         104         103   1.62423164074111     
         105         102  0.991052695205038     
         106         105   1.00069333274111     
         107         106   1.00507951553105     
         108         107   1.00435683728096     
         109         108  0.968630833742663     
         110         101  0.876115163500509     
         111         102  0.946664852503763     
         112         105  0.968784808292045     
         113         105  0.967192251567538     
         114         106  0.976707377768994     
         115         106  0.978285159661200     
         116         107  0.970436804549071     
         117         107  0.972819375708107     
         118         108  0.975681567935954     
         119         108  0.972791774969654     
         120         109  0.909607017872690     
         121         109  0.713558482507524     
         122         109  0.842969964409047     
         123         103   1.33146935975850     
         124         123  0.970729368380794     
         125         124  0.914276003151318     
         126         125   1.70383966740689     
         127         124  0.971483431605819     
         128         127   1.00182865443102     
         129         128   1.39885457299744     
         130         128   1.42489110189690     
         131         129   1.48821508055645     
         132         130   1.41116083266917     
         133         131   1.37042529220389     
         133         132   1.49787642597500     
         134         123  0.894186815570987     
         135         124  0.952458497045205     
         136         127  0.964545335593302     
         137         127  0.960317705803447     
         138         129  0.955461622489504     
         139         130  0.966038135893465     
         140         131  0.967371097810450     
         141         132  0.961799658491749     
         142         133  0.966308965143492     
         143         125   1.24225328600487     
         144         143  0.987175677035779     
         145         144  0.937881027555213     
         146         145   1.65804576982209     
         147         144  0.955702338239753     
         148         147   1.00333215859272     
         149         148   1.56749068835582     
         150         148   1.21964030667851     
         151         149   1.21753861827864     
         152         150   1.24378504641795     
         152         151   1.17475465238900     
         153         150   1.31064536910285     
         154         152   1.31739780285534     
         155         153   1.52148390057424     
         156         154   1.49650185140449     
         156         155   1.36378109221396     
         157         143  0.908725820853293     
         158         144  0.947184306229939     
         159         147  0.970443421005213     
         160         147  0.966947728861048     
         161         149  0.962361125168107     
         162         151  0.930513040906187     
         163         153  0.961933191889812     
         164         154  0.965099156564381     
         165         155  0.966456791828915     
         166         156  0.968046988902875     
         167         145   1.26990670394093     
         168         167  0.986380532612027     
         169         168  0.921940579033419     
         170         169   1.62453659859892     
         171         168  0.986635498042429     
         172         171  0.983827996546324     
         173         172   1.00640966782141     
         174         172   1.00743604569520     
         175         167  0.892087930951562     
         176         168  0.942680341726042     
         177         171  0.976527706274987     
         178         171  0.969913760855630     
         179         172  0.971354972877482     
         180         173  0.979629445671375     
         181         173  0.981514134828643     
         182         173  0.982626176524561     
         183         174  0.980483610458072     
         184         174  0.985786945282080     
         185         174  0.980956734134025     
         186         169   1.30553724510855     
         187         186  0.985391940512053     
         188         187  0.959984100459902     
         189         188   1.58439590384397     
         190         186  0.915888029901617     
         191         187  0.960298558449959     
         192         187  0.957908717771680     
         193         188   1.35045987908790     
         194         193  0.953522488221908     
         195         194  0.958597273575772     
         196         195   1.63291525351886     
         197         194  0.959347696467145     
         198         197  0.989474406747811     
         199         198   1.01082436662789     
         200         198   1.00599447645414     
         201         193  0.912496652362428     
         202         194  0.940452080297015     
         203         197  0.973597206255358     
         204         197  0.964827426530840     
         205         198  0.966628582540598     
         206         199  0.977528964373084     
         207         199  0.984307832616714     
         208         199  0.980243180767853     
         209         200  0.978249650914599     
         210         200  0.976316181119542     
         211         200  0.978925503284184     
         212         195   1.27557028862544     
         213         212   1.00256652334343     
         214         213  0.942718931089305     
         215         214   1.64208164109413     
         216         212  0.914861960567692     
         217         213  0.942581286345677     
         218         213  0.953638938293673     
         219         214   1.28793820632508     
         220         219  0.984375215880974     
         221         220  0.845314794963705     
         222         221   1.55702669618441     
         223         221   1.49239299077214     
         224         219  0.935464025715946     
         225         220  0.973406004303705     
         226         220  0.967457065506232     
         228         227  0.892068024005424     
         229         227  0.893175435669277     
         231         230  0.877101443131696     
         232         230  0.872361767825705     
         234         233   1.00908130148297     
         235         234  0.957045777914746     
         236         235   1.90832971595489     
         237         234  0.972130074677589     
         238         237   1.00186965641840     
         239         238  0.920236808508955     
         240         239   1.47753676051809     
         241         239   1.50116393363472     
         242         233  0.954190323458519     
         243         234  0.962868803661263     
         244         237  0.970765276919402     
         245         237  0.975481413773067     
         246         238  0.971079351139714     
         247         238  0.977382091762317     
         249         248   1.03494621210408     
         250         249  0.976298273266653     
         251         250   1.87072439978321     
         252         249  0.960597061788429     
         253         248  0.941285460761001     
         254         249  0.951780593537396     
         255         252  0.962873689561163     
         256         252  0.976637909857183     
         257         252  0.981999471973889     
         259         258   1.03035538309175     
         260         259  0.924124682119985     
         261         260   1.58629804127107     
         262         259  0.952602655048915     
         263         262  0.999807940614318     
         264         263   1.01175407864766     
         265         264   1.00396050949953     
         266         265  0.955716147680630     
         267         258  0.948727973347731     
         268         259  0.967899264884329     
         269         262  0.972031780341931     
         270         262  0.982746121295453     
         271         263  0.977759093812777     
         272         263  0.970680689007556     
         273         264  0.970990508063198     
         274         264  0.964466451118183     
         275         265  0.964019698844936     
         276         265  0.964891948413411     
         277         266  0.891951067193309     
         278         266  0.894797635936701     
         279         266  0.902666060765856     
         280         260   1.35302828381182     
         281         280  0.978716979377981     
         282         281  0.976211508672667     
         283         282   1.88337146262502     
         284         281  0.953844246232579     
         285         284   1.00680008808495     
         286         284   1.00377261031543     
         287         280  0.881401996659466     
         288         281  0.941594057184670     
         289         284  0.964326210213360     
         290         285  0.977172206927469     
         291         285  0.982990545774561     
         292         285  0.982972128235001     
         293         286  0.976510074970807     
         294         286  0.985823691277810     
         295         286  0.974788656250931     
         297         296   1.03228016868422     
         298         297  0.918227543360449     
         299         298   1.61256721301011     
         300         297  0.963664451985353     
         301         300  0.993844878029679     
         302         296  0.935155565485413     
         303         297  0.967349241232244     
         304         300  0.969110614056095     
         305         300  0.966166930806523     
         306         301  0.881561685280227     
         307         298   1.34064552180027     
         308         307  0.980915917033653     
         309         308  0.982872998556235     
         310         309   1.84168126837782     
         311         308  0.975442751417818     
         312         307  0.868941799523455     
         313         308  0.943922594633626     
         314         311  0.980415049625077     
         315         311  0.975246359985552     
         316         311  0.983486397636570     
         318         317   1.02789178141007     
         319         318  0.973395863434348     
         320         319   1.88651334186923     
         321         318  0.934935319403393     
         322         321   1.01864585813144     
         323         322   1.42403682396361     
         324         322   1.37574803356023     
         325         323   1.43708391188492     
         326         324   1.47196738441133     
         327         325   1.37908569305725     
         327         326   1.35542006432334     
         328         327   1.06814484446174     
         329         317  0.923929533273578     
         330         318  0.941653741035589     
         331         321  0.972748560826024     
         332         321  0.967195353506486     
         333         323  0.970294661792920     
         334         324  0.963157616039335     
         335         325  0.971064683804334     
         336         326  0.966468165515844     
         337         328  0.866813933063496     
         339         338   1.02291197332091     
         340         339  0.994990703722224     
         341         340   1.84027232929767     
         342         339  0.914918805390671     
         343         342   1.01102422460443     
         344         338  0.950225572668408     
         345         339  0.955239450519081     
         346         342  0.974223709085636     
         347         342  0.954968969421433     
         348         343  0.869933677781447     
         350         349   1.01283856041527     
         351         350  0.961388034395974     
         352         351   1.52980696654780     
         353         350  0.965674521957330     
         354         353   1.00564764257369     
         355         354   1.40349375700172     
         356         354   1.41137681536011     
         357         355   1.45058759830956     
         358         356   1.43823635893169     
         359         357   1.36173047208619     
         359         358   1.38012140459536     
         360         359   1.07176110380468     
         361         349  0.924405356470504     
         362         350  0.954468722328027     
         363         353  0.968309491519416     
         364         353  0.954480738199827     
         365         355  0.963459973713540     
         366         356  0.968915370868041     
         367         357  0.962713139398748     
         368         358  0.964504085667246     
         369         360  0.833332810571642     
         370         351   1.37450212746871     
         371         370  0.975487383114822     
         372         371  0.898936198275569     
         373         372   1.65912846881081     
         374         371  0.986593150070539     
         375         374  0.985308367122390     
         376         370  0.912732277409232     
         377         371  0.953392680240285     
         378         374  0.972176965732783     
         379         374  0.970911761300863     
         380         375  0.869809424718603     
         381         372   1.30746892667679     
         382         381  0.967860236960400     
         383         382   1.01201698081171     
         384         383   1.85979733190842     
         385         382  0.941521003532822     
         386         385  0.999798770795993     
         387         381  0.965728799296475     
         387         386   1.00075882878819     
         388         382  0.933240711893643     
         389         385  0.976583780447816     
         390         385  0.972965905437215     
         391         386  0.972764995324873     
         392         386  0.976690468005100     
         393         387  0.965219412418808     
         394         387  0.970678708246820     
         396         395   1.01396298545197     
         397         396  0.956692601758246     
         398         397   1.90999001140808     
         399         396  0.964851121737615     
         400         399  0.991399429497017     
         401         400   1.01143973619126     
         402         400   1.00541622290614     
         403         395  0.942730713875843     
         404         396  0.955916087220358     
         405         399  0.973902164110862     
         406         399  0.968813952416938     
         407         400  0.957611768086538     
         408         401  0.984612250050977     
         409         401  0.984147982010000     
         410         401  0.984926113090677     
         411         402  0.986647009041730     
         412         402  0.985596347717593     
         413         402  0.981431843169448     
         415         414   1.00215700382663     
         416         415  0.920299858581290     
         417         416   1.69419813991195     
         418         415   1.00004524333949     
         419         414  0.956442325755997     
         420         415  0.966934612477184     
         421         418  0.983739070335064     
         422         418  0.979094323074814     
         423         418  0.978397095813684     
         424         416   1.25901054626536     
         425         424  0.996794580595595     
         426         425  0.934128977700848     
         427         426   1.94228701949545     
         428         425  0.970350284517331     
         429         428   1.00035698149910     
         430         429   1.00007504035564     
         431         430  0.976063568955428     
         432         431   1.32574044244748     
         433         432   1.33896824195148     
         434         432   1.27641805150380     
         435         424  0.881101179016535     
         436         425  0.950744552998027     
         437         428  0.958780047704235     
         438         428  0.966627211392007     
         439         429  0.968648740724894     
         440         429  0.971013104121461     
         441         430  0.965229380033936     
         442         430  0.953511664897560     
         443         431  0.916455502066279     
         444         433  0.904432243076546     
         445         433  0.908403881676700     
         446         434  0.927661458661571     
         447         434  0.915241745142514     
         449         448   1.03385294731994     
         450         449   1.02855524260808     
         451         450   1.83871970146436     
         452         449  0.940633337993522     
         453         452   1.00960646078468     
         454         453  0.962113442615677     
         455         454   1.68107788365009     
         456         454   1.26426842000098     
         457         448  0.950625852522381     
         458         449  0.915678397659659     
         459         452  0.972760909941688     
         460         452  0.969077636524917     
         461         453  0.953997319567309     
         462         453  0.947247512410319     
         463         456  0.931446774304066     
         464         456  0.927790688555523     
         466         465   1.00647452404786     
         467         466  0.970659517314321     
         468         467   1.58671133326239     
         469         466  0.948237917903641     
         470         469  0.987482273756229     
         471         469   1.00696792463493     
         472         465  0.947979472715396     
         473         466  0.946475843272695     
         474         469  0.950749314620835     
         475         470  0.882983826690332     
         476         471  0.969508998064752     
         477         471  0.969396016502553     
         478         471  0.985127363323748     
         479         467   1.31581396226685     
         480         479  0.995819957184165     
         481         480  0.962326448923864     
         482         481   1.89750188463328     
         483         480  0.942010636108589     
         484         483   1.02439866349688     
         485         479  0.890062580218598     
         486         480  0.947332090993949     
         487         483  0.972181059826625     
         488         483  0.962291079877129     
         489         484  0.849174358295795     
         491         490   1.01296201247739     
         492         491  0.933112607295736     
         493         492   1.61126590324654     
         494         491  0.979317830629410     
         495         494   1.00547657530108     
         496         495  0.958560447105077     
         497         496   1.64154173872250     
         498         496   1.31425666919821     
         499         490  0.958960404371629     
         500         491  0.963833640651658     
         501         494  0.965670483645475     
         502         494  0.972762652610403     
         503         495  0.929840835721495     
         504         495  0.970742984106475     
         505         498  0.926560650553591     
         506         498  0.919845994942947     
         507         492   1.31805008020922     
         508         507  0.988751901639898     
         509         508  0.986411094710947     
         510         509   1.85134148599937     
         511         508  0.975694293118363     
         512         507  0.901896986006425     
         513         508  0.939493356245177     
         514         511  0.976968423708283     
         515         511  0.968743907605873     
         516         511  0.973342306491220     
         518         517   1.02463257000065     
         519         518  0.937418597767293     
         520         519   1.65175405607101     
         521         518  0.950323884895300     
         522         521   1.00643166375414     
         523         522   1.56871914333806     
         524         522   1.21999296365439     
         525         523   1.21536141373303     
         526         524   1.24041710323450     
         526         525   1.17684305567079     
         527         524   1.31231105822590     
         528         526   1.32221487751269     
         529         527   1.51862051580992     
         530         528   1.49503747296111     
         530         529   1.36524916930732     
         531         517  0.938231105604492     
         532         518  0.959582116308238     
         533         521  0.971206934195613     
         534         521  0.969746513605634     
         535         523  0.962650576878525     
         536         525  0.931926818055172     
         537         527  0.961712558718112     
         538         528  0.965878985499956     
         539         529  0.967709069192844     
         540         530  0.970188698970219     
         541         519   1.27890776590296     
         542         541  0.989598827756369     
         543         542  0.963342130669739     
         544         543   1.88337502800153     
         545         542  0.972147299095444     
         546         545  0.982913667274126     
         547         546   1.00626260064889     
         548         546   1.00770265667934     
         549         541  0.889271649877804     
         550         542  0.935755965546824     
         551         545  0.974352619133602     
         552         545  0.969726092051424     
         553         546  0.970915623085104     
         554         547  0.985358562659829     
         555         547  0.986171989278693     
         556         547  0.984999577529846     
         557         548  0.982156128519979     
         558         548  0.985322975239506     
         559         548  0.980829600923804     
         561         560   1.00665257102223     
         562         561  0.957887598615045     
         563         562   1.61357440092884     
         564         561  0.957076265263276     
         565         564  0.992185073509960     
         566         565   1.01143688279085     
         567         565   1.00687580601407     
         568         560  0.953741968391684     
         569         561  0.954410338409212     
         570         564  0.974175657924197     
         571         564  0.974673445102128     
         572         565  0.966297907859797     
         573         566  0.984211677725096     
         574         566  0.984501561581732     
         575         566  0.985812232838665     
         576         567  0.984805828790605     
         577         567  0.986194543351435     
         578         567  0.980660673374030     
         579         562   1.29125581133431     
         580         579   1.00284577178998     
         581         580  0.989710167887086     
         582         581   1.89346125064360     
         583         579  0.902579852465055     
         584         580  0.938799048838661     
         585         580  0.930923973900211     
         587         586   1.03392535140176     
         588         587  0.966645344873232     
         589         588   1.88773630736922     
         590         587  0.934713954725858     
         591         590   1.02035162401223     
         592         586  0.930269253947911     
         593         587  0.961664755893816     
         594         590  0.974500299895185     
         595         590  0.964794956631369     
         596         591  0.855765033068752     
         598         597   1.01961944110195     
         599         598  0.965247709174080     
         600         599   1.88947915918833     
         601         598  0.966964083866923     
         602         601  0.982838992415023     
         603         602   1.00521044333200     
         604         602   1.00785350533612     
         605         597  0.953947660200885     
         606         598  0.944864251331324     
         607         601  0.975939945917105     
         608         601  0.971960637323030     
         609         602  0.972586301644217     
         610         603  0.980520731530647     
         611         603  0.985569149290133     
         612         603  0.984220333849346     
         613         604  0.981854265732776     
         614         604  0.985321045252317     
         615         604  0.979046672799829     
         617         616   1.03634901860463     
         618         617  0.928344481257376     
         619         618   1.57437254067533     
         620         617  0.948924335494054     
         621         620   1.01813467101398     
         622         616  0.931581613445787     
         623         617  0.962828100364678     
         624         620  0.976715601541392     
         625         620  0.965300148572938     
         626         621  0.864330857684587     
         627         618   1.33834731124091     
         628         627  0.991249553387751     
         629         628  0.956825489887714     
         630         629   1.90695192081253     
         631         628  0.969682072193716     
         632         631  0.997476268947897     
         633         632  0.929867086998883     
         634         633   1.40373803509047     
         635         633   1.56955939036552     
         636         627  0.912837862466272     
         637         628  0.946436328236427     
         638         631  0.970886219207705     
         639         631  0.971797730871212     
         640         632  0.979903832871228     
         641         632  0.966297609404506     
         643         642   1.02054361027927     
         644         643  0.949186544355415     
         645         644   1.56354477635684     
         646         643  0.988737525664712     
         647         642  0.954263570214935     
         648         643  0.957626803261875     
         649         646  0.981648687373339     
         650         646  0.977700803768114     
         651         646  0.976679875244182     
         652         644   1.32722618469917     
         653         652  0.984230074596687     
         654         653  0.963035283789083     
         655         654   1.90546343559562     
         656         653  0.975123404886512     
         657         656   1.00084061967601     
         658         657   1.00583466910113     
         659         658   1.00501696558254     
         660         659  0.966139260620425     
         661         652  0.870384311468650     
         662         653  0.942309527843161     
         663         656  0.965381383214254     
         664         656  0.967273089041959     
         665         657  0.976152224929314     
         666         657  0.978088489063047     
         667         658  0.972125259771212     
         668         658  0.974074147096734     
         669         659  0.973436593814949     
         670         659  0.970701259902885     
         671         660  0.903582783828961     
         672         660  0.702457250745397     
         673         660  0.918968516042077     
         675         674   1.02415112442400     
         676         675  0.919632147671991     
         677         676   1.62321175391930     
         678         675  0.981232184592824     
         679         678  0.985279625959142     
         680         679   1.00632246586642     
         681         679   1.00764859038726     
         682         674  0.924557360724255     
         683         675  0.952792697788044     
         684         678  0.976814524211346     
         685         678  0.973046263236912     
         686         679  0.972580792938000     
         687         680  0.979958651466553     
         688         680  0.981665352407071     
         689         680  0.983745170524886     
         690         681  0.982823743876913     
         691         681  0.986997170762886     
         692         681  0.982487731773539     
         693         676   1.30569986829926     
         694         693  0.985948710000426     
         695         694   1.00903596253645     
         696         695   1.87437586040221     
         697         693  0.907117182069449     
         698         694  0.957913933981821     
         699         694  0.932320802751959     
         701         700   1.02658762996751     
         702         701  0.862708342023883     
         703         702   1.54557722060417     
         704         702   1.48077094173428     
         705         700  0.968366690917547     
         706         701  0.976721539194840     
         707         701  0.969475973656335     
         708           1  0.941694588117246     
         709         233  0.954925795061524     
         710         235  0.949397910564683     
         711         248  0.945581836928103     
         712         250  0.956557740588833     
         713         258  0.953498211616743     
         714         282  0.948661961985603     
         715         296  0.953714320900355     
         716         309  0.956537035308690     
         717         317  0.954897239928820     
         718         319  0.955210201534355     
         719         338  0.955204845628941     
         720         340  0.955105654091950     
         721         349  0.952911729802415     
         722         383  0.956411932302712     
         723         395  0.957944023488135     
         724         397  0.947682977833711     
         725         414  0.961502306495573     
         726         426  0.947838000910518     
         727         448  0.941278683699291     
         728         450  0.957189639052076     
         729         465  0.959717487497940     
         730         481  0.953838634363005     
         731         490  0.956099641903469     
         732         509  0.957056210775509     
         733         517  0.956276541637294     
         734         543  0.953964134873723     
         735         560  0.957353061446378     
         736         581  0.952154682498528     
         737         586  0.955460515195599     
         738         588  0.955334145356019     
         739         597  0.955330332132297     
         740         599  0.954271045071546     
         741         616  0.951784710356351     
         742         629  0.950686656104162     
         743         642  0.955825791706785     
         744         654  0.950101749259077     
         745         674  0.954983259367379     
         746         695  0.953057433379126     
         747         700  0.956181492666277     
