           2           1   1.01105015419394     
           3           2  0.934206098549932     
           4           3   1.59903947190508     
           5           2  0.992462336465690     
           6           1  0.957155511851064     
           7           2  0.965797423174485     
           8           5  0.983126072993533     
           9           5  0.980475800319625     
          10           5  0.976890392760145     
          11           3   1.31542098743907     
          12          11  0.985538253323412     
          13          12  0.917768392418753     
          14          13   1.63511319241021     
          15          12  0.987762620144428     
          16          15  0.988675656754053     
          17          16   1.01180314763203     
          18          16   1.00631554744378     
          19          11  0.911159723922769     
          20          12  0.945696857968715     
          21          15  0.965665727209193     
          22          15  0.974104069428984     
          23          16  0.969003387954121     
          24          17  0.984507007724039     
          25          17  0.983772531925098     
          26          17  0.983260251858234     
          27          18  0.986025557320825     
          28          18  0.984833244572870     
          29          18  0.986644733984153     
          30          13   1.30136579354260     
          31          30  0.962535695127557     
          32          31  0.926648334996296     
          33          32   1.66193378350994     
          34          31  0.976344868042024     
          35          34   1.00185416447234     
          36          35   1.00626341586548     
          37          36   1.00966800120928     
          38          37  0.956299851029789     
          39          30  0.909959555202051     
          40          31  0.951294946581205     
          41          34  0.959165818574759     
          42          34  0.963017279264268     
          43          35  0.972957969824189     
          44          35  0.975171051581050     
          45          36  0.969702268708761     
          46          36  0.969957076505686     
          47          37  0.963016148403045     
          48          37  0.964547159040441     
          49          38  0.895178836637921     
          50          38  0.897447852427130     
          51          38  0.895265956229604     
          52          32   1.28136787149632     
          53          52  0.994907818232850     
          54          53  0.961941111892394     
          55          54   1.54645672819037     
          56          53  0.931241686746222     
          57          56  0.998232697668952     
          58          56   1.00461583739182     
          59          57   1.01555397302371     
          60          52  0.899812281703624     
          61          53  0.948441227892154     
          62          56  0.966543284591702     
          63          57  0.973824370371712     
          64          57  0.967437219389003     
          65          58  0.982092179544803     
          66          58  0.984145081238802     
          67          58  0.976480532521481     
          68          59  0.986709133019328     
          69          59  0.981147941078849     
          70          59  0.988531476259391     
          71          54   1.31003033953653     
          72          71  0.984800479934799     
          73          72  0.944489008522092     
          74          73   1.65508114232815     
          75          72  0.978399032505670     
          76          75  0.991023638355334     
          77          76   1.01016919734600     
          78          76   1.00729694183539     
          79          71  0.905357665032217     
          80          72  0.923713740713494     
          81          75  0.967346229350433     
          82          75  0.975269239279993     
          83          76  0.966199583337907     
          84          77  0.985280249879414     
          85          77  0.979337345074447     
          86          77  0.982356065644501     
          87          78  0.985240643763799     
          88          78  0.977241373294462     
          89          78  0.985120361634992     
          90          73   1.25279314201923     
          91          90  0.988662076754889     
          92          91  0.948150182669884     
          93          92   1.56746121565095     
          94          91  0.958660725911377     
          95          94  0.957018731361070     
          96          95   1.66725128785715     
          97          95   1.27015344246912     
          98          90  0.909306432439444     
          99          91  0.948641149978821     
         100          94  0.960759735819814     
         101          94  0.969760594579879     
         102          97  0.925300117839609     
         103          97  0.919239344106078     
         104          92   1.33097134396425     
         105         104  0.982311140129478     
         106         105  0.929922187531602     
         107         106   1.65021362145330     
         108         105  0.953257183269896     
         109         108  0.955777103903326     
         110         109   1.70698416201213     
         111         109   1.24996967405404     
         112         104  0.808730116582376     
         113         105  0.923990981099267     
         114         108  0.962010229121458     
         115         108  0.972067329506317     
         116         111  0.923265051452485     
         117         111  0.928612666934171     
         118         106   1.28227524890862     
         119         118  0.981002364823872     
         120         119  0.963001104353898     
         121         120   1.90569796682815     
         122         119  0.965386205897268     
         123         122  0.993010784960858     
         124         122   1.00401786043472     
         125         123   1.01847596392346     
         126         118  0.911530253018837     
         127         119  0.946253752214117     
         128         122  0.957937058718810     
         129         123  0.971033784033646     
         130         123  0.969694199141507     
         131         124  0.982046035630677     
         132         124  0.985285210870014     
         133         124  0.980550106164602     
         134         125  0.984767955372384     
         135         125  0.985166744635964     
         136         125  0.986841687991184     
         138         137   1.01106408267827     
         139         138  0.962451926654955     
         140         139   1.89489238217992     
         141         138  0.974135897193112     
         142         141  0.990355311812991     
         143         142   1.01561935632705     
         144         142   1.00227204442208     
         145         137  0.881028369721878     
         146         138  0.960136379184753     
         147         141  0.963963954591124     
         148         141  0.974758658810940     
         149         142  0.969880789091979     
         150         143  0.982924762476620     
         151         143  0.982786206030666     
         152         143  0.982062170302111     
         153         144  0.985223506925768     
         154         144  0.978736814214393     
         155         144  0.987983239043319     
         157         156   1.03348426392488     
         158         157  0.956832637844043     
         159         158   1.90368974813584     
         160         157  0.957386353009867     
         161         160  0.993834092582560     
         162         161   1.00457993310067     
         163         161   1.01098447230339     
         164         156  0.945378087242538     
         165         157  0.949473202553313     
         166         160  0.966085488889798     
         167         160  0.975766756733260     
         168         161  0.970023536741020     
         169         162  0.984344237923681     
         170         162  0.979935010830992     
         171         162  0.983055437204447     
         172         163  0.984261152943889     
         173         163  0.983419907068382     
         174         163  0.974185667953339     
         176         175   1.02266128381887     
         177         176  0.982802081195712     
         178         177   1.86170037233927     
         179         176  0.954206089251203     
         180         179  0.987359880961025     
         181         180   1.00326254120790     
         182         180   1.01051548516869     
         183         175  0.951906130332714     
         184         176  0.935798754676685     
         185         179  0.975222265954829     
         186         179  0.972360413470140     
         187         180  0.969857234669946     
         188         181  0.985118560268482     
         189         181  0.986770981033855     
         190         181  0.986733563979769     
         191         182  0.984005315993183     
         192         182  0.986663578763302     
         193         182  0.985011118847579     
         195         194   1.02264854507021     
         196         195  0.979018321177206     
         197         196   1.88919157378296     
         198         195  0.972880493298518     
         199         198  0.991984724278628     
         200         199   1.00606414093711     
         201         199   1.01250752403253     
         202         194  0.940695296255117     
         203         195  0.928746573121482     
         204         198  0.967512307740790     
         205         198  0.969039814702184     
         206         199  0.968215914001140     
         207         200  0.987617884875203     
         208         200  0.980061186667115     
         209         200  0.982208697805054     
         210         201  0.977084000698492     
         211         201  0.983331435520285     
         212         201  0.985033139904108     
         214         213   1.02071168390952     
         215         214  0.965476524665901     
         216         215   1.89497512224284     
         217         214  0.975433042403849     
         218         213  0.949852522642305     
         219         214  0.960003338385562     
         220         217  0.983701962139266     
         221         217  0.974131673722813     
         222         217  0.981788860477925     
         224         223   1.00475827180730     
         225         224  0.930489155187830     
         226         225   1.70161084745392     
         227         224  0.983517276095982     
         228         227   1.00793163742277     
         229         228  0.886148581736985     
         230         229   1.47570842458861     
         231         229   1.54484007637882     
         232         223  0.942576413534731     
         233         224  0.959290610859689     
         234         227  0.975168907953980     
         235         227  0.977579986081578     
         236         228  0.963127904299609     
         237         228  0.973186243676811     
         238         225   1.23261242459966     
         239         238  0.995835210792177     
         240         239  0.929860131440165     
         241         240   1.69189000371461     
         242         239  0.975642724044804     
         243         242   1.00263989258925     
         244         238  0.930408137447739     
         245         239  0.932959053768903     
         246         242  0.963174118106151     
         247         242  0.963574831876488     
         248         243  0.819194481601562     
         249         240   1.23806355240952     
         250         249  0.995064281586847     
         251         250  0.958978971949582     
         252         251   1.52823761625617     
         253         250  0.944148264618929     
         254         253  0.965763027623520     
         255         253   1.00667026425335     
         256         249  0.889330157639355     
         257         250  0.950278709296389     
         258         253  0.958703759213709     
         259         254  0.856893712099423     
         260         255  0.976797379284569     
         261         255  0.976245315166875     
         262         255  0.974205752146913     
         263         251   1.33461091488075     
         264         263  0.988417054471847     
         265         264  0.935328346156370     
         266         265   1.57412332690303     
         267         264  0.976528163897283     
         268         267  0.983102132950545     
         269         268   1.01162777755850     
         270         268   1.00807022818589     
         271         263  0.900375122445870     
         272         264  0.945926141264362     
         273         267  0.966135324093185     
         274         267  0.971510100629435     
         275         268  0.966123625065997     
         276         269  0.984877885977320     
         277         269  0.984782613204079     
         278         269  0.984053105907310     
         279         270  0.981701018525491     
         280         270  0.984258043134470     
         281         270  0.978464631846653     
         282         265   1.22732120954241     
         283         282  0.982544296909526     
         284         283  0.931953925887380     
         285         284   1.62977038077882     
         286         283  0.974899402799157     
         287         286   1.01267449293380     
         288         287  0.903482070614646     
         289         288   1.50114291892857     
         290         288   1.49723657355136     
         291         282  0.913950735295362     
         292         283  0.951287680825760     
         293         286  0.977891354763468     
         294         286  0.964661336724064     
         295         287  0.967390114908258     
         296         287  0.958569355734918     
         297         284   1.26960540688405     
         298         297  0.983178299847615     
         299         298  0.939527896188253     
         300         299   1.58065516610753     
         301         298  0.949842197420978     
         302         301   1.00892171488163     
         303         301  0.994344211809718     
         304         297  0.878769077318989     
         305         298  0.953954127664973     
         306         301  0.960459660011523     
         307         302  0.772734204563113     
         308         303  0.972465129504474     
         309         303  0.984202031503652     
         310         303  0.967332958536477     
         311         299   1.32534696480433     
         312         311  0.979192733566892     
         313         312  0.940224915341855     
         314         313   1.57006351363807     
         315         312  0.970444247806032     
         316         315  0.983568675446383     
         317         316   1.01009178548087     
         318         316   1.00552979261128     
         319         311  0.865167672567269     
         320         312  0.938817890457320     
         321         315  0.969942911868346     
         322         315  0.974448678271420     
         323         316  0.942483694056246     
         324         317  0.974433338988249     
         325         317  0.983130407031063     
         326         317  0.985181427461596     
         327         318  0.974515333427866     
         328         318  0.982599874302377     
         329         318  0.979877937503598     
         330         313   1.31253149016478     
         331         330  0.979672489703719     
         332         331  0.926982747688442     
         333         332   1.63510515511684     
         334         331  0.977189475983849     
         335         334  0.999856833179166     
         336         335  0.907525115211424     
         337         336   1.52233049171221     
         338         336   1.48441562174214     
         339         330  0.891501069104796     
         340         331  0.947419757729462     
         341         334  0.963973931852784     
         342         334  0.971060051807628     
         343         335  0.974868521428182     
         344         335  0.980675121666042     
         345         332   1.29462810924528     
         346         345  0.993963100714913     
         347         346  0.949301899186231     
         348         347   1.59205153565905     
         349         346  0.963198182858344     
         350         349  0.999208190242577     
         351         350  0.892640180700316     
         352         351   1.51812629128517     
         353         351   1.50856745888078     
         354         345  0.878989252127375     
         355         346  0.936775689223506     
         356         349  0.981744808733842     
         357         349  0.967650558731778     
         358         350  0.969412467503357     
         359         350  0.983699267839296     
         360         347   1.29870533090598     
         361         360  0.976090637641141     
         362         361  0.935483659061241     
         363         362   1.63208678899207     
         364         361  0.964215198143152     
         365         364   1.01541516575967     
         366         365  0.991544942287089     
         367         366   1.01291524207864     
         368         360  0.877611040543978     
         369         361  0.921035985440395     
         370         364  0.963550351708649     
         371         364  0.972706559519242     
         372         365  0.971487354122776     
         373         365  0.968305324874271     
         374         367  0.975744819409866     
         375         367  0.984619261729964     
         376         367  0.973851568455231     
         377         362   1.28190538046739     
         378         377  0.981100422297654     
         379         378  0.910570654889923     
         380         379   1.64292971522681     
         381         378  0.984936604206630     
         382         381  0.992253159155889     
         383         382   1.00717975172520     
         384         382   1.00596094512225     
         385         377  0.900481223151745     
         386         378  0.947039896250129     
         387         381  0.962676168893077     
         388         381  0.966975818849946     
         389         382  0.950139122632982     
         390         383  0.977274898610603     
         391         383  0.978342189374454     
         392         383  0.980415326757451     
         393         384  0.986225020279277     
         394         384  0.985118656646805     
         395         384  0.985884562426210     
         396         379   1.26869454455475     
         397         396  0.956080717643571     
         398         397  0.984104959032974     
         399         398   1.45873537925533     
         400         397  0.966725421986968     
         401         400   1.01675784795563     
         402         401  0.901583131004545     
         403         402   1.47090343272597     
         404         402   1.53881825382200     
         405         396  0.925029750907676     
         406         397  0.953519377203899     
         407         400  0.936142703179626     
         408         400  0.951524506507764     
         409         401  0.954999335029709     
         410         401  0.961139552433910     
         411         398   1.39821694398834     
         412         411  0.948491051280010     
         413         412  0.913680275770043     
         414         413   1.60342459879146     
         415         412  0.985572309111972     
         416         415  0.991333957968418     
         417         416   1.00297409034627     
         418         417   1.01186495654490     
         419         418  0.971371321570634     
         420         411  0.898356569700202     
         421         412  0.950092161321107     
         422         415  0.959947298282763     
         423         415  0.969789588848536     
         424         416  0.976659563994560     
         425         416  0.966994771269433     
         426         417  0.963540875357435     
         427         417  0.966961640273967     
         428         418  0.969275260561525     
         429         418  0.961145482343811     
         430         419  0.898532865010722     
         431         419  0.845370050008836     
         432         419  0.898637052286383     
         433         413   1.35784010561023     
         434         433  0.967954436354854     
         435         434  0.922197580864950     
         436         435   1.55902792950661     
         437         434  0.990558709982513     
         438         437  0.983318529910265     
         439         438   1.01095656992397     
         440         438   1.01268559836287     
         441         433  0.890055385962021     
         442         434  0.946036961303570     
         443         437  0.967808749130192     
         444         437  0.968600308536401     
         445         438  0.966396530392575     
         446         439  0.982660456851352     
         447         439  0.983687450330904     
         448         439  0.985614586189008     
         449         440  0.981560144653286     
         450         440  0.985394125904139     
         451         440  0.969833393143157     
         452         435   1.37095060300691     
         453         452  0.983952080327770     
         454         453  0.953423517780985     
         455         454   1.61116873823342     
         456         453  0.958522381775096     
         457         456   1.02636900672009     
         458         457  0.885940720339340     
         459         458   1.54849713494151     
         460         458   1.46443306581561     
         461         452  0.854902968299188     
         462         453  0.932875032046017     
         463         456  0.978171854985304     
         464         456  0.966316618073007     
         465         457  0.947036689575283     
         466         457  0.970350173716104     
         467         454   1.30884721941004     
         468         467  0.967285935095260     
         469         468  0.937621120494763     
         470         469   1.62229683536348     
         471         468  0.962360237887167     
         472         471   1.00466703917720     
         473         471   1.00636168673584     
         474         467  0.878817670891717     
         475         468  0.956933277603326     
         476         471  0.970201635700792     
         477         472  0.983977232430326     
         478         472  0.987930849076970     
         479         472  0.969388217745002     
         480         473  0.983788506390915     
         481         473  0.964594473794423     
         482         473  0.984971690117992     
         483         469   1.31690556640938     
         484         483  0.974548180989791     
         485         484  0.991993670920903     
         486         485   1.86989690866380     
         487         484  0.942935395997595     
         488         487   1.00488908435583     
         489         487   1.01158862815284     
         490         483  0.876752190656322     
         491         484  0.940435080266069     
         492         487  0.957606537743392     
         493         488  0.981974919821839     
         494         488  0.984903243000802     
         495         488  0.981367036250556     
         496         489  0.981268939589076     
         497         489  0.984046481778089     
         498         489  0.983374761912610     
         500         499   1.01296044286110     
         501         500  0.986750911194833     
         502         501   1.87207076124932     
         503         500  0.955117823773025     
         504         503   1.01446471325798     
         505         504  0.899880744797395     
         506         505   1.51552397159615     
         507         505   1.49370959804976     
         508         499  0.951229376699622     
         509         500  0.955827224730274     
         510         503  0.967401639855388     
         511         503  0.969763530483159     
         512         504  0.962685927953890     
         513         504  0.976917658457915     
         515         514   1.00547062065407     
         516         515  0.940233685323418     
         517         516   1.93814999307541     
         518         515  0.980161171299041     
         519         518   1.00547514540243     
         520         519  0.999755998043818     
         521         520   1.00648464520900     
         522         521  0.953733484802613     
         523         514  0.946718708661631     
         524         515  0.970058756753185     
         525         518  0.971830686933008     
         526         518  0.977033351896520     
         527         519  0.980665422992067     
         528         519  0.966763215545305     
         529         520  0.970432085225812     
         530         520  0.971435125424946     
         531         521  0.967634311107214     
         532         521  0.968159299733454     
         533         522  0.923336742414812     
         534         522  0.875399942849588     
         535         522  0.782505445571627     
         537         536   1.03166804042066     
         538         537  0.953901528105969     
         539         538   1.61459473603590     
         540         537  0.951299914873688     
         541         540  0.959313483121780     
         542         541   1.65747110138515     
         543         541   1.29076097276701     
         544         536  0.950665907047883     
         545         537  0.939360090025417     
         546         540  0.961769848867558     
         547         540  0.976071281298273     
         548         543  0.932094395874384     
         549         543  0.919290832069598     
         550         538   1.28407667735869     
         551         550  0.995694905940151     
         552         551  0.945165741202215     
         553         552   1.57495952128543     
         554         551  0.956311200979980     
         555         554  0.959314462051980     
         556         555   1.64001792325326     
         557         555   1.31623713174258     
         558         550  0.900605801482401     
         559         551  0.932849329441728     
         560         554  0.964281003692653     
         561         554  0.954511804042757     
         562         557  0.924052884665923     
         563         557  0.910893305877989     
         564         552   1.33309694783015     
         565         564  0.970906676037259     
         566         565  0.959061775441816     
         567         566   1.86474205140486     
         568         565  0.963503471734504     
         569         568  0.992087676853028     
         570         568   1.00807682626591     
         571         569   1.01895402070773     
         572         564  0.922844843184061     
         573         565  0.944504924634197     
         574         568  0.964484483626021     
         575         569  0.971572148576636     
         576         569  0.974520908809325     
         577         570  0.974020853030020     
         578         570  0.978015411758196     
         579         570  0.986626676656995     
         580         571  0.985765580693819     
         581         571  0.979867307057675     
         582         571  0.984584583080172     
         583           1  0.950567442265393     
         584         120  0.951547896418498     
         585         137  0.956663513928158     
         586         139  0.954206828301298     
         587         156  0.950419965701139     
         588         158  0.952068730600269     
         589         175  0.955821313696869     
         590         177  0.951904933304517     
         591         194  0.953903112315442     
         592         196  0.951828293093380     
         593         213  0.957684734267678     
         594         215  0.945524732411343     
         595         223  0.956423800747263     
         596         485  0.955781714750901     
         597         499  0.953540289260766     
         598         501  0.951361229358823     
         599         514  0.960091264867544     
         600         516  0.946703036971630     
         601         536  0.943986777858062     
         602         566  0.955165479739973     
