$grad                                                                           
  cycle =      1    SCF energy =  -475.95283289821   |dE/dxyz| =  0.612268
   20.53238141922425     39.87757078771677     13.94366151750361      n 
   19.58944524203478     38.72333028917380     11.62176201619095      c 
   16.82487661922585     39.29291610527633     11.11223567675603      c 
   16.02824808363837     39.40498885061690      8.90820443021305      o 
   19.97084662103583     35.85453594736857     12.13424029464154      c 
   22.42052909227430     35.86005053108292     13.67324479967261      c 
   22.04274395728947     38.13749444902452     15.47696528569652      c 
   20.71909341701494     39.34365627653766     10.00202675375733      h 
   18.41410840802192     35.14941823822891     13.27760117091955      h 
   20.09818990899193     34.77590062449018     10.39964467936510      h 
   22.67478129313418     34.09417855653889     14.69092013704444      h 
   24.03420954180836     36.17927745364569     12.44030544377512      h 
   20.95248799901190     37.55252842421838     17.13135823202229      h 
   23.82247029794893     38.97113659173488     16.06646922942229      h 
   16.43958642213764     45.72944888750511      7.86951399196557      n 
   17.14685413088235     45.56532638174966      5.20397808099313      c 
   15.00146587156826     44.23605342716353      3.71461526974912      c 
   14.28117127652084     45.05838905209193      1.68955027564866      o 
   19.54870501162503     43.91374759149704      4.96326644478260      c 
   20.10013125620704     43.34961136500839      2.17047507105653      c 
   21.74741327773608     45.26768912084393      6.19684581967865      c 
   17.48178170184411     44.75942966086638      9.14938774768969      h 
   17.41181912295324     47.45008777266808      4.40592992223438      h 
   19.19521024448405     42.13393743412179      5.95510449466404      h 
   21.91553933761251     42.40893630274287      1.99988898767116      h 
   18.66357880079730     42.13339106162650      1.35045853595447      h 
   20.15059023662506     45.08725809230730      1.07621674710663      h 
   23.43359663678670     44.09650215241675      6.10322917409565      h 
   22.12189700347290     47.05421945096432      5.25076085374493      h 
   21.37999192746869     45.64279363705084      8.18269950413213      h 
   13.91240874031511     42.19633001557929      4.85360402296954      n 
   12.06194617187443     40.71391689771401      3.43754787762422      c 
    9.68004578503619     42.32120477966117      2.94945526646402      c 
    8.32040406649371     42.15041075480077      1.05846925508477      o 
   11.21943645159658     38.46239376159135      4.99834077545207      c 
   13.00136700696474     36.16023643514085      4.70821494918357      c 
   12.55379538304424     34.82409655320412      2.23468727359902      c 
   10.99530724789648     35.56096701831066      0.71298722038812      o 
   13.83148511086814     32.67368151892997      1.86801990187560      n 
   14.71133193856441     41.37304200429928      6.39144012820959      h 
   12.82144638773783     40.15391356688306      1.59622363081135      h 
   11.12421528449654     39.03122535121785      6.97437439847661      h 
    9.33873552087253     37.88852030527541      4.37691475555847      h 
   14.96179388849778     36.77622868393854      4.84604156554271      h 
   12.65075240175664     34.82956718283775      6.24148410024271      h 
   14.99706292424584     31.88625950272315      3.15884418068154      h 
   13.62976765687173     31.72997045016636      0.21271989975533      h 
   36.80585816008043     48.68033999344568      1.64394278166828      n 
   35.00385456642638     46.56559676449439      1.83401046371494      c 
   36.54111855448966     44.14499039886937      2.20508869957866      c 
   38.25972638884748     43.58435684537918      0.76544312920778      o 
   33.41091566103956     46.28845717028732     -0.59145890566046      c 
   31.11240883064401     44.56680352591115     -0.26228022666734      c 
   29.00129013707052     45.83698584137950      1.20399143436360      c 
   30.23795776900920     43.78340505353537     -2.90727091655450      c 
   37.69419413770728     48.97657707400353     -0.03122188564943      h 
   33.82079930248704     46.89873599840629      3.48890765789898      h 
   32.76822902499627     48.15724561841528     -1.17970259398524      h 
   34.63285581772732     45.54467393553533     -2.07612627383119      h 
   31.69447453656644     42.86301715799353      0.76445688047895      h 
   27.31909910187751     44.65673526315171      1.19287114926291      h 
   29.54812849157577     46.14404155764365      3.15890446558493      h 
   28.52036890001661     47.64821410579888      0.35707057177778      h 
   28.55575236434007     42.60531119496707     -2.81186405836865      h 
   29.77767496263917     45.44422002449614     -4.02609345004734      h 
   31.70411116796667     42.72704252824470     -3.88493250862669      h 
   35.92678994029335     42.67532213799210      4.19834899349228      n 
   37.48357999208054     40.50700631202482      4.80174131858954      c 
   35.76606962816203     38.37047888452350      5.76704932804558      c 
   33.80557333699487     38.81839840113312      6.90435903235903      o 
   39.45924035360098     41.16744769399200      6.92558682566972      c 
   41.50673358167356     42.77638404983615      5.81885157650198      c 
   38.29650794310398     42.53467003646377      9.29603493770689      c 
   34.53962647336736     43.15478983431753      5.42856203647148      h 
   38.49587163382644     39.90613156260721      3.11080155428448      h 
   40.24348151241419     39.35698077880369      7.54514404568329      h 
   42.84456509053319     43.31372313541969      7.27355920547304      h 
   42.54143339757268     41.72402066521150      4.39323927997208      h 
   40.71227448756963     44.46040281832973      4.95969583084504      h 
   39.54325432105681     42.28334395359317     10.89920405272139      h 
   38.03644023573500     44.53182810009637      8.89747543630276      h 
   36.46384510985979     41.72817790261812      9.75324249836435      h 
   36.76229826542433     36.04781415078192      5.57001150011624      n 
   35.57247940926260     33.76144863896835      6.65862893314803      c 
   37.69197723991390     32.59256340266776      8.23091034127203      c 
   39.14525013924445     31.07501105999907      7.30860165117450      o 
   34.71586719221457     32.01306395856844      4.52172510795343      c 
   33.29772130174301     30.04253074933719      5.59067575258242      o 
   38.35122656725650     35.75996374447383      4.53087734495621      h 
   33.94780826541942     34.31911673472137      7.79211376864531      h 
   33.53945254393584     33.10387071300079      3.19931656851619      h 
   36.39708345611828     31.31927392722809      3.53523755291374      h 
   33.71844627091497     28.43993576538039      4.84536760536536      h 
   25.15339709136406     23.08667172924249     24.40898692037523      n 
   24.23667438600820     21.99239765159221     22.03288814715886      c 
   22.76833548006201     23.89590842131047     20.49075809436710      c 
   22.88359923875036     23.94770563081264     18.15861921542131      o 
   22.39915287932063     19.74090059236483     22.43925021041154      c 
   23.63167199134747     17.75876136948893     23.64043529893934      o 
   24.74327302991062     22.20429800309257     26.06349164172323      h 
   25.84561284738502     21.34819644593194     20.89852541849588      h 
   20.72395402232515     20.38159896912426     23.47219479442484      h 
   21.80290656612871     19.06961415972410     20.58189569370385      h 
   23.85548517693296     18.18483886363522     25.41561778637276      h 
   21.18688930000507     25.40232510312329     21.79553975391913      n 
   19.80306971429573     27.41602162534346     20.51222461070984      c 
   21.63097784266089     29.32695564336986     19.34768461706008      c 
   21.24685595749145     30.18251496426737     17.22667362350377      o 
   17.94131098112569     28.83544429762534     22.28252434732362      c 
   17.60466247472539     31.66853105535941     22.03040870633784      c 
   16.30539311364211     32.81180377138655     19.96895016974085      c 
   18.32670700513473     33.25163058745193     23.98888315949177      c 
   15.84773001526936     35.36856893151456     19.91523946153695      c 
   17.83416833520019     35.80408817283646     23.97433948805737      c 
   16.54940187036760     36.95062371463204     21.96695324492969      c 
   16.02269683621704     39.49037398186763     22.24515219266981      o 
   21.04367863539715     25.21863361248743     23.69590723475155      h 
   18.76588150065254     26.55433434535717     18.93921795297856      h 
   16.09153772424008     27.95173580682587     22.04561740181353      h 
   18.57460028460029     28.46424959114835     24.21103135365265      h 
   15.71574346505366     31.65860148223301     18.39307755363486      h 
   19.30153275671748     32.45117670702630     25.59246179323730      h 
   14.88252500362544     36.20812179514290     18.31903092963594      h 
   18.37575096726568     36.96653324861315     25.55241362091032      h 
   15.48393817980765     40.23485840869277     20.62318276677271      h 
   23.65285223688561     29.94981088321898     20.71043899392049      n 
   25.41439258784476     31.86798266879420     19.70644484647734      c 
   26.92284464018730     30.85962176020186     17.43962065206657      c 
   27.91425005809963     32.35973997144171     15.97600968076368      o 
   27.17410280706318     32.82831156935958     21.77325967824090      c 
   25.71914348417013     34.42347542730767     23.58562449603371      c 
   24.86763070034415     37.57042096555699     22.23698366876158      s 
   27.94869455917286     39.15221421154794     22.32354128576878      c 
   23.88180301341747     29.36958487917640     22.52947686792135      h 
   24.29234919051511     33.45052680249336     18.96531944078625      h 
   27.99013942057903     31.19829250863879     22.74628597173658      h 
   28.71359362966580     33.87337264416842     20.88236754447838      h 
   23.91780636775662     33.56355705118546     24.07412706453033      h 
   26.77021169881714     34.77417630682015     25.31498731918299      h 
   27.61282333976332     41.13258497747995     21.92997960853420      h 
   28.83707805622638     38.92814420294629     24.15404723456938      h 
   29.15929515111817     38.35769717013161     20.86999757019037      h 
   27.04297794013295     28.33090998071232     17.20211593729481      n 
   28.16886445592920     27.09304605965117     15.01620639462096      c 
   26.38558104556496     26.80532691389649     12.75451112033801      c 
   27.20117589954640     25.93366425703931     10.74154473021006      o 
   29.13620953043220     24.40800902725866     15.58375452811408      c 
   31.47866700696852     24.17293363475218     17.23093058458332      c 
   31.55636633025387     21.49140572159129     18.34612074090259      c 
   33.84111340082906     24.53338474502854     15.63229843701145      c 
   26.51612922917361     27.20555742380162     18.65718813295190      h 
   29.76407339347878     28.24709060797510     14.35660971202731      h 
   27.56464912834690     23.39328417456941     16.46582975768838      h 
   29.52824444572694     23.52193631770950     13.76592472076370      h 
   31.39912944539605     25.54588156943857     18.76802356492038      h 
   33.23785026798015     21.23105399710487     19.48955478736936      h 
   29.90772144914164     21.14986515879386     19.52295270019729      h 
   31.57548014950605     20.10963206393260     16.82923825033600      h 
   35.54537471149082     24.40960271346505     16.76458346755112      h 
   33.91942800792309     23.08139279265326     14.18197306796592      h 
   33.85646835561302     26.34949624347048     14.67416154862739      h 
   23.94695092680287     27.44480204856120     13.11169179756515      n 
   21.98741069296893     26.53950579565721     11.40274490309731      c 
   21.58385230820387     28.22149169013801      9.09710364179292      c 
   20.15999866509759     27.57303208323805      7.36696737063116      o 
   19.45039980138224     26.12338574771713     12.75626864143784      c 
   18.23245770330343     28.38996496901624     13.45675782647954      o 
   23.37729066664732     28.16827215988080     14.78833038706161      h 
   22.61344471737127     24.71969802746248     10.62798281789357      h 
   18.17853568367620     25.14575774457882     11.45914781542200      h 
   19.77488488583202     24.91083664970789     14.40552396393602      h 
   19.22402725922123     29.22522402701129     14.77595031729066      h 
   22.92536994484608     30.33967117653544      8.94484299722176      n 
   22.96783675625064     31.94378528623849      6.71359485307438      c 
   25.06903488596619     33.92159923349692      7.01637257749889      c 
   26.37397779602245     33.95630394208549      8.93070219362790      o 
   24.19772744202954     30.82737563080470     10.29327662209068      h 
   23.36820905852984     30.75994950746750      5.05928035040659      h 
   21.14287525771610     32.88741303490630      6.46473063846319      h 
   25.28522212216754     35.57078564694938      5.15645634753844      n 
   27.33201616789051     37.45577137347134      5.17039224587995      c 
   26.79769792356535     39.33934173683124      7.20682658793766      c 
   24.62224775682916     39.80815097610203      7.94793605019989      o 
   27.03434667865358     38.95475243380640      2.64774998872778      c 
   25.21971150536590     37.39202803839304      1.02066490517752      c 
   23.81415791695206     35.64036771005618      2.82253795845271      c 
   29.16271739360078     36.53744062320441      5.40188451408513      h 
   26.21689194221989     40.79754297529716      3.06657116653123      h 
   28.85534910041297     39.24301233427907      1.74491426105498      h 
   23.90742713245086     38.57991113771593     -0.02155334433683      h 
   26.28653878191970     36.27924104731939     -0.34313559618945      h 
   21.92951085483152     36.38610622931908      3.24019570228698      h 
   23.62542762476226     33.74762602516216      2.03314428514937      h 
   28.87191481527381     40.65158596856563      7.88145556141245      n 
   28.74592702811909     42.64911445646777      9.71528744715901      c 
   29.94424909849679     44.98525134281091      8.50250330919360      c 
   31.88614271747051     44.77338297170971      7.27697340565995      o 
   30.30568269297891     41.84008232931249     12.05677995365863      c 
   28.71870969984614     39.84539193388621     13.41729312744845      c 
   30.76967637063618     44.11109465134613     13.77667731092602      c 
   30.28471840588917     38.56694780554252     15.52113976363988      c 
   30.61707040926135     40.12604370754707      7.30995762081689      h 
   26.77793155303008     43.00516647862004     10.22120451453262      h 
   32.08703668332233     41.03228682785802     11.40366355406126      h 
   27.04721209581077     40.75952638856780     14.19396765537506      h 
   28.12435440536504     38.40186737445975     12.07581508944659      h 
   31.70206275076900     43.53170115605497     15.50891349053812      h 
   31.97344808694161     45.49820425900388     12.84846038773473      h 
   28.97516978412867     45.00826483227945     14.22568096236789      h 
   29.24472916561079     36.95706471608398     16.25981913111686      h 
   32.05214101358022     37.87668920712882     14.73968886210265      h 
   30.67149469310152     39.89492126230066     17.03325550251347      h 
   17.68698462345113     29.48666194367460      3.36538333412135      o 
   18.87961505091885     30.74912968973761      2.82900300137614      h 
   18.44058226406025     28.71140995287666      4.85848207876506      h 
   30.62574668760332     33.02182098130974     11.64616463942536      o 
   29.27183900003564     33.31523672729248     10.46042233050604      h 
   29.77084699028828     32.81954816898217     13.25854680679211      h 
   23.47265885499313     19.98827778691776     14.80413082111654      o 
   24.33093770960604     20.63681436348947     13.34562162875253      h 
   23.19651062311332     21.41871245563349     15.91910809848481      h 
   16.87780280316656     23.39371289367196      6.57771956243925      o 
   18.12154444108199     24.71685205577428      6.81236381056888      h 
   15.27138531047234     24.22935014195432      6.44445248554331      h 
   13.60189188647298     26.72191885135049     15.83125779913521      o 
   15.02334613811637     27.26235354104218     14.79586593913730      h 
   13.05511850547017     28.19161092466445     16.74971747160866      h 
   15.69019433507026     22.63364369247462     18.97321586154326      o 
   15.49451681294846     22.64517809136394     20.79539415393625      h 
   14.55637084745478     23.86017962430963     18.24093977866698      h 
   19.91051158812078     26.57043340259935     -0.46651067980510      o 
   19.54254339179277     24.79868074848870     -0.33258479757804      h 
   18.85426147903634     27.40106747047294      0.80381740987888      h 
   24.77600369165523     27.04592305667103      1.81088368649855      o 
   26.03700604765216     26.99143997457487      0.50364571693803      h 
   23.15760691322980     26.82910006544877      0.96017196373858      h 
   35.39478526836168     35.75781625782635     -8.15872671323783      n 
   34.18906371505836     34.22688790784397     -6.18202711299424      c 
   31.97626813026697     32.78440042208163     -7.42284692713364      c 
   30.32287800783428     33.91551829041180     -8.60205920356442      o 
   33.10775634066362     35.89141979305762     -4.12219362884187      c 
   34.99509443262925     37.84457065842172     -3.02656721416941      c 
   31.76366310751902     34.28069529102592     -2.12223056296864      c 
   37.52205132416310     36.80006571805448     -2.15222291165724      c 
   34.62208236914792     37.48814561381568     -8.49804409887152      h 
   35.59612796286824     32.89050403224054     -5.47772442621590      h 
   31.63319096005750     37.03399999331037     -5.04405963268338      h 
   35.36142044690281     39.25190643698485     -4.48944753276057      h 
   34.06214115908912     38.79172099893333     -1.44970662155815      h 
   30.96190507203579     35.49192370341084     -0.67124063853386      h 
   30.24782202413611     33.17957788889115     -2.96406091542936      h 
   33.08389631784254     32.97733937773517     -1.23830057134352      h 
   38.67862014932388     38.33605762254410     -1.43556000724597      h 
   37.29642262953627     35.41098854153333     -0.65565018421238      h 
   38.55115695031945     35.92686459618466     -3.70213993057827      h 
   25.47136735127281     29.64292234930882     -6.79923451302499      n 
   23.34799138402130     29.42851453858770     -5.07061822762376      c 
   20.87921185634470     29.35849942607133     -6.64003729468647      c 
   20.87523908907197     29.92079333567735     -8.86442309236795      o 
   23.24100807884300     31.48276550885804     -3.01206555115388      c 
   23.00726876264487     34.16564739025256     -4.00312574693780      c 
   24.74490119700155     35.55366150937779     -5.32785547738767      c 
   20.86733926208394     35.76186447939958     -3.68485244037130      c 
   23.90498499028473     37.97924453065122     -5.66004386715332      n 
   21.53254584824753     38.15977625984912     -4.68326548234518      c 
   18.53495342052302     35.36188519325264     -2.55280399426083      c 
   19.90554305961674     40.24877128828250     -4.49787308169667      c 
   16.89405278582833     37.38445072242900     -2.40263522491499      c 
   17.63623709265209     39.81161035056571     -3.27408680883226      c 
   25.12782904768055     30.43469022421712     -8.51724925160238      h 
   23.53885585276284     27.60889481305376     -4.10029455233961      h 
   21.64259238539464     31.08078008680872     -1.78712948719679      h 
   24.98063480429979     31.32301971044636     -1.91367080267206      h 
   26.60188720486591     35.02452143238355     -5.94788455800236      h 
   24.83327737628031     39.43921584536720     -6.46178379755018      h 
   17.98903316555969     33.53024665515672     -1.84474768624789      h 
   20.43423159547710     42.09320392319957     -5.17772778425891      h 
   15.05405441571696     37.19685390430421     -1.55049457151655      h 
   16.31658986461361     41.35349235018149     -3.01958683542071      h 
    2.95970101663099     32.69265016017506     13.51280427942047      n 
    4.77360590551453     34.72323190834013     13.89089398833956      c 
    3.83068666272621     36.70095808104075     15.71893731601392      c 
    5.36594266673515     38.18552861927590     16.61696789295141      o 
    5.50719869236256     35.94154007543710     11.30148999675459      c 
    6.71188339744607     33.91045035835440      9.73999691332163      c 
    5.78354610173536     32.50598708795613      7.79405427757799      c 
    9.32502883419443     33.17480982591731     10.01240630842678      c 
    7.57094286893583     30.93243504246573      6.78306026755572      n 
    9.73788560377670     31.26257148200208      8.17679768873666      c 
   11.25165469563072     33.76352680838932     11.72796344064369      c 
   12.06821611646729     30.08094326785698      7.92750061293261      c 
   13.54061018683985     32.51461850798351     11.49847162536803      c 
   13.96591556806504     30.72368047372255      9.59539290199280      c 
    1.39892898799166     33.14107509854071     12.49598104234487      h 
    6.46753081812321     33.86676141525809     14.71476300587822      h 
    3.79267766456934     36.65651739022195     10.41316084425094      h 
    6.83017448538889     37.47003323744486     11.66683776132028      h 
    3.90079280560922     32.52760373849020      7.03573498282976      h 
    7.31701116068366     29.55467379210513      5.47157514516024      h 
   10.96367793771032     35.16148203798478     13.18398413510815      h 
   12.35924822355367     28.68940688891280      6.46678889451901      h 
   15.05268366312642     32.96176158495549     12.79382644503658      h 
   15.79062444633392     29.82783534670406      9.45813425883040      h 
   21.81467909524306     40.93173177925296     13.57350040853985      h 
   15.63782519604112     39.57951482382293     12.55439872454081      h 
   16.52151056094134     47.34974594751105      8.37989409068712      h 
    9.13818918314819     43.61587960922584      4.21486929861650      h 
   36.00219493180791     50.14244274102028      1.97400784096429      h 
   37.89759601952662     33.07451458061520     10.04653919728146      h 
   26.85210852767937     23.16476181610676     24.37994613317285      h 
   29.13594546806490     46.68007505159991      8.71529898714846      h 
   37.01748625687355     36.04884882562792     -7.74075121274108      h 
   31.87280523146440     30.90339643525121     -7.27390535148846      h 
   26.68480433305090     30.60187274449397     -6.09174118895434      h 
   19.25459030287885     28.84424341439011     -5.82320822705042      h 
    3.70889969856226     31.40868770362506     12.68654541126729      h 
    1.99649728108120     36.77497637370132     16.16764074593833      h 
   0.8332096953592D-01   0.6009983660307D-01  -0.3701969565400D-01
   0.5050358215595D-02   0.8759077821258D-02  -0.9427473608664D-02
  -0.4593061684279D-01   0.1022406409192D-01   0.9299610274497D-01
  -0.1286658880546D-01   0.3704766999542D-02  -0.3585235507030D-01
  -0.3705886306530D-02  -0.5676440351230D-02   0.1904422020722D-02
   0.3821023133642D-02   0.1428020824817D-02  -0.7545381000139D-02
   0.1395263518363D-01   0.3097677364848D-01   0.1032624791349D-01
   0.1739157246769D-02   0.3763835126350D-02   0.2837400472040D-02
  -0.5030561100061D-03   0.1632003664339D-03  -0.6643027649019D-03
   0.6174601422133D-04   0.9566545395992D-03   0.4014140163344D-03
  -0.9586316929567D-03   0.1063268808990D-02   0.7393326946277D-03
  -0.6568398112276D-03   0.5325823000668D-03   0.3182589204752D-03
  -0.1186263875317D-02   0.8394751134660D-03  -0.2220067172434D-02
   0.1364053786076D-02   0.9853205921169D-04  -0.2206257276725D-02
   0.1321251437245D-01   0.1101661585758D+00   0.3245912896600D-01
   0.2237736184545D-02   0.2920693184181D-01  -0.1259809468918D-01
   0.1885144074552D-02   0.5956069873038D-02  -0.2102216399346D-01
   0.5341844704495D-02  -0.2003340716363D-02   0.1019307962428D-01
   0.4063389873885D-02  -0.3860714279715D-02   0.1352955427811D-01
  -0.2233927574762D-02   0.1968385477346D-03  -0.5021101029413D-02
  -0.8404955143720D-02  -0.1405169461817D-02  -0.1552656403115D-02
  -0.2997345901567D-02   0.1042295601669D-01   0.1076566138079D-01
  -0.4612461194702D-03   0.2057126759571D-02   0.2398892167253D-02
   0.3782791614573D-03  -0.3471699384084D-03   0.4177969453913D-03
  -0.7904428871928D-03   0.6479621371680D-03   0.5106780273960D-03
   0.3704682706580D-03  -0.3081025603114D-05  -0.3607037851412D-03
  -0.2137286918142D-03  -0.4846506742735D-03  -0.4598966034163D-03
  -0.3049345893971D-03   0.2005082141165D-03   0.2332465639466D-03
  -0.4768706935762D-03   0.1523779388016D-03   0.5433056664564D-03
   0.6809547139663D-03  -0.6607151743699D-03  -0.2152251243224D-03
  -0.6611723063879D-02  -0.1119230322911D-01   0.1855473460166D-01
   0.8926437651058D-02  -0.2020077654460D-01  -0.3002912460945D-02
  -0.5394030860751D-02   0.5021595197979D-01   0.8310569466636D-01
  -0.2502804077026D-01   0.5032844776940D-02  -0.2401668076655D-01
  -0.2957789931535D-02   0.1583831912580D-01  -0.3327656391779D-02
   0.1034921269101D-02  -0.9878216859629D-02  -0.7549331553565D-02
   0.4380691736517D-02   0.7648719877626D-02  -0.2357531964074D-02
   0.7093753987637D-02  -0.5957399950733D-02   0.1257313249154D-01
  -0.4293467512263D-02   0.2736580510851D-02   0.3131666201299D-02
   0.1602057967915D-02  -0.3594901095329D-02   0.1087834119565D-02
   0.1139053385982D-02   0.1252798967932D-02   0.1224832990329D-03
  -0.1704178634055D-03   0.8467193565348D-03   0.1498150004101D-03
   0.1098405949355D-03   0.8006451767441D-03  -0.1730480288716D-03
  -0.1338495753914D-03  -0.1285423633799D-03   0.3711136161639D-03
   0.2303491777968D-03  -0.3812606610105D-03  -0.1576726806429D-03
  -0.3870034650314D-03   0.2327637657633D-03  -0.3538142616098D-03
   0.2070501728162D-02  -0.3706691238055D-02  -0.4994492064805D-02
  -0.5923034839533D-01   0.1063788440949D+00   0.1754236806660D-01
  -0.1031657535236D-01  -0.1943411563147D-02   0.1195469765488D-01
  -0.8792955323438D-03  -0.3028780018878D-03  -0.3876367254088D-02
   0.3872827241658D-03   0.1030063501814D-02   0.5228781059015D-02
   0.1854692450666D-02  -0.5798324103305D-03  -0.7778304092080D-02
  -0.4371249677008D-02   0.5518728285301D-02   0.8311406504769D-02
   0.3361072356879D-02  -0.1909547561943D-02  -0.9575695815339D-03
   0.5422589973384D-02   0.1405641614097D-02  -0.3597570441282D-03
   0.1933835432917D-02   0.1711389681859D-01   0.1681767858528D-02
  -0.7851195235684D-03  -0.8012394248904D-03   0.8603669298961D-03
   0.4064714986073D-03  -0.1401541400767D-02   0.4740349308090D-03
  -0.1683087261189D-02   0.3336676811032D-03  -0.6401145450520D-03
  -0.8542349589163D-03  -0.3247160427832D-03  -0.3706087114225D-04
   0.2331846620924D-03  -0.4538526178682D-03   0.8421750469674D-04
  -0.2925998730616D-03  -0.7647037534128D-03   0.4716859626037D-03
   0.1404415976043D-03   0.2679214356962D-03  -0.2513470046479D-03
   0.2162465679762D-03   0.5026704152253D-03  -0.1184719924679D-02
  -0.3762621938629D-03  -0.6801103457012D-03  -0.7471139528171D-04
  -0.3979474593889D-03  -0.6583152203295D-03  -0.8605511596069D-03
  -0.6576737307518D-02  -0.1980163911748D-02   0.9860574713625D-02
   0.1058243593254D-01  -0.2548980030226D-03  -0.1631643825121D-01
  -0.8241072405941D-02  -0.8608125257499D-02  -0.1003427050453D-01
   0.1605402930189D-03   0.3358570529555D-02   0.5940968447345D-02
   0.1922324365323D-01   0.3003991357719D-02  -0.1453731208237D-01
  -0.1104830513404D-01  -0.2804190473796D-02   0.3992036761483D-02
   0.4526720271487D-03   0.1206552075704D-01   0.2062232275123D-01
  -0.2309430314977D-02   0.5577581735935D-03   0.5967519971027D-03
  -0.3981763123830D-03  -0.2768104953232D-02   0.1402933917040D-02
  -0.7058219032758D-03  -0.2242543310096D-04  -0.1579053190815D-02
  -0.9780587839941D-03  -0.2671354127518D-02  -0.1847334471575D-02
  -0.6927882709265D-03  -0.1279264117222D-02   0.3476674938297D-02
  -0.1741345115682D-02  -0.1277534290084D-02   0.2584225342372D-03
  -0.1150615141580D-02  -0.1553795384283D-02   0.3546144991423D-03
  -0.1325991834917D-02   0.7656927357223D-03  -0.2103031772398D-03
  -0.3896118129417D-03   0.1088571482782D-02  -0.3572561639249D-03
   0.5445766076420D-02   0.7592162053634D-02  -0.8327889083844D-03
  -0.1301479024408D-01  -0.1558646122946D-01   0.6528403548861D-02
   0.3689228985728D-02   0.3672959928439D-01   0.7589216960274D-01
   0.3936979425881D-02  -0.6586363457245D-02  -0.1559124222764D-02
  -0.1244079608898D-02   0.2166451964171D-02   0.3341443572543D-03
   0.3348146494687D-02   0.1920158227758D-02  -0.7513989565745D-03
   0.4103760592687D-02  -0.9984439793180D-03  -0.3492754025817D-02
  -0.8895728414093D-03  -0.6355853878672D-03  -0.3717504436766D-02
  -0.2338708588136D-03   0.7336829943052D-03  -0.6442999355169D-03
   0.3996670219496D-03   0.8010731042098D-03   0.5084723595183D-03
  -0.4509351453446D-03   0.2446247438144D-03   0.1378786970896D-02
   0.1276536788457D+00   0.2170965511071D-03  -0.3704486271253D-02
   0.4318092829869D-02   0.2353711810806D-02  -0.1214177934197D-01
   0.1179405508812D-01  -0.3682614912173D-02   0.8597297786835D-02
  -0.3849335268193D-02  -0.6496095151099D-02  -0.1037717652672D-01
  -0.5099098225598D-02  -0.6231239153181D-02   0.6086961967315D-02
   0.3614458007558D-03   0.6755868648483D-02  -0.1020861432313D-01
   0.1137812798750D-01   0.5419529031903D-02   0.7132204112919D-02
   0.2723228969589D-02   0.2652332401355D-02   0.1841544415294D-02
  -0.5739107974148D-03   0.4011619176906D-03  -0.1369745172708D-02
   0.3172540430091D-03   0.1897262472535D-02   0.1044371864669D-03
  -0.6141254418196D-03   0.2990866906372D-02   0.5124875494320D-02
  -0.3359027897653D-02  -0.5364471557000D-02   0.3130232276824D-02
   0.6504234323423D-03  -0.5638121760860D-02   0.4698711974383D-03
   0.5479430285439D-02   0.5659651690619D-02   0.1603136607631D-02
  -0.5139852475281D-02  -0.1235789370018D-02   0.1625730215058D-03
   0.6357089486297D-03   0.6130133499559D-02  -0.3789292739505D-02
   0.1102376890405D-01  -0.7935240648230D-02   0.1913425995235D-01
  -0.1545019947486D-01   0.1263843373832D-01  -0.1624710116337D-01
  -0.3584698193075D-02   0.7470260108406D-02   0.1338336956252D-02
  -0.1162327631846D-02  -0.2185238419926D-01  -0.1227850839069D-01
   0.6240662814369D-02  -0.8815502767489D-02   0.5218577351135D-02
  -0.1151768249993D-02   0.8765682367463D-02  -0.1339336508258D-02
   0.4656224120590D-03   0.1264449567328D-01   0.2369755981282D-01
  -0.3126666760373D-02  -0.5045091117039D-03   0.2303556084568D-02
  -0.2389607569554D-03   0.4264240528389D-05   0.4084169841625D-03
   0.3953535464300D-05  -0.7658587716954D-03  -0.1117631109047D-02
   0.1332164831010D-02  -0.1244003943937D-02  -0.1146629298666D-02
  -0.4824610181460D-03  -0.1188596316634D-03  -0.2347127989619D-03
  -0.1624455110188D-03  -0.6804418452124D-03  -0.1715845685505D-02
  -0.5329555515542D-04   0.1352392561466D-02  -0.3351414779245D-03
  -0.9218873863943D-03  -0.1344954331208D-02  -0.9305238161157D-03
  -0.2598408058315D-02   0.7444947410096D-02  -0.1366411110375D-01
  -0.1059434042254D-01  -0.1181678452025D-01   0.4736466901644D-03
   0.5635242208978D-02   0.1298943447836D-01   0.2168316401407D-03
  -0.1791153919234D-02  -0.2595412356403D-02   0.2616282939226D-02
   0.6881446420372D-02   0.8071914224466D-02  -0.7237551949712D-02
  -0.4236481193560D-02   0.1179035043489D-01   0.8878888107240D-02
   0.5568161310850D-02  -0.1958102564044D-01  -0.8485808724674D-02
  -0.6178251732474D-02   0.6410012374135D-02  -0.5642441655956D-02
   0.1712824781952D-02   0.5199741778989D-02   0.2402772317055D-02
   0.1404292031977D-02  -0.3767752182913D-03   0.6490710700052D-02
  -0.6423825485961D-03  -0.1737574714269D-03  -0.8280166685936D-03
  -0.1413702093938D-02  -0.8151254554035D-03  -0.7966767707235D-03
   0.7918414510060D-03  -0.5265964034931D-03  -0.1183482010764D-02
   0.1493137610406D-02  -0.1952969250356D-02   0.4854371587414D-03
  -0.1285166795656D-02  -0.2045601149056D-02  -0.7145142238128D-03
   0.1576472444747D-02  -0.1646787607522D-03  -0.3968811609645D-03
   0.2658565893854D-02  -0.4313606655057D-05  -0.2595111590800D-02
   0.5692111717136D-03   0.2066524625815D-03   0.7019470365020D-03
  -0.5204276747348D-02   0.1253922587003D-02   0.4000574328719D-02
  -0.8410200190728D-02  -0.3047705458363D-02   0.1716522762599D-03
  -0.3523843937964D-02   0.5544153662553D-02   0.1533464147760D-01
   0.1247316982791D-01  -0.7726596481992D-02  -0.2035212524170D-01
   0.1262970388450D-01  -0.1895148787129D-02  -0.1989433880919D-02
  -0.3708729870089D-02   0.7803678325068D-02  -0.1051663795837D-02
   0.1717646652859D-02  -0.5290338205362D-02  -0.1161399036877D-02
  -0.3216149518370D-02  -0.4954970405738D-02   0.1866209811293D-02
   0.3468659230817D-02  -0.8320896663645D-03   0.4344068574350D-02
   0.1151987564878D-02  -0.1264936850429D-02  -0.1285665250876D-03
   0.3691975833494D-03   0.7574202648849D-03   0.6396158559099D-03
   0.1268433925043D-02   0.3298616407314D-03   0.2180809587651D-03
  -0.1950535555086D-02  -0.1656717262172D-02  -0.2741783338681D-03
  -0.9935009137785D-03  -0.1277823270184D-03  -0.4226370249311D-03
   0.5293398792566D-04   0.1319243035414D-02   0.1242441192664D-04
   0.5212166357359D-03   0.5819542710072D-03  -0.2092653570166D-03
  -0.6911328268176D-03   0.5445559273507D-03  -0.1864758592730D-02
  -0.4367773498897D-03   0.9169928664841D-03  -0.6224577715186D-04
   0.1391766205100D-02  -0.1961793760948D-02  -0.4202938990976D-03
   0.8678043538578D-03   0.5910693166284D-02   0.5020566127691D-02
  -0.2177106470259D-02  -0.5414025803322D-02   0.6317835095860D-03
  -0.6510976489344D-02  -0.2737871339971D-02   0.1132672636005D-01
   0.1078093920081D-02   0.2181537765977D-02  -0.9234784954411D-02
   0.4427056124520D-03  -0.2853640383183D-02  -0.3831572548680D-02
  -0.1422440382444D-03   0.4982404443857D-02   0.1601801268633D-02
   0.4109253389885D-05   0.8026875748776D-05   0.5913503237271D-04
  -0.9205251394591D-04   0.8671697910238D-04   0.5818715607396D-04
  -0.7551605598098D-05   0.1326894465975D-04   0.1335193042597D-05
  -0.1438340621466D-04   0.2685722139830D-04  -0.2293822200459D-04
  -0.1538444939957D-03  -0.1235479513904D-03  -0.1822960435670D-03
   0.1414987572346D-02  -0.4749713412111D-02   0.5179010563381D-03
  -0.2784060268779D-02   0.3364518168673D-02  -0.3725379656179D-02
   0.1066198939423D-01   0.7355807528739D-02  -0.4378409856441D-02
  -0.1178250530810D-02  -0.1464442516867D-02  -0.5668685382484D-03
   0.1491765809139D-03   0.4192374212066D-04   0.1564786659045D-03
  -0.5720951353292D-04   0.1313267362122D-03   0.9592544301868D-04
  -0.3381392167633D-03   0.1680022502812D-03  -0.1665692330405D-03
  -0.1323321171054D-01  -0.6557051123060D-02   0.1984526797371D-01
   0.1688536433504D-01   0.6219741704712D-02   0.1606744161000D-01
   0.1141755246274D-01  -0.1739713929068D-01  -0.1715294017828D-01
  -0.2693540566826D-01   0.4839311343257D-02   0.4886813182058D-02
   0.3521600651283D-03   0.9015917552257D-02  -0.6972478147903D-02
  -0.6251355667868D-02   0.1423013382502D-02   0.1610347249305D-02
   0.3655846527408D-02   0.2978309803178D-03  -0.7776811254995D-02
   0.2912138264274D-04  -0.2809867750274D-04  -0.3157915491359D-04
  -0.1179938867505D-03   0.1108263872030D-03   0.1643790207208D-04
   0.9425703644777D-04   0.9369268936736D-06  -0.3854762585920D-04
  -0.5794803248115D-04   0.2302705316899D-04  -0.1158676260403D-03
   0.1230324926998D-04   0.3225091216881D-04  -0.5032591069013D-04
  -0.1603070069471D-03   0.5627122063450D-04   0.2208917189483D-04
   0.6105326679534D-04   0.9620054449741D-04   0.6986273238570D-04
   0.2181305426968D-01   0.4984774420052D-02   0.6556950209093D-03
  -0.1253646589332D-01  -0.1260049125179D-01   0.4864557049759D-02
  -0.4675636585181D-01   0.7648340134190D-01   0.1370729250863D-01
   0.1246666835912D-01  -0.5512123888281D-02  -0.5635291073800D-02
   0.1193690018049D-01  -0.6499044995703D-02  -0.4542034546628D-02
  -0.1542290267330D-01   0.6400096935814D-02  -0.8753114167191D-02
  -0.1831321387937D-02  -0.2058968671066D-02   0.2978211574608D-02
   0.9669361032976D-02  -0.1708941110959D-02   0.7090087561604D-02
  -0.1804097909876D-02   0.1629859186447D-02  -0.1377867131070D-03
  -0.1221916309273D-03   0.6432158814331D-03   0.8232045984491D-03
   0.3599895071865D-03  -0.8485733629240D-04   0.1261934327282D-03
  -0.1902950322652D-04   0.1058523085248D-02  -0.1848427514303D-02
   0.9961618486460D-04   0.8056300803783D-03  -0.3988197348075D-03
   0.7677013148575D-03  -0.3751388554984D-03   0.2345334022153D-03
  -0.6495458812949D-04   0.2334476464447D-03  -0.2131562670151D-04
  -0.9621986881827D-03  -0.9411530994985D-05  -0.2035642988378D-02
  -0.2053872036040D-03  -0.1186479622050D-03  -0.2290607814978D-03
   0.1641706074878D-03   0.1404590652211D-03  -0.2740849642976D-03
  -0.7028505096625D-03   0.6638035593444D-03  -0.6673315891350D-03
  -0.3450745936865D-02  -0.5939310703187D-03   0.1960329436914D-02
  -0.6706598391984D-04  -0.2099844224985D-05  -0.2436510564478D-04
   0.2852527661157D-04  -0.1326724954249D-03   0.1639656201045D-03
  -0.3936905463774D-02   0.1352341886866D-02  -0.8387793871451D-03
  -0.7984685306399D-03  -0.3869356968402D-03  -0.1161567112259D-02
  -0.2427236490591D-02  -0.1305635146623D-02   0.3429421700108D-02
  -0.6907649843110D-03   0.1068204969488D-02   0.7719620230353D-04
   0.3863841648881D-04   0.1913480267450D-03   0.3920634158433D-03
   0.7588972309806D-04  -0.7188575055275D-04  -0.1319950191779D-03
   0.7018403346750D-03   0.5422121151103D-03  -0.4515414364186D-03
  -0.4625680625720D-03  -0.5943189247855D-03  -0.9611006276848D-04
  -0.7813623806915D-03   0.2808064120130D-03  -0.6447818620378D-04
  -0.3963948432736D-02  -0.6877595166789D-03  -0.2628307343337D-02
   0.2267127873195D-02   0.3369376054959D-03  -0.9343178283583D-03
   0.9880933280429D-03  -0.1551122512235D-03   0.1940925542574D-02
  -0.5182743587157D-02   0.1567109642146D-02  -0.9037276873775D-02
   0.3730265543725D-02  -0.1557330860085D-02   0.9276960710236D-02
   0.1404909296033D-02  -0.1158167403811D-02   0.1715794256224D-02
  -0.8022093670461D-03  -0.3964815653681D-03  -0.3812737584683D-02
   0.6967758689112D-03  -0.4636121471732D-03   0.6133535572796D-03
  -0.9181161140651D-03   0.1466751564938D-02   0.1610531213581D-02
   0.2800133087861D-03  -0.3456163963552D-02   0.1874797919961D-02
   0.1075384936689D-02   0.1316091533232D-02  -0.1805163848513D-02
   0.1072331532178D-02   0.2518773297165D-03   0.2425536665735D-03
   0.1166182327635D+00   0.2281881774143D-01   0.3613551476573D-01
   0.2561017505087D-02  -0.1184942362596D-02   0.2005140407115D-01
   0.1230038780876D-01  -0.9576994742519D-01   0.1985599942848D-01
  -0.1946729430008D-01   0.1303863167293D-01  -0.1577159400074D-01
   0.1409776410152D-01  -0.9804400803537D-02  -0.1360713803227D-01
   0.3899401617982D-02   0.7369794997474D-02   0.2285142642395D-02
  -0.6626411144141D-02  -0.2087062200973D-02  -0.3252231083108D-02
  -0.2045799377028D-02   0.3313602361350D-02  -0.1858349783908D-02
   0.1039193586727D-01   0.9314992577075D-02  -0.3185110907165D-02
   0.2214441552301D-02   0.3081144749146D-03   0.9904787040366D-04
   0.1838981723725D-03   0.6247552374412D-03   0.4321909388432D-04
   0.1985467472978D-03  -0.1749364464036D-02  -0.1569813737847D-02
  -0.6332334787361D-03  -0.9801684888875D-03   0.5795820451033D-03
   0.2522931406094D-03   0.5759457628623D-05  -0.8042717536807D-03
  -0.2394892027346D-03  -0.6902740435800D-03   0.1191031313449D-02
  -0.7590404105131D-04   0.2295928229459D-03   0.4373796637686D-04
  -0.3407102642576D-03  -0.1967538677149D-02  -0.7043351300356D-03
   0.1404308208811D-02   0.7214641061713D-03   0.1264405060123D-03
   0.1471978197919D-03   0.4460217053725D-03  -0.4457247372678D-03
   0.8277380486355D-01   0.7142603089205D-01   0.5152371591569D-01
   0.1522865686615D-01   0.1273313316112D-02   0.2324003849926D-01
  -0.7594012236330D-01  -0.2489313157274D-01   0.3219549683758D-01
  -0.3623623758963D-03   0.4096417514860D-03  -0.2106791573788D-02
   0.8529084169228D-03  -0.1407663580039D-01   0.5973451069520D-02
  -0.3121702785140D-02   0.1217820374227D-01   0.4980002876495D-02
  -0.5696352776475D-02  -0.8859378936631D-03  -0.6929769883885D-02
  -0.4973981852047D-02  -0.1313949723389D-02  -0.2674201353547D-02
   0.2974692712305D-02   0.1687854604786D-02   0.1118204850570D-02
   0.8500359501560D-02  -0.7546591455514D-02  -0.1052815300995D-02
   0.1056198159066D-01  -0.7937452373541D-02  -0.1194644087064D-02
   0.8282539825823D-04   0.1645945141020D-01  -0.8388793761366D-02
  -0.1219365106017D-01  -0.1249933488795D-01   0.3225815414366D-02
   0.4487803366368D-02   0.8165456088078D-02   0.1739793017354D-02
   0.1343103472781D-01   0.3883795992628D-02  -0.3375545868829D-02
   0.4244846237940D-02   0.1773331420569D-02   0.2290835522156D-03
   0.6416322540764D-03   0.4829385625603D-03  -0.4306638201032D-04
  -0.1207695500801D-03  -0.1303320180651D-03  -0.3798254883968D-03
  -0.4378255253456D-03  -0.9764582384197D-03   0.1577166036912D-02
  -0.5484531467818D-03   0.5419060837236D-02   0.1103324001538D-02
  -0.5416932352518D-03  -0.4554882651053D-04   0.1565698524148D-03
   0.7135606771808D-03  -0.5516205690788D-05   0.4242721470510D-03
   0.6890195101949D-03   0.8051012384264D-03   0.2606908060911D-03
   0.6347329244656D-05  -0.1931125221339D-03   0.7396444759372D-03
   0.6065929231390D-01  -0.9312639749418D-01  -0.6936881129872D-01
   0.1721898366157D-01   0.4440119916757D-02   0.4951190156535D-02
  -0.9722641943463D-01  -0.5380083551455D-02   0.1626100845941D-01
   0.1518547219335D-01   0.4644068276237D-02   0.1859759929992D-02
  -0.6100063910392D-03   0.9252484358809D-02  -0.4167855895389D-02
  -0.1770340855684D-01  -0.9068914443361D-02   0.1589755946998D-02
   0.1023135809267D-01   0.7140770152185D-03   0.5067853494697D-02
   0.7307476619213D-02   0.8009367532050D-02  -0.1366558289861D-02
  -0.6331892498535D-02  -0.9177314985239D-03  -0.1194425298033D-01
  -0.1773973125871D-02  -0.6958992635999D-03   0.4737356068580D-02
  -0.2736477453335D-02   0.4568292401787D-02   0.6666990794599D-02
  -0.1629707605548D-02   0.1348559100870D-02   0.1550932447716D-03
   0.4610020587902D-02  -0.3836416295908D-02   0.2210110054426D-02
   0.2962711760604D-02  -0.2966133696966D-02  -0.2057985565808D-02
  -0.6554044735727D-03  -0.1063864690425D-01  -0.2797811291389D-02
  -0.4973010655125D-04  -0.1697658471635D-02   0.6057336614685D-03
  -0.8238959504054D-03  -0.1503503214417D-02   0.1078141517227D-02
  -0.4166867008420D-03  -0.1849676925216D-02   0.2732657347740D-02
   0.5803299724266D-03  -0.3553204766664D-03   0.9846529605109D-03
   0.7533999223003D-03  -0.8395999798947D-02  -0.5093874598005D-02
   0.5566362059417D-03  -0.2511898312387D-03   0.7626808392946D-04
  -0.8436927163373D-03   0.2157711820964D-03   0.7113441796027D-04
   0.4452946228594D-03   0.2057015917546D-02   0.4737026987417D-03
   0.2550064433949D-03  -0.9655226641475D-04  -0.9968202817373D-03
  -0.8719190499663D-01  -0.1035545268971D+00   0.4140179202325D-01
   0.4239529153725D-01  -0.9942568905598D-02  -0.5958369322376D-01
   0.4442197175282D-03  -0.1328620115478D+00  -0.4013409712599D-01
   0.1183564368237D-01  -0.4859331266835D-01  -0.6030457647744D-01
   0.6690351635609D-01  -0.1184959909193D+00  -0.3226910586952D-01
  -0.2271596066164D-02  -0.2631800100510D-01  -0.7147155043432D-01
  -0.1384516681922D+00  -0.1166014032867D-01   0.4818900796977D-02
   0.3502683487365D-01  -0.6613896436719D-01  -0.1235554418622D-01
  -0.1331970843928D+00  -0.1983564861037D-01  -0.3154527028906D-01
  -0.1142151697371D-02   0.7547787221465D-01  -0.8718811547090D-02
  -0.1018494601368D+00  -0.7449985165506D-01  -0.5906980703098D-01
   0.6067543089441D-01   0.2113830478318D-01  -0.4128831310174D-01
  -0.6298121460526D-01   0.1065558571040D+00   0.6392943461574D-01
   0.7311485265055D-01  -0.9774394641936D-03  -0.1489816140278D-01
$end                                                                            
