$grad                                                                           
  cycle =      1    SCF energy =  -501.09236801688   |dE/dxyz| =  0.848151
   27.74843397560205     70.12999408194524     24.24784683793858      n 
   27.06012052407543     68.36377105868080     22.08002467169507      c 
   29.37530674749705     66.75043643976690     21.44160383044427      c 
   31.38343643867085     67.64011449868424     21.42492511091652      o 
   26.25950768595008     69.77889662737965     19.70661410998651      c 
   25.40007293397301     68.03333185802428     17.61841997651222      c 
   23.17499316599508     66.67058914190682     17.84186519768442      c 
   26.87874286075709     67.75243479434472     15.47118980792939      c 
   22.25395731517261     65.15453869937647     15.91419965929753      c 
   26.01134665915161     66.25502959027378     13.40684483002917      c 
   23.73910218761101     64.97714678423634     13.58120922089509      c 
   29.58420203260435     70.52111681858740     24.40621018522225      h 
   25.46043038999824     67.21421656308513     22.83723009658427      h 
   24.70587171886411     71.04085511535398     20.22008138709513      h 
   27.81237510791752     70.97518296477818     19.08816642309989      h 
   22.00723706419282     66.80413982301508     19.55024419435559      h 
   28.58269790788062     68.81339504762545     15.27741256152995      h 
   20.55320881324341     64.13899017013695     16.09749956526855      h 
   27.09965632480126     66.19846247796060     11.71914130909556      h 
   23.03452042799421     63.91262622244955     12.10206038596594      h 
   29.47145056648882     71.60147375796156      5.13136051594507      n 
   27.99600581457336     69.68436727874513      3.83524778086647      c 
   25.55244143748732     69.08883805456796      5.40855453331460      c 
   24.67693301503545     67.07727465140887      5.69519786621217      o 
   29.53064666270807     67.16822014763069      3.52434722421746      c 
   31.76107618947950     67.39112572713348      1.72927151518189      c 
   32.18016607043923     69.17981196281941      0.34586912181374      o 
   33.21986279021136     65.28850624401359      1.76236523202074      n 
   30.17212119640213     73.03844188864051      4.03929813027113      h 
   27.50512491239703     70.47072554818399      2.02416613442535      h 
   30.25882735399477     66.66386213893621      5.41399847529352      h 
   28.23410172727377     65.69397284002719      2.96805726043481      h 
   32.85204079196449     63.86798560864086      2.86918132347562      h 
   34.66051176084173     65.19655452560453      0.47021256733519      h 
   24.47191112879643     71.26556369599102      6.34057543950396      n 
   22.09423950322431     71.10866891596967      7.68575387385316      c 
   20.01090521387862     71.26661848243441      5.66415354733875      c 
   19.80221796681135     73.10423905365852      4.37728698413836      o 
   21.92288674573809     73.23205890574361      9.68596933379186      c 
   23.50582591908806     72.40290307618282     12.04618481810802      c 
   19.16668215977383     73.69398755834671     10.41158499649059      c 
   24.19775177981004     74.59643296879386     13.76760063480430      c 
   25.28624045371867     72.96649314390419      6.13148558254374      h 
   21.99080272761532     69.25162444716540      8.60068813425581      h 
   22.73540539062468     74.94453734312016      8.90271235540242      h 
   22.49128550799783     70.96741274974666     13.08075145897237      h 
   25.25494687016597     71.55328740524489     11.33069521260230      h 
   19.05212394595339     75.00976942848982     11.99302630313328      h 
   18.10809620749766     74.44426619031212      8.83817014888357      h 
   18.28494154794180     71.93034916031729     11.00194750356431      h 
   25.45602124191807     73.93154348790422     15.24222720605946      h 
   25.11109422842546     76.10725294412690     12.73545892032473      h 
   22.51551404400862     75.38189931101726     14.66896742955281      h 
   18.66052929901032     69.20173438461812      5.45515414815822      n 
   16.68326481508295     68.67421734769934      3.63349618613619      c 
   14.01702112464168     68.95536641446007      4.77170272018114      c 
   13.66213942677734     69.08883730453573      6.98085666474028      o 
   16.87905305757092     65.90253539598433      2.70083996031878      c 
   18.44484815825231     65.59509567682483      0.37094737763297      c 
   20.95906029181980     64.25821846294001      0.78201113403853      c 
   22.20535078037934     63.76301163602533     -1.82668422411046      c 
   22.48245080693755     66.20830192873368     -3.19569604370377      n 
   19.00382338575924     67.80239339970883      6.73017248889342      h 
   16.86751810858237     70.02320486995228      2.06347532431760      h 
   17.71426425183123     64.81877751984280      4.26306666843545      h 
   14.99086945761804     65.12021007062927      2.46783172315454      h 
   17.36172917521059     64.50344874777878     -1.03581853063754      h 
   18.73356150205699     67.47761827275043     -0.48260913384676      h 
   22.20850341622767     65.40486468825210      1.95381954923762      h 
   20.69471647232158     62.46514480629799      1.70137443887895      h 
   24.05556957114900     62.91153180958684     -1.62957750584369      h 
   21.02000738769463     62.49673820621091     -2.94448736893947      h 
   23.49347450077503     66.15948458442828     -4.98916485470294      h 
   20.71246645915964     66.85203867962882     -3.74853125774906      h 
   23.36183668039704     67.49143576558826     -2.16409661008487      h 
   12.08885524446005     68.88252566465158      3.08232508158041      n 
    9.53200225251554     68.67655205762243      4.09867753085233      c 
    9.40956567729309     66.26473749438892      5.72180248675085      c 
   10.58553525013528     64.33087493007542      5.20444573752092      o 
    7.44048022679584     68.90034231969832      2.10169964408524      c 
    6.76027920814284     66.47753036817947      0.64010356737551      c 
    4.79581668626501     67.21418100789138     -1.36987155079188      c 
    4.11713435815439     65.03799659645239     -2.92245385638831      n 
    1.85742111594138     64.67716862361017     -4.02316300023928      c 
   -0.02298811460644     66.25135210817638     -3.91738303853042      n 
    1.44692882513508     62.46737228712360     -5.21545138012922      n 
   12.39231311394598     68.67980432832658      1.22925593628116      h 
    9.32575113771896     70.28064235961311      5.41099488402053      h 
    5.76255517687967     69.56882707903964      3.07405726428985      h 
    8.04010279976884     70.31921900593386      0.73418193895936      h 
    8.43130922481439     65.66890438564954     -0.27045674392736      h 
    6.01098612381794     65.07931842063660      1.93318654490180      h 
    3.12216487798436     67.87658957113918     -0.37806441814979      h 
    5.54321970033255     68.72982548418653     -2.56212154581246      h 
    5.47265848895321     63.73962198035494     -3.12709689603820      h 
    0.15680544095942     68.02496557618520     -3.05907063882526      h 
   -1.70757961689435     65.83395883451229     -4.64279637167327      h 
    2.85180991356280     61.27924215715543     -5.60545698619022      h 
   -0.22706188640835     62.29489057277329     -6.18913978522055      h 
    8.01150672555355     66.62876355344521      7.80275598879665      n 
    7.67430710817014     64.72061669675678      9.73718975452573      c 
   10.11490931469731     63.92125570720859     11.10763098153537      c 
   10.26428193872125     61.91926553986844     12.22769566231928      o 
    6.43663906570740     62.40656586150357      8.62238416726373      c 
    3.92830008322731     63.04590717409135      7.24626145310930      c 
    2.78412155049898     65.12237272818565      7.43504281041857      o 
    3.21349982272481     61.17889075222167      5.88733577062627      o 
    7.11180155473801     68.27533674047143      8.06783576055404      h 
    6.42793577297709     65.52925873798887     11.18866634632032      h 
    7.64247412634473     61.38305109161343      7.33456349825010      h 
    5.97660454211506     61.02449036906840     10.10484685131784      h 
   12.05991728159294     65.54161585174693     10.91911022385958      n 
   14.13358358690621     65.11516886534390     12.64081048588520      c 
   13.07444171145979     65.67617229565005     15.44561244506236      c 
   11.49747292731362     67.31278228981344     15.76750472667703      o 
   16.21727945717093     67.03998514902172     12.10815177961351      c 
   17.22247603421205     66.65633242913727      9.73899643854689      o 
   11.87208230433031     67.16982771500801      9.98535533613066      h 
   14.77045057812953     63.22364345040073     12.52379374049444      h 
   15.46793858281061     68.97555926174908     12.28862436681425      h 
   17.78399011250030     66.75361867439278     13.47393578684768      h 
   15.89839469179005     67.18454717630912      8.57342230370973      h 
   14.06365563894412     64.25929602133698     17.15222577667075      n 
   13.74559083510127     64.60995962165872     19.94937207846006      c 
   16.05732900710813     65.88762439281689     20.94540722687139      c 
   18.07445715732381     64.67336444804904     21.00407501032830      o 
   13.39200702709712     62.02897990798018     21.17516714342563      c 
   10.72174667067137     61.01051508940503     21.06161950326437      c 
    8.88446631247911     62.45095877853859     21.33635950683142      o 
   10.45625483075369     58.54395759560794     20.84598075151604      n 
   15.50523634500092     63.01835702085914     16.70540604390294      h 
   12.07837258105158     65.83538559669023     20.13566037607134      h 
   14.71157872656886     60.68355854463587     20.34986175464154      h 
   13.83112855397452     62.27377747430039     23.18709042882908      h 
    8.72993504558378     57.75493445315470     20.74361106767891      h 
   11.98840140050614     57.42454844015784     20.53874488559845      h 
   15.79485978762580     68.21310022070865     21.62698266588402      n 
   17.74691013782414     69.60090989095035     23.28517229160603      c 
   16.98223638445840     69.36611855581248     26.02134740805000      c 
   14.82389513468511     68.93365998153436     26.55564573749825      o 
   17.80899627206203     72.42327899993285     22.56839827187586      c 
   19.02773176572251     72.98128288978253     19.98585556284108      c 
   17.57971702865690     71.79799997377062     17.83268626490110      c 
   19.18356082194462     75.90532919290600     19.68069583356624      c 
   14.10082153605769     69.03890529574154     21.69305737627501      h 
   19.60695000726222     68.67166713758638     22.95841379578556      h 
   15.87195075086938     73.12476511367854     22.60074627847765      h 
   18.82855177885006     73.39670158181022     24.06234756988613      h 
   20.92581790551620     72.20252017386386     20.01087272325345      h 
   18.27300307972418     72.52324627346988     16.00965085952484      h 
   17.80586295658283     69.77526360032931     17.79490656420119      h 
   15.57793283237454     72.24555749712300     17.96304686032805      h 
   20.01334934006802     76.33969512370959     17.88324421763702      h 
   17.30540349428470     76.72512413382995     19.82849007816398      h 
   20.35475691963786     76.70358708214333     21.15923181884271      h 
   -8.31837784393834     56.25669786944360     -2.56939759826414      n 
   -8.96770647514218     58.93683660102855     -2.55563283331563      c 
  -11.11801685015717     59.51005765629461     -0.68482314319402      c 
  -11.09366372300276     61.38138443250566      0.47551526666131      o 
   -9.58567113031274     59.69612824840584     -5.25655637753595      c 
   -7.13203119518023     59.91289327001694     -6.74890148038485      c 
   -5.46926157805798     62.12824256053633     -6.04401145071880      c 
   -6.01453951762780     63.53481198209462     -4.19088578919661      o 
   -3.49374701267398     62.43085492902700     -7.36574150824244      o 
   -8.44417911419701     55.25595507637649     -4.09821381685978      h 
   -7.37588254548202     60.06694287864902     -1.88856205763641      h 
  -10.83529124135077     58.30658983532286     -6.10366896170104      h 
  -10.57085338323117     61.51060256935456     -5.22034572800804      h 
   -6.05554143350756     58.15113435562216     -6.63019340343536      h 
   -7.57740937110563     60.10829250863879     -8.78831082348474      h 
   -8.93441043384971     59.38160488018703      6.23690247838692      n 
   -7.48470011560965     61.76415244241598      6.60843040836638      c 
   -9.33050112678689     63.80697485545770      6.98620292546207      c 
   -9.21821075569271     65.29894327677648      8.98658579849028      o 
   -5.64809853923050     62.09936597559011      4.52333288017705      c 
   -4.07039753692364     64.36006794963185      4.48753568171089      c 
   -1.81308897381569     64.27209953900892      2.55884861775806      c 
   -1.97349115833133     62.12945063928107      0.93709842841697      n 
   -0.27072014300085     60.24671691277891      0.45270794761665      c 
    2.18315488764578     60.51480766860617      1.19040422201816      n 
   -0.90506723323674     58.34678115155592     -0.75794601226818      n 
   -8.58967740960751     58.45397704580125      4.57636720519699      h 
   -6.38575708128501     61.57534852026711      8.39952635436375      h 
   -4.56919948808836     60.32874005054564      4.32943532229635      h 
   -6.88611513729823     62.07901493329476      2.68993834258864      h 
   -5.13787509633350     66.08068523069190      4.22177480585617      h 
   -3.23016944926923     64.45642579274855      6.38618954166700      h 
   -1.83318556111047     65.98234814266206      1.41303730171625      h 
   -0.03528777389263     64.22486766249177      3.60101883724180      h 
   -3.65785663389995     61.93325836412548      0.03560060857490      h 
    2.50160623266389     61.23082335794248      2.99925149070087      h 
    3.26577943428635     59.02224334847647      0.85898573759575      h 
   -2.66362636595533     58.24720407619179     -1.72920334747566      h 
    0.34560423344722     57.00404181766995     -1.47009774494089      h 
    4.01409557130252     79.36064013011443      0.43974675366814      n 
    5.24180978033712     77.10884436833132      1.57330213943812      c 
    4.51585648238173     77.22078867353447      4.41697679167090      c 
    4.43564100505755     79.28489687538728      5.49754199679707      o 
    8.08515315888669     77.40893217123502      1.16187778250335      c 
    9.60953208004441     75.50883967292927      2.71732342485767      c 
   12.85767133190871     75.11209782956283      1.45350187496719      s 
   14.67450922040755     75.79685075961126      4.30143218947088      c 
    4.66630778200862     79.99759320289009     -1.32230026494336      h 
    2.07346341904412     79.12690968088840      0.25550755317793      h 
    4.37676241208853     80.88960166976941      1.58137421173389      h 
    4.52065240445139     75.36520512200393      0.71381085309675      h 
    8.47574828725634     77.13838624471505     -0.84350048167225      h 
    8.63379381324889     79.31513051127708      1.63543155879374      h 
    9.77833377458434     76.07662372472316      4.70095590691104      h 
    8.73680550161963     73.64887694682875      2.65598539854112      h 
   16.61837683274599     75.37746635598062      3.86410999520274      h 
   14.39852049141341     77.73425410740440      4.88436534857904      h 
   14.03342813351428     74.49864387728982      5.77713998141190      h 
    3.91037043031668     75.07386447218084      5.57008951423952      n 
    3.33693440247225     75.09166271865122      8.30108262286252      c 
    5.32418448347535     73.47337053069893      9.65606753377876      c 
    6.00108597958272     71.46498261414332      8.76653837695142      o 
    0.67782278323902     74.10556773339052      8.91446134930288      c 
    0.24054885087088     71.26578655420681      8.37393806944766      c 
   -1.88133104888143     70.21078565545315     10.09740006779581      c 
   -2.99673867391807     71.41009569647797     11.73922531327216      o 
   -2.42926645166121     67.72833618455185      9.54345616911052      n 
    4.08617546490943     73.39618376647553      4.71684012196594      h 
    3.47616591536832     77.04455719053385      8.95749474949094      h 
    0.37357581729797     74.46235036781438     10.92625387436339      h 
   -0.71096721200756     75.24432061007309      7.92436650074495      h 
   -0.36874567569287     70.96481339466477      6.44348053410307      h 
    1.91126466432061     70.14018431631020      8.76190595000246      h 
   -1.02355451951960     66.75766312596275      8.65868463187553      h 
   -3.73237282342782     66.87918779937748     10.58039509161826      h 
    6.17290275474044     74.49022941594279     11.79781153691298      n 
    7.82854898073285     72.98599538215230     13.42444630727329      c 
    6.65655462443719     72.79693026359448     16.06453586856699      c 
    5.07913476440768     74.39581521171186     16.85377460248386      o 
   10.49357495142554     74.16325944939508     13.52709401326127      c 
   10.41310469746943     76.87020077355554     14.37520490033907      c 
   11.76661732308754     73.85575894927912     11.00171603481223      c 
   12.97599792742417     77.76543209320825     15.57363759054953      c 
    5.40426904020781     76.09721362308728     12.43305707146222      h 
    7.95760061345040     71.04034738983304     12.67408164232152      h 
   11.56040188820661     73.00682994182328     14.95484335664764      h 
    9.89633654136990     78.12485494747072     12.87265704614745      h 
    8.97636789797052     77.09264684767446     15.89065529119675      h 
   13.67669270595641     74.63560869735787     11.05798413200900      h 
   11.89059520339177     71.88834560596955     10.41605245660027      h 
   10.70734459035523     74.88822329251262      9.57993368800466      h 
   12.81250452107485     79.73257026161706     16.14500641089528      h 
   13.41151834321074     76.64025188213871     17.20017128343724      h 
   14.46523398246554     77.57327672621459     14.19033501760828      h 
    7.46043569067953     70.77278122060649     17.36866304100067      n 
    6.67743793393541     70.49302000297594     20.08440463617050      c 
    8.93390600873514     71.10935393727992     21.76010895706289      c 
   11.07733790922913     70.26340760938972     21.27005770675029      o 
    5.94939775303270     67.72551370423589     20.60915667011088      c 
    3.80089162070192     67.02242972666664     18.86955697812865      c 
    4.29021933708943     65.76121558171265     16.61288553083328      c 
    1.34345181820549     67.85980684676436     19.43079572296814      c 
    2.35945971544582     65.31528100886271     14.90476152678972      c 
   -0.57956727581227     67.43051394215239     17.76103811339134      c 
   -0.05621339265410     66.18845473386367     15.47472193533033      c 
    8.81493636177790     69.67995965605174     16.77434424865498      h 
    5.11769210812271     71.74161880406577     20.46607281688559      h 
    7.57177548974799     66.48823824874863     20.31708341246561      h 
    5.37442314641411     67.63369708592542     22.55684272052809      h 
    6.20147379518916     65.11736605499640     16.22426520822154      h 
    1.01488786895340     68.85435971266037     21.16999323289138      h 
    2.72928628150046     64.36056004031617     13.14356339801903      h 
   -2.47600657556600     68.07888917373359     18.13034665926499      h 
   -1.52643078956189     65.94545394051892     14.09747545822358      h 
   29.52573618526239     55.63395318347580     -9.34492015737789      n 
   27.84806441399240     57.54612436634182    -10.46515709631967      c 
   29.43617028328088     59.48149116006988    -11.96376318797221      c 
   31.24849011463569     60.36538001084930    -11.13863291593445      o 
   26.66189577817460     58.87463267185744     -8.06183827173526      c 
   26.59559123950262     56.70040184738853     -6.18456874431830      c 
   29.06344036230884     55.32181898953859     -6.62953913665905      c 
   26.41479852497819     56.61336918880453    -11.56196589437725      h 
   27.98721775535101     60.30118198956622     -7.46519040311747      h 
   24.86643060040033     59.71673990526351     -8.54251517308208      h 
   26.45119324590781     57.36942585968264     -4.24002202267724      h 
   25.01025381740705     55.43637484101264     -6.59088481825542      h 
   30.61027726266998     56.21861701086702     -5.57230586174470      h 
   28.99591945976666     53.30963852698432     -6.18925317614744      h 
   28.92285801151017     65.23453823563771    -12.96171919745758      n 
   29.16302716182476     67.74143950365517    -11.88502998579342      c 
   30.95744281679829     67.73817002321680     -9.52642464908640      c 
   31.58410584309689     69.70274917274412     -8.55116480950070      o 
   26.51531936557516     68.65270313032725    -11.16995912938511      c 
   25.26423334082799     66.70810653617278     -9.39339128159060      c 
   24.82147124519296     64.42326934116558    -10.31196026545056      o 
   24.73950048798393     67.34928637768751     -7.30718026205435      o 
   27.37051856328823     64.24360665044451    -12.43893266275274      h 
   30.03490855030316     69.06104453543601    -13.22573090744678      h 
   26.59965120402188     70.42855724601621    -10.14258421478655      h 
   25.35258648226872     68.90272567060045    -12.83719528556461      h 
   31.78248431196760     65.54584905160135     -8.78463740089663      n 
   33.85669276151435     65.17944232883326     -7.12510603101124      c 
   36.42953259310501     64.69456353925716     -8.48120894064873      c 
   38.23649011996472     64.15044011396107     -7.43367030794180      o 
   33.31419075793242     62.94006192934292     -5.26379094237723      c 
   30.91663890205713     63.49768297337645     -3.80090756979996      c 
   30.21084946677414     61.20702032075226     -2.09226395574897      c 
   31.18881956341057     59.21272868754792     -2.06086299305454      o 
   28.15465853124528     61.54567061328373     -0.54429836591996      n 
   31.26081490538729     63.89429542002618     -9.79047232641856      h 
   34.07679141730316     66.92665614297182     -6.04539252650426      h 
   33.13323666232370     61.24632545604851     -6.43558826828651      h 
   34.95425175167203     62.63710191949669     -4.08184753460495      h 
   31.17140271862779     65.15967356174754     -2.65999846629842      h 
   29.33611344051330     63.79580727883130     -5.08053919418231      h 
   27.73764953675447     63.64363307297067     -0.29060799097830      h 
   27.72245457901952     60.46771481582562      0.63603605018855      h 
   -6.69241509206197     56.06410904863902     -2.10927082486500      h 
  -12.53372310726277     58.27758735607801     -0.46606090632088      h 
   -8.56055219096150     58.28898991067757      7.48549549256897      h 
  -10.70241657549684     64.08740412428153      5.71723815437572      h 
    8.70923108846363     72.20835987755785     23.28088878573505      h 
   26.95075968362662     71.61803810655053     24.04290129190359      h 
   29.16619552472833     64.91688519570928     21.03487726966953      h 
   28.51219796651882     72.34838887105617      6.32069404172810      h 
   18.27476142247685     69.57118415008991     27.38457566903007      h 
   29.10675719984642     54.09507505556834     -9.93557461615036      h 
   28.90103488857401     60.00051053044117    -13.70022889910273      h 
   28.86160977419929     65.34848722222115    -14.65754532498241      h 
   36.55250286265135     64.85604025634058    -10.36000316718069      h 
  -0.3954571280206D-01   0.1310315145240D+00   0.4425512668980D-02
  -0.6209094932778D-02  -0.2310001831590D-02  -0.3695406951023D-01
   0.6252663604367D-01  -0.4856759737759D-01  -0.2103494494696D-01
  -0.8137636730329D-01  -0.3613997626506D-01   0.8593268684537D-03
   0.7477883432455D-02  -0.3046891321038D-02   0.4132158777860D-02
  -0.1398444944953D-01  -0.1798892393631D-02   0.2619859209170D-02
   0.2216828510761D-01   0.9015485113940D-02  -0.1415369783047D-02
   0.2271415521008D-01   0.1341244038942D-01   0.1806308813426D-01
  -0.5403138901068D-01  -0.1444292975429D-01   0.3796465802594D-01
   0.7070323965703D-02  -0.1122423967559D-01  -0.3118507856169D-01
   0.9612081020148D-02  -0.2336839561806D-01  -0.6459306008356D-01
  -0.1704603449808D-01   0.6541807346829D-02   0.5561136537316D-02
  -0.1088672404575D-01  -0.3215596385202D-02   0.7769748712878D-02
   0.1856440012052D-02   0.5603264794868D-03  -0.9206420556807D-04
  -0.4138217423380D-02   0.8308408807166D-03   0.3063196849494D-02
  -0.7193180440809D-02  -0.5834937895393D-03   0.6842721522522D-02
  -0.8034421950252D-02  -0.2281402142405D-02   0.6085399974677D-03
   0.1321628886015D-01   0.7762297858305D-02  -0.2259902516914D-02
  -0.5778277445612D-02   0.2216007400923D-02   0.8332259700970D-02
   0.1050402972555D-01   0.1749569755706D-01   0.2481069420568D-01
  -0.8040008401327D-01   0.4434319915477D-01   0.8499165629736D-01
  -0.5839122743541D-02   0.1213675983320D-01  -0.1235810850653D-01
  -0.3081980182251D-01  -0.8915998056143D-01   0.1455947411124D-01
   0.2621892318445D-01   0.6437785506736D-01  -0.5409146161882D-02
   0.9571151095267D-03  -0.2077816235237D-01  -0.1502877371142D-01
   0.2289463680022D-02   0.9376078626612D-02  -0.2585358370005D-02
   0.1662881829145D-02  -0.9682414368031D-03   0.2343992938130D-03
  -0.1218412333451D-01  -0.3013607400427D-01   0.3015402222067D-01
   0.4110974041854D-03   0.1535214303655D-01   0.4198884336877D-02
   0.8594458044826D-02   0.5564080760110D-02   0.1498825565835D-01
   0.1752507198952D-02  -0.2635550620746D-02   0.6990320014152D-02
   0.2482000355635D-02   0.4278262348928D-02   0.3774406677010D-02
   0.3801693891253D-02   0.2331720865750D-01  -0.1698346430554D-01
   0.7374548552994D-02   0.1313560345988D-02  -0.1219818003240D-01
  -0.4600961925933D-02   0.2721826860017D-01   0.1715458110454D-02
   0.5409325288451D-03  -0.4419690945713D-02  -0.6618872812156D-02
  -0.1646398271804D-01   0.1182433805683D-01  -0.2708156100328D-01
   0.5046828640432D-02  -0.4161545120340D-01   0.3416968560672D-01
  -0.4581716246838D-03   0.1558606177496D-01  -0.1320410888793D-01
  -0.1863046430481D-02  -0.9102873382803D-02   0.2043877607505D-01
  -0.2091165620225D-02   0.2268534815762D-02  -0.6920071229624D-02
   0.7373934108768D-02   0.3933397118643D-03  -0.3688523098080D-02
   0.4525059427090D-02  -0.2394487500965D-02   0.3452091284609D-02
  -0.2018774471605D-02  -0.1914903817473D-02  -0.1430640561113D-02
  -0.4328354441910D-03  -0.4212993581086D-02   0.1876558397537D-02
   0.3493278571169D-02   0.3906160838605D-02  -0.2982242778640D-02
   0.1676065053783D-02  -0.1375536628071D-03  -0.2208758664723D-02
  -0.7008774399893D-03  -0.2599862944442D-03   0.3109253525836D-02
   0.1407828874740D-02  -0.3044989860487D-02   0.3456226503728D-02
  -0.1540942636419D-02  -0.1360713253982D-03   0.7581915405524D-03
  -0.9664876944874D-03  -0.5766424612776D-03  -0.9725245804472D-03
  -0.2746237099800D-02  -0.1128564121989D-02   0.2054749761068D-02
  -0.2573691002106D-02   0.1367811981088D-02   0.1130035942465D-02
   0.1348196547816D-01   0.2903614129209D-01   0.7951533222377D-03
   0.6699161941106D-02   0.8113345865626D-03   0.5895277324960D-02
  -0.4249628439890D-02   0.6889723593183D-02   0.6965348050534D-01
   0.1140955244940D-01  -0.4809144066776D-02  -0.6466693919579D-01
   0.4482433927727D-02  -0.2197887904080D-02  -0.2542648912357D-01
   0.9206142917317D-03  -0.9701338456402D-03   0.2802786855441D-01
  -0.1001221738838D-01  -0.6399018612661D-02   0.1739997037633D-01
   0.5804053347682D-02  -0.7934118080208D-02  -0.6653330410977D-02
   0.2393488297721D-01   0.2435671529878D-01   0.2460120083653D-01
   0.1000427965730D-02  -0.2461957119470D-02   0.3971326819047D-02
  -0.8930665111377D-03   0.8874425765264D-03  -0.2965954222168D-02
   0.1276407520510D-02  -0.1135877126351D-02   0.2489733588408D-02
   0.1228961323879D-02  -0.1119508687647D-02   0.1606577263765D-02
  -0.3189492075685D-02  -0.6585010970247D-03  -0.4479788280656D-02
  -0.1433353291224D-02   0.6244053858640D-02  -0.5442451946146D-02
   0.2372875250409D-03   0.4205652961575D-03  -0.9082674323379D-03
   0.2614539983551D-02   0.6082701727972D-02  -0.3820440790235D-02
  -0.2136550695304D-02   0.2005746019514D-02  -0.9883669775098D-03
  -0.9572514264444D-03  -0.2308126773243D-02  -0.3465336814542D-03
   0.1629570206102D-03   0.2159808800315D-02  -0.4757841684342D-02
  -0.8458092992813D-02   0.7679592203206D-03  -0.5556841771311D-02
  -0.1217685211281D-01  -0.1974860914365D-01  -0.1781002139939D-01
  -0.5603369204093D-02  -0.2423996017422D-02  -0.1469902165940D-01
  -0.3086288879658D-02  -0.5345731402849D-02   0.1616383077487D-02
  -0.1778217713703D-02   0.5187348368594D-02  -0.1128415977470D-02
   0.5827373269478D-02  -0.1122031357623D-01  -0.1298702361742D-02
  -0.6302108647995D-02   0.5893315897018D-02   0.3531788687754D-02
  -0.4504604660033D-02  -0.7783402590760D-02   0.4181426626303D-02
   0.4779990535044D-03   0.7297499625715D-02  -0.1474683778131D-02
   0.1591410979090D-01  -0.1482637421492D-01   0.4195302026456D-03
  -0.2486007736348D-01   0.3485256275704D-01   0.3020640789668D-02
   0.1610376598240D-02  -0.5306678171388D-01  -0.2301267977771D-01
   0.8257769860495D-02  -0.1167869693228D-01  -0.2989134962160D-02
  -0.1392350663182D-02   0.1089266849921D-02   0.6543463238119D-02
   0.5864495351704D-03   0.3012819281634D-02  -0.1057659906040D-03
   0.2703388038492D-02   0.1378334997952D-02  -0.2004840023503D-02
  -0.9169176644216D-03  -0.8875348418881D-03   0.9734809057464D-03
   0.1249238188497D-02  -0.2408930292958D-02  -0.2302314189750D-02
   0.2814845610350D-02   0.2857856233273D-02  -0.1707279699144D-02
   0.2661757250333D-02  -0.7515595854117D-03  -0.2871487526565D-03
  -0.9701773628999D-03   0.1186852735656D-02   0.5988874828343D-03
  -0.3781439193315D-02   0.6211609318857D-02   0.1986167762579D-02
   0.2469171545209D-02   0.2472114685447D-01   0.1154040019779D-01
   0.1109300412630D-01   0.6315158886289D-02   0.6304727165718D-02
  -0.6046119484212D-02   0.4658825337428D-02   0.2013992937667D-02
  -0.3054233155054D-02   0.3169751851489D-03  -0.1418205628362D-02
  -0.1204003190032D-01   0.1007531655093D-01  -0.3075392090228D-02
  -0.4324028559781D-02  -0.1052910776737D-02  -0.2385663540358D-02
   0.5991416712656D-02  -0.9498881832459D-02   0.1616927950722D-01
   0.1123179342315D-02   0.4497474364868D-02  -0.8240743764945D-02
   0.1981037671861D-01   0.1019526993174D-02  -0.9412945913599D-02
   0.1449633453390D-01   0.8435891407322D-02   0.1454156736282D-01
  -0.1760755923398D-01   0.2680824847035D-01  -0.1611076595866D-02
  -0.1916413871272D-03  -0.2348242336739D-01  -0.1553776131766D-01
   0.3735007704441D-02  -0.6242496667619D-02  -0.6623497487398D-03
  -0.1004196396521D-02   0.3258529549354D-03   0.1286444115872D-02
  -0.5408413870454D-02  -0.2461372179730D-02   0.6845542037969D-02
   0.4630366431868D-03  -0.4473091701645D-02  -0.4495347482506D-03
   0.2178138163535D-02   0.1815657191978D-01  -0.1054965277655D-01
   0.1873095303278D-01  -0.3839537213083D-01  -0.2652558278152D-01
   0.3030496394330D-02  -0.1195161928965D-01   0.5246747621502D-01
   0.7384777985209D-02  -0.7049343145943D-02   0.7215047227709D-03
  -0.8786036925164D-02   0.2810407944234D-02  -0.1812047708392D-01
  -0.6860872352077D-02   0.2619353422891D-02   0.1071136889868D-01
  -0.7975104874340D-03  -0.9107447668831D-02   0.3331583233294D-02
  -0.6413853240335D-02   0.1973804101951D-01   0.3411880826516D-02
   0.1874791856060D-03   0.3763852786471D-02  -0.3004168611858D-02
   0.6950748723238D-02  -0.3677649784202D-02   0.4022129294911D-02
   0.1861896600458D-02  -0.9355920109827D-03   0.3195986591175D-02
  -0.3451848621560D-01   0.3377177062075D-01  -0.4837681645846D-01
   0.2436966939809D-01   0.5772830523816D-02   0.3552952198819D-01
  -0.3873197257592D-01   0.4398691742365D-01   0.2173534984070D-02
   0.1266529580955D-01  -0.1253646759068D-01  -0.9784530944887D-03
  -0.3450754609009D-02   0.6007814033220D-03  -0.5457960470327D-02
   0.2694103538977D-01  -0.3684132365407D-01  -0.7144646471744D-02
  -0.1831163260326D-01   0.1457817515445D-01   0.5333788080169D-02
  -0.1268375146562D-01   0.2112338444756D-01   0.5981698408532D-02
   0.1264812336058D-01  -0.9966926985011D-02  -0.2800694052382D-02
  -0.7815153564048D-03   0.4824643094367D-02  -0.3104319345983D-02
  -0.2478931601240D-02  -0.6709182229476D-03  -0.1715242485279D-02
  -0.6873193741075D-03   0.3140810956065D-02   0.1448253864538D-02
   0.2120732664346D-02  -0.1082320782374D-02  -0.8610497033023D-03
   0.6916713109049D-02  -0.3048730936284D-02  -0.1640754731723D-02
  -0.3655908286422D-01  -0.4983280868947D-01  -0.4294722584879D-01
   0.5402648600610D-02   0.1752231230126D-01   0.3095287470314D-01
   0.4810191931904D-01   0.1062714449519D-01   0.6112094839590D-01
   0.2021274972269D-01   0.4528650344637D-02  -0.9831013970514D-02
   0.9346452203495D-03   0.7003678312939D-02   0.5868269225701D-03
   0.1972446547704D-02  -0.1583802378829D-01  -0.1136669155234D-01
   0.1784088558742D-02  -0.7000219671311D-02   0.1523663645655D-01
   0.3183889355624D-02   0.1823652235273D-01  -0.8470193052993D-02
   0.1094476124421D-01  -0.4559446760561D-02   0.4217294099945D-03
   0.1095385865061D-01  -0.5263017181542D-02  -0.1057081312374D-02
   0.1267379202802D-02   0.2517065179377D-03   0.1372366568959D-02
  -0.3446138539985D-02  -0.2220798185047D-02  -0.2673038272492D-03
  -0.4846403419195D-02  -0.2588436887133D-03   0.1322691899894D-02
   0.1833595865221D-02   0.2050295495689D-02  -0.7182876287335D-02
  -0.1791647099272D-03   0.5182813182971D-02  -0.5438822425556D-03
   0.3366114176483D-03   0.9221201473739D-03  -0.7192335240539D-04
  -0.1405104023110D-02  -0.3922386647252D-02   0.6891729995835D-02
  -0.1340995935283D-02   0.1386871452159D-03   0.2257609664002D-02
  -0.9827318396860D-03  -0.7818331948723D-03  -0.1037940802633D-02
   0.1055362031788D+00  -0.2360841828165D-01  -0.1158293581152D-01
   0.7592203817002D-02   0.2022079188718D-01   0.1907025097200D-02
  -0.6018564249513D-01   0.7183002701859D-02   0.5164409076185D-01
  -0.6649175630384D-03  -0.6941249017171D-01  -0.4346269793379D-01
   0.2997410528068D-02  -0.1560409501825D-01  -0.9279762452161D-03
   0.1445863495025D-01   0.8956665225582D-02   0.1901359794244D-01
  -0.1769697478694D-01  -0.2664938953633D-01  -0.1343366813756D-01
  -0.5294550412614D-02   0.1556866574474D-01   0.1650388500332D-01
   0.7998410776269D-02   0.3960722698953D-02  -0.7607938487931D-02
   0.1994018798219D-01   0.1062000158748D-01   0.3984339456912D-01
  -0.6795635641606D-03  -0.2835092537011D-02   0.1053393708410D-02
   0.2043706341520D-02   0.2413821174367D-02   0.7013563037872D-03
  -0.1291176094184D-02  -0.2209927241687D-02   0.3429892046055D-02
  -0.2200139598364D-02  -0.1556883350276D-02  -0.2347902909943D-02
  -0.1437450263249D-02  -0.1685238982659D-02  -0.7033374702752D-02
   0.2502349622112D-01  -0.8384622862072D-01   0.9632078665152D-01
  -0.1766192916548D-02   0.3060285614109D-01  -0.2994733337266D-01
  -0.4999202430631D-01  -0.6820749714178D-01  -0.1333714854342D+00
   0.5364688704989D-02   0.6703189265578D-01   0.8959762826740D-01
   0.3403397632754D-01   0.3022896523327D-01   0.7439455623516D-01
  -0.4026231870170D-01  -0.2159985843648D-01  -0.1446753302495D-01
   0.2301858178791D-02  -0.5079773310092D-02  -0.1156933775073D-01
  -0.1264133320719D-01   0.3081060411677D-01   0.1945744104869D-01
  -0.3913076891347D-01  -0.1114861441851D+00  -0.7214129872397D-01
   0.2907446640682D-01  -0.1570970787436D-01   0.2849725174526D-02
   0.5620445509167D-01   0.1087930069530D+00   0.9543838845545D-01
   0.1028503825043D-02  -0.1308464135816D-01  -0.1772225748203D-02
   0.5205318273285D-02  -0.2477635556458D-02   0.4317363263829D-02
  -0.3758996139979D-02  -0.6251743416761D-02  -0.8436823899168D-02
  -0.1352569107906D-01  -0.2645268283227D-02  -0.2342168455264D-01
   0.5345207882472D-02  -0.1536903247994D-02   0.1632070523410D-02
  -0.4212362812035D-03  -0.4805799892699D-02   0.3856044706146D-02
   0.2116330387497D-02  -0.1042582068384D-02   0.1242971369714D-02
   0.6158767074815D-03   0.1443683159919D-02  -0.2789114610780D-03
  -0.2368185084809D-02  -0.2972257516976D-02  -0.7923606356332D-03
  -0.4639121115444D-03   0.3679233788552D-03   0.2166347305708D-02
  -0.9142442878110D-02   0.1307888387484D-01   0.1623063576474D-02
  -0.2732720924753D-01  -0.3739917129329D-02  -0.1803785284580D-01
   0.9658430615447D-02  -0.1501949187681D-01  -0.1170978791267D-01
   0.9395922555051D-02  -0.8868696404840D-02   0.2024151472652D-01
   0.6875567760434D-02  -0.4906267282278D-03  -0.2665349061215D-02
  -0.8176906630170D-03  -0.2131226976186D-01  -0.9811617402142D-02
  -0.3024830264341D-02   0.1064425448044D-01   0.1461504307934D-01
  -0.1786698294344D-02   0.8128406914875D-02   0.1124192817393D-02
  -0.7110712637090D-03  -0.8490926705175D-03  -0.1651440416186D-02
   0.2625213045007D-03  -0.3970962824481D-02  -0.8652851354040D-02
   0.1189935233152D-01   0.9864583667080D-02   0.2062390990711D-02
  -0.1397327575752D-02   0.1384877733791D-01  -0.5860216806535D-02
  -0.4063982413653D-02  -0.7090387426104D-03  -0.3153046699932D-02
   0.2650220219720D-02  -0.2870727467164D-02  -0.1262676246826D-01
  -0.1732319336532D-02  -0.3489904003445D-02  -0.3086283236911D-03
  -0.2582235765151D-02   0.3181808317313D-02  -0.3880447373876D-03
  -0.4327673833307D-02  -0.5340338728076D-02  -0.5028412931965D-02
  -0.2894579881267D-03  -0.3751508344406D-03   0.5401875834015D-02
  -0.2968247928673D-03  -0.1942631949538D-02   0.7799798714492D-03
  -0.4573013263566D-02  -0.2534515600265D-02   0.1037030555234D-02
  -0.1153735595400D-02  -0.2904369778086D-02   0.1441667436189D-02
  -0.1116298323790D-02  -0.2471283890903D-02   0.1861127979507D-02
   0.4611935556217D-02  -0.5231332970974D-02  -0.1410575593821D-01
  -0.5579147411813D-02   0.6065142787402D-02   0.1203778633769D-01
   0.1302351573400D-01  -0.1348569168418D-01   0.1239491286345D-03
  -0.7235107056940D-02   0.7142786905081D-02   0.4009301989684D-02
  -0.2237381123204D-02   0.7371095863165D-02  -0.1648292901887D-02
   0.1447145140887D-01  -0.9698094569941D-02  -0.1520719787425D-01
   0.6490590931875D-03   0.1070573628010D-01   0.1370547568150D-02
  -0.7776127409970D-02   0.5477852813401D-02   0.1353437739662D-01
  -0.2403574721141D-01  -0.3222064321906D-01   0.7603449434892D-02
   0.1901552553091D-03   0.8770220910688D-02   0.4010630533486D-03
   0.2833301474269D-03  -0.7770652552580D-03   0.4105610842259D-02
   0.9726202539495D-03   0.3448368565959D-02  -0.6568167541602D-03
   0.1755383468095D-02   0.2959240257087D-04   0.3192018132787D-02
  -0.3620657703271D-03   0.1286064443039D-02   0.2613469883030D-02
  -0.1621598910204D-02   0.9121934576809D-03   0.9666597651422D-03
   0.6456383826311D-02   0.9281982696824D-03  -0.3490090647880D-02
   0.9240280417520D-02   0.9414996408438D-02  -0.7298180164576D-02
  -0.1079518486226D-01   0.2332911128430D-01   0.4138026013585D-02
   0.8801169760653D-02  -0.6011201087315D-02  -0.2750254239063D-02
   0.2239888352053D-01  -0.2141249557683D-01  -0.1061857265750D-01
  -0.3178852238207D-01   0.3279336257069D-01   0.1432437761731D-01
  -0.6515498828152D-02   0.2525791123378D-01  -0.1619299982375D-01
  -0.1036222619010D-01  -0.1540465192785D-01  -0.3610517970409D-01
  -0.8326231668223D-02  -0.3123878738844D-02   0.1094187313862D-01
   0.2117668118920D-01   0.4909138181657D-03   0.1707444797353D-01
   0.2381062602638D-03  -0.2915388330529D-02  -0.8970934522746D-02
   0.1926184285691D-02  -0.8352652025088D-02   0.1547879770240D-02
   0.6324035815961D-02  -0.8578049863688D-02   0.8565881059981D-02
   0.7487222315422D-03  -0.5709197777463D-02   0.1001708353737D-01
  -0.4885406521846D-02   0.1922887652535D-02   0.7894366401104D-02
   0.2579456486774D-02   0.1887799283063D-02  -0.3016460550845D-03
   0.2990086088739D-03  -0.6265123640547D-03  -0.1465378090639D-02
   0.9060530561666D-03  -0.4809268462661D-03   0.2380237565543D-02
  -0.6765323499779D-03   0.1224404488813D-02   0.9127287600432D-03
  -0.1588074650395D-02   0.5248872511446D-02  -0.6402319691322D-02
  -0.3842324719093D-02  -0.1041965449584D-02   0.6085986543200D-03
   0.4239064458010D-01  -0.3539724239375D-01  -0.3915383096937D-01
  -0.2771483920978D-01   0.4414953517873D-02   0.1867210338322D-01
  -0.4916407613927D-01   0.6041998055089D-01   0.7475241076550D-01
   0.4690624077348D-01  -0.2013011389342D-01  -0.7267517421880D-02
   0.4458235180622D-02  -0.1284895629356D-02   0.8897803005273D-02
   0.2182275690235D-02  -0.3750148567999D-02  -0.7777648270665D-03
  -0.2472956938778D-02  -0.1154288991466D-02  -0.6265748497516D-02
  -0.1914128718669D-01   0.4753305899684D-02  -0.3969986677081D-03
   0.9176524967178D-02  -0.7803422441383D-02  -0.7966942165362D-02
   0.1624601968099D-02   0.8980222081283D-02   0.2186275860096D-01
  -0.4128640139625D-02  -0.2107010003837D-02  -0.6185124152469D-02
  -0.2557718723212D-01   0.2238024897583D-01   0.1108432796002D-01
   0.5907094942731D-02  -0.6316463327835D-02   0.2546523264358D-02
   0.1832424031734D-02  -0.2818110458062D-03   0.1996302585528D-03
   0.3163603799682D-02   0.4365181917994D-02  -0.8773132866298D-02
   0.3050247501887D-02  -0.1062802388885D-02  -0.3777314266299D-03
   0.1182050037997D-02  -0.1099371046541D-02  -0.3182078459667D-02
   0.1010132418960D-02   0.5859682246435D-03   0.8278086042033D-03
   0.8467370300127D-04   0.1142355139983D-04  -0.2768707531141D-03
   0.3880550221480D-02   0.1682801682224D-02  -0.4532169973094D-03
  -0.3367605500707D-01  -0.1034614176656D+00  -0.4190912835208D-01
  -0.9717600561196D-02  -0.1379268437857D-01  -0.2384612154310D-01
   0.5945696599865D-01   0.6635135753175D-01  -0.3978003534185D-01
  -0.8842721327901D-01  -0.4204732211967D-01  -0.4642083281273D-01
  -0.7542004216607D-02   0.1524732646947D-01   0.2048751588588D-01
   0.1240280304863D-01  -0.2648233951431D-02  -0.1266975538977D-01
  -0.6776259814341D-02  -0.1391973058243D-01   0.8872260336691D-03
   0.8702429714940D-02  -0.2143289243705D-02   0.1123582317300D-01
  -0.2437612572023D-02  -0.5345292599392D-02  -0.3344033372207D-02
   0.3167415017092D-02  -0.1952371380430D-02  -0.1835887506077D-02
   0.1453592448031D-02   0.6654791136346D-03   0.1664611265766D-02
   0.2540687279162D-03  -0.2372114459076D-02  -0.3050887509660D-03
   0.2429466946375D-02   0.1809968708544D-02  -0.2840642410076D-03
  -0.5360929445723D-03  -0.2007672701732D-02  -0.3710828296085D-02
  -0.3161839710276D-01   0.1190573668291D-01  -0.1095012843787D+00
   0.6763701622990D-02   0.1271181376370D-01  -0.1439856443640D-01
   0.2264114657596D-01  -0.7585379025838D-02   0.3394772293486D-01
  -0.6185123486839D-02  -0.3267181976516D-01  -0.1332341762910D-01
   0.2612371099222D-02  -0.4237895166362D-02  -0.1188102696334D-01
  -0.7018238826855D-02   0.8279715292877D-01   0.1021354204035D+00
  -0.5480998266991D-02  -0.6047410299483D-01  -0.2691143260563D-01
   0.1579967209460D-01  -0.2525510126074D-01  -0.7545002551403D-01
   0.6451057812732D-02  -0.5976314718497D-02  -0.1446444781188D-01
  -0.8084274368300D-04   0.1695942133239D-02  -0.1714503067544D-03
  -0.1100475758861D-02  -0.4510157774470D-02  -0.1546307012291D-02
   0.1085808706191D-02   0.1281640876989D-02   0.5429282642561D-02
   0.8313533952338D-03   0.6328771124358D-01   0.1771274517327D-01
  -0.1667082015422D-01   0.1248143408512D-01  -0.1340828581249D-01
   0.1028036351725D+00  -0.2174482872231D-01  -0.2076062733986D-01
  -0.1028487225731D+00   0.3187262039690D-01  -0.7379751750434D-01
  -0.2317073306794D-02  -0.9374446480721D-02   0.2259028281133D-01
   0.4353666152248D-02   0.2723739404170D-01  -0.1305687127639D-01
   0.3630779914366D-01  -0.4918401306086D-01  -0.8295288955849D-02
  -0.4173097656197D-01   0.5699604283447D-01   0.1177765583479D-01
  -0.3923175434742D-01  -0.2034992263672D+00   0.1305294517481D+00
  -0.4449602934233D-02  -0.2557174167627D-01  -0.8019775053601D-02
  -0.2062384360877D-02  -0.3280652841492D-02  -0.2312005293066D-02
   0.4418658273157D-02   0.3765819055965D-03  -0.1785610753571D-02
  -0.1582875425694D-02  -0.2539970029109D-02  -0.5531438229403D-02
   0.5721680739355D-03  -0.7281892549980D-02  -0.4282751027194D-02
   0.6410490839816D-03  -0.1383821143005D-02   0.2217035829908D-02
  -0.6228642113143D-02   0.6532246253309D-01   0.2415415667900D-02
   0.4346062332683D-01   0.1150294181516D+00  -0.1257156248365D+00
  -0.1309263876616D+00   0.1695695046667D-01  -0.4825283970411D-01
   0.5577905548148D-01   0.5901831499822D-01  -0.1586266592849D-02
  -0.2456793684211D-01   0.8627891465387D-01  -0.1035138278552D+00
   0.5174297543541D-01  -0.7881445219419D-02   0.4765548119001D-01
   0.1404442698036D-01  -0.4152703522063D-01  -0.6010146500640D-01
   0.6982720827751D-01  -0.1197336061597D+00   0.1578531845646D-01
   0.2071767021287D-01   0.7753465205835D-01   0.1792674016597D-01
   0.6839389688422D-01  -0.5694807403253D-01  -0.1030527521746D+00
  -0.5826691959351D-01  -0.1170503557096D-01  -0.4992477659260D-01
   0.2623230261430D-01   0.1209427703856D+00   0.6320592378511D-01
   0.3486263374629D-01  -0.1383793633153D-01   0.7562602720277D-01
   0.5813464177173D-03  -0.8145976298301D-02   0.1387810763459D+00
   0.1447269920865D-01  -0.1211360783341D-01   0.8543176841195D-01
$end                                                                            
