   -0.39555745
    0.01031555
    0.31002723
   -0.36782152
    0.02175323
   -0.35870642
    0.16846242
    0.04735583
    0.04082145
    0.05262206
    0.22773502
   -0.22960126
   -0.03826018
    0.33687346
   -0.27022978
   -0.02916896
   -0.11448841
   -0.12626844
    0.21342209
    0.07246921
    0.02645491
    0.04835462
    0.03899753
    0.05417909
    0.03932464
    0.07053702
    0.02172063
   -0.28358498
    0.02902263
    0.19214491
   -0.32506826
   -0.07798122
    0.27528346
   -0.48245236
   -0.31424646
    0.19466720
    0.06903897
    0.10765831
    0.06055608
    0.25159052
    0.21930143
   -0.40421040
   -0.04220960
    0.26612634
   -0.20263173
   -0.02744888
   -0.11889078
   -0.12006441
    0.14956657
    0.06486255
    0.00893138
    0.05327319
    0.01893314
    0.05739536
    0.02144603
    0.06347407
    0.04690642
   -0.39319613
   -0.00396441
    0.30824484
   -0.41555054
   -0.07059566
   -0.05955283
   -0.08407472
   -0.01366005
   -0.10819369
    0.17056864
    0.04725314
    0.04052402
    0.03144930
    0.03375432
    0.03950184
    0.06353608
    0.06468595
    0.05757058
    0.08440946
    0.24406518
    0.28409469
    0.28525902
   -0.19237939
    0.04193616
    0.16840630
   -0.49683077
   -0.09117963
   -0.01700635
   -0.12305327
   -0.11291485
    0.21726315
    0.05370394
    0.07162718
    0.04437968
    0.01368288
    0.04969625
    0.04769037
    0.05094314
    0.05412506
    0.05396821
    0.04202976
   -0.06861251
    0.03029736
    0.30097908
   -0.35771950
   -0.13072597
   -0.05811685
    0.54309167
   -0.10579850
   -0.42061862
    0.27626011
    0.12109899
    0.06386158
    0.12613544
    0.04729106
    0.05464620
   -0.27402013
    0.00185182
    0.32355322
   -0.40678859
   -0.00606328
   -0.05337923
   -0.09618665
   -0.10687857
    0.29419406
    0.03438027
    0.06050288
    0.07391622
    0.01240743
    0.05361981
    0.03475284
    0.02901987
    0.02968147
    0.01548472
    0.07342714
   -0.34346288
    0.01647595
    0.29993137
   -0.44279691
   -0.07521943
   -0.01993371
   -0.11577312
   -0.12119292
    0.22116255
    0.05149061
    0.03782920
    0.06917436
    0.02350669
    0.04799529
    0.03869931
    0.04112709
    0.04819881
    0.05944703
    0.02329343
   -0.20754855
   -0.01522311
    0.28388234
   -0.39637898
   -0.06157466
   -0.09891356
    0.31694999
   -0.42185495
   -0.34620727
    0.20259694
    0.07242322
    0.04876026
    0.05492358
    0.07212753
    0.05251803
    0.21880221
    0.21989396
   -0.21034484
    0.01275466
    0.24892111
   -0.29722251
   -0.12334127
    0.31494378
   -0.34782226
   -0.35730406
    0.21845178
    0.08629297
    0.06743767
    0.07211896
    0.22931722
    0.21372682
   -0.37334998
    0.08586502
    0.08356772
   -0.54327801
    0.05108074
    0.03315408
   -0.02927618
   -0.06162829
   -0.07308715
   -0.10251069
    0.22195973
   -0.30253813
    0.12514859
    0.00080153
   -0.13788592
    0.00755567
    0.00335234
    0.00741726
   -0.04235853
    0.02337174
    0.34250565
   -0.38852288
    0.03228840
    0.28250899
   -0.46553424
   -0.09544180
   -0.06643275
   -0.07913864
   -0.04835016
   -0.14596720
    0.18596214
    0.03680709
    0.06247646
    0.07589662
    0.03526323
    0.02906977
    0.05950986
    0.07372143
    0.09982669
    0.11379207
    0.30994062
    0.28960667
    0.30559079
   -0.19997145
    0.02146253
    0.24560452
   -0.27702333
   -0.12864712
    0.30077783
   -0.45558601
   -0.32058656
    0.17640427
    0.04476502
    0.11048648
    0.08371740
    0.21272988
    0.22557252
   -0.39524158
   -0.00083623
    0.29946804
   -0.50379930
   -0.07182260
    0.00397651
   -0.06324928
   -0.12919037
    0.15086069
    0.08823837
    0.06986054
   -0.00317998
    0.03427552
   -0.01530755
   -0.00679193
    0.06281056
    0.10404933
    0.04182320
    0.02484431
   -0.19517937
    0.02222474
    0.25998018
   -0.49161634
   -0.07393124
    0.01133071
   -0.12773826
    0.01844620
    0.06300595
   -0.28022276
    0.20196975
    0.05797431
    0.04987959
    0.06614887
    0.19717263
    0.07071537
    0.07501102
   -0.10267107
   -0.02490858
    0.30418909
   -0.22158321
   -0.08634742
   -0.14461667
   -0.13471306
    0.20192333
    0.05214213
    0.04823286
    0.05264584
    0.08099487
    0.08672647
    0.10515262
    0.01364640
    0.08878421
   -0.22739013
    0.04195046
    0.34645288
   -0.22952877
    0.20824140
   -0.15786508
    0.05636267
   -0.36394692
   -0.00235346
    0.10808160
   -0.61174498
    0.01658730
    0.41346888
   -0.49991017
   -0.67092814
    0.19379868
    0.12058243
   -0.03157671
    0.01831443
   -0.29073014
   -0.11134755
    0.42555714
   -0.09295162
    0.54455353
    0.38013641
   -0.20189315
    0.22889452
    0.09415892
   -0.84394529
   -0.80897777
    0.08931934
   -0.03146760
    0.00567805
   -0.34230702
    0.00952268
    0.21850552
   -0.31873427
   -0.02637489
   -0.06907229
   -0.12306003
   -0.12202142
    0.17932793
    0.05029476
    0.05147248
    0.00942896
    0.05045159
    0.06276933
    0.03827446
    0.06748181
    0.05715740
    0.06825299
    0.03547965
   -0.40854143
   -0.00794250
    0.18073002
   -0.44275616
   -0.01370904
   -0.03655606
   -0.14622820
   -0.12643592
    0.13335397
    0.11357241
    0.05221960
   -0.01799967
    0.05574764
    0.04554474
    0.06480947
    0.07699401
    0.09055778
    0.07881214
   -0.00673909
   -0.43921589
    0.03133059
    0.10235300
   -0.60172849
   -0.06887542
   -0.11127690
    0.39790692
   -0.18169316
   -0.86197010
    0.23791655
    0.09220680
    0.05394705
   -0.03631102
    0.05811687
    0.04429093
   -0.40170309
    0.02697588
    0.25179124
   -0.54408247
   -0.11532165
    0.17956781
    0.02440446
    0.04616050
    0.04974447
    0.05494612
   -0.09811217
    0.01987919
    0.19887657
   -0.40018340
   -0.05077154
   -0.05430646
   -0.01641532
    0.09552259
    0.06570157
    0.07907660
    0.06026760
    0.08674240
    0.07381438
    0.09415940
   -0.41577447
   -0.01403603
    0.24317833
   -0.26106497
   -0.10093097
    0.28881447
   -0.47871603
   -0.29304248
    0.16314338
    0.07315333
    0.08077420
    0.05310826
    0.21641986
    0.21287176
    0.18002748
    0.04631072
    0.18391036
    0.09792961
    0.16346704
    0.00953201
    0.18570141
    0.03758734
    0.19092979
    0.08935908
    0.19435126
    0.04321532
    0.18266516
    0.06314479
    0.18155038
    0.08724607
    0.20257091
    0.06907330
    0.19009276
    0.09030151
