$grad                                                                           
  cycle =      1    SCF energy =  -440.00125458688   |dE/dxyz| =  0.314887
   19.52185826484683    144.56711613666090    -12.94046293448059      n 
   20.73090797571309    142.37180364175137    -11.75842700704864      c 
   21.81037615694219    140.70315262186438    -13.84229545748054      c 
   23.50673114581681    139.22984024767052    -13.45436097027299      o 
   18.92429294335135    140.84653170319527    -10.04112216859054      c 
   17.73970413222216    142.24185720716721     -7.79433486408694      c 
   16.38207396364689    140.46755447012217     -5.88566360126662      c 
   17.79240572733605    140.20164340036078     -3.52159486426155      n 
   18.65589953827570    138.24217062936529     -2.31452590177439      c 
   17.80398182756379    135.94307507053497     -2.58847484791769      n 
   20.45511857255545    138.59507734459339     -0.59932889330883      n 
   17.75597603098062    145.06084193961775    -12.47360368206298      h 
   22.32541370258427    143.06337637278671    -10.66447633917603      h 
   17.46463379170904    140.07946398736030    -11.29391985551307      h 
   20.07176865328643    139.30174296076140     -9.38058925812496      h 
   19.22493723993356    143.23656127532769     -6.75016451821834      h 
   16.46252516028372    143.72192312591059     -8.45227283953963      h 
   14.46104103830917    141.28387869085682     -5.42014110829328      h 
   16.02963022012700    138.66425215947487     -6.71045881620083      h 
   18.29342575189267    141.99179456672044     -2.85482038721770      h 
   16.41694284350012    135.52182056386928     -3.85592136177583      h 
   18.84813960316436    134.39181992438603     -1.97565838618991      h 
   21.24134754694485    140.34450911250420     -0.30780713063898      h 
   21.22583927019086    137.14702117736505      0.42812820962866      h 
   20.79879381589451    141.05755486790949    -16.09959828545921      n 
   21.51171081142073    139.48986702659900    -18.15981798632088      c 
   23.53729595428950    140.65900782773622    -19.75115324834631      c 
   25.75163296151464    139.81141883685629    -19.68562382196846      o 
   19.25549939145155    138.56780230843631    -19.71016412723404      c 
   20.08203841450028    136.06981895518339    -20.95458132497984      c 
   21.56258363785322    134.57033552159820    -18.81446762999605      c 
   23.79527946023229    134.06931867915111    -19.30691511214976      o 
   20.38999490208631    134.10818552615055    -16.82361869253414      o 
   19.11958830846208    142.02089285355913    -16.29326217097840      h 
   22.46456758705013    137.84899022229339    -17.27173770637839      h 
   17.72268010439451    138.15804465615170    -18.38571959082293      h 
   18.64212872147983    139.99051757515053    -21.04266350617561      h 
   18.44004731250168    135.02998925671901    -21.62283112637909      h 
   21.38699031776233    136.44577090292958    -22.50392924442747      h 
   22.88629663753881    142.59380103899400    -21.23762252954710      n 
   24.87782262847047    144.18920183304931    -22.33418838065717      c 
   27.35464652411557    143.84916663010048    -20.87663493306572      c 
   29.27621656512602    143.20932917261032    -21.98729654199427      o 
   23.95999837559158    146.88968818803741    -22.21128405215296      c 
   21.62408605445366    147.27671565025301    -23.83138774273861      c 
   20.45070046906400    149.92581307367593    -23.27882733528648      c 
   18.15726103895697    149.98536416644208    -22.91181292729775      o 
   21.93195755161513    151.70212655301930    -23.28403090733718      o 
   21.23165284256546    143.40648760587331    -20.96086843130788      h 
   25.24326845847458    143.59136149198852    -24.30026038817314      h 
   23.56509206140113    147.34812244747630    -20.23828300577391      h 
   25.48740150493239    148.15010713820169    -22.80937331698645      h 
   22.16188418829638    147.16308817843006    -25.83140116735175      h 
   20.18943071949086    145.83721671354513    -23.45048577484225      h 
   27.20667592896944    144.51104091661082    -18.43858909054407      n 
   29.29210087674592    144.19657974418629    -16.70183122759281      c 
   30.20951744789638    141.42558334422762    -16.60611775060024      c 
   32.30237667034294    140.99537584513743    -17.44499657600555      o 
   28.66264470378036    145.24079802994558    -14.03033174063451      c 
   29.67016314060812    147.92034454447270    -13.39210304974178      c 
   28.34228140831297    150.29056927143847    -14.60930014415208      c 
   28.37093854354210    152.18931987648148    -13.35882769962564      o 
   27.42041768329199    150.05857901792680    -16.72793128506694      o 
   25.58123400767448    145.09746760527844    -17.70329378118025      h 
   30.93212923378454    145.23126124297178    -17.47656755243035      h 
   26.63785708441062    145.19076211683776    -13.80516379029590      h 
   29.49161612915869    143.88947867827881    -12.67944318185555      h 
   29.61490471793894    148.11801889975396    -11.34816455434990      h 
   31.68501161047623    148.00533974419082    -13.97207902792346      h 
   28.89507560472270    139.57769584165428    -15.47591005686828      n 
   30.19558637175755    137.17410480620427    -15.27747004774922      c 
   30.75500759726524    135.78599257496438    -17.79495476392920      c 
   32.05162767368348    133.88978113836563    -17.73514613401944      o 
   29.08501320767261    135.35034875402621    -13.24869406519849      c 
   26.71840872017063    134.29417628074191    -13.72595173685279      o 
   27.01401150533188    139.65793222029234    -15.00772490072608      h 
   32.10923567463954    137.65102336974951    -14.57620718055799      h 
   30.40777855533702    133.74000192638664    -13.13189728768769      h 
   29.08000839964287    136.35735030469752    -11.42958050710645      h 
   25.47255567765705    135.62368752051063    -13.84926830415955      h 
   29.95184425989885    136.97956674272061    -19.82540508316627      n 
   30.12376319647598    136.21001340911741    -22.44888249563105      c 
   32.74598119106630    136.88376595528689    -23.50825382538169      c 
   34.22592767988557    135.26171725179574    -24.23331509313156      o 
   28.11917709256819    137.47482955144369    -24.10854616806474      c 
   28.63945224970552    138.34047765563471    -19.55868325558812      h 
   29.94043686325448    134.14163974922127    -22.59064120858104      h 
   28.45986789303834    136.98273812842979    -26.10906136480619      h 
   26.26346537018616    136.86734206416958    -23.57435581547854      h 
   28.24990694535892    139.53597790861232    -23.92904875220829      h 
   33.30341260185670    139.34395442086836    -23.56136882072370      n 
   35.83207343943691    140.07307058489249    -24.24854148551282      c 
   37.75316363273055    139.95860516455301    -22.06854057995614      c 
   39.94247765125055    140.65667985374125    -22.41134709907981      o 
   35.81606512475611    142.47820833816630    -25.88252997795106      c 
   32.06755066893842    140.67354901380307    -22.85187454861534      h 
   36.50498823985748    138.53193088323562    -25.42689454815198      h 
   37.70564553170708    143.06099619719109    -26.26357369570265      h 
   34.83694756819293    142.06016002728464    -27.68504287863768      h 
   34.78516673562277    143.97946628545603    -24.93862675353813      h 
   37.03831075772229    138.68626611865372    -19.98776422554514      n 
   38.85576062187555    137.60786969606366    -18.15752608851711      c 
   40.41028658204247    135.46684828444822    -19.33743157840910      c 
   42.70054919442305    135.56046583766658    -19.32465014199590      o 
   37.59000037322087    136.49063041503334    -15.81451766918329      c 
   35.19488765881588    138.47555775204702    -19.59275254042473      h 
   40.20787218464376    139.09929902921377    -17.60712485472260      h 
   39.01563037327038    135.50198799283251    -14.70553533139349      h 
   36.72720557814597    137.95541829764190    -14.68454914974994      h 
   36.13107562879781    135.12731462875030    -16.36992673267933      h 
   39.05694142866230    133.53298940094291    -20.20310405042726      n 
   40.16172837151014    131.29566785919712    -21.35036533240298      c 
   41.52212897356928    132.11704684230008    -23.76159319620046      c 
   43.81676534154170    131.81789342667523    -23.97239639757007      o 
   38.22813785649066    129.22881224941526    -21.89124378568346      c 
   37.14804538256236    133.66940111731182    -20.27558651386494      h 
   41.61913871393492    130.50980990093944    -20.11728364933898      h 
   39.20143920375566    127.64886898484640    -22.76619654291267      h 
   37.39860627155446    128.59255008576901    -20.13507743133180      h 
   36.75237383121868    129.90697387015459    -23.14535757167646      h 
   40.09829179262163    133.26880084095072    -25.52120184264910      n 
   41.14159874273509    134.23990577070526    -27.86404398291794      c 
   43.64527576676292    135.63315041806598    -27.46786320957934      c 
   45.13452697740640    135.88678269980838    -29.23045893090720      o 
   39.17605102494390    135.95856219029520    -29.17507961075274      c 
   39.78100973896725    136.58511423091008    -31.95142462792147      c 
   37.87527643667077    135.40581794557838    -33.89046398932562      c 
   37.52749997269346    136.64214959917211    -35.86009457303589      o 
   36.91056188317692    133.35420424018221    -33.32952743226343      o 
   38.18710288779227    133.44774500797712    -25.26815001007413      h 
   41.57781303527669    132.66972151297659    -29.13378879678239      h 
   37.36794110502783    134.98488705977277    -29.12350529442630      h 
   39.03188907021439    137.70224368031234    -28.07173888632327      h 
   39.77945616483974    138.63517558955576    -32.23788698630020      h 
   41.66625440424254    135.89372133734545    -32.43745429499371      h 
   44.11852173712075    136.56639503859256    -25.13980506909915      n 
   46.63475848886628    137.45678889395211    -24.56409410052881      c 
   48.30836904405152    135.80525561755999    -22.92020029772254      c 
   50.27970501604699    135.10437752578409    -23.93156431022754      o 
   46.65829638333287    140.21544295818757    -23.60213241343742      c 
   49.34418309320397    140.86744791301123    -22.72302935296199      c 
   45.87187251224665    141.87516844072249    -25.82704192561109      c 
   42.83771541165621    136.48329983718500    -23.74255590593594      h 
   47.58100519625503    137.45062907899708    -26.39225543157315      h 
   45.29570921773925    140.39523375588740    -22.06347952064305      h 
   49.43330488728862    142.82604180912838    -22.25816692160960      h 
   49.84941804150844    139.75190630319224    -21.05848947515243      h 
   50.66247644314875    140.41563891407580    -24.22246446644363      h 
   45.79620944123714    143.79926314974307    -25.28500883711443      h 
   47.19177459004947    141.59573428211939    -27.38485328281114      h 
   43.99827574317914    141.27501167737253    -26.47532822309863      h 
   47.92804979847396    135.39744783817810    -20.45925162846189      n 
   49.71651611919228    133.65503783382530    -19.30884283406282      c 
   50.61649609414433    131.68549794165384    -21.25220440235848      c 
   52.85705573081504    131.14727196705317    -21.32791487941111      o 
   48.72331685473408    132.28257169988751    -16.91637203873803      c 
   46.10187324942875    131.11147454465450    -17.25196636019469      c 
   45.74257523707652    128.17464891499685    -17.63340104202513      c 
   47.16506190817799    126.70533595925872    -16.49695398891479      o 
   43.94666376196891    127.55567115412330    -18.99122659068910      o 
   46.22362636463252    135.72025203634036    -19.62430953609004      h 
   51.44655225547674    134.73519965956208    -18.76759316604043      h 
   50.11027977978495    130.81628319799682    -16.41174666160069      h 
   48.68729529723178    133.65180632043788    -15.33815548593301      h 
   44.96690370179550    131.51983943414348    -15.57277019896887      h 
   45.14145279882208    131.99655721071613    -18.84343891458979      h 
   48.87807497094641    130.51099291643789    -22.65041118811492      n 
   49.45482619529041    128.46579768223603    -24.36188559897680      c 
   51.73322106074626    129.01312352197448    -26.00025786557798      c 
   53.38279557704350    127.43715913057187    -26.40007226312030      o 
   47.28751696964454    127.88940036614575    -26.23009311189978      c 
   47.91174518704754    125.72116862958170    -28.06138535091247      c 
   47.57979622045740    126.36743985862130    -30.96868133505964      c 
   47.78291576342491    128.58989931899191    -31.64000734668758      o 
   47.24238778249844    124.50419747212872    -32.33024752537552      o 
   47.01463765506477    131.01729066891500    -22.54822202450650      h 
   49.86081378704746    126.77276866092092    -23.26169997384241      h 
   45.58076657054387    127.48013125526219    -25.15847986816365      h 
   46.88533379552251    129.59902348846208    -27.34124719021373      h 
   49.88205661350603    125.14413124139159    -27.83068603911665      h 
   46.68476339138232    124.11855724507134    -27.71372915646451      h 
   51.66883271325756    131.25134768999712    -27.09755341036385      n 
   53.75903801932079    132.15754914959876    -28.60529275691098      c 
   56.20469646295837    132.04241261160772    -27.12207026904369      c 
   57.97530946171044    130.74735198712054    -27.77556085932340      o 
   53.13164122868772    134.86967919426471    -29.39677486254795      c 
   55.49680846811142    136.20901952287218    -30.34270734895146      c 
   54.89345891091390    138.12289576710083    -32.41407025180939      c 
   54.18735661789398    136.82473460235235    -34.71877234445033      n 
   54.59768798738631    137.51282871565570    -37.08737993522247      c 
   55.76638010711194    139.63167504949098    -37.66117585305915      n 
   53.85526210536712    135.97412916779533    -38.94185437522391      n 
   50.30871312705312    132.52548664260442    -26.59954601866301      h 
   53.96698300263319    130.92122111936555    -30.23850915381361      h 
   51.64779057361611    134.76789861340603    -30.83874322566318      h 
   52.30596457961932    135.83755507823597    -27.77609119333662      h 
   56.38161774128390    137.21891176389553    -28.75171428549292      h 
   56.84126639568753    134.85866001895096    -31.05014159244107      h 
   53.34012399550200    139.36408493252335    -31.80122922761269      h 
   56.56793134440434    139.26792818402666    -32.75390613685857      h 
   53.14658854293928    135.21341680101676    -34.44990354630885      h 
   56.52085478351810    140.79276095480748    -36.33614345238493      h 
   56.19903699282165    140.12913028424541    -39.47531520647732      h 
   52.77634660907387    134.41338125659445    -38.58873342441056      h 
   53.91298276611509    136.52260296861584    -40.77784668581564      h 
   56.40022498812591    133.62246405221572    -25.13975562026230      n 
   58.84701449434922    133.68974158848019    -23.92505558080860      c 
   59.43560412667771    131.31768903712907    -22.39846989607981      c 
   61.41455189382098    131.09489700464454    -21.28190037663372      o 
   59.23923356608332    136.13428751794814    -22.42883942121776      c 
   57.37011806232944    136.18850508731234    -20.55306176667531      o 
   59.15068009630649    138.40842274004746    -24.18320268410627      c 
   54.90655141549355    134.40030158684448    -24.26283278310183      h 
   60.26006664496506    133.64374135464550    -25.43200120579634      h 
   61.12894360237627    135.97681014014094    -21.54834786456999      h 
   57.57421736281714    137.69444438485510    -19.56138698647028      h 
   59.49319129680667    140.13132514726729    -23.14641229027869      h 
   60.60365044900077    138.25064756920963    -25.66171123207373      h 
   57.31665781141088    138.53759890362639    -25.09545849891585      h 
   57.79365982128560    129.41557405584663    -22.69679828154370      n 
   58.49224001972421    126.90993244985623    -21.96151134706733      c 
   60.17871400161829    125.75394148815087    -23.99569665975443      c 
   62.18077150272860    124.73786551258837    -23.48490435019827      o 
   56.18973935652488    125.20018938909054    -21.70194060927713      c 
   57.02668826339968    122.44966755619846    -21.38699897440793      c 
   54.75867244730055    120.70581371089152    -21.07470435747749      c 
   53.27472961612145    120.53017710984028    -23.38930665085647      n 
   50.85702101654935    121.14639252695780    -23.68871585770712      c 
   49.67890769833912    122.68449427966728    -22.09526185006514      n 
   49.58574489916668    120.15551913266266    -25.61681165078787      n 
   55.95487142569203    129.77555950098841    -23.09041686333990      h 
   59.57770581487195    126.97684530416142    -20.18142973396098      h 
   55.08665707630747    125.80784930081842    -20.07320883006197      h 
   55.04014486204490    125.40817617162915    -23.39312437329601      h 
   58.13711779584028    121.84424114482925    -23.01182664141691      h 
   58.22664903533459    122.29315276057025    -19.70946908735269      h 
   55.42644471041707    118.81498571952999    -20.61131242241967      h 
   53.59195827292353    121.36921128715926    -19.51586462388804      h 
   54.11546483535593    119.49965809471858    -24.74884524157368      h 
   50.56638426961128    123.43240118802537    -20.57247336780874      h 
   47.80871573657569    123.00385148825180    -22.20435565693053      h 
   50.35393781509055    118.84508296860679    -26.75316810760160      h 
   47.79682765619974    120.71598263122645    -26.00947455130631      h 
   59.21149977136206    125.79851756328307    -26.27807520754010      n 
   60.73322172196138    124.91360077849907    -28.38813051358254      c 
   63.42502186280642    125.85570703850730    -28.03413463326070      c 
   65.19432670802975    124.39846998810948    -28.07763927365284      o 
   59.62075284508635    125.73756722615028    -30.95186026304305      c 
   58.04528400370039    123.63626011801793    -32.15813630105723      c 
   55.74463126023216    122.90617543032745    -30.51292286766065      c 
   54.79853763897565    120.24259163007119    -31.04734636631968      c 
   53.21262750009326    120.03602131089308    -33.32969792107091      n 
   57.62365668131696    126.82912783799516    -26.65824768547311      h 
   60.83444490207308    122.84145094670167    -28.33829150727301      h 
   58.47537892520174    127.43473961201585    -30.68434397426677      h 
   61.14767491142761    126.19183816420987    -32.22416169678191      h 
   57.40259055481712    124.25200318811886    -34.02385636336679      h 
   59.24128349619559    121.99347842724761    -32.40989866949310      h 
   56.34732581895148    122.95933078945987    -28.54978650991163      h 
   54.24856592363777    124.28010299592241    -30.74694642509771      h 
   56.40625316363746    118.95498493812831    -31.21482878270317      h 
   53.62823183936514    119.67979020092436    -29.48407649999927      h 
   52.30186796121966    118.33997409960512    -33.38512524536674      h 
   51.87666186940837    121.44153472430015    -33.41101161527614      h 
   54.11140817936887    120.03550570559288    -35.15502845757204      h 
   20.43119387707628    145.96481221547577    -12.60562508128184      h 
   63.75361784404719    127.69654679624746    -27.76137497499420      h 
   0.6062792206579D-01   0.9715345269682D-01   0.2766137538752D-01
   0.2266567844040D-01  -0.1399560186710D-01  -0.5677312897909D-02
   0.1840359894173D-01  -0.1576481349470D-01  -0.1101882942251D-01
  -0.3086299917214D-01   0.1851155084085D-01  -0.7256858762896D-02
   0.1011370572134D-02   0.2639714469603D-02   0.8055069329733D-02
  -0.5346875706521D-02  -0.3557227468013D-02  -0.8377145360534D-02
   0.1828122163841D-01  -0.1568868425253D-01  -0.9141645571652D-02
   0.1055296810708D-01  -0.5374277499046D-01   0.1670480583857D-01
  -0.2093493654102D-01   0.4686159895142D-02  -0.1363328885000D-01
   0.7785439069792D-02   0.4688831205727D-01   0.1027033842470D-01
  -0.2028287943953D-01  -0.1048523245105D-01  -0.1846518131855D-01
   0.1303068689439D-01   0.1411252898667D-01  -0.6469061570999D-02
  -0.6752703536097D-02   0.2520348748417D-02  -0.5238991443465D-02
   0.6043831806276D-03  -0.3479768539762D-03  -0.3763824943962D-02
  -0.2611312827727D-02   0.9740472133679D-02  -0.4767791923024D-02
  -0.1972657684324D-02   0.1129705732151D-02   0.3233512965466D-02
   0.2035016614362D-02   0.4664462096890D-02   0.1383942404972D-02
  -0.1840283746184D-01   0.5112708980408D-02   0.3277531155543D-02
  -0.1250803803981D-02   0.1398105086056D-01   0.7649510321980D-02
   0.2145902014764D-02   0.2145668124324D-01   0.5209881373527D-02
  -0.5979735304249D-02  -0.3167819782366D-02  -0.4317027653040D-02
   0.1266967324944D-01  -0.1949285540094D-01   0.5011270467600D-02
   0.6041683630562D-02   0.1328096143185D-01   0.2709308608063D-02
   0.7945021266952D-02  -0.8736248799108D-02   0.7730038638672D-02
   0.2632971084149D-01  -0.1699940118882D-01   0.1127746764449D-01
  -0.2473945592353D-02   0.1585786749680D-01   0.5136345125939D-03
  -0.3438432511296D-01   0.1179824760663D-01   0.5986681352219D-02
   0.3832627714576D-01  -0.1718097082773D-01   0.7970248021534D-03
  -0.4472983073236D-02   0.1061171903252D-01  -0.6590880120319D-02
   0.3510665278096D-02  -0.8999826844562D-02  -0.9127118444218D-02
   0.7681398813469D-02   0.5390102552076D-02   0.7472860166370D-02
  -0.5738634036068D-02   0.5485114258274D-02   0.2397140146030D-02
   0.2520453464359D-02   0.2553300541621D-02   0.4107985307861D-02
  -0.1396269170535D-01  -0.5201988711013D-03  -0.6937104524882D-02
   0.4007134945030D-02  -0.5802679102242D-02   0.3522291748887D-02
  -0.5619717143520D-03   0.1118058835778D-02   0.1263830114172D-02
   0.1354013314012D-02  -0.1771776350071D-02   0.5703519406578D-02
  -0.1359392286756D-02   0.2334651201422D-02   0.1648942660360D-03
  -0.1048568574079D-03   0.2264992171246D-02   0.1773764940442D-03
  -0.3057207063097D-01   0.7221386729294D-02  -0.3041980478362D-02
   0.6438774784169D-02   0.1249769634049D-01   0.1920211855471D-02
   0.6647180425874D-02  -0.5355180459553D-02   0.1951911608845D-02
  -0.6191277312939D-02  -0.3025156528687D-03  -0.3449264886441D-02
  -0.4395943832652D-02  -0.4475465081258D-02   0.8234599047634D-03
  -0.1918049619333D-02   0.5457676256684D-02   0.3998206792645D-02
  -0.5492113453428D-02   0.1544834270426D-01   0.5790708181001D-02
   0.2416436693729D-01   0.4415784840878D-03  -0.4869823093438D-02
  -0.1664025762205D-01  -0.2488406435202D-01   0.5300668668216D-03
   0.1841699198141D-01  -0.9345469992297D-02  -0.8164503212383D-03
   0.1817589431723D-02  -0.1327061606502D-02  -0.3684131847255D-02
   0.1638600569364D-02  -0.4109516160894D-02   0.1482268830479D-03
   0.3872925445803D-02  -0.1109219028720D-02   0.1798645130248D-04
   0.2549418777790D-02  -0.1536168503320D-02  -0.2892747572324D-02
   0.1948960798129D-03  -0.2727779779015D-02   0.2047424304255D-02
  -0.1436777683806D-01   0.9258648472393D-02   0.8697665718151D-03
  -0.1261763338089D-03  -0.7220070281219D-02  -0.9528429947437D-02
   0.8149190615366D-02  -0.1108763053880D-01  -0.7341780266567D-03
  -0.2083235737673D-01   0.3027952308051D-02   0.5278443808903D-02
  -0.1077134105165D-01   0.2545158633724D-02   0.5545639380109D-02
  -0.1015765326207D-01   0.1795676752003D-01   0.6767083357556D-02
  -0.5181272894815D-02   0.4375873989380D-01   0.1398320246422D-01
  -0.3783720702890D-02  -0.5024766084962D-01  -0.4025610153913D-01
   0.1122464542784D-01   0.1168895809449D-01   0.2675727312670D-01
   0.9114361142524D-02  -0.5367132119434D-02  -0.2221517926454D-02
   0.2999117129476D-02   0.1644932766144D-02  -0.6400859708747D-03
   0.8828205657790D-02  -0.7897612946280D-03  -0.1779843510775D-02
   0.1707534743938D-02  -0.5461452527776D-02   0.1559963257609D-02
   0.9717532405223D-03  -0.3832772479568D-02  -0.1933873430012D-02
   0.9146627488148D-02  -0.1469057132593D-02  -0.2047061135802D-02
   0.1080236127541D-01   0.2607055583482D-02  -0.5097478105312D-02
  -0.1909151509348D-02   0.6799215920676D-02  -0.8792706937220D-02
   0.6458329790884D-02  -0.6998206100099D-02  -0.1184250861878D-01
  -0.1032695719409D-01   0.1159185145819D-01   0.4155659424936D-02
  -0.7648220142190D-02  -0.1795862440220D-02   0.3104844998820D-02
   0.3730359105465D-03  -0.1991899163495D-02   0.1675634324636D-02
  -0.9735449466172D-02  -0.9039949034625D-03   0.3184578785085D-02
   0.2254212281207D-02   0.1699057807133D-02   0.1453759940641D-02
   0.4046466775369D-02  -0.4859161478658D-02   0.8512433501982D-03
   0.2438233417608D-03  -0.8178398964159D-03   0.1095930202827D-02
   0.1470885208083D-02  -0.4812233789870D-03   0.5364088173702D-03
   0.9667728982491D-02  -0.6723844292357D-02   0.1564382365449D-01
  -0.4101471082111D-02   0.5661451354037D-02   0.7936292135891D-02
   0.7553599899222D-02  -0.6394318343996D-03  -0.6627880876615D-02
  -0.4966395765000D-02   0.7618861978715D-02   0.4739470247755D-03
  -0.1334048467283D-01  -0.5206782974123D-02   0.9089167564917D-02
  -0.1597498105614D-03  -0.2820935577433D-03  -0.1576831125150D-03
  -0.2899318533998D-03  -0.1083038062687D-02  -0.2110760223239D-02
   0.1357849732589D-02  -0.7141198049862D-03  -0.1015190748817D-01
   0.7652833111343D-02   0.3524331298291D-02  -0.4086333640044D-02
   0.1277661704599D-02   0.6978250551853D-02  -0.4535935339238D-03
   0.6826196982298D-02  -0.7465977253261D-02  -0.1041020230600D-01
   0.4338144936358D-02  -0.1314239295056D-01   0.1708101266099D-02
  -0.1172722676041D-01  -0.1662267207905D-03   0.2819840601795D-03
   0.8328157104612D-02   0.3665012138278D-02  -0.5477433124921D-03
   0.1600889870018D-01   0.1005475772878D-01  -0.3229916481814D-03
  -0.8917113239956D-02   0.8512260191741D-02   0.4218004669693D-02
  -0.3246967814539D-02   0.6474487767675D-02   0.6126388108823D-02
  -0.1207428996137D-01  -0.3706035184099D-02   0.1463684379206D-02
  -0.6331907964591D-02  -0.1804289682462D-02  -0.1047571669140D-01
  -0.3770880680971D-03  -0.4282716707103D-03  -0.2053759247192D-02
  -0.9329152549725D-02   0.7330139108889D-02  -0.6970812636602D-02
   0.5363619887006D-02  -0.9188560331783D-02   0.2474558057405D-02
   0.1629732416145D-01  -0.6086752182548D-02  -0.2057363701099D-03
  -0.1489536755611D-01   0.8528283444588D-03   0.3244591885757D-02
   0.3135959311790D-02   0.2639936243807D-02   0.5866886478722D-02
   0.4721239424663D-02   0.5104025686585D-03  -0.7591839366650D-03
   0.3134082520329D-02   0.2399052611863D-02   0.2494807445689D-02
   0.1650163154714D-02  -0.1828794839958D-02   0.3176171773761D-03
   0.1088998561744D-02  -0.3395862719360D-02  -0.1387440634751D-02
  -0.2559554002098D-02  -0.3813823715869D-02  -0.1855707815483D-02
   0.9091532876780D-02   0.5508269857760D-02   0.2372375903574D-02
   0.2416947029537D-02  -0.6245367433167D-03   0.7171931542792D-02
  -0.6243951486605D-02   0.1168213997285D-02   0.1618368391399D-02
   0.8568140148958D-02   0.2720693569767D-02   0.3248576683130D-02
  -0.1860669056423D-02  -0.5581141237295D-02   0.2394896337658D-03
  -0.1472520689180D-02  -0.6325654288993D-03  -0.5346583024224D-03
  -0.1416082920856D-02   0.1131973964506D-02  -0.3276775225856D-02
   0.2632715521540D-03  -0.1871209379952D-03  -0.2719322557401D-04
   0.1822124038985D-02   0.3436799140492D-03  -0.2203920587155D-02
   0.1543583585818D-02  -0.5545612366013D-03   0.3558427257763D-03
   0.4921117026246D-02  -0.8605608067568D-03  -0.6311039468501D-02
   0.3767187356395D-02  -0.6315897773290D-02   0.1779685018340D-02
  -0.2947400557636D-02  -0.2177777577060D-02   0.1454547937294D-03
   0.5929422814017D-02   0.3827738700483D-02  -0.7684962863818D-02
  -0.8675459206813D-02  -0.1058636986885D-02   0.8659550841076D-03
  -0.2817572168141D-02  -0.4031272334333D-02  -0.6774105388436D-02
  -0.6753462442356D-02  -0.7927756391692D-02  -0.2557489746018D-02
  -0.2815167881501D-04  -0.1875907813317D-02   0.3001164916430D-02
   0.6176721426459D-02   0.1121634063447D-01  -0.3383354629998D-02
  -0.9389077426879D-02   0.3673307024513D-03   0.5883852352677D-03
  -0.1044064501303D-03   0.3404237555721D-02   0.2334758810240D-02
   0.3706481316606D-02   0.2021167248109D-02  -0.3866953153166D-03
   0.1331252386669D-03   0.1020825576076D-02   0.1512176759968D-02
   0.3136187718573D-03   0.2988777087612D-02   0.8141266022326D-03
   0.1680234135349D-02   0.1994214750264D-03   0.3288059363241D-03
  -0.6520759848554D-02  -0.9283168958352D-03   0.6748833115971D-02
   0.6196470845074D-02  -0.1168169611741D-01  -0.5651400416721D-02
   0.2703246557273D-02  -0.4540198232117D-02   0.7797431242653D-03
  -0.8395736863679D-02  -0.9127264092604D-03   0.2072661057760D-02
  -0.4826955109708D-02   0.4909188802242D-02   0.3604960509023D-02
   0.6779021140537D-02   0.1186199945343D-01  -0.2249501748320D-02
   0.3563133921422D-02   0.1863981837867D-01   0.4463652118213D-02
   0.8405536540986D-03   0.5225368302063D-04  -0.8200574200720D-03
  -0.2357556044056D-02   0.7177794650430D-03   0.5018066736394D-02
   0.1471632945267D-03  -0.7842540734406D-03  -0.5113984320733D-03
  -0.2200324658484D-02  -0.1234966551409D-01  -0.2254930056139D-02
   0.6503410549567D-03  -0.3878404969731D-02   0.2945992577199D-02
  -0.1916400003150D-02  -0.1743689988708D-02   0.1081580874302D-02
   0.7385855823473D-03  -0.1731104148301D-01  -0.3605940335538D-02
   0.1417684756540D-02  -0.3027144021102D-02  -0.1582592342142D-02
  -0.3427920087118D-02  -0.3520578374923D-02  -0.1327369943838D-02
   0.5909917132599D-02   0.4899640600672D-02   0.2823853007362D-02
  -0.8639461465479D-03   0.3344092179687D-02  -0.8114840678275D-02
   0.4026116658295D-02  -0.2660365102543D-02  -0.4474717728407D-02
  -0.1092804423295D-01   0.8631243137940D-02   0.2398057014457D-02
  -0.4861158383027D-02  -0.2673212878985D-02   0.9343159896160D-03
   0.3885744047374D-02  -0.1706154512226D-04   0.8132772464650D-03
  -0.1071279326242D-01  -0.1105733677156D-01  -0.6669166736023D-02
  -0.1112947516874D-01   0.2317412192128D-02  -0.3117011818775D-02
   0.1090381872122D-01   0.2747564269717D-02   0.1000965834443D-01
  -0.5082065483938D-02   0.1037940314692D-02   0.4183419179667D-02
   0.7325504505207D-02   0.5458198768130D-02   0.3278463249123D-02
   0.3743063886815D-02  -0.2053164309264D-02   0.1522138242447D-02
   0.8365201460766D-03   0.4559543187798D-02   0.7523872103857D-02
   0.1110947832986D-02   0.2897361052537D-03  -0.3956534836558D-03
   0.9049856243096D-03   0.5300034115619D-03  -0.1112203299266D-02
   0.1772821851688D-01   0.5884474615057D-03  -0.1987241579468D-02
   0.3150397658591D-02   0.5065658974091D-02   0.6562943984437D-02
   0.1013594202654D-02  -0.1654301955465D-02  -0.2398247481645D-02
  -0.3354267899067D-02   0.2251520258231D-02   0.2568493576806D-03
  -0.1820696135582D-02  -0.1882137883524D-02   0.2667310747761D-02
  -0.6559051032693D-03  -0.4713815872729D-02  -0.2618990308218D-02
  -0.1447385246511D-02  -0.4220530492313D-02  -0.1594973833454D-01
  -0.7852541472680D-03  -0.1178157179846D-01   0.1731475412899D-02
  -0.4164380703020D-03   0.1514054226961D-01   0.9539756942752D-02
  -0.9098586507364D-02   0.2741653371344D-02   0.5977046735926D-03
  -0.9234859757028D-03   0.3549677704599D-02  -0.3153182531156D-02
   0.1974483458929D-02   0.2624422825469D-03  -0.1868298698678D-02
  -0.1030988871642D-02   0.1542424033639D-02  -0.1618399705167D-02
   0.2071534658141D-02  -0.2545569938157D-03   0.4271602214706D-03
   0.2317118120937D-02   0.2260019718641D-02  -0.1636226945601D-03
   0.5632491256547D-03  -0.7461838709222D-02   0.3991286159240D-03
   0.1311370815715D-01  -0.7670539633024D-02  -0.2012811808901D-02
   0.5512370413534D-02  -0.1117854762285D-01  -0.1016649849011D-01
  -0.1010711528485D-01   0.7773772820492D-02   0.1323901912646D-01
   0.1060843001476D-02   0.5698302831335D-02   0.2868290994723D-02
   0.1557978653836D-02  -0.1555301503084D-01  -0.4445196694154D-02
   0.1996189226949D-02  -0.6065009154278D-02   0.1041955139215D-02
   0.5816461665050D-02   0.1355400721852D-01  -0.4757559361768D-02
   0.5103585938667D-02   0.5767603373920D-02   0.2118004416372D-02
  -0.1505753778819D-01  -0.2040624001172D-01   0.9105178827231D-02
   0.7114546717468D-02   0.9746206968216D-02   0.7004280499204D-02
  -0.6882870462749D-02   0.6958313619135D-02   0.1187770919346D-02
  -0.4626536046892D-03   0.3099534140635D-02   0.3726070806211D-02
  -0.1371948089297D-02  -0.3563825567570D-03  -0.2533706096518D-02
  -0.1545034463609D-02  -0.8046820763847D-03   0.5878364416325D-03
   0.2275149379330D-02   0.3923243216074D-02   0.7211257069533D-02
  -0.5622940301887D-02   0.6203028426244D-02   0.3733002440307D-02
  -0.2562235540872D-02   0.2281485154687D-02   0.3611192974915D-03
  -0.1272465228546D-02  -0.6852933420503D-03   0.5122781249044D-03
  -0.5136570119340D-02  -0.8723137399894D-02   0.3158250279645D-03
   0.4700460760924D-02   0.4741184673742D-02   0.9063034957003D-03
   0.4813792654287D-02   0.6338804865200D-02  -0.8157097893903D-02
  -0.6153502191059D-02  -0.9332535723491D-02  -0.2259383578803D-03
  -0.1214756506142D-02  -0.2032377936834D-03  -0.5934071207342D-02
  -0.7862409722079D-02   0.1987154212751D-02   0.5403957410509D-02
   0.6747278287292D-02  -0.4676404888487D-02  -0.1916279713115D-02
   0.1746160999859D-01   0.1905893342717D-02   0.9741062614605D-02
  -0.2311143237867D-01  -0.3502114873444D-03  -0.1145172192273D-01
  -0.6021597655285D-02   0.5784142741965D-02   0.1170821798919D-02
   0.6635186653488D-02   0.4956003663198D-03  -0.3145180397028D-02
  -0.5682526713573D-02  -0.1634368398947D-02   0.1040181744810D-01
   0.3568419934539D-02   0.5214063498158D-04  -0.1928944952424D-02
  -0.2166084640755D-02   0.4945618386862D-03   0.3170918720388D-02
   0.1482675853565D-02  -0.7477722508483D-03   0.5805937842436D-03
  -0.2943122712006D-03  -0.3885516566725D-02  -0.2429925739973D-02
  -0.2327294488030D-03  -0.3972578426722D-02  -0.3253988517338D-02
   0.4732129870426D-02   0.9524946562284D-03  -0.6888618636909D-02
   0.1526579635766D-02  -0.9955684670673D-04  -0.2323055838728D-02
   0.3258461762992D-02  -0.6620847712845D-02  -0.3238240533623D-03
   0.2826683425743D-02   0.7873702675826D-02  -0.9386246840276D-02
  -0.2603616563777D-02  -0.5350798546473D-02  -0.1821060655344D-01
  -0.1339657602194D-01   0.3406241386565D-02  -0.1546303138836D-02
  -0.1721587214518D-02   0.4125459027505D-02  -0.2472249247052D-02
   0.1548637291454D-02  -0.2544224703936D-03  -0.3547395179161D-02
   0.1578384167532D-02  -0.3952160990185D-03   0.8277491006963D-03
   0.1526206066050D-02   0.5630744466896D-03  -0.7823089372318D-02
  -0.1731056089315D-02   0.2831248235085D-02  -0.1478542889750D-02
  -0.2371446509085D-02   0.4756231912349D-03  -0.7529690098062D-02
   0.6624762565705D-02  -0.2338744817593D-02   0.2675098508000D-02
  -0.2696640461949D-02   0.1388889116229D-03  -0.1541130901226D-02
   0.6294322919218D-03   0.3502854413183D-03   0.3409120389699D-02
   0.1230175875681D-02  -0.9340181909998D-03  -0.8840753031349D-03
   0.1618941271564D-02  -0.5212566292659D-03   0.4949605562753D-03
   0.4685995506119D-04  -0.8585400705236D-03  -0.9517890094351D-03
   0.1385266583977D-02  -0.1486127090011D-03   0.2608569347631D-02
  -0.1144783337142D-03   0.2456012750587D-02  -0.2328947971649D-03
   0.1127013934757D-02   0.2276889355878D-03   0.3451256538134D-05
  -0.1429483331444D-02   0.2592072147380D-02   0.3132395716758D-02
   0.2497680641053D-02   0.1366145208289D-02   0.3935358683916D-02
   0.7095339254663D-03  -0.4994946930658D-03   0.3092210563018D-03
  -0.1418262708597D-02   0.2231402687271D-02   0.1034871624954D-02
  -0.4803944083298D-02   0.1023866060522D-02  -0.1583843050627D-02
   0.1232178646170D-01  -0.2725505266932D-02   0.2450759627450D-01
   0.2609475205381D-02  -0.3542355167629D-02   0.5108315987843D-02
   0.3204997015598D-02   0.8490866060541D-01   0.7154420002917D-02
  -0.4114943618353D-03  -0.1673252834753D-02   0.5614551860163D-02
   0.6041766959407D-02   0.1010284224442D-02  -0.2851244072441D-02
   0.1015095453672D-01  -0.1933828292328D-03  -0.9744822416558D-03
  -0.1185053484294D-01   0.1917539846921D-02   0.5720997100327D-02
  -0.8066200647352D-02  -0.9997021256391D-03   0.2711989953568D-02
  -0.5294057402906D-02   0.1762632337301D-02   0.3949305703969D-01
  -0.5608332449538D-02   0.1875000561442D-02  -0.1340279979977D-02
  -0.1795057321933D-02  -0.1251564645891D-03  -0.2396138451346D-02
  -0.2347472441587D-02   0.1326891111503D-02  -0.1569105617839D-02
  -0.6283250325615D-02  -0.2797777631376D-02   0.3535339215611D-02
  -0.1829112859529D-02  -0.1132018052588D-02  -0.2710381642959D-02
  -0.3477753635286D-02   0.3091131220723D-02   0.1744575307537D-03
   0.2193062694587D-02  -0.1240206442640D-02  -0.9570444359433D-03
   0.3801954158167D-02  -0.3101925020490D-02  -0.1353681795671D-02
   0.1382336898103D-02  -0.1845073704232D-03   0.2856674448252D-03
   0.5199541222743D-02   0.3385418963534D-02  -0.6981604032218D-02
   0.6780727105595D-02   0.7521790127925D-02  -0.5369896908439D-02
   0.2934176698921D-02  -0.4001052438996D-02  -0.3549435644935D-02
   0.5637550953269D-03  -0.7268418699166D-02  -0.2749931301547D-01
  -0.7926975904321D-01  -0.1133169207726D+00  -0.1863946925030D-01
  -0.3749443595124D-02  -0.7676089473930D-01  -0.1051242391370D-01
$end                                                                            
