$grad                                                                           
  cycle =      1    SCF energy =  -476.09235721788   |dE/dxyz| =  0.785221
    4.79193595922848     79.20871897783364    137.94356677968364      n 
    2.82994574577902     80.06824494839404    139.66189047106826      c 
    0.44264559988840     80.85482241999591    138.21519121475478      c 
   -1.61329037003593     80.88088446128619    139.25788347329967      o 
    3.71635092823150     82.26531140038028    141.32819640341310      c 
    4.49061723797429     81.50223242245897    144.02963856969214      c 
    2.25810432387061     80.59498309942495    145.64492879342549      c 
    2.92431888135178     80.81371649208812    148.29234402192566      n 
    1.32836112761157     80.30781781609437    150.21628003251689      c 
   -1.00675600459476     79.57165148574222    149.96698704248934      n 
    2.13960055218548     80.53804991166854    152.70212081089804      n 
    6.30896937332492     80.32830343749087    137.72987894736823      h 
    2.21680693611060     78.44567483058512    140.82897296267041      h 
    5.31265309529741     83.14684804558685    140.40720159592649      h 
    2.18799563401496     83.64261657180811    141.45351534833526      h 
    5.92694321048490     80.04311189770324    143.94259986568585      h 
    5.28059829668418     83.18387114725981    144.91049223827193      h 
    0.58116424768517     81.74102815264587    145.22838063355178      h 
    1.80171568540190     78.61917456222515    145.22522309915584      h 
    4.65854512909342     81.41108756392896    148.70983350380553      h 
   -1.84448826240190     79.40834055340927    148.14100913765645      h 
   -2.11095970790582     79.31586401199478    151.38463990459454      h 
    4.03466102757326     81.20242021605389    152.94526925609011      h 
    1.09365754700041     80.39341465825648    154.04042217176908      h 
    4.16767777814187     71.26873047511529    150.67229772912012      n 
    6.37200717808622     72.59277559621516    151.55286479638224      c 
    8.74283734112082     71.61699788309120    150.28845433191896      c 
    9.31969439408640     69.36854303244247    150.31926789503390      o 
    6.64957683083359     72.22002384002668    154.50844327551039      c 
    4.51337946437835     73.65599773051473    155.88379152819229      c 
    9.23304657101101     73.13237318266474    155.39237388261921      c 
    3.98127015435244     72.56946783295261    158.46769708528294      c 
    3.80980511596436     69.52198039972467    151.45409054482047      h 
    6.07511178541572     74.58894697667093    151.19425691137977      h 
    6.45650958414199     70.20519579885199    154.89267361507561      h 
    5.00678696737649     75.63442692114170    155.99175677503604      h 
    2.77826494112767     73.47720590091116    154.72175230470032      h 
    9.37622898988517     72.93718791015321    157.41505688471949      h 
   10.73705658478220     72.05624417836852    154.52247220354860      h 
    9.47899805539641     75.12806228143666    154.91265395455582      h 
    2.33868659926921     73.52259270135683    159.29738621534872      h 
    3.60097626700739     70.56628896090508    158.36603339682435      h 
    5.56232590644579     72.88775620743795    159.72431202674886      h 
   10.13257227228547     73.28245062949229    149.19778914536124      n 
   12.41945380986326     72.45510021103325    147.79520877106472      c 
   14.73259788581996     72.36407971952536    149.50540942896907      c 
   15.57946188371738     74.35106026286920    150.54515982224939      o 
   12.71927889928604     74.47937304108646    145.70842060484608      c 
   11.81345972368503     76.87796705644531    147.07039551680660      c 
    9.62184895397811     75.94412662120062    148.82568821570302      c 
   12.11005098064872     70.57464298768242    147.04735643818105      h 
   14.62744701010017     74.65621427251051    145.04993638332078      h 
   11.44645496350316     74.04006441357666    144.14613407178533      h 
   13.30426966192765     77.67640569872562    148.20952187231174      h 
   11.15244972941581     78.32370524500618    145.74165777985246      h 
    9.64734302018193     76.98042640248752    150.57584232644464      h 
    7.81433801841750     76.19753739436953    147.85165706950445      h 
   -1.90564364500470     66.69887610117638    157.28887535870305      n 
   -1.99149363655574     68.52445720834640    159.30965726966423      c 
   -1.72318939668723     67.21063854916972    161.85941050565930      c 
   -0.26968521247493     68.09291203707431    163.52977369114464      o 
   -4.43613326487234     70.07118797451727    159.01104894813508      c 
   -4.44563307652336     72.54580494237413    160.47379684493623      c 
   -6.44393545822434     74.25462791938565    159.55104082949444      c 
   -8.85870780426204     73.57525882555876    159.69544841382643      o 
   -5.69074778836868     76.43409863643801    158.58892404522447      n 
   -3.38582347812905     66.69367064431303    156.07505191757485      h 
   -0.35862784447691     69.79235093492113    159.12958195293578      h 
   -4.59849687078390     70.51850917838004    157.00034368332459      h 
   -6.05835172622497     68.92062872524039    159.54470920273485      h 
   -4.77340845882153     72.15141110428668    162.48985552818354      h 
   -2.60844066693266     73.47620251463565    160.28242005259261      h 
   -4.04403818183722     76.96352861477834    158.51056207989740      h 
   -7.17697354039741     77.71404513602872    157.93285006993688      h 
   -3.06108612679237     65.12982518126346    162.22849169954884      n 
   -3.04736994669801     63.84541132096265    164.61629720388970      c 
   -1.83366609328602     61.28894450075197    164.43580284780188      c 
   -2.95786824324235     59.20589334488788    164.69789656569901      o 
   -5.74614442672763     63.64369291700100    165.78346672738735      c 
   -7.92737028495896     63.91181997181814    163.86214458913071      c 
   -7.80328524642196     61.93832509771868    161.70428192360345      c 
   -6.35563698976785     62.43574853972372    159.88434801903620      o 
   -9.17514536924735     60.07287016074727    161.84963247116855      o 
   -4.28063221424141     64.32944341221315    160.91372088853555      h 
   -1.89936381771205     65.01559627864584    165.90880915139854      h 
   -5.88052203395891     61.80736916794196    166.68585964767271      h 
   -5.98057556214717     65.12525884313321    167.21269400313992      h 
   -9.68880321520241     63.62635034770769    164.90227289112917      h 
   -7.91632021262592     65.79835152572505    163.03672572494895      h 
    8.65744241353077     62.94766171150288    178.13442287183696      n 
    7.60134408024260     65.17169897077589    176.85285427023075      c 
    6.61067575409420     64.52762450034228    174.30068269656940      c 
    7.42120455553967     62.69904359760282    173.13814379816699      o 
    9.65233352147445     67.17931006389051    176.43007449450872      c 
   10.58111852406508     62.86934266336388    178.21027303195154      h 
    6.04591238444373     65.91847543108712    178.02379750463956      h 
    9.04937061127684     68.57003787332056    175.10757075162300      h 
    9.99069152612491     68.23189811803327    178.27032406456769      h 
   11.40134891227185     66.32395635519184    175.90545213205118      h 
    4.87273884274619     66.10572539965153    173.45114682781343      n 
    3.92432874572124     66.10720526369558    170.92262116667675      c 
    5.58801635845048     67.79430625099045    169.14677742161484      c 
    6.76506451108651     69.61521326993530    169.86876799751374      o 
    1.21251446216718     67.23748370517660    170.79029813469310      c 
    1.26010646942765     69.86199102074039    171.32760733917405      o 
   -0.58623179480539     65.78172935681326    172.49785925494987      c 
    4.31529658946418     67.57984872819365    174.56154065690578      h 
    3.93034082775968     64.16128015308142    170.18959293356636      h 
    0.57731767253188     67.11452147811492    168.80229131293359      h 
    1.61543802090060     70.00607546099015    173.16930533126086      h 
   -2.49462422799498     66.48571230158304    172.23085680590282      h 
   -0.52160581276678     63.78959761177191    172.07985826034928      h 
   -0.04109049942925     66.10086094893799    174.46132853724666      h 
    5.45342893400219     67.08864760912063    166.72149097412085      n 
    6.77627494745334     68.45433489375564    164.85657522245003      c 
    5.84376983772886     71.18075123806341    164.67029454156818      c 
    7.19743384721407     72.88019277151101    164.08524066283576      o 
    6.57282616736025     67.11694750791068    162.29791052321485      c 
    8.18634557029151     64.75044461906772    162.32946532944368      c 
   11.51839547810501     65.61048673104359    162.34272027354314      s 
   12.75301275058569     62.49173064333868    162.55192515377553      c 
    4.85109141537941     65.28475509548539    166.32014337879900      h 
    8.80162330123558     68.59629202452879    165.30314887132531      h 
    4.58040478988080     66.64226849959502    161.90936727061933      h 
    7.20754496423372     68.37503372272650    160.79333286090187      h 
    7.82535991455869     63.62160607751739    163.99811101595711      h 
    7.82020125108929     63.64307061852960    160.62960513741655      h 
   14.74394076211816     62.63604774778115    163.08370871397611      h 
   11.73866145419779     61.49996260969340    164.07503311102221      h 
   12.56189511223517     61.51627194959210    160.78715137362479      h 
    3.39935638655372     71.51287596390669    165.15649986452556      n 
    2.32598843514175     74.01228226757136    165.23155687302210      c 
    3.77429990963708     75.49444044874491    167.19887097019250      c 
    4.72307250976733     77.69556745446697    166.63037876117352      o 
   -0.47265101981140     73.83632244155767    165.97977690292288      c 
    2.19136707045953     70.03198229323007    165.20086490318954      h 
    2.56078655760831     74.96543663875504    163.40168969959140      h 
   -1.35724109157676     75.68910891163388    165.78656468458226      h 
   -1.39652070423434     72.50831877091619    164.72426104572219      h 
   -0.64946975650465     73.17815032036714    167.89071794997392      h 
    3.94933124356100     74.49506750479036    169.46678010691542      n 
    5.42495620144373     75.69275019981018    171.37679572247683      c 
    8.14276087657282     76.18314966746682    170.36993745555131      c 
    9.07004152143650     78.26806380531167    170.46274794668992      o 
    5.36925058155371     74.13683653507711    173.79631114156342      c 
    2.79945031424820     74.37102339507182    175.08836627654787      c 
    2.22755786728251     72.26693400279521    177.13734521585454      c 
    2.49831877242798     69.97306573982412    176.54479543603216      o 
    1.39498235865237     73.03610755741849    179.31229567971232      o 
    3.25736934085187     72.75489112098279    169.80670760928012      h 
    4.67876491121331     77.58987508722502    171.79811088651090      h 
    5.78700066344499     72.15306082502488    173.33894437300654      h 
    6.86448893665612     74.77628428874665    175.09480945231851      h 
    2.65117722991347     76.17124919256736    176.02627549207236      h 
    1.30496203616157     74.17584933619409    173.69478931577675      h 
    9.38340524666536     74.12819813761462    169.37104993400510      n 
   11.98513104058931     74.54031515129732    168.71897339655146      c 
   12.25409558679827     76.81089141774535    166.90564824025131      c 
   14.02724018242961     78.21632663296984    166.89628052233385      o 
   13.17195775343786     72.19917860113642    167.58924140145405      c 
   12.77004867707278     69.84854164954103    169.10849996539912      c 
   16.01619579401428     72.68032553326272    167.22372816057896      c 
   13.64168416137156     70.09074151712416    171.84948644259583      c 
    8.59716217832187     72.46705284482557    169.44050697926815      h 
   13.04522101535504     75.15610756781197    170.42013439088447      h 
   12.33763513118459     71.91508731195290    165.69389134143822      h 
   10.81329438948303     69.29706480395625    169.10857148358946      h 
   13.87599300525499     68.31331419588967    168.22572803922074      h 
   16.91265145047994     71.02267266983468    166.37209875987492      h 
   16.35852465807015     74.28728448440889    165.94476289967562      h 
   16.91857871613758     73.10360662417732    168.99288594865169      h 
   13.46968696273910     68.25238512270917    172.80471673140303      h 
   15.59854887264052     70.67676912779662    171.99270779965110      h 
   12.46683488326766     71.42321279886441    172.87846442040993      h 
   10.38802208847750     76.93543527248318    165.15547328583244      n 
   10.48194000002948     78.78380115048785    163.09216583267391      c 
   10.06061203763745     81.42258812840899    164.18086364860048      c 
   11.51169626374346     83.26442109247098    163.67724106549855      o 
    8.43390268867562     78.12392222012716    161.12181281051269      c 
    8.75678322420733     79.54860723607058    158.64726113363224      c 
   10.86782162086859     79.06516284240936    157.13792044654377      c 
    6.97705273805605     81.28709932717064    157.84687426043214      c 
   11.14701576235532     80.26158915823406    154.85646240788958      c 
    7.25620705659196     82.51348349794925    155.61028073541937      c 
    9.34849116777996     82.00628922395494    154.04469574864197      c 
    9.53867699832756     83.20211146242376    151.78828884143661      o 
    9.03820860367281     75.59982045921626    165.04739013974259      h 
   12.37508720518338     78.74284795911298    162.22896568892625      h 
    8.60070346598038     76.09583702897589    160.77514115553643      h 
    6.59162289853498     78.47240303693323    161.95721100902938      h 
   12.25090237758894     77.71481435955884    157.76351083113437      h 
    5.39262376240430     81.71501798792337    159.07561430833215      h 
   12.75243686888586     79.85934807686181    153.68255449034226      h 
    5.97439384262279     84.00233716222047    155.03509344316876      h 
   11.14843465344675     82.82662152564909    151.02457322826004      h 
    7.99593805542589     81.63219242622029    165.57994335565365      n 
    7.39858176426553     83.91952579160336    166.94975653526762      c 
    9.79103191168872     85.08427731758542    168.09476977071918      c 
   10.28102987361929     87.30268035705087    167.73568661378232      o 
    5.43338990265757     83.29911661358993    169.00375776521463      c 
    4.89148676626807     85.54869476987730    170.66302221017585      c 
    2.40800067032359     85.26715493953766    172.05000897317470      c 
    1.87718990211333     82.76426284096185    173.08518550683755      n 
    2.74188932891788     82.00219472242628    175.43227022793837      c 
    1.18598109128877     80.26428449911094    176.61129109081523      n 
    4.69718724175714     82.87400457325019    176.49989324031046      n 
    7.01404193747857     80.05874254252726    166.03992027284013      h 
    6.60048653904743     85.28913619644202    165.62952522884299      h 
    3.74044266773671     82.63117997908680    168.04420980032288      h 
    6.18323699226985     81.76482163009045    170.16338946405219      h 
    6.45015903782411     85.81752011679413    171.97853278634841      h 
    4.74073157508696     87.26740840394389    169.50640847057565      h 
    2.32618524802067     86.67916027381827    173.59299934505881      h 
    0.83969788308742     85.64644950843126    170.76371984635168      h 
    0.38608927734347     81.90449550609942    172.42885945231285      h 
   -0.44936874687321     79.75662586219219    175.95101833854312      h 
    1.77379020614000     79.55185306337616    178.29194500818122      h 
    6.28919180767518     83.53100240569673    175.52734031560615      h 
    5.20120590329222     82.13701701977897    178.22051209740192      h 
   11.22249263639938     83.48139770405101    169.39387544903195      n 
   13.16069625686486     84.21832992521259    171.09248019841218      c 
   15.82807077140843     84.55353727425855    169.99938018292775      c 
   17.31976166511766     85.81154187143265    170.99006131499300      o 
   13.29110377154151     82.38635078083287    173.29755483219367      c 
   10.78801279008097     82.27003296097796    174.88942987213775      c 
    9.10624918047310     83.81951280257206    174.38597397250214      o 
   10.63988685473748     80.58256333973988    176.54705719535266      o 
   10.58689499847367     81.66761537504466    169.64164108639136      h 
   12.64159804731594     86.13786440445305    171.85381643780386      h 
   13.67454535007797     80.50100093227741    172.64070558171758      h 
   14.87238863268614     82.92191476538504    174.56594861219094      h 
   16.19607293574936     83.30437209830220    167.74849495781433      n 
   18.74710504359163     83.17639725448521    166.77180073969922      c 
   18.92427710177871     83.49493291378394    163.90933892737570      c 
   20.90512649164101     83.11490830955208    162.79590012465766      o 
   20.07045347564633     80.66711178934636    167.42313768093513      c 
   19.91590260719064     79.99339244774049    170.17115180686338      c 
   18.03132137745299     78.23975503539211    171.00668340907166      c 
   21.55344702604946     80.92409055502499    171.97780146221703      c 
   17.85462403032965     77.56786379010316    173.46709951179687      c 
   21.40701764754593     80.25639524816316    174.45777683398566      c 
   19.44813176231345     78.55746672806765    175.25681115719146      c 
   19.09302603479220     77.91797409208401    177.78508724940298      o 
   15.03009308733334     81.88108687833639    167.31151154076426      h 
   19.81524874783924     84.73211405437189    167.62996321421673      h 
   19.15477812538657     79.18267380423717    166.31696693051398      h 
   22.03456715279111     80.82400508782257    166.83924824415169      h 
   16.76776655784491     77.52533897696209    169.60707100735962      h 
   23.03179392459155     82.22757885627965    171.37306233189236      h 
   16.39677157858220     76.27784956367928    174.11788349994481      h 
   22.60950046096085     81.08082222051642    175.87100635238937      h 
   20.28204969181783     78.86023233745910    178.81767853743378      h 
   16.78870383961699     84.17767186859088    162.65018198665604      n 
   16.98717647882300     84.62477280845364    159.89020686773276      c 
   19.14021157560701     86.55202228228779    159.44804878350217      c 
   19.61059472566905     88.22323799363564    160.73935182532219      o 
   14.51215877303571     85.53070635008012    158.75898997058189      c 
   14.18439067109573     88.37331543309325    158.64152549884705      c 
   11.61592488857137     89.24385056890011    159.58198909794424      c 
   11.54272619840089     89.06198768405129    162.49454285412796      c 
    9.18493007182508     90.05825345877486    163.67490546381379      n 
   15.15515613048074     84.42448294641385    163.56194650030881      h 
   17.55913226770176     82.81278841384834    159.06888028162814      h 
   14.37758676780631     84.74301562448093    156.85164240674288      h 
   12.97591520032437     84.65596121269459    159.85610317741168      h 
   15.60625773204994     89.30449482957752    159.78064599317818      h 
   14.46030795711063     89.03212727583949    156.71017116721910      h 
   11.31316351084323     91.24574160575230    159.00292434996169      h 
   10.11987816275401     88.13022927100080    158.72964129826744      h 
   11.69593710886216     87.08031419037168    163.00247704861695      h 
   13.07256644361475     90.13769335968821    163.26015083660246      h 
    9.13119768374023     89.42977872745325    165.45744699932874      h 
    9.01150381254100     91.92026248009978    163.45359465578701      h 
    7.52987316083839     89.22745830442526    162.56797204588875      h 
   17.24040248328131     87.59091803188974    147.58880850001000      n 
   15.31938094240860     86.20837717780995    148.91438752715865      c 
   15.94545003502229     83.46538156760555    149.41891958263665      c 
   14.24403664303338     82.09634339653975    150.36273766506901      o 
   17.12358954332240     87.85652350537512    145.72086482533282      h 
   15.06546713590830     87.08069925415919    150.76322739208408      h 
   13.54259743984464     86.33034398549174    147.86433076016911      h 
   19.18344935475875     77.92848435153847    153.77033349297741      n 
   20.19268585010626     77.44064646201917    156.26649581937821      c 
   22.27867607916486     75.51598561321400    155.96873573970282      c 
   21.93643691246294     73.49918240817831    155.02943780388446      o 
   18.23349338197186     76.58403334924105    158.09105723798487      c 
   16.69861367361100     74.43376752848374    157.20001659066003      c 
   19.57779975768422     75.98378911217766    160.53094499790109      c 
   18.45929356714989     76.39979452423938    152.78892760716892      h 
   20.99140517659432     79.28616359421795    156.85550884329385      h 
   16.94607822565921     78.22820077245950    158.46476206441676      h 
   15.32953174518497     73.80628086153968    158.64878760965655      h 
   15.62112345133651     74.88523829009584    155.49957619380697      h 
   17.91391229094009     72.80874424346958    156.79175721080682      h 
   18.20306201536325     75.46267979466843    162.05692029963646      h 
   20.86471204563854     74.41262210303594    160.35425637469760      h 
   20.62118522666677     77.61404478869709    161.29225427014759      h 
    5.40264581607305     77.71505484835082    138.48074730025249      h 
    0.56139242283389     81.35380719420937    136.39640657914893      h 
    2.78103739151603     72.20116815828406    150.98907900653177      h 
   15.60844072211266     70.72005003087246    149.82341866258577      h 
   -0.52532414582592     66.97349323325042    156.33395887873189      h 
    0.01674289197537     61.14445468140487    164.08059383485227      h 
    8.11258121635839     62.90851169436117    179.74506110693420      h 
   20.25586018511075     86.39086361723102    157.93133515582284      h 
   17.33484692917455     89.17073408634378    148.21156322968227      h 
   17.66348543737499     82.79657964478672    149.00404308605403      h 
   17.90500030311204     79.04447621388721    153.88299296874550      h 
   24.02500326072213     75.91452415925809    156.57087572810670      h 
   0.4805169150319D-01  -0.9949559488981D-01   0.4153356056213D-01
   0.2246046608261D-02   0.3095037390671D-02   0.7381468414895D-02
   0.1401282656761D-01   0.2063806123302D-01  -0.8226646082363D-01
  -0.8913455888901D-02  -0.2819750215516D-03   0.2700909763557D-02
   0.8171702237624D-02  -0.1001320069324D-02  -0.1502099906115D-01
   0.6517757866310D-02  -0.1392570003365D-02   0.3885938692406D-02
   0.3069128586626D-03   0.9398136984579D-03   0.3869435091091D-02
   0.2870856963194D-01   0.9618850936326D-02  -0.2204813332985D-01
  -0.3879491421389D-01  -0.1343987169558D-01  -0.3645256745081D-01
   0.1154122197835D-01   0.2668776197823D-02   0.8535460629007D-01
  -0.1136877404126D+00  -0.2438703493027D-01   0.1406185458293D+00
   0.1612451335077D-02  -0.1456509538779D-01   0.6687531053584D-03
  -0.1981098680861D-02  -0.6209344992290D-02   0.2389766289839D-02
  -0.3052691376312D-02  -0.4134458842547D-02   0.2410864430134D-02
  -0.5831102359555D-03  -0.2707618772452D-02  -0.5277084595332D-03
  -0.2955659533393D-02   0.1878673237680D-02  -0.4335581766597D-03
  -0.1632988494725D-02  -0.9249033501653D-03  -0.4733544407841D-03
  -0.2012262685102D-02  -0.7587117668268D-03   0.8561726995119D-04
  -0.4606035128004D-03  -0.6920613766896D-03   0.1241681624377D-02
  -0.1169856751462D-01  -0.3644273672839D-02  -0.3238260885765D-02
  -0.1552243985667D-01  -0.2322495850902D-02  -0.3282113090850D-01
   0.2633184958949D-01   0.6674236522867D-02  -0.3530300174407D-01
   0.3527630304769D-01   0.1318600576816D-01  -0.1510333388966D-02
   0.7574282607391D-01   0.1076141263507D-01  -0.9683707445778D-01
  -0.8705694551926D-01   0.8268065790905D-01   0.3233753735485D-01
   0.5454074279382D-02   0.9899078830593D-02  -0.3188512212796D-01
   0.2719803663418D-01   0.3321109734204D-01  -0.2052336133314D-01
   0.4636320206439D-03   0.1079215761765D-01  -0.3222121147166D-02
  -0.1048897854198D-02  -0.1230220106358D-01   0.7854624504193D-02
   0.5072585512788D-02   0.8747995826896D-02   0.1930928660992D-01
   0.4376084186713D-02  -0.7137368722062D-02   0.2870459945084D-02
   0.5808667804610D-02  -0.1105572054748D-01  -0.5843322368494D-02
  -0.1620695884904D-01  -0.8421604389552D-02   0.5951066183467D-02
  -0.1011794203723D-02  -0.1296295379490D-02   0.1597396182857D-02
  -0.1735280787226D-02   0.2945372106138D-02   0.9972112161917D-03
  -0.1924728389889D-02  -0.5092374099518D-02  -0.2514313220280D-02
  -0.6218489599707D-02  -0.1069667337471D-02  -0.6436224266118D-02
  -0.2453889523168D-02   0.1283590910181D-02  -0.5846954314057D-02
  -0.2930475085829D-02   0.2724988860185D-02   0.3038510400057D-03
  -0.5219342913890D-04   0.4032051099948D-02  -0.1191343509547D-02
  -0.3215614090897D-02   0.3731522281962D-02   0.1186731578886D-02
   0.1597881633239D-03   0.4205488044926D-02  -0.5932348404289D-03
  -0.2108327078218D-02   0.1895205620634D-02  -0.2138454908529D-02
  -0.4518922110838D-01  -0.3290237654074D-01   0.3349643581424D-01
  -0.2161555606374D-02  -0.7776309395670D-02  -0.8650989510249D-04
   0.1402045440338D-01  -0.1304795348634D+00  -0.1806422485080D-01
   0.2615050700236D-01   0.6052983902463D-01   0.2851493088958D-01
   0.1540530111385D-01  -0.4608572167347D-02  -0.1446044994329D-01
   0.1504208835649D-01   0.2588094942248D-02   0.3163008634464D-03
  -0.1279084362391D-01  -0.7623770294307D-02   0.2227151664864D-01
   0.3075654245333D-02   0.5285737406587D-02   0.1139236129716D-02
  -0.7984243482923D-02   0.1220756854880D-02   0.3018349065035D-02
  -0.2654650629449D-02   0.1923236847115D-02  -0.9544457188866D-03
  -0.4917511490289D-02  -0.4148866190857D-03  -0.2798048028634D-02
  -0.1822012866386D-02   0.4499163062875D-02  -0.3274345020090D-02
  -0.3566107401060D-04  -0.2909045104282D-02  -0.8222564929293D-02
  -0.5812320250091D-03   0.1961064500363D-02  -0.1064306959450D-02
   0.9522620871925D-01   0.2986758356550D-01  -0.5781773703551D-01
   0.8883801777385D-02  -0.4253446073252D-02   0.3646282085715D-02
  -0.1531012235013D-01  -0.1095333311822D-01  -0.2384419183581D-01
   0.1820742544817D-01   0.1124507203239D-01   0.2169388961320D-01
  -0.1913321777985D-02  -0.1079741335780D-03  -0.2142773958311D-02
  -0.1530337665460D-01   0.5402955981277D-02  -0.1545259763360D-01
   0.1023682377918D+00   0.2555234327601D-01  -0.7021212408632D-02
  -0.9378762576492D-01  -0.3225118682228D-01   0.8723532711183D-02
   0.1420171261542D+00  -0.6374335666157D-02   0.1649500117154D-01
   0.6998571959354D-02   0.1250216336626D-02  -0.1071477176095D-01
   0.1131859861733D-02  -0.1241159373403D-02  -0.4424316847864D-02
   0.1345458371497D-02   0.8424660025379D-03  -0.1379644879908D-03
   0.4728895452692D-03   0.8990894522059D-03   0.1125884020465D-02
   0.1002012443713D-03  -0.5816405918834D-03   0.4978225843750D-02
   0.8639858222118D-04   0.2012440110114D-02  -0.5858068518085D-03
  -0.9858437118946D-01  -0.2876511480670D-01   0.2078539307591D-02
  -0.3472880428346D-01   0.2989636058907D-01  -0.1539832549955D-01
  -0.8436252415319D-02  -0.5731724297266D-02   0.6381802857508D-03
   0.1391915500475D-01  -0.1957823189721D-02  -0.1626260877960D-01
   0.9518938165167D-01   0.5945747535400D-01  -0.1486099092418D-01
  -0.2246891290696D-01  -0.5600078143220D-01   0.2916411724194D-02
  -0.4304914750190D-03  -0.6408145543670D-02   0.8335570922814D-02
  -0.5688641898362D-02   0.9839715616788D-03  -0.9804767445886D-02
  -0.4786136160499D-02  -0.9054626113921D-02   0.2393755929657D-02
  -0.3820144035809D-03   0.5105749390505D-03   0.3956153035444D-02
   0.1037573320778D-01   0.1356450640634D-01  -0.2379128592905D-02
   0.1047871784981D-02   0.8826186477921D-03   0.5454743026937D-02
  -0.3140269239998D-02   0.2439417710760D-02   0.1707291351966D-02
   0.1835577009348D-02   0.2335827805826D-02  -0.1813682264500D-02
  -0.7041967599776D-03   0.2826065140651D-02   0.1727944922586D-02
   0.3642640808820D-04  -0.2690384983260D-03   0.2667424201075D-02
   0.3976307895417D-03  -0.1200473684219D-02   0.3925156996270D-03
  -0.4069013283954D-01  -0.2649456076539D-02   0.1172740299720D+00
  -0.1647016382050D-01  -0.1931665662105D-02  -0.2318290550671D-01
  -0.1026502540778D-01   0.2438418454544D-01   0.4571901926200D-02
   0.3215116419925D-02  -0.2840753786487D-03   0.1157035887099D-01
   0.6326719726865D-02  -0.1681536761314D-01  -0.4259960016472D-01
   0.5335647197724D-02  -0.4599707557536D-02   0.1014598287198D-01
  -0.3362126950518D-02  -0.1416199503560D-02   0.3727150794594D-02
   0.2148273650206D-02  -0.8062861985969D-02   0.1220077658165D-01
   0.2361629848518D-02   0.1169558950787D-01   0.1841921414248D-01
  -0.7626150190220D-02   0.5694470739810D-02   0.7409130589681D-02
   0.1298420284129D-01  -0.1711231267955D-01   0.3569518376457D-02
  -0.3566604524973D-02  -0.7232585261897D-02   0.1511735012334D-01
   0.1812109648995D-01   0.2890296560632D-01  -0.4507931363788D-02
  -0.4059077102606D-02  -0.1127105019447D-01  -0.7498252139894D-02
  -0.1581082705297D-02  -0.3165941070479D-02   0.7987528838611D-02
  -0.2072030906569D-02   0.8422446327314D-02  -0.1084385443634D-01
  -0.1124866815733D-02  -0.8407533331765D-02  -0.3291613722939D-02
  -0.6479457341863D-03   0.1531810193225D-02  -0.8753053557861D-03
   0.1816702613826D-04  -0.2779644379782D-02  -0.3501315961875D-02
  -0.1395594868795D-02  -0.2578678910029D-03  -0.4187306618110D-02
   0.1859032787038D-02  -0.4569959493246D-03   0.6783438793101D-02
   0.1048012871204D-02   0.6261066997056D-03  -0.2425488175859D-03
  -0.1699942131751D-04   0.4270774112690D-02   0.6059647246411D-03
   0.1272336786410D-02   0.1745840944540D-02   0.1110610022794D-02
   0.1092331005993D-01   0.2311622916930D-01  -0.1619229651408D-01
  -0.1286741060866D-01  -0.1036555162101D-01   0.2350028436088D-01
   0.3175563567914D-01   0.3433897128956D-01  -0.9983988258493D-02
  -0.3657923393908D-01  -0.3618058343631D-01   0.1165300824331D-01
   0.9363722554499D-02  -0.1049154930635D-02   0.1219498019047D-02
   0.4088268470570D-02  -0.2336569767690D-02   0.9996067479635D-02
   0.1243617699875D-03  -0.1146093259410D-01   0.9441569405931D-03
  -0.7377863300275D-02   0.9723654322559D-02  -0.1849688973323D-01
  -0.8571935104383D-03  -0.1537428790582D-01  -0.8945038895409D-03
  -0.1244122260215D-02   0.4768769486199D-03  -0.1512475423685D-02
  -0.4971199474652D-02  -0.7351506384531D-03  -0.3282558428673D-02
  -0.2287549442423D-02   0.1164908748391D-03  -0.1515466913705D-02
   0.3275736062171D-03   0.3916066497798D-02  -0.3051090596886D-02
  -0.1219772299418D-02   0.1784983859603D-02  -0.7390687942941D-03
   0.3460489665136D-02   0.2991549750105D-03   0.2556948064757D-02
  -0.4380965669579D-02  -0.1426503148140D-02   0.6115392671877D-02
   0.1284831551913D-02   0.4668546532534D-02   0.7713759893110D-02
   0.3758418009752D-02   0.7695009656219D-02  -0.2757900530705D-04
   0.9254765088351D-02  -0.2267269269318D-02  -0.3731850265799D-02
  -0.2860368090944D-01  -0.7772916294878D-01   0.2960339438011D-01
   0.3223651266632D-01   0.7276966024826D-01  -0.2100421364326D-01
  -0.5584800634460D-02  -0.8868586360476D-02   0.1130781855480D-01
   0.1452705864330D-02   0.1096863954630D-02   0.2468594171856D-03
  -0.2059000661860D-03   0.8294384223886D-03  -0.1723946580931D-02
  -0.9471888304650D-03   0.3305825380357D-02  -0.1645406158404D-02
   0.5777509638215D-04   0.1567644593116D-02  -0.8179590334792D-03
   0.1400249683955D-02   0.2998007544281D-02  -0.7099962066876D-02
   0.1277932303511D-02  -0.2537594967820D-02   0.3566722470386D-02
  -0.1488400667952D-01  -0.7593433706438D-02  -0.4729365953874D-02
   0.4852356675130D-02   0.3997598801637D-01   0.3149846283992D-02
  -0.9835241636815D-02  -0.1626355966733D-01  -0.1213038748157D-02
  -0.6924695108091D-02   0.7165735678142D-02  -0.6779448883028D-02
   0.7354937267508D-03   0.1767958297437D-01  -0.1034740547920D-01
   0.1566260082989D-01  -0.1400281508301D-01  -0.4344542727200D-01
  -0.4503696802331D-04  -0.1567496013445D-01   0.5916083793663D-02
  -0.2301020204956D-01   0.1606815544551D-01   0.5596484637564D-01
   0.3065306678255D-02   0.7014978467135D-02  -0.2227885187694D-02
   0.9808310596975D-03   0.7565591173005D-03   0.2467546700493D-02
   0.1618953791453D-02  -0.3918558891825D-02  -0.6453507089105D-03
   0.3291038198319D-02   0.1054891152130D-03   0.3312761817289D-02
   0.1120049375573D-02  -0.3943282444584D-02  -0.2282556878936D-02
   0.2813976650676D-02  -0.4708062664090D-03   0.1998109677447D-02
   0.8341596872084D-02  -0.6628820664731D-01  -0.1395082489858D-01
  -0.5383202434384D-02  -0.1246926067514D-01  -0.6471549472045D-02
   0.4655356543453D-01   0.3119507483776D-01   0.1939210492624D-01
  -0.2584338512999D-01  -0.2594260176915D-01  -0.2066089520326D-02
  -0.1525743055627D-01  -0.9819248858410D-02   0.2432327923123D-01
  -0.1340260195679D-01   0.1719732042554D-01  -0.1161367499968D-01
   0.7995551190712D-03   0.8391284753235D-04   0.1656814735118D-01
   0.2514342212314D-02   0.9639341992220D-02  -0.5009184396220D-02
   0.1088298970294D-01   0.2969679299326D-01  -0.9292254357509D-03
   0.2267073863338D-02   0.4613650742549D-02   0.7915776479435D-03
  -0.4533572938083D-03  -0.6726483321815D-04  -0.3958322797584D-02
   0.6582128544294D-02   0.3388176645214D-02  -0.1548759112138D-03
   0.5584198067585D-02  -0.4330619313158D-02  -0.1662643454180D-02
   0.2027101690903D-02  -0.3092662215333D-02  -0.2950637612144D-02
   0.2799422248989D-02   0.6272621115014D-02  -0.5444563147093D-02
  -0.3410019144746D-02  -0.2941344790918D-03  -0.5618023660568D-02
  -0.8402377805239D-03  -0.6680900232965D-02   0.4553274836815D-02
  -0.8495160758462D-03  -0.8097804437825D-03   0.6296205347837D-03
  -0.1308427358522D-03  -0.1140773556035D-02  -0.8885200244067D-03
  -0.1648280749364D-01  -0.9879568823047D-02  -0.4938856406107D-03
   0.1433258817188D-02   0.1634240000448D-02  -0.1909277832993D-02
  -0.2930061866699D-01  -0.2963486711185D-01   0.1286908548146D-01
   0.3233916968273D-01   0.3882188844158D-01  -0.1177820778716D-01
  -0.7081107233714D-02  -0.2668900074645D-02   0.3898172399626D-02
  -0.6652131972404D-02   0.1108357519422D-01  -0.1139957141695D-01
   0.1020346219514D-01   0.4098562832769D-03  -0.1010775240678D-01
   0.4925699161826D-02   0.5150113985518D-02  -0.2121961597028D-01
   0.2318525353250D-02  -0.5113663105440D-02   0.6207904829568D-02
  -0.9135538601840D-02  -0.1390099994693D-01   0.2794003442804D-01
   0.4622678596600D-02  -0.1455898303490D-02  -0.3328942711483D-02
   0.1827743667912D-01  -0.2493395935218D-02  -0.9065399914659D-02
   0.2317792917601D-02   0.2935402923292D-02  -0.1677334961180D-02
   0.1805273573006D-02  -0.1591807855762D-03  -0.1743271356753D-02
   0.6918503940309D-04  -0.5131287139573D-03   0.5361988035391D-03
   0.1766181467203D-02  -0.8383776452169D-03  -0.3536011405558D-03
  -0.1935709095270D-02   0.1155264383071D-02  -0.8782251773407D-03
  -0.2090864604020D-02   0.1628491412309D-02   0.2800144538896D-02
  -0.3426242027164D-02   0.4785809387744D-03   0.2123528837024D-02
  -0.7968543037698D-03   0.2042748173733D-02  -0.4798973647694D-03
  -0.1127370667631D-01   0.2955096838284D-02   0.3939851642965D-02
  -0.5602670538204D-02  -0.5657786582478D-02   0.1969690754946D-02
   0.2087232084726D-02   0.5340137961228D-02  -0.4553993040494D-02
   0.3823674506710D-02   0.1065162982477D-01   0.3137279421372D-02
  -0.3144025587484D-02  -0.1264431859434D-01  -0.5803053792376D-02
  -0.8859154629478D-02   0.6417473395540D-02   0.8696025462868D-02
  -0.2420738677939D-02  -0.1287822129162D-01   0.2432356197183D-02
   0.1237609735193D-01  -0.5477380765929D-02  -0.1010157854120D-01
  -0.4207259452306D-01  -0.1121302326047D-01  -0.4264849331234D-01
   0.8030474696338D-01   0.3239960370496D-01   0.4326528121005D-01
  -0.5243121880193D-01  -0.2728533394639D-01  -0.8995298634903D-02
  -0.4045384379704D-01  -0.1285423944514D-01  -0.3346838692802D-01
   0.2436118112364D-02   0.3392770279990D-02  -0.1054696223231D-02
   0.1148363580419D-02  -0.2792927391226D-02   0.1804062182949D-02
   0.1156826336972D-02   0.4694836944774D-03  -0.6258804392271D-03
   0.1153754339704D-02   0.2134962406969D-03   0.1398720311475D-02
   0.4674369426089D-04   0.2187330826924D-03   0.5973353291575D-03
  -0.8981265123642D-03   0.3406627179519D-02  -0.3089276244225D-02
  -0.4064582796999D-03   0.5969350735795D-02   0.5238860264406D-02
  -0.1503212594614D-02  -0.4495777514015D-03   0.7589708355371D-03
   0.2328472345268D-01   0.1406732648016D-01   0.9108270697740D-02
   0.2689413025228D-01   0.8096225614012D-02   0.1120145981223D-01
   0.4917894090847D-02  -0.5657160334806D-03   0.5223264138294D-02
  -0.4239663479693D-02  -0.1807617758897D-02   0.2382002340972D-02
   0.3122577467269D-02  -0.4528853697287D-02   0.9439411920457D-02
   0.1097927167111D-01   0.1864170864957D-01   0.5373327861872D-02
  -0.1509551907086D-02  -0.2389183481896D-01  -0.1415327075147D-01
   0.7138968979501D-01   0.6822288256440D-01   0.5831741541476D-01
  -0.7091517298802D-01  -0.5957367163040D-01  -0.4547942108694D-01
  -0.1788859917204D-02  -0.8115607032399D-02  -0.1423660489085D-01
  -0.1092686449451D-01   0.2080825454122D-01  -0.1077916381949D-01
   0.5898779753695D-02  -0.1152923834560D-01   0.4468023881419D-02
  -0.3073625873308D-02  -0.1047784692503D-01   0.1113164377373D-01
  -0.1822313527229D-02  -0.8655143056893D-02   0.2286503895806D-02
  -0.3367328678312D-02   0.1028177174950D-01   0.3272344990879D-02
  -0.1066187228649D-02   0.9424389634296D-02   0.3544954070805D-02
   0.8428935291279D-02   0.2292703417575D-02   0.3875127517206D-02
  -0.8936806364726D-02  -0.1652595105585D-01  -0.1359254139284D-01
   0.1494083462779D-02   0.1565942058934D-02   0.2672832622371D-02
   0.2777164133222D-01  -0.7068663333093D-02   0.7794209535074D-02
  -0.1021758761987D-01   0.1825141799915D-03   0.5731931896729D-02
   0.1970454521531D-02   0.4260391147225D-02  -0.3370352766098D-02
   0.2302717275868D-01   0.2447959536186D-01  -0.8727324110918D-02
  -0.2923870683079D-01  -0.2978371490801D-01   0.3027831554052D-01
  -0.1180871827506D-01  -0.1159250287537D-01   0.1812790011624D-01
   0.1347034994393D-01   0.1401124347221D-01  -0.1756888256035D-01
   0.3216642301397D-01   0.2387630033111D-01  -0.2713464583212D-01
  -0.2951842084519D-01  -0.2325414258969D-01  -0.1527001026340D-01
  -0.7072240194968D-02  -0.6379079020879D-02   0.1736601035174D-01
   0.4640020457697D-02   0.7773975418883D-02   0.2633305637943D-02
   0.1559208440550D-02  -0.7729577742543D-03  -0.9049442345731D-03
  -0.9032023235993D-03   0.2802964499557D-03  -0.8058515506949D-03
  -0.1490270169587D-02   0.4633609772653D-04   0.1366434501822D-02
   0.4102413785136D-02   0.2885213001379D-02   0.1763743198325D-02
   0.3680338749279D-02   0.2509670383374D-02  -0.2560254500149D-02
  -0.5209161366977D-03  -0.4055175625383D-03   0.1096881065022D-02
  -0.4003637739200D-02  -0.4629716595415D-03  -0.7513340268157D-03
   0.2078153586355D-02   0.2392553205202D-02   0.2269891424661D-02
  -0.2981277913850D-01  -0.8869389282207D-03   0.5953850336700D-02
  -0.1161597117378D-01   0.2369921378803D-02  -0.1788773239629D-01
   0.5678904508679D-01   0.7766642901326D-01   0.6523603706644D-02
  -0.1582844007666D-01  -0.9361940866128D-01  -0.8636568374598D-01
   0.1149966602133D-01   0.1351597791694D-01   0.5101536641870D-02
   0.1796015764564D-02  -0.1011878714448D-01   0.1754202441644D-02
   0.1077296687491D-01  -0.2070011225902D-01  -0.7968293732810D-02
   0.1070449588878D-01   0.1267868387638D-02   0.1393115621914D-01
   0.4109474931925D-01   0.3507518805132D-01   0.7152747715181D-01
   0.9199507888975D-02   0.2596635636797D-04  -0.3154083317733D-02
  -0.1395487274485D-02  -0.1048505716900D-02   0.2351699321320D-02
  -0.1796907761003D-03  -0.2903931553034D-03  -0.1610229268869D-02
  -0.5182733124713D-02  -0.1895894023900D-02   0.2372268244386D-02
  -0.2118096903121D-02  -0.2228459444897D-02  -0.2756348086914D-02
   0.4664154306571D-03   0.3049474472762D-03   0.7156687551750D-03
  -0.3542127831150D-02   0.1144216441484D-01  -0.3748719305061D-02
   0.9325431171098D-03   0.3750698627073D-02  -0.2090943149845D-03
  -0.2555329151975D-02  -0.6119766579743D-04  -0.4285375728443D-02
  -0.1225258504161D-01  -0.2569150388581D-02  -0.5822801271534D-02
  -0.1047414300234D-02   0.8395165109888D-02  -0.3000486676840D-01
  -0.1432735719480D-02  -0.2412841523567D-01  -0.2121407869511D-02
  -0.3814327809027D-01  -0.1835535109459D-01  -0.2910052172515D-01
  -0.1203630219075D-01   0.1055138005044D+00   0.3884686902593D-01
  -0.4064539541218D-03   0.7593481672067D-02   0.1116262073709D-01
   0.1143322880829D+00  -0.6816121313271D-02  -0.3476863388720D-01
  -0.4826297634547D-01  -0.2388614812957D-01   0.2493148119848D-01
   0.8510103282615D-02   0.1519515206704D-01   0.1188668612073D-01
   0.3162142543490D-02   0.5508026499451D-03  -0.2580618590782D-02
   0.8269020590265D-02   0.5395749167116D-02  -0.5141232580530D-02
  -0.8935741204056D-01   0.8763694417116D-01   0.3475930677960D-01
  -0.1806954133148D-01  -0.1686663555456D-01   0.2871437932353D-01
   0.6085144458721D-01   0.1848213496106D-02   0.1238535988710D-01
   0.7792970086600D-02   0.3190294013082D-01   0.1699649465670D-01
   0.1269414181131D-01  -0.2447885397392D-01  -0.3361592754257D-01
   0.1990451596405D-01   0.3037523960558D-01   0.4923082132009D-02
   0.1029331218754D-01  -0.1890576934696D-02  -0.3714869561157D-01
  -0.1238550114222D-01  -0.3911283955830D-02  -0.1323391378730D-01
  -0.1020869408847D-02   0.7834005110828D-02  -0.3421230652935D-02
  -0.6256830383618D-02   0.7712470172733D-02   0.2031248647334D-02
  -0.6568641449906D-02  -0.4032999314905D-02   0.4949834252558D-02
  -0.1952602750303D-02   0.8945276072624D-03  -0.6728771019449D-03
   0.3114461137937D-02  -0.2001233120496D-02   0.9885224643055D-03
  -0.8464045363789D-02  -0.2695275872260D-02   0.1235467678693D-01
  -0.3430968174911D-02   0.3996249572177D-02   0.2651865066850D-02
   0.1782941632625D-02   0.3909486076593D-02   0.6037713977860D-02
  -0.4626491120271D-01   0.1248689178125D+00  -0.3827361275473D-01
  -0.1282444322043D-01  -0.1865591416678D-01   0.7302424760301D-01
   0.1132307099688D+00  -0.7673157205288D-01  -0.2168261797747D-01
  -0.3109262400735D-01   0.6498334368698D-01  -0.9221181800989D-02
  -0.1148028457710D+00  -0.1542698963337D-01   0.7541092879326D-01
  -0.7495389439902D-01  -0.4651893390864D-02   0.1792427602456D-01
   0.4702776227298D-01   0.6231658092586D-02  -0.1291651524985D+00
  -0.3794001378944D-01   0.2583459909847D-01   0.7612636856502D-01
  -0.1415026217265D-01  -0.1273242224532D+00  -0.5623929356986D-01
  -0.6462756282858D-01   0.2447596245583D-01   0.1522201430240D-01
   0.1030632036785D+00  -0.9447911704315D-01  -0.9238313137911D-02
  -0.7141592200588D-01  -0.2703064778073D-01  -0.2901722549926D-01
$end                                                                            
