           2           1   1.01757322996367     
           3           2  0.968266815169141     
           4           3   1.87913537903984     
           5           2  0.956498062170708     
           6           5   1.02303694157559     
           7           5   1.00097255493801     
           8           1  0.951452654641220     
           9           2  0.952242075703603     
          10           5  0.959163797632500     
          11           6  0.979962584197192     
          12           6  0.978324274768786     
          13           6  0.976459509072610     
          14           7  0.981691714111826     
          15           7  0.979353677966107     
          16           7  0.982961079850904     
          18          17   1.01618616876697     
          19          18  0.957382537652494     
          20          19   1.86759869515179     
          21          18  0.985105295490981     
          22          21  0.991692351077425     
          23          21   1.01001358158147     
          24          17  0.949359228257449     
          25          18  0.950075205706842     
          26          21  0.955971006099881     
          27          22  0.979743880042290     
          28          22  0.982480094312703     
          29          22  0.987057155082652     
          30          23  0.976977701893161     
          31          23  0.983517027282309     
          32          23  0.978230429699261     
          34          33   1.01981018974519     
          35          34  0.992773211679363     
          36          35   1.88681548462507     
          37          34  0.931441705689248     
          38          37   1.00378134780186     
          39          38   1.38796349727832     
          40          38   1.43418510224425     
          41          39   1.45707070738175     
          42          40   1.42700496827988     
          43          41   1.33874300804712     
          43          42   1.37516117943049     
          44          43   1.10910114019388     
          45          33  0.954627201605172     
          46          34  0.960998541841139     
          47          37  0.974687332931248     
          48          37  0.958641052465354     
          49          39  0.973300808368535     
          50          40  0.968014887986613     
          51          41  0.975639584455710     
          52          42  0.965594254392734     
          53          44  0.838070125706688     
          55          54  0.891322402358971     
          56          54  0.886736852932410     
          58          57   1.02006614613833     
          59          58  0.994182802017784     
          60          59   1.86553531604792     
          61          58  0.939978579105595     
          62          61  0.994917346151251     
          63          62  0.956913328697772     
          64          63   1.41978164461292     
          65          63   1.53466877830486     
          66          57  0.953454433736912     
          67          58  0.959044463828867     
          68          61  0.978916236088473     
          69          61  0.970992817054192     
          70          62  0.977604415816877     
          71          62  0.961281722260602     
          73          72   1.02138208276676     
          74          73  0.887546536915080     
          75          74   1.61562445504786     
          76          73  0.995024222636981     
          77          76   1.02391392750887     
          78          77  0.982549694892095     
          79          78   1.00781145588902     
          80          79  0.975926483381198     
          81          72  0.955611374423415     
          82          73  0.967339054069692     
          83          76  0.962958584368521     
          84          76  0.962085650896874     
          85          77  0.974117482466507     
          86          77  0.976872333073356     
          87          78  0.972954406853144     
          88          78  0.974147838795997     
          89          79  0.962104848500427     
          90          79  0.961780085725326     
          91          80  0.892633380452302     
          92          80  0.876586908825561     
          93          80  0.887838301323077     
          94          74   1.32767392030425     
          95          94  0.994302265532874     
          96          95  0.976242376286979     
          97          96   1.90029769634749     
          98          95  0.944871983749307     
          99          98   1.01626438719365     
         100          99   1.54839221467775     
         101          99   1.31145252301442     
         102         100   1.28777362591153     
         103         101   1.53873706923688     
         104         102   1.59453353054711     
         104         103   1.32215366410364     
         105          94  0.905192055339003     
         106          95  0.940814066945152     
         107          98  0.958940690021746     
         108          98  0.959021575326583     
         109         100  0.960523337500172     
         110         101  0.971326477224123     
         111         102  0.969635990879413     
         112         103  0.975193949734101     
         113         104  0.970153510891683     
         114           1  0.955098663849822     
         115           3  0.958071561353531     
         116          17  0.952712498809348     
         117          19  0.958371038235590     
         118          33  0.955574540273942     
         119          35  0.950203176383730     
         120          57  0.955173631865335     
         121          59  0.952991531082525     
         122          72  0.955924334922938     
         123          96  0.950604235076148     
