$grad                                                                           
  cycle =      1    SCF energy =  -121.90765698138   |dE/dxyz| =  0.207843
   79.20887552915633     52.89607954733354     -9.11633831109825      n 
   79.40561718676271     54.24687338435518    -11.50621664695116      c 
   79.02746403407433     52.36968613579504    -13.70746666627360      c 
   79.40464323882701     50.10086972841577    -13.34811320785024      o 
   81.99010737479536     55.55554958106099    -11.62489949039005      c 
   82.08615590152155     57.82581204415322     -9.83507883709893      c 
   84.61643712543507     59.22708430252653     -9.93937679691678      c 
   84.43393209300038     61.69523390045143     -8.45289814947831      c 
   86.85391730022563     63.13219390247420     -8.54905399676471      n 
   80.77789758520613     51.96958074086555     -8.53823444775386      h 
   77.85851776472785     55.61913272992872    -11.56238559230606      h 
   83.43620159226042     54.17212414739817    -11.11875680466693      h 
   82.33288542179611     56.15145586509141    -13.56898021279297      h 
   80.56367689552647     59.11131264691911    -10.36065611077090      h 
   81.71212730909866     57.16645382475431     -7.91816575923916      h 
   86.07850053420664     58.00791308757297     -9.15256559645061      h 
   85.06482141163814     59.61704354491726    -11.91304309467115      h 
   82.94094974602652     62.86857650969356     -9.25479053861838      h 
   83.97122319749720     61.28899702814139     -6.48666115471402      h 
   86.67821783800763     64.80405443574806     -7.56464376114726      h 
   88.29600405939590     62.08038249829556     -7.76819898969204      h 
   87.32012867030606     63.53105164666374    -10.39819163846912      h 
   78.28515178562283     53.31896809511429    -15.95900214797590      n 
   78.52738272483590     51.76495239761437    -18.23057508688110      c 
   80.24570220817878     53.18811254191082    -20.01764210975355      c 
   79.87562634513056     55.49661646004970    -20.47949756023152      o 
   75.90532341299020     51.16248851887551    -19.32157044541181      c 
   75.87241472356541     48.82470416585928    -21.01978625838911      c 
   76.13144354729074     46.35415838239157    -19.53416254281221      c 
   75.45641951640175     44.07638973639948    -21.16188093381035      c 
   75.43433697339906     41.72729816016660    -19.63649291657015      n 
   78.31845360758700     55.20377886683944    -16.25947970194335      h 
   79.42675376243493     50.00425050331906    -17.63196148715839      h 
   74.62262884727889     50.85010912014625    -17.73171316960975      h 
   75.27541049137298     52.80522697573966    -20.39817956538798      h 
   74.06910219800450     48.80860018361334    -22.02500156053569      h 
   77.37770383292737     48.95868928513671    -22.42782202545892      h 
   78.05722338219901     46.15803060112599    -18.82728749304156      h 
   74.85596247824407     46.41044790227759    -17.91381363156081      h 
   73.56690992334025     44.33907058855855    -21.93911787800557      h 
   76.80421407469399     43.88375154631550    -22.71446653489986      h 
   74.70958666496743     40.24754983632517    -20.65700772213833      h 
   77.21409596984572     41.31995150698653    -18.99080370743822      h 
   74.23448778108870     41.91752599894410    -18.01584750391580      h 
   82.48456750257938     51.94249010964681    -20.59691738945850      n 
   84.15740867322984     52.99636158609688    -22.48853179084075      c 
   83.51749381936783     51.97097286776836    -25.19182607619987      c 
   84.48391862095511     53.13535462351501    -27.00253901443157      o 
   86.93416519749923     52.43787554325370    -21.86410437837030      c 
   87.60676268912236     49.64308101674664    -22.09631951947444      c 
   90.34098674534881     49.18507606090255    -21.09990704362466      c 
   90.70193273592294     49.39048202449214    -18.78005965638055      o 
   91.98362664846937     48.67122499746116    -22.71054402753436      o 
   82.09860622695692     50.09285441706244    -25.32670843282268      o 
   82.24895172649710     50.06153312011178    -20.86302522353285      h 
   83.85221796511060     55.04850596924744    -22.48966676345843      h 
   88.12360523522875     53.55037352153039    -23.15080077892992      h 
   87.33692285700259     52.99937700762123    -19.91871860121125      h 
   86.28446606416912     48.46867316293977    -21.01623809930911      h 
   87.51951826161238     49.08857771514974    -24.08188161808011      h 
   67.69496714371287     39.87832932239001    -21.47843669756331      n 
   67.30760053502678     40.35619271470585    -18.80555653865398      c 
   64.51615237019067     39.91481902831577    -18.30630679708346      c 
   62.89009280274062     40.76259073207341    -19.77824069140840      o 
   68.07439351683404     43.07281211705885    -18.10345493663125      c 
   68.49693715882651     43.33251024108633    -15.26490019639166      c 
   70.63985531029810     41.57269408099661    -14.31544696856399      c 
   72.76871495517400     41.84483681592818    -15.32259356004829      o 
   70.11233543463301     40.00058175364528    -12.65351335372952      o 
   66.16655434211214     40.35577999761366    -22.52404935597573      h 
   68.49495333283974     39.03668838812159    -17.73555456804776      h 
   69.83160628935568     43.54947321659287    -19.07373802513736      h 
   66.59722469744827     44.38794911897764    -18.70149679126424      h 
   69.03065798348931     45.27645696944725    -14.79754357415132      h 
   66.78150561307189     42.89385716631135    -14.19982766946562      h 
   78.82831066625955     53.99321197569979     -7.87374715062397      h 
  -0.1862714686383D-01   0.8207682988738D-01   0.8384526609324D-01
  -0.4694037418137D-02   0.1011203733935D-01  -0.1367440241777D-02
  -0.6974345632100D-02  -0.4781498645181D-02  -0.1585677937880D-01
  -0.1614094826642D-02   0.9544913236821D-02   0.2530318853866D-02
  -0.1199297102241D-02  -0.7740061816927D-02   0.7196517936002D-02
  -0.3642560599853D-04  -0.9019700967420D-03   0.9339810972533D-03
   0.1849705352035D-02  -0.9085804099584D-03  -0.1598120561103D-02
   0.1855472932055D-04  -0.3691039700759D-03  -0.2013139519958D-03
   0.2393038101168D-03  -0.1102943596211D-03  -0.6390915041577D-03
  -0.2332270742592D-02   0.5102566848486D-02   0.1374116860040D-01
  -0.7780536544581D-03  -0.4124055455790D-03   0.1298022012774D-02
  -0.7802534205703D-04   0.5463216322755D-03   0.2332135651613D-02
  -0.2337501304599D-02  -0.9561066559739D-03   0.1785181951959D-02
   0.5967031424436D-03  -0.7105215349193D-03   0.9585590697194D-03
  -0.1433582307094D-02  -0.6869841455429D-03  -0.7342700152367D-03
  -0.4746029115706D-03   0.1608716901095D-03   0.1156032460272D-02
  -0.1877765638183D-03   0.1211084121737D-02   0.2671114270332D-03
   0.1299884972610D-03   0.4345649030687D-03   0.2043230870211D-03
  -0.2781150883366D-03   0.1929844354059D-03  -0.2012856021649D-03
  -0.4661816083705D-03  -0.5888363822704D-04   0.6384916422128D-04
   0.2337285936242D-04   0.4383682287653D-03   0.2760385519125D-03
   0.1168394279483D-03   0.4989823517523D-03   0.8372175959364D-04
   0.2128391114738D-02   0.2718468741102D-03   0.2084622387203D-03
  -0.3849929502213D-03   0.1252710202298D-03  -0.2231189702756D-03
  -0.5522740987943D-03  -0.1338881961815D-02  -0.1104917743256D-02
  -0.9493318010632D-03   0.3607112699151D-03   0.1882230462155D-02
  -0.3752250505505D-03  -0.2542154477439D-03   0.4389662679218D-03
  -0.3218772853464D-03  -0.2354695314287D-03   0.1524634189865D-03
   0.3047842923589D-03  -0.1564095834310D-03  -0.3507512409974D-04
   0.1047063805039D-02  -0.1894746851711D-03  -0.3102515737902D-03
   0.1387369198032D-02  -0.5154890903514D-03  -0.3415502415481D-03
  -0.1186242193948D-03   0.9073653582389D-03   0.1516329963947D-02
  -0.1091480159350D-02   0.9861470608234D-04  -0.2280729967449D-03
   0.5379675812372D-03  -0.1150578859614D-02   0.1213526402297D-02
   0.8798759558693D-03  -0.2356103678194D-03  -0.3658213048139D-03
  -0.3697676690025D-03   0.8098264451876D-03   0.5233923101439D-06
  -0.2484756097859D-03  -0.1126555987739D-02   0.2530864771126D-03
   0.4659768411839D-03  -0.7208897874973D-03  -0.6273172117249D-03
  -0.1775880940799D-03   0.6745124784945D-03  -0.6272130829219D-03
   0.6862287650172D-03   0.3079917988310D-03   0.9357995652413D-03
   0.6745048692908D-03  -0.6887237736475D-04  -0.6137022775048D-03
  -0.1163228417345D-02  -0.2749423410505D-03  -0.1969059552898D-03
   0.6396010560518D-03   0.7931084062904D-03  -0.4719873554025D-03
  -0.1975254835506D-04  -0.8937236917965D-03  -0.1194560593825D-02
   0.5647178997841D-03  -0.2306703181056D-03   0.3890749005648D-03
   0.3375693610742D-03   0.2021392886619D-03  -0.3611977141842D-03
  -0.1000669170597D-02  -0.1368562727619D-02   0.4995938063105D-03
   0.3334753675618D-03   0.2458677807452D-03  -0.5937992969468D-03
   0.1086129389984D-02   0.8541419103072D-03  -0.1773301934101D-02
  -0.9907505515656D-03  -0.4600819996675D-03   0.1498473960444D-02
   0.5028618316107D-03  -0.3550326139490D-03   0.9328849684362D-03
   0.1480348254587D-02  -0.3466687117630D-03   0.1767233631348D-03
  -0.1269135189387D-02   0.7064062475798D-03   0.6849646610120D-03
  -0.1071414533448D-04   0.9694726701440D-04  -0.1127038714882D-02
  -0.1439840289583D-03  -0.1076756418581D-03   0.7177631824282D-04
   0.2035612328332D-04   0.4169361840349D-03   0.1390484404518D-02
   0.1432412978325D-02   0.2906424983056D-02  -0.1700861959900D-02
   0.4228973030061D-03  -0.2546326670136D-02  -0.9826936527019D-03
  -0.1756584895777D-02  -0.2721370891501D-02  -0.9634101069881D-04
   0.4581993071799D-03   0.2145622310317D-02   0.1152130505825D-02
  -0.3193923923731D-01   0.2004738879248D-01  -0.5508042017162D-02
   0.5158574267658D-02  -0.1614128444286D-01   0.4749157595192D-01
  -0.5947848071337D-03   0.2969943899323D-01  -0.4202222259870D-01
   0.1983831787506D-01  -0.2041592152352D-01   0.1938235483064D-01
  -0.2113236105442D-02  -0.3119388127360D-02  -0.1550441588366D-01
  -0.2095227940950D-02  -0.3474205189470D-02  -0.6570710851743D-02
   0.1021357889017D-01   0.1744682836431D-02   0.6757830175295D-02
  -0.7298911819543D-02   0.1427341311453D-03   0.9342843974679D-03
  -0.3309013727882D-02  -0.1519234859867D-02  -0.2737975788363D-02
   0.1230807862245D-01  -0.1029636389907D-01  -0.1367213015512D-02
  -0.3289704505710D-02   0.5392115952385D-02  -0.6788541649449D-02
  -0.6227934499451D-03  -0.9892277313515D-03   0.2741892334015D-02
   0.1701770898158D-02  -0.1540079498976D-02   0.3421468096562D-02
  -0.1909154422098D-02  -0.2212824871334D-02   0.9700498264648D-03
   0.1266174004168D-02   0.2613204804385D-02   0.2107228464044D-02
   0.3648618837773D-01  -0.8918365041624D-01  -0.1000966624371D+00
$end                                                                            
