           2           1   1.01155185310436     
           3           2  0.978234531587509     
           4           3   1.88707534373838     
           5           2  0.960839264591294     
           6           5   1.00165762261023     
           7           6  0.989077361502217     
           8           7  0.981373205716561     
           9           8   1.32606483510436     
          10           9   1.28628767626071     
          11           9   1.32119377415984     
          12           1  0.951600820110154     
          13           2  0.954121596015747     
          14           5  0.973164331113356     
          15           5  0.973446427478184     
          16           6  0.960420562912156     
          17           6  0.975235169491338     
          18           7  0.963264820048703     
          19           7  0.967619956821251     
          20           8  0.913969399974156     
          21          10  0.924987014909255     
          22          10  0.926042589231257     
          23          11  0.916168397704657     
          24          11  0.923358151229820     
          26          25   1.01921272372332     
          27          26  0.958403177620993     
          28          27   1.52258763640141     
          29          26  0.946189180726652     
          30          29   1.01042727330535     
          31          29   1.00208673232074     
          32          25  0.942659681808265     
          33          26  0.961374706362643     
          34          29  0.969873935428638     
          35          30  0.981849830954055     
          36          30  0.978054986273229     
          37          30  0.981570537432332     
          38          31  0.984775495438114     
          39          31  0.983613122979129     
          40          31  0.985563787263616     
          41          27   1.34201308712861     
          42          41  0.972330606556135     
          43          42  0.997438121867565     
          44          43   1.82924821660627     
          45          42  0.938156012628877     
          46          45   1.00947500105202     
          47          45   1.00496896558971     
          48          41  0.900101165709017     
          49          42  0.925669870772616     
          50          45  0.959331909046433     
          51          46  0.980516616925560     
          52          46  0.976492764931899     
          53          46  0.985212662929045     
          54          47  0.981765968430046     
          55          47  0.980724581416242     
          56          47  0.983505754870327     
          58          57   1.04108937718368     
          59          58  0.950007925921604     
          60          59   1.55056023475808     
          61          58  0.927195671334049     
          62          61  0.967961759738987     
          63          62   1.63044707465097     
          64          62   1.28444373817497     
          65          57  0.874307909870440     
          66          58  0.933255924955178     
          67          61  0.961122828679131     
          68          61  0.974998467351329     
          69          64  0.912033821006853     
          70          64  0.944234224688407     
          71          59   1.33864705225929     
          72          71  0.974645986887716     
          73          72  0.927772039579113     
          74          73   1.64090753465726     
          75          72  0.979302554521605     
          76          75   1.00307912171085     
          77          76  0.911628294361227     
          78          77   1.50637491516683     
          79          77   1.49333532924592     
          80          71  0.876899800762184     
          81          72  0.956322159247809     
          82          75  0.960138641635729     
          83          75  0.976945934167593     
          84          76  0.978758450149111     
          85          76  0.951290810674761     
          86          73   1.27663543623556     
          87          86  0.976394509282111     
          88          87  0.937977493529936     
          89          88   1.60346842931296     
          90          87  0.983761327087020     
          91          90   1.00541810659330     
          92          91  0.989321350378070     
          93          92  0.995210285807612     
          94          93   1.29294828925615     
          95          94   1.32723519197309     
          96          94   1.32141045817208     
          97          86  0.900142544511277     
          98          87  0.948769739890596     
          99          90  0.964063417774678     
         100          90  0.969507597978618     
         101          91  0.974111815560399     
         102          91  0.967181231019952     
         103          92  0.965778239957183     
         104          92  0.964006819875134     
         105          93  0.911796505389096     
         106          95  0.907531568616841     
         107          95  0.912983560448411     
         108          96  0.910492905479541     
         109          96  0.910595629988438     
         110          88   1.31408308263332     
         111         110  0.970481463777680     
         112         111  0.928854264058593     
         113         112   1.59918594308432     
         114         111  0.978972284140057     
         115         114  0.994555805987637     
         116         115   1.00971272864632     
         117         116  0.970078568770264     
         118         117   1.30121352003556     
         119         118   1.33340327523444     
         120         118   1.31028436631925     
         121         110  0.915527085505186     
         122         111  0.947469935364456     
         123         114  0.964718338359992     
         124         114  0.966703530688941     
         125         115  0.966795029658612     
         126         115  0.971800111806426     
         127         116  0.963661950596837     
         128         116  0.961226436621334     
         129         117  0.924812542690675     
         130         119  0.914070944362580     
         131         119  0.910123763458609     
         132         120  0.924603752848312     
         133         120  0.910570445556826     
         134         112   1.30890222466013     
         135         134  0.985185635353007     
         136         135  0.924960776754855     
         137         136   1.61661191195472     
         138         135  0.987907274934022     
         139         138  0.995785107713155     
         140         139  0.907112449683859     
         141         140   1.49741684957306     
         142         140   1.50726943397503     
         143         134  0.883503119557619     
         144         135  0.951360101975056     
         145         138  0.972752242148819     
         146         138  0.978464036919794     
         147         139  0.979431955357811     
         148         139  0.980521301389573     
         149         136   1.31728548210643     
         150         149  0.964687130206477     
         151         150  0.946742776495560     
         152         151   1.60434233380754     
         153         150  0.968702264294307     
         154         153   1.00872767841524     
         155         154  0.899922559995754     
         156         155   1.51018390972186     
         157         155   1.50162516396373     
         158         149  0.919494254077765     
         159         150  0.954251063941972     
         160         153  0.969407027440523     
         161         153  0.973762732074119     
         162         154  0.970957837085507     
         163         154  0.974292407129635     
         164         151   1.30964036440892     
         165         164  0.971924506818838     
         166         165  0.928592025510097     
         167         166   1.63313341797517     
         168         165  0.972899118438993     
         169         168   1.00596453401072     
         170         169  0.878479481533047     
         171         170   1.53118885195753     
         172         170   1.50256767256047     
         173         164  0.901666152866248     
         174         165  0.956541459100346     
         175         168  0.969398114942815     
         176         168  0.978521125365812     
         177         169  0.984527453475372     
         178         169  0.971461635434319     
         179         166   1.30024702570730     
         180         179  0.978266530055778     
         181         180  0.923110683502736     
         182         181   1.65768479551053     
         183         180  0.985401261163161     
         184         183   1.00636593245916     
         185         179  0.896910813768370     
         186         180  0.947153475398471     
         187         183  0.958782423088924     
         188         183  0.968961951834920     
         189         184  0.856577725878821     
         190         181   1.27602266209596     
         191         190  0.971087579646519     
         192         191  0.942016445380427     
         193         192   1.63166611732577     
         194         191   1.00250145759012     
         195         190  0.901582902176925     
         196         191  0.951330057846006     
         197         194  0.981717018550943     
         198         194  0.982023183253085     
         199         194  0.960084770089110     
         200         192   1.30487732256431     
         201         200  0.971708649670396     
         202         201  0.969083943747500     
         203         202   1.88390469456071     
         204         201  0.986754695200236     
         205         200  0.917344406350699     
         206         201  0.940175335932032     
         207         204  0.978134597946442     
         208         204  0.977770946569737     
         209         204  0.984023346865383     
         211         210   1.01313521789996     
         212         211  0.974465071814618     
         213         212   1.88034445130639     
         214         211  0.968434864649746     
         215         214   1.00564230665258     
         216         215  0.890793595475716     
         217         216   1.50904077273721     
         218         216   1.50220399224132     
         219         210  0.946733595692637     
         220         211  0.963352193904043     
         221         214  0.965986194675194     
         222         214  0.978032113556451     
         223         215  0.983979071758798     
         224         215  0.973116622077983     
         226         225   1.02492860290689     
         227         226  0.969496773128113     
         228         227   1.89204062184217     
         229         226  0.943827048018517     
         230         229  0.966208925097734     
         231         230   1.69826701155200     
         232         230   1.23437352759886     
         233         225  0.925996826733839     
         234         226  0.953034869806829     
         235         229  0.961270567498303     
         236         229  0.971185053545949     
         237         232  0.916781728125789     
         238         232  0.927909040606478     
         239           1  0.959034363171409     
         240           3  0.950194940105385     
         241          25  0.953830595186791     
         242          43  0.949773603217329     
         243          57  0.933045011316087     
         244         202  0.957060563618668     
         245         210  0.950346717127713     
         246         212  0.951676199884071     
         247         225  0.952716308207764     
         248         227  0.950190796976027     
