   -0.38309247
    0.04110969
    0.19688537
   -0.37069228
   -0.02418825
   -0.12023983
   -0.11398116
    0.16080832
    0.06211475
    0.03899423
    0.03171891
    0.03978911
    0.05854578
    0.03438296
    0.04975658
    0.05314636
   -0.40859140
    0.03160317
    0.27751454
   -0.48972913
   -0.02626196
   -0.06246556
   -0.12371221
   -0.10931782
    0.15682048
    0.03552906
    0.04772426
    0.05681050
    0.03526197
    0.05850609
    0.04381501
    0.03283201
    0.05611924
    0.01248942
    0.05232491
   -0.18476009
    0.02323241
    0.20297240
   -0.37292428
   -0.07754063
   -0.08545697
   -0.02290812
   -0.12885121
    0.22528336
   -0.23166603
   -0.27784611
    0.22985320
    0.10342157
    0.08672911
    0.05730913
    0.08359519
    0.07682481
    0.07547655
    0.08757528
    0.22362775
    0.25788382
    0.24235725
    0.21037824
    0.23857045
   -0.40950899
    0.04228344
    0.26228721
   -0.48522632
   -0.07384312
    0.00772642
   -0.04499468
   -0.04027919
   -0.03163733
   -0.03293329
   -0.03633899
    0.17255047
    0.02574519
    0.06521229
    0.04416450
    0.03367201
    0.04238235
    0.02048505
    0.04317971
    0.02911494
   -0.09330559
    0.01447201
    0.26915023
   -0.49265206
   -0.06466430
   -0.07044346
   -0.01173994
    0.10300941
    0.05117983
    0.05962648
    0.05270816
    0.05343320
    0.07050710
    0.06022644
   -0.18708949
    0.01492698
    0.25618000
   -0.48316512
   -0.10928614
    0.27574719
   -0.50211515
   -0.26557041
    0.23285083
    0.08844493
    0.09415060
    0.08247412
    0.24400724
    0.23752528
   -0.14792514
    0.00185290
    0.26160531
   -0.48090845
   -0.08092359
   -0.07308881
   -0.10024885
   -0.05663465
   -0.12352640
    0.20129174
    0.08815146
    0.06369143
    0.07525327
    0.04308633
    0.06628031
    0.07704796
    0.08011331
    0.12592192
    0.12540633
    0.29690860
    0.27870130
    0.27215225
   -0.17849041
    0.00515754
    0.26276504
   -0.49929609
   -0.02478108
   -0.07009007
   -0.10989535
   -0.10424353
    0.23534330
    0.07052561
    0.05599450
    0.04534578
    0.04459648
    0.03863200
    0.03983304
    0.03731993
    0.03044676
    0.04161409
    0.03124650
   -0.06228469
    0.01288983
    0.26493780
   -0.53916166
   -0.07001155
   -0.07079206
   -0.01799412
    0.08979784
    0.06976497
    0.07642851
    0.06284414
    0.06077346
    0.05768773
    0.07582136
   -0.16181328
    0.01786569
    0.27069698
   -0.42942896
   -0.01731087
   -0.11540239
   -0.12090028
    0.25854758
    0.05990258
    0.05071340
    0.06030626
    0.03327895
    0.03136662
    0.05149098
    0.03090924
    0.06759833
   -0.19411446
    0.00590271
    0.28826182
   -0.43202520
   -0.00783448
   -0.11266609
   -0.11600927
    0.19977359
    0.11119826
    0.02545314
    0.04612944
    0.01515119
    0.05448284
    0.04109185
    0.05724510
    0.04704859
   -0.21267456
    0.02947474
    0.19322809
   -0.37472254
   -0.00294406
   -0.09988832
   -0.11467675
    0.22847380
    0.06487707
    0.06801212
    0.06598686
    0.02820643
    0.00780197
    0.07640985
    0.03145851
    0.05185962
   -0.39984588
    0.03539867
    0.19762612
   -0.37370578
   -0.06444549
   -0.00720985
   -0.10933802
   -0.11379324
    0.15435805
    0.05557473
    0.04198829
    0.06890137
    0.01151845
    0.03011480
    0.02220274
    0.06089352
    0.03172023
    0.05938042
    0.03847070
   -0.37708057
    0.03677093
    0.25523700
   -0.55469991
   -0.09904382
   -0.09763004
   -0.10807906
   -0.06545446
   -0.14413795
    0.14889980
    0.05762588
    0.06114320
    0.06864766
    0.06544635
    0.10067965
    0.10399090
    0.06021570
    0.14199074
    0.12026376
    0.29501403
    0.28465758
    0.28677081
   -0.15405814
    0.02619724
    0.24015080
   -0.57143977
    0.11636825
   -0.48924934
   -0.12208320
    0.21589792
    0.08536073
    0.04366882
    0.32613292
    0.04444197
    0.05561899
    0.04175308
   -0.10550595
   -0.01804874
    0.27765329
   -0.40452235
   -0.08042627
   -0.08797953
   -0.11313671
   -0.07728937
   -0.14102906
    0.23788267
    0.08142748
    0.07437706
    0.05843441
    0.06068925
    0.08044280
    0.09539220
    0.08027471
    0.12101762
    0.14430357
    0.30006312
    0.28787210
    0.29212845
   -0.17313288
    0.00953315
    0.25776774
   -0.50048732
   -0.07588638
    0.01207652
   -0.04120196
   -0.04509126
   -0.03000859
   -0.03706931
   -0.03457321
    0.21448663
    0.10200630
    0.04934374
    0.06114869
    0.02431394
    0.06414830
    0.01139372
    0.05211946
    0.03001878
   -0.16211150
    0.01088776
    0.25658816
   -0.45702792
   -0.08915650
   -0.02131782
   -0.12862767
   -0.11588644
    0.24742516
    0.06429182
    0.08502033
    0.06079992
    0.05182825
    0.04735726
    0.06038286
    0.04011114
    0.03651076
    0.03285496
    0.02849635
   -0.17977510
    0.00562616
    0.25962671
   -0.47940613
   -0.01699493
   -0.12179911
   -0.12111844
    0.22620455
    0.08507931
    0.03615843
    0.04129131
    0.03964296
    0.05977841
    0.04673385
    0.04822369
    0.05877570
   -0.08841130
   -0.00181629
    0.28633606
   -0.44408196
   -0.06871823
   -0.07706075
   -0.02883734
    0.07408459
    0.03784053
    0.06802973
    0.07481205
    0.07811969
    0.05718823
    0.10468599
   -0.19362465
    0.02481998
    0.19462015
   -0.37226256
   -0.07002843
   -0.08950199
    0.27115901
   -0.57713933
   -0.25903294
    0.21829381
    0.09697475
    0.09383452
    0.07588353
    0.07409234
    0.07298885
    0.25238928
    0.23860934
   -0.38989862
    0.03217924
    0.20047933
   -0.37133270
   -0.06747125
   -0.01527441
   -0.12099952
   -0.12198364
    0.16051862
    0.06212503
    0.06492310
    0.04181459
    0.01275599
    0.05186946
    0.02245534
    0.05616249
    0.04259466
    0.07141792
    0.04257074
   -0.39843701
    0.05341029
    0.18945155
   -0.37795466
   -0.06956984
    0.00468273
   -0.03574176
   -0.04516341
   -0.02785146
   -0.02450478
   -0.02503620
    0.16682712
    0.06688613
    0.05737135
    0.03945841
    0.05101639
    0.01144478
    0.05625772
    0.03028237
    0.04630354
   -0.40457699
    0.03802110
    0.19341951
   -0.38115370
   -0.02198836
   -0.06553588
   -0.10803264
   -0.10260444
    0.17786346
    0.06465317
    0.03797055
    0.05963997
    0.05605564
    0.04136803
    0.01780922
    0.04275720
    0.05227862
    0.02182305
    0.01377371
   -0.39885731
    0.04779927
    0.18647388
   -0.41456698
   -0.07400748
   -0.08059952
   -0.02734392
   -0.11491813
    0.22017291
   -0.30253687
   -0.20830617
    0.16654615
    0.07841451
    0.05898240
    0.06229376
    0.07708649
    0.06572026
    0.09359938
    0.08789230
    0.24536617
    0.20450686
    0.23742295
    0.25053955
    0.27908665
   -0.40002282
    0.04254225
    0.27201548
   -0.48375324
   -0.05542175
   -0.00909565
   -0.23542586
   -0.04857672
    0.18311607
    0.01908953
    0.05682448
    0.04839038
    0.04372520
    0.06824438
    0.05448613
    0.03816286
    0.06833879
   -0.18602964
    0.04128482
    0.18978622
   -0.39819341
   -0.13834525
    0.24607108
    0.08759624
    0.07290888
    0.08973942
    0.06813335
   -0.41052258
    0.05388742
    0.19723705
   -0.42006547
   -0.07151968
   -0.00695608
   -0.04058609
   -0.04319291
   -0.07491389
   -0.07638406
    0.13937195
   -0.43511043
    0.19244258
    0.03960596
    0.07488698
    0.05714342
    0.03836669
    0.03867322
    0.05439092
    0.05561680
    0.34482510
   -0.39144912
   -0.00844539
    0.26566927
   -0.50887239
    0.16619867
    0.05890854
    0.06666233
   -0.14139478
    0.02956171
    0.26285465
   -0.54458185
   -0.07094126
    0.01031948
   -0.04467036
   -0.03566794
   -0.03853824
   -0.03257451
   -0.03956457
    0.21750542
    0.09992967
    0.04904032
    0.04932766
    0.03634901
    0.01654285
    0.07290358
    0.03642619
    0.07281573
   -0.15964281
    0.02951567
    0.21104156
   -0.33242090
    0.00077607
   -0.10918362
   -0.10975155
    0.22756970
    0.06984551
    0.03960504
    0.04607701
    0.06423724
    0.05490943
    0.04222806
    0.03927387
    0.03340903
   -0.39072815
    0.05448205
    0.19694804
   -0.37380927
   -0.05082886
   -0.00065882
   -0.23062099
   -0.06605757
    0.19896338
    0.03250222
    0.06423164
    0.03607254
    0.03198293
    0.05418927
    0.07110138
    0.04950179
    0.07581529
   -0.15277034
   -0.04425118
    0.25901104
   -0.47726426
   -0.10643078
    0.00480914
   -0.04059527
   -0.05615156
   -0.03888403
   -0.03330997
   -0.03705427
    0.30496511
    0.31467255
    0.30358412
    0.14271353
    0.10153790
    0.11223474
    0.05090864
    0.06849310
    0.02561070
    0.04575895
    0.02045062
   -0.16814764
   -0.01142641
    0.28903409
   -0.46359848
   -0.02632701
   -0.14226589
   -0.15722278
    0.25368939
    0.08453312
    0.05723813
    0.05259674
    0.04814610
    0.06464111
    0.06280555
    0.07524806
    0.07104806
   -0.17167111
    0.00827473
    0.26690886
   -0.47267914
   -0.07554238
   -0.01556479
   -0.19784012
   -0.08130640
    0.21085020
    0.09335591
    0.05341201
    0.06678156
    0.07717223
    0.03867263
    0.05742335
    0.04099166
    0.08242925
   -0.18308710
    0.02615959
    0.19094554
   -0.38968602
   -0.05154789
   -0.06654812
   -0.14624357
   -0.12047113
    0.21600495
    0.10843683
    0.11678773
    0.04247517
    0.03347811
    0.05583022
    0.06918664
    0.05581212
    0.02966529
    0.04762525
    0.06065068
   -0.38896654
    0.00649760
    0.27466008
   -0.43699243
    0.10665924
   -0.47106935
   -0.12645062
    0.15199344
    0.05720998
    0.05725325
    0.32609973
    0.05868121
    0.04943517
    0.03663170
   -0.17413375
    0.01569741
    0.20129389
   -0.34945864
   -0.07900112
    0.00840291
   -0.04300012
   -0.03965806
   -0.03165177
   -0.02976978
   -0.03387754
    0.19821201
    0.11386094
    0.08893205
    0.05270947
    0.06926715
    0.01825939
    0.05286667
    0.01296627
    0.02565453
    0.19965340
    0.06225815
    0.17517223
    0.06192579
    0.17584222
    0.06145746
    0.16869124
    0.08932958
    0.20002047
    0.08410782
    0.17861935
    0.05888565
    0.18586669
    0.06607908
    0.19546083
    0.05581591
    0.18585536
    0.06753330
    0.16451225
    0.07525450
    0.17391925
    0.07502191
    0.17319850
    0.06049417
    0.17264703
    0.05739805
    0.07863883
    0.18091986
    0.06473586
