           2           1   1.02283247703646     
           3           2  0.950430405179131     
           4           3   1.58997412813794     
           5           2  0.964837407846031     
           6           5   1.01326927579650     
           7           6  0.902478044509420     
           8           7   1.52113114697583     
           9           7   1.48428931014866     
          10           1  0.905762791270140     
          11           2  0.955234481657886     
          12           5  0.971503545719053     
          13           5  0.976223630924186     
          14           6  0.963198929258329     
          15           6  0.972300315469586     
          16           3   1.31309077895071     
          17          16  0.978724939210544     
          18          17  0.949162592614624     
          19          18   1.60533563728489     
          20          17  0.931101383046079     
          21          20   1.00339606258331     
          22          20   1.00114524012784     
          23          16  0.923049458390570     
          24          17  0.940046790493257     
          25          20  0.962501413809046     
          26          21  0.856281992468377     
          27          22  0.979459564380596     
          28          22  0.979943100608356     
          29          22  0.976111925571163     
          30          18   1.31247192221057     
          31          30  0.983292350829044     
          32          31  0.876347367122042     
          33          32   1.57942061892732     
          34          31  0.966843514068548     
          35          34   1.01571286128118     
          36          35   1.40983182605914     
          37          35   1.40904581657065     
          38          36   1.44799179244757     
          39          37   1.43888787696538     
          40          38   1.43106080986318     
          40          39   1.44533535087971     
          41          32   1.42524236174533     
          42          30  0.899150272965070     
          43          31  0.950045091359888     
          44          34  0.963928459956856     
          45          34  0.971409811844806     
          46          36  0.968914439194865     
          47          37  0.960605275784116     
          48          38  0.971783717418269     
          49          39  0.968472238458912     
          50          40  0.969725912973985     
          52          51   1.02408660474863     
          53          52  0.957419930851493     
          54          53   1.60228916261603     
          55          52  0.966731511781992     
          56          55   1.00781236827283     
          57          56   1.00769325040259     
          58          57   1.00288433651733     
          59          58  0.959956223512630     
          60          51  0.949584066748444     
          61          52  0.938427236588568     
          62          55  0.971123911330736     
          63          55  0.974983173723257     
          64          56  0.973789423270250     
          65          56  0.975186617873498     
          66          57  0.968643108578705     
          67          57  0.972996957316038     
          68          58  0.970223434090400     
          69          58  0.965104574157140     
          70          59  0.750180156564359     
          71          59  0.913835779121546     
          72          59  0.910666807775632     
          73          53   1.29503240419964     
          74          73  0.986226964320778     
          75          74  0.925767631502974     
          76          75   1.63305267266215     
          77          74  0.972793523145729     
          78          77   1.00343798541863     
          79          73  0.913879665956324     
          80          74  0.947700483269956     
          81          77  0.968300551760167     
          82          77  0.967374403369140     
          83          78  0.856904105794629     
          84          75   1.31864621819259     
          85          84  0.966134454779433     
          86          85  0.970830883568570     
          87          86   1.89090067448183     
          88          85  0.969725068932004     
          89          88  0.988237638037447     
          90          89   1.00465885161605     
          91          89   1.01258779794209     
          92          84  0.879577701409539     
          93          85  0.950632585276630     
          94          88  0.968780687299343     
          95          88  0.968879569364620     
          96          89  0.964837858023887     
          97          90  0.985581980762301     
          98          90  0.983211477988909     
          99          90  0.985923245994115     
         100          91  0.984982915527819     
         101          91  0.984230005124938     
         102          91  0.980428215213472     
         103           1  0.957183194333312     
         104          51  0.947279208221042     
         105          86  0.949985194139068     
