           2           1   1.01216500790178     
           3           2  0.948051471307584     
           4           3   1.60960222746099     
           5           2  0.970654677637653     
           6           5   1.00985265125449     
           7           6  0.981629041173749     
           8           7   1.70861332804268     
           9           7   1.20892074759916     
          10           1  0.953792002743855     
          11           2  0.965117760773787     
          12           5  0.965224501557071     
          13           5  0.972190123286387     
          14           6  0.928338518442330     
          15           6  0.967426538472432     
          16           9  0.944866409581800     
          17           9  0.936439062808941     
          18           3   1.30656640377176     
          19          18  0.973687185211538     
          20          19  0.924480304511752     
          21          20   1.60564325931464     
          22          19  0.992667754457849     
          23          18  0.925483289902179     
          24          19  0.960388701682975     
          25          22  0.975733196121064     
          26          22  0.975189174067080     
          27          22  0.979150841212114     
          28          20   1.33833213232881     
          29          28  0.971268105151928     
          30          29  0.921068982590822     
          31          30   1.61583734182711     
          32          29  0.977197470464744     
          33          32   1.01107181684293     
          34          33  0.991529568484586     
          35          34   1.00597364535990     
          36          35  0.957205905204692     
          37          28  0.918909387494306     
          38          29  0.952289281515532     
          39          32  0.966348731954053     
          40          32  0.971526252256618     
          41          33  0.973772226108131     
          42          33  0.978152297894869     
          43          34  0.975215177643255     
          44          34  0.973290073976182     
          45          35  0.963908195653913     
          46          35  0.962517198152498     
          47          36  0.890283997773078     
          48          36  0.894557851172971     
          49          36  0.892270853288152     
          50          30   1.31740482786338     
          51          50  0.978881187419063     
          52          51  0.934888852485467     
          53          52   1.62504120544000     
          54          51  0.965841008073524     
          55          54  0.998555147063317     
          56          55   1.52189577765466     
          57          55   1.35598194523004     
          58          56   1.32003923019593     
          59          57   1.49200430968792     
          60          58   1.55215292433695     
          60          59   1.36983584757485     
          61          50  0.923630193650719     
          62          51  0.952454889624926     
          63          54  0.968226502235993     
          64          54  0.963090798887877     
          65          56  0.964118506128887     
          66          57  0.972222060507594     
          67          58  0.968482559479044     
          68          59  0.974272268394167     
          69          60  0.968350987800721     
          70          52   1.31453910796933     
          71          70  0.958107999476687     
          72          71  0.949313046085695     
          73          72   1.62042225638975     
          74          71  0.968677660306183     
          75          74   1.02720700961329     
          76          75   1.57237236975530     
          77          75   1.20628125672229     
          78          76   1.19777493250423     
          79          77   1.22989175788585     
          79          78   1.16656979697798     
          80          77   1.35141512244491     
          81          79   1.33943471546557     
          82          80   1.49419484821556     
          83          81   1.49486193416080     
          83          82   1.36836806488011     
          84          70  0.919514812253380     
          85          71  0.955921892518579     
          86          74  0.964247183130803     
          87          74  0.953887897894995     
          88          76  0.968247536213504     
          89          78  0.942520448059293     
          90          80  0.973309485865587     
          91          81  0.971644583835531     
          92          82  0.975895031988690     
          93          83  0.972973720563256     
          94          72   1.30119762618846     
          95          94  0.985463336394587     
          96          95  0.905474254487759     
          97          96   1.60939205944516     
          98          95  0.981753493008432     
          99          98  0.999450312422771     
         100          99  0.984419829087749     
         101          99   1.02028413068359     
         102          94  0.912808421550769     
         103          95  0.951614312723212     
         104          98  0.972816787550278     
         105          98  0.965156035837063     
         106          99  0.970769216309743     
         107         100  0.984136618513712     
         108         100  0.985231867372638     
         109         100  0.985348142778039     
         110         101  0.978886224727501     
         111         101  0.982561055955293     
         112         101  0.974552969551582     
         113          96   1.32836603774164     
         114         113  0.987009870431322     
         115         114  0.965426520968255     
         116         115   1.62514810057432     
         117         113  0.921065522940833     
         118         114  0.957907874693030     
         119         114  0.951629921626970     
         120         115   1.29081055763577     
         121         120  0.968122113567752     
         122         121  0.937204001409372     
         123         122   1.60293426062718     
         124         121   1.00134919191705     
         125         124  0.996035825572955     
         126         125   1.00112198844511     
         127         125   1.00601556553791     
         128         120  0.921067941392199     
         129         121  0.936843354926551     
         130         124  0.959225630537149     
         131         124  0.955237795401393     
         132         125  0.965733377773849     
         133         126  0.981299267000750     
         134         126  0.984477444037755     
         135         126  0.985376917316907     
         136         127  0.981854711636363     
         137         127  0.980923368457164     
         138         127  0.975074266044064     
         139         122   1.30840425364959     
         140         139  0.989177607732604     
         141         140  0.971208229792776     
         142         141   1.62845614833119     
         143         139  0.921439726201053     
         144         140  0.950982631968514     
         145         140  0.951049617033753     
         146         141   1.27238772402350     
         147         146  0.996032100015479     
         148         147  0.896622745226079     
         149         148   1.48675390339326     
         150         148   1.50942399197970     
         151         146  0.934095204460188     
         152         147  0.970805654526768     
         153         147  0.961531593344029     
         155         154   1.02448235111057     
         156         155  0.996945976252731     
         157         156   1.86995183314133     
         158         155  0.927644555676455     
         159         158   1.01496760597849     
         160         159   1.34362766862840     
         161         159   1.48617092711762     
         162         160   1.50760014189155     
         163         161   1.36764384604134     
         164         162   1.33914236180584     
         164         163   1.44837024177236     
         165         164   1.02563278509518     
         166         154  0.953815045709608     
         167         155  0.936898589842449     
         168         158  0.972932735878668     
         169         158  0.966919807989639     
         170         160  0.971746053138158     
         171         161  0.969806338739335     
         172         162  0.971145890583740     
         173         163  0.970154935901110     
         174         165  0.877699767052773     
         176         175   1.01396000701491     
         177         176  0.953129336863421     
         178         177   1.63691835684473     
         179         176  0.952988903750444     
         180         179  0.997840323832054     
         181         180   1.40216460741762     
         182         180   1.42838170566026     
         183         181   1.44797525400688     
         184         182   1.43363633957508     
         185         183   1.36230365694270     
         185         184   1.38055647867161     
         186         185   1.07911828837594     
         187         175  0.956206756350435     
         188         176  0.968468579432906     
         189         179  0.976465318151166     
         190         179  0.961480448814234     
         191         181  0.974362602225617     
         192         182  0.971065612763749     
         193         183  0.974702364897138     
         194         184  0.967589513970283     
         195         186  0.851061638707171     
         196         177   1.28606333045747     
         197         196  0.979653222482208     
         198         197  0.946091763750501     
         199         198   1.63240057456322     
         200         197  0.989894706319272     
         201         200  0.977878115345001     
         202         196  0.927702956506498     
         203         197  0.943993574000445     
         204         200  0.973933293199031     
         205         200  0.975116051132367     
         206         201  0.868635013359666     
         207         198   1.27833366284765     
         208         207  0.953266677755965     
         209         208  0.965742266892099     
         210         209   1.88840287961916     
         211         208  0.969430790825532     
         212         211   1.00488359595072     
         213         207  0.991855296634255     
         213         212  0.992851091043868     
         214         208  0.945366640867532     
         215         211  0.972187903147742     
         216         211  0.967407699528102     
         217         212  0.971745912268503     
         218         212  0.975516660216089     
         219         213  0.966074201242689     
         220         213  0.960429508576024     
         222         221   1.00291856323963     
         223         222  0.990056816398184     
         224         223   1.87914956504617     
         225         222  0.952992334701191     
         226         225   1.02255995082002     
         227         226   1.63296385615248     
         228         226   1.17740139121214     
         229         227   1.14110850461698     
         230         228   1.24628970047104     
         230         229   1.22838733044910     
         231         228   1.25961489959031     
         232         230   1.32160573137099     
         233         231   1.64367260327660     
         234         232   1.55148001275057     
         234         233   1.25469187299503     
         235         221  0.936199946570703     
         236         222  0.963097007922059     
         237         225  0.956584094260867     
         238         225  0.956151814588010     
         239         227  0.971556680947809     
         240         229  0.945122097208545     
         241         231  0.961841117068164     
         242         232  0.961249498293026     
         243         233  0.937091756596552     
         244         234  0.969807803545266     
         246         245   1.01346787742108     
         247         246  0.966716312076745     
         248         247   1.86427135226761     
         249         246  0.969926704877113     
         250         249  0.976713927944734     
         251         250  0.992315656995074     
         252         250   1.03030870631515     
         253         245  0.945387285707544     
         254         246  0.962617200879616     
         255         249  0.974443599457106     
         256         249  0.970942507407272     
         257         250  0.966814568028357     
         258         251  0.984594838004945     
         259         251  0.986592417375422     
         260         251  0.986400715245765     
         261         252  0.978147133727566     
         262         252  0.979257122349598     
         263         252  0.973923066842648     
         265         264   1.02065918465758     
         266         265  0.958505473390767     
         267         266   1.60577680252589     
         268         265  0.974847939994992     
         269         264  0.951561418157999     
         270         265  0.967598236381922     
         271         268  0.981964820686524     
         272         268  0.979819480517308     
         273         268  0.982756897130814     
         274         266   1.29700856206507     
         275         274  0.980442233535464     
         276         275  0.945667569044641     
         277         276   1.90198802251313     
         278         275  0.984453331647227     
         279         278   1.00489077707538     
         280         279  0.975860172315555     
         281         280  0.967901897523041     
         282         281   1.30744441944279     
         283         282   1.30503419277713     
         284         282   1.32811359015807     
         285         274  0.901380059650034     
         286         275  0.951362013465140     
         287         278  0.952849301586357     
         288         278  0.956049693622818     
         289         279  0.978623453896277     
         290         279  0.970781797630696     
         291         280  0.972389930743617     
         292         280  0.969211240897407     
         293         281  0.925550254259697     
         294         283  0.900410744052037     
         295         283  0.920612548539322     
         296         284  0.917763971405034     
         297         284  0.898292551069714     
         299         298   1.02679132502354     
         300         299   1.00813377156255     
         301         300   1.85294351911051     
         302         299  0.941019155598266     
         303         302  0.996228895915152     
         304         303   1.00318738457045     
         305         304   1.63340278725666     
         306         304   1.27657820841616     
         307         298  0.953810762300236     
         308         299  0.938203471183558     
         309         302  0.976159417353886     
         310         302  0.972802575119352     
         311         303  0.961191271369540     
         312         303  0.938060661063679     
         313         306  0.933876425369767     
         314         306  0.933060180363282     
         316         315   1.01276600707453     
         317         316  0.914417770872790     
         318         317   1.64438045462822     
         319         316  0.973006262705247     
         320         319   1.01166924249432     
         321         319  0.974674238715370     
         322         315  0.950615856632031     
         323         316  0.966067253612105     
         324         319  0.961520398386554     
         325         320  0.872353106058389     
         326         321  0.981054660118303     
         327         321  0.979963094685861     
         328         321  0.985721826352636     
         329         317   1.30233681250466     
         330         329  0.981615285692304     
         331         330  0.978563892649811     
         332         331   1.90925931182645     
         333         330  0.958966362188396     
         334         333  0.978660946244129     
         335         329  0.911945097568828     
         336         330  0.946612038782589     
         337         333  0.977375789158827     
         338         333  0.974337534069589     
         339         334  0.870370929362026     
         341         340   1.00830436226515     
         342         341  0.946409696041376     
         343         342   1.61092359714696     
         344         341  0.972001671971565     
         345         344   1.01059111686922     
         346         345  0.980019294481100     
         347         346   1.71660805082924     
         348         346   1.20312252120626     
         349         340  0.956863248559660     
         350         341  0.966787922050338     
         351         344  0.967249212689928     
         352         344  0.971065109056881     
         353         345  0.929577544038608     
         354         345  0.967598541556077     
         355         348  0.942412399381499     
         356         348  0.937649975183563     
         357         342   1.31219919853233     
         358         357  0.972410508441695     
         359         358  0.963987100243584     
         360         359   1.91063873553426     
         361         358  0.979838853053704     
         362         357  0.924740604309917     
         363         358  0.956930607230165     
         364         361  0.975229045012133     
         365         361  0.972396878460299     
         366         361  0.976899678624889     
         368         367  0.994048974999845     
         369         368  0.985622373881580     
         370         369   1.87793588083689     
         371         368  0.948494655131135     
         372         371   1.02888333167093     
         373         372   1.56794318360974     
         374         372   1.20409980038981     
         375         373   1.19841708095451     
         376         374   1.22866958110534     
         376         375   1.16488666082315     
         377         374   1.35256055031548     
         378         376   1.34330777845120     
         379         377   1.49264904432401     
         380         378   1.49444581360803     
         380         379   1.37040155755031     
         381         367  0.947769417309700     
         382         368  0.967676805545629     
         383         371  0.965403139306333     
         384         371  0.960014418648086     
         385         373  0.969101935463296     
         386         375  0.944106300827823     
         387         377  0.973525254448249     
         388         378  0.972017675854627     
         389         379  0.977073732198244     
         390         380  0.975683563607726     
         392         391   1.02599970235014     
         393         392  0.942764949756747     
         394         393   1.88859564321514     
         395         392  0.965093567075943     
         396         395  0.997943158695996     
         397         396  0.983014031385875     
         398         396   1.02045321640793     
         399         391  0.950674053999710     
         400         392  0.955004959399100     
         401         395  0.974193197393382     
         402         395  0.968600549791696     
         403         396  0.972380540115239     
         404         397  0.984205930183607     
         405         397  0.987486121629036     
         406         397  0.986740616965543     
         407         398  0.979151517881523     
         408         398  0.982657951922905     
         409         398  0.973222059711386     
         411         410   1.02101934381731     
         412         411  0.952285434235285     
         413         412   1.62512452408244     
         414         411  0.962712978979131     
         415         414  0.968740982591043     
         416         410  0.946044729890876     
         417         411  0.961559659009823     
         418         414  0.982146173975397     
         419         414  0.977328116833281     
         420         415  0.880311501384648     
         421         412   1.29266596529988     
         422         421  0.978863838258732     
         423         422  0.981991223172927     
         424         423   1.89871107018093     
         425         422  0.955499031814467     
         426         425  0.993156565133811     
         427         426  0.950510656791903     
         428         427   1.43772741210618     
         429         427   1.52521694816778     
         430         421  0.927744536829745     
         431         422  0.952743527053242     
         432         425  0.977361750895513     
         433         425  0.973853847538393     
         434         426  0.979007884950927     
         435         426  0.961442239268831     
         437         436   1.00798259206017     
         438         437  0.928696329152913     
         439         438   1.58899350707174     
         440         437  0.987997744685371     
         441         436  0.957492387411136     
         442         437  0.972859375198415     
         443         440  0.980912111672081     
         444         440  0.981175127662608     
         445         440  0.980196404456888     
         446         438   1.34987087589574     
         447         446  0.977640733053597     
         448         447  0.959532761030724     
         449         448   1.89846836206915     
         450         447  0.967000602458662     
         451         450   1.01169779659548     
         452         451  0.990990590603123     
         453         452   1.00245596084473     
         454         453  0.946052526747738     
         455         446  0.907571819001361     
         456         447  0.948921417983419     
         457         450  0.965523554433985     
         458         450  0.970724763579693     
         459         451  0.973250570826822     
         460         451  0.978380246594946     
         461         452  0.976582931921436     
         462         452  0.973408523315612     
         463         453  0.966460913418648     
         464         453  0.968009487605517     
         465         454  0.898217670445518     
         466         454  0.885911349570793     
         467         454  0.900218479870630     
         469         468   1.02611504866536     
         470         469  0.946124371463217     
         471         470   1.88616945625552     
         472         469  0.964554325000097     
         473         472  0.999373925087345     
         474         473  0.982295085827299     
         475         473   1.02020539807948     
         476         468  0.943894830215719     
         477         469  0.954099261474706     
         478         472  0.974843265034856     
         479         472  0.968028043749460     
         480         473  0.973243302945542     
         481         474  0.985043372765848     
         482         474  0.986345936413116     
         483         474  0.985088583038071     
         484         475  0.982321694168079     
         485         475  0.982168361262147     
         486         475  0.974079408970053     
         487           1  0.952007613601942     
         488         154  0.951694016263839     
         489         156  0.954532866810701     
         490         175  0.956408675709557     
         491         209  0.955181728212280     
         492         221  0.954858257876650     
         493         223  0.953725520434949     
         494         245  0.957177324419876     
         495         247  0.956919184680831     
         496         264  0.957703080808041     
         497         276  0.958138880269618     
         498         298  0.946619549023525     
         499         300  0.959833184030822     
         500         315  0.956954484568436     
         501         331  0.949751722966611     
         502         340  0.956649809518553     
         503         359  0.955306603330000     
         504         367  0.958015338323647     
         505         369  0.952365823001983     
         506         391  0.955132072048460     
         507         393  0.958088772135016     
         508         410  0.952136785101701     
         509         423  0.950530290496761     
         510         436  0.957743963706409     
         511         448  0.959033541915662     
         512         468  0.956204382050756     
         513         470  0.960512852044777     
