   -0.41271363
    0.02263695
    0.18992357
   -0.37204039
   -0.03170444
   -0.07897662
   -0.15257981
   -0.14420234
    0.17594857
    0.07051168
    0.05309816
    0.04451997
    0.04444626
    0.06530361
    0.06435959
    0.06747036
    0.04193677
    0.04590571
    0.06273266
   -0.41053657
    0.02532637
    0.26192799
   -0.52941759
   -0.04057752
   -0.08352805
   -0.15394324
   -0.14489499
    0.17938089
    0.04064293
    0.05801270
    0.04509376
    0.04906105
    0.07424483
    0.06157040
    0.04108091
    0.03560956
    0.05317851
    0.06385528
   -0.16784151
    0.00722339
    0.19904517
   -0.34622607
    0.05269981
   -0.45652242
    0.23379610
    0.11663625
    0.08389310
    0.05956335
    0.36096275
   -0.41697673
    0.04484129
    0.26197984
   -0.52501333
   -0.00023394
   -0.34732099
    0.20026017
    0.02952381
    0.07875843
    0.06714041
    0.21758496
   -0.15833929
    0.01531931
    0.19967621
   -0.40408004
   -0.10512037
   -0.10579760
   -0.12064454
   -0.07598890
   -0.13111585
    0.24342883
    0.11488704
    0.10469467
    0.08317222
    0.07952429
    0.06599202
    0.10662131
    0.09727488
    0.12542576
    0.12447819
    0.29412831
    0.29712770
    0.29821381
   -0.39359680
    0.05144342
    0.19138400
   -0.37488406
    0.02077916
   -0.36690865
    0.18857863
    0.06163909
    0.06032672
    0.07639128
    0.20092154
   -0.41476700
    0.02172881
    0.25759167
   -0.52494301
    0.06188705
   -0.48992552
    0.18553062
    0.04564252
    0.04147962
    0.05120192
    0.34399405
   -0.06898120
    0.02333242
    0.27289126
   -0.45185858
   -0.06543641
   -0.08588994
   -0.01349978
    0.06110254
    0.06839738
    0.04153520
    0.08730350
    0.06279967
    0.08622259
    0.04906014
   -0.18221500
    0.00288936
    0.27199275
   -0.49085547
    0.04767262
   -0.50232272
    0.19960490
    0.12112960
    0.09992047
    0.05477513
    0.33013572
   -0.16974431
   -0.00387071
    0.27187376
   -0.50450109
   -0.12187827
   -0.11697721
   -0.13121009
   -0.09756706
   -0.13294730
    0.23959742
    0.10787121
    0.09955648
    0.08396992
    0.09098949
    0.08926064
    0.10438333
    0.11216522
    0.13833934
    0.11958508
    0.29360935
    0.29327950
    0.29645411
   -0.18843485
   -0.00262258
    0.26476168
   -0.51519547
   -0.11999864
   -0.10189791
   -0.10994707
   -0.07490837
   -0.13986674
    0.23452782
    0.11049427
    0.10875726
    0.07873899
    0.09525329
    0.05294719
    0.08430065
    0.08682044
    0.12578426
    0.13915851
    0.29816460
    0.29208617
    0.28541524
   -0.18421051
    0.01949042
    0.25961630
   -0.53640789
   -0.07047419
   -0.11546621
    0.37148701
   -0.63131692
   -0.67446484
    0.23536155
    0.06922627
    0.07812812
    0.04059737
    0.02466403
    0.07625611
   -0.18479078
    0.00916047
    0.27430678
   -0.51473231
   -0.04525771
   -0.09048327
   -0.14665675
   -0.14190553
    0.24198644
    0.07915178
    0.07953350
    0.05217418
    0.05371089
    0.09097801
    0.04851828
    0.05223394
    0.05895678
    0.06183278
    0.06280776
   -0.16667066
   -0.03986358
    0.27548843
   -0.52444932
    0.23919799
    0.10261619
    0.12022982
   -0.19059741
    0.02670252
    0.27382668
   -0.53109668
   -0.15431042
    0.23979848
    0.08493829
    0.06480831
    0.09976454
    0.07564258
   -0.19915527
    0.03450517
    0.26982486
   -0.53831928
   -0.08359380
   -0.01968851
   -0.20706554
   -0.07785139
    0.23327642
    0.05564927
    0.06936334
    0.08563694
    0.04860935
    0.04061637
    0.08670832
    0.07091475
    0.06964032
   -0.18077137
    0.03221449
    0.21067736
   -0.38710510
   -0.08486021
   -0.02732024
   -0.15250634
   -0.14684418
    0.25043220
    0.09611581
    0.07632466
    0.07108210
    0.05942268
    0.06681116
    0.05834510
    0.05898655
    0.06475387
    0.05134488
    0.04245605
   -0.42355378
    0.02616687
    0.20417086
   -0.37143539
   -0.08233575
   -0.00524984
   -0.12894476
   -0.11573386
    0.18225827
    0.06842879
    0.05578365
    0.05224270
    0.04795002
    0.05427845
    0.01842174
    0.05737933
    0.04968582
    0.05325861
    0.01685869
   -0.41771567
   -0.02438584
    0.26723029
   -0.49459758
    0.16771175
    0.08212001
    0.05245469
   -0.16720132
    0.01864348
    0.20798050
   -0.32310329
   -0.07981124
   -0.10951561
    0.36554275
   -0.67051996
   -0.65158201
    0.20209929
    0.08940520
    0.06404869
    0.05585712
    0.04936540
    0.05190886
   -0.41600251
    0.02247843
    0.25144398
   -0.51841607
   -0.09257829
   -0.09672306
   -0.11257254
   -0.06856932
   -0.13905892
    0.16735325
    0.06741709
    0.06371772
    0.05678782
    0.07318147
    0.06806025
    0.08208171
    0.07807930
    0.12708930
    0.12724236
    0.29998680
    0.29150126
    0.29174506
   -0.16897244
    0.00906924
    0.25791097
   -0.51567192
    0.11338309
   -0.48773621
   -0.15412262
    0.22604289
    0.09109468
    0.04527131
    0.31520383
    0.06661485
    0.07454503
    0.07487707
   -0.15703635
    0.01702570
    0.28344553
   -0.47901099
   -0.08977041
   -0.04961746
   -0.02182062
   -0.01777594
   -0.10152566
    0.03103701
   -0.05060376
   -0.06723218
   -0.06228120
   -0.05412551
    0.22750133
    0.11085115
    0.08283702
    0.06154767
    0.05263184
    0.19561659
    0.04614175
    0.04423517
    0.05022294
    0.04380772
   -0.17488001
   -0.04293341
    0.26684398
   -0.51138771
    0.21027670
    0.10220339
    0.10118961
   -0.18416831
    0.02431335
    0.25761499
   -0.52799948
   -0.09827845
   -0.01499866
   -0.13842956
   -0.14631002
    0.22537041
    0.08049535
    0.08226831
    0.07684373
    0.04461684
    0.05077755
    0.03590162
    0.06368595
    0.06018735
    0.05302197
    0.04040974
   -0.18738688
    0.01669707
    0.29059703
   -0.48184513
   -0.02438216
   -0.14442028
   -0.16061155
    0.23419895
    0.09595732
    0.05413700
    0.06848000
    0.04648831
    0.06213737
    0.06691220
    0.07700890
    0.06430089
   -0.20876645
    0.03642344
    0.20561429
   -0.39366566
   -0.09369884
   -0.00620089
   -0.13446508
   -0.13429285
    0.22903002
    0.08903911
    0.08187704
    0.05856569
    0.03445767
    0.06283557
    0.02753763
    0.06099498
    0.06008057
    0.06340465
    0.02991748
   -0.41450833
    0.03828226
    0.28158416
   -0.52874792
   -0.13700225
    0.18173431
    0.03782628
    0.05205245
    0.05159628
    0.07782616
   -0.15830892
    0.03172329
    0.20200432
   -0.40609755
   -0.09395722
   -0.01786032
   -0.14723376
   -0.14295735
    0.23131483
    0.09225569
    0.05693431
    0.07758041
    0.05373080
    0.06472770
    0.04229440
    0.05950685
    0.06245906
    0.05375917
    0.04808561
   -0.59632286
    0.31787961
    0.27618046
    0.17242734
    0.07819251
    0.17375808
    0.06825257
    0.16856037
    0.06893966
    0.18471208
    0.08145157
    0.17738513
    0.06103907
    0.17907175
    0.06061598
    0.20195783
    0.07620116
    0.18447407
    0.06133221
    0.17182838
    0.06868066
