$grad                                                                           
  cycle =      1    SCF energy =  -858.99001658279   |dE/dxyz| =  0.664442
   90.78431210195994     19.56794775535139     -5.36979831276197      n 
   90.03955461804992     21.19683954049726     -3.29894040023564      c 
   91.57572980535861     20.53134848859530     -0.94930633073689      c 
   92.64868346969406     22.12853276782906      0.34341330974804      o 
   87.20935526330062     20.89175859559801     -2.76147649201706      c 
   86.29790721033629     22.88483285751924     -0.95427118277909      c 
   86.08138915965512     25.37939152128343     -1.74675120506879      c 
   85.68228695182404     22.27934953138387      1.52029487529377      c 
   85.27170247111525     27.23383973717994     -0.09269384270216      c 
   84.85707949468576     24.13312605949848      3.17208673724944      c 
   84.65407408285080     26.61546190042256      2.37375699250569      c 
   89.39489106334615     18.58281967275011     -6.25485016438537      h 
   90.46380925741217     23.17153296950062     -3.78303674027867      h 
   86.20086749853915     21.04205992657357     -4.55554680921096      h 
   86.87782664621682     19.00545437893533     -1.99741548833750      h 
   86.54138219525912     25.86182749198256     -3.67623139021507      h 
   85.84661298465471     20.34561821023829      2.15024014694055      h 
   85.11505503033143     29.16421958456794     -0.73263086229367      h 
   84.37518741886225     23.63297308750569      5.08927992767490      h 
   84.01337269632486     28.06271760430522      3.66063149595657      h 
   91.65135433030513     18.07728582611430     -0.40729652441981      n 
   93.04990722050303     17.21104175281455      1.76803148891923      c 
   95.68223213994494     18.40568859232538      1.77668754246923      c 
   96.52341140981758     19.42752467689182      3.67800890329263      o 
   93.22475754041284     14.33190950344314      1.81144630383399      c 
   94.05533954709242     13.47629645007800      4.43425469397532      c 
   92.96614639412132     14.19252946602430      6.33298551963476      o 
   95.99664112872122     11.85393471253848      4.48877563314040      n 
   90.68927702826838     16.78513044494769     -1.44928244441192      h 
   92.11621422470044     17.85230897185567      3.51348872965554      h 
   91.33590726253053     13.57287848839158      1.45827141702952      h 
   94.49066618924631     13.68583060126204      0.32525629861722      h 
   96.67751676782181     11.31666004412208      6.18442398639730      h 
   96.96893565437789     11.39198565108410      2.92448347780477      h 
   97.02335649570431     18.19370865558358     -0.35662462064224      n 
   99.55546532101549     19.23258657108584     -0.40418958630233      c 
   99.54943447456530     22.08561570219401      0.01634046670864      c 
  101.23761486141714     23.03087917874627      1.31526729342073      o 
  101.02903863971783     18.58994199259432     -2.81151529205922      c 
  103.62418658239396     19.89492285477271     -2.92776813330943      c 
  105.37628771633157     19.28740271662467     -0.69729248135115      c 
  107.92234798071256     20.62961669479146     -0.93214073560153      c 
  109.58418523728704     20.08417129507795      1.27034491523691      n 
   96.29046233732720     17.37209372791265     -1.92343643130092      h 
  100.55252292908429     18.43357188591211      1.23224546629233      h 
  101.25405248800753     16.54312562561740     -2.89827695657217      h 
   99.90714156481327     19.19378207275951     -4.43390878644332      h 
  104.54027254251251     19.32501767290605     -4.68377245235368      h 
  103.33168240676102     21.93469812931871     -2.99979713754140      h 
  104.49132510361463     19.91636986423037      1.04806865415948      h 
  105.67065281338809     17.24939519680041     -0.60362649200005      h 
  108.86461966997599     20.00158888044433     -2.65618214150018      h 
  107.63706338363822     22.66720594683150     -1.03593027183368      h 
  111.44390777430610     20.12536212723881      0.74123972107191      h 
  109.47820086902450     21.40709678454437      2.89933639117448      h 
  109.18439083493497     18.34267235727401      2.02064885403428      h 
   97.80922564548598     23.50036273610850     -1.10381433208222      n 
   97.98547398389719     26.21534873116052     -0.71650682665389      c 
   97.83121526348280     26.79358443766083      2.11676792989933      c 
   99.10179254036730     28.48319880393198      3.07351164598418      o 
   96.12377361075569     27.82167919649457     -2.27621999403376      c 
   93.45680470169864     27.89885792428042     -1.15487583971390      c 
   96.13780569558109     26.95011469786136     -5.02455480551073      c 
   91.63391113423884     29.54357101966173     -2.66636325907126      c 
   96.45548902365911     22.72482597249171     -2.20926896896514      h 
   99.89822898493409     26.79441650572816     -1.29198680117131      h 
   96.89533705189827     29.74374836533982     -2.21647601429434      h 
   92.71029614273297     25.98709513046725     -1.01254518287502      h 
   93.57351393406437     28.66073907314158      0.75964816401975      h 
   95.05055875076719     28.26186615010630     -6.16570714300913      h 
   98.05975187709315     26.90414441108070     -5.74633974483333      h 
   95.32107825098154     25.07610922510162     -5.23310420576273      h 
   89.88464141297379     29.74542275418260     -1.61162609689615      h 
   92.43008652015773     31.41378890147320     -2.97172356102377      h 
   91.19495865374110     28.70723742380767     -4.49017207957878      h 
   96.22829953048247     25.36821393931402      3.44640707520198      n 
   95.94360414051050     25.70075113545129      6.15190157566484      c 
   98.42932010532728     24.99367311418484      7.43313071238171      c 
   99.55907834815125     26.42923351619455      8.86262633243160      o 
   93.75465940240895     24.10262390829115      7.18370605097430      c 
   91.19842191744975     24.87896132781670      6.04688195709695      c 
   93.73179083451167     24.23275834811949     10.06929728235110      c 
   90.38546081893240     27.59002545252984      6.58282811113236      c 
   95.12895938291076     24.06464821957769      2.57984918834192      h 
   95.64044809710833     27.71293191642438      6.55262390507861      h 
   94.11016205836208     22.14295601931194      6.61726374334377      h 
   91.23651082625888     24.58213020208011      4.00687985742245      h 
   89.77681962146296     23.59621988896500      6.81113492424070      h 
   92.11372708116748     23.21064130344528     10.80881658387966      h 
   95.43314657077292     23.38142074113313     10.84515916878212      h 
   93.64146059035116     26.17990870828426     10.71311373035947      h 
   88.52802277312522     27.91889519269970      5.77141772229593      h 
   90.28028564738402     27.95312812383510      8.59995494931131      h 
   91.67589494756446     28.94685095746556      5.74011228033495      h 
   99.33224632328306     22.71447789139692      6.86009497762621      n 
  101.75769907573127     21.95225051526213      7.85652912504215      c 
  103.68311374528831     24.09331360289367      7.51029153123473      c 
  105.01537928047021     24.79390592615412      9.27006150680020      o 
  102.72000681359589     19.62633668215448      6.48028453622516      c 
  100.79585444109976     16.82656710154174      7.06827833002499      s 
   98.38458410419980     21.51496365565671      5.69666831394078      h 
  101.61197229223342     21.60032847953444      9.90123796476062      h 
  102.56045334090886     19.97402721027733      4.46060109782495      h 
  104.68178551531108     19.23277385180913      6.96897587908445      h 
  101.87858329324280     16.12584069580012      9.22059660481253      h 
  103.83742529884977     25.03004743608975      5.18665105129423      n 
  105.68892181685963     26.90925762286157      4.47570279153719      c 
  105.52314743210999     29.19735635522207      6.22233618655496      c 
  107.40968696330602     30.13304208688030      7.21154472302910      o 
  105.27714086013448     27.71924648595066      1.72906855370165      c 
  107.26903643119510     29.35829507658738      1.06779423949548      o 
  102.67479402591866     24.38758028302275      3.80267605490077      h 
  107.59485472845148     26.09952341886347      4.65356865107923      h 
  105.27420701996908     26.02658548271708      0.53768823437349      h 
  103.43583312404618     28.65291893873142      1.53082225226383      h 
  107.19927616919897     29.67500497281384     -0.72841531531419      h 
  103.21012035853545     30.10557768714400      6.54611813251386      n 
  102.69797096496551     32.21267792024926      8.21952407081892      c 
  103.91287381245370     31.76130879924810     10.79527840198575      c 
  105.11735696409177     33.43415720547024     11.87364651005601      o 
   99.82554134922579     32.51614407882909      8.41669042921459      c 
   98.90996127630277     34.59038073480331     10.21570587727069      c 
   99.92781258344323     37.18479899797660      9.47362762961508      c 
   96.02242154906658     34.61160559261371     10.22403838838426      c 
  101.71199125620025     29.32623578911913      5.63330467658418      h 
  103.56442955069537     33.92988629537861      7.44093164188499      h 
   99.12488737138857     32.90224240795986      6.51534983003616      h 
   99.04909076931990     30.70764797281728      9.03318974269605      h 
   99.56494602111209     34.12887252468106     12.12132183552256      h 
   99.07310978158813     38.64762058690882     10.63480892489598      h 
  101.96111182366379     37.26681876919655      9.73755377281329      h 
   99.49852660599966     37.58320092703908      7.50326272315632      h 
   95.30046363859249     35.97935834185316     11.57643224729649      h 
   95.32413357369137     35.11267196213232      8.35764010437637      h 
   95.27327962618803     32.76315449836223     10.72122178303731      h 
  103.51121487533308     29.50933948900223     11.84642267243305      n 
  104.40882892567986     29.05340182040324     14.39447270164255      c 
  107.28935748259478     28.78081111913237     14.45536108807850      c 
  108.57716901742906     29.89528096634387     16.03426290521252      o 
  103.05877928957115     26.85874470021633     15.76380726242847      c 
  100.26937754222470     26.84552392916506     15.03147856296773      c 
  104.23139043729884     24.26182957257083     15.32473660073753      c 
  102.54764992414830     28.15846763710141     10.89815796128503      h 
  103.99012859792956     30.79208478724124     15.44157760822905      h 
  103.21720414535577     27.27264006658185     17.78665590732300      h 
   99.20416416514196     25.71094638495993     16.36660756718836      h 
   99.51903297979963     28.75246194233668     15.02483824531689      h 
   99.99928965201566     26.04929709489029     13.15873547457425      h 
  103.09407631216051     22.83512327381566     16.26924748901720      h 
  104.29427794289575     23.82223768534574     13.32203216404273      h 
  106.13657691394374     24.15862685199285     16.09127076416700      h 
  108.21849569896484     27.29174937638099     12.66392359433586      n 
  110.86844137387915     26.70063095133756     12.39379665123932      c 
  112.45592628753549     29.11146350695418     12.31898887076138      c 
  114.43727870279233     29.32951911009933     13.47800720046058      o 
  111.28809557368358     25.29930054250631      9.89350330964713      c 
  110.30020821869783     22.59248900547994      9.90792011376302      c 
  109.62989530804857     21.54926678293017      7.27058465040618      c 
  109.99582752195361     22.91992953419805      5.34929537883015      o 
  108.73410231365574     19.38661845333263      7.14870835587304      o 
  107.02613528404453     26.49880999988548     11.38954703476865      h 
  111.52744196793340     25.56032189119389     13.99906291475942      h 
  110.30858969166590     26.35490837607043      8.41742563181948      h 
  113.30470168086966     25.31332431801775      9.45644961368899      h 
  111.66844221216158     21.30415540909676     10.76034676584553      h 
  108.57072175342530     22.45617833615904     11.02455154762319      h 
  111.51012975670950     30.91529888283560     10.79776338764066      n 
  113.07088034130568     32.93910934570393      9.84636936912217      c 
  112.41313711760782     35.55762965475879     10.88161285275184      c 
  113.85765961031660     37.33250929981383     10.52187892219707      o 
  112.91596797904732     32.98646627748139      6.95114109684154      c 
  114.02021528419419     30.53216772806904      5.92661024606386      c 
  116.25859912461092     30.01609892477239      6.15312439446094      o 
  112.34941694490047     29.03729105196244      4.75409353153233      n 
  109.93113531352425     30.52793235729744      9.77984801576697      h 
  115.02751984165005     32.52393834874916     10.41063299923357      h 
  110.95471489572323     33.21595625707727      6.37064312381828      h 
  114.05001653642488     34.55944836291718      6.26128488760080      h 
  112.85827398308840     27.27677366181608      4.22739662925047      h 
  110.48381524727650     29.44109343795310      4.81006301688020      h 
  110.25405398542637     35.74910449402153     12.16890462564472      n 
  109.40950083531557     38.12524747076245     13.23794634580481      c 
  108.59307770311219     37.78050189798405     15.98998521157164      c 
  109.65810349938319     38.91558883728300     17.69878194104562      o 
  107.30239298113453     39.36468584061983     11.64009177680840      c 
  108.34379902227847     39.99397554025659      9.00943479298411      c 
  106.31890133941130     41.71994243951450     12.98381322697049      c 
  106.41722766148342     41.21487735867562      7.25213371073428      c 
  109.01513081098761     34.29181078208084     12.17039269412295      h 
  111.06395655550278     39.37225010216803     13.25934784499243      h 
  105.76980093834720     37.99326247749195     11.43258531611884      h 
  109.96058503798898     41.25928617208533      9.20245662502580      h 
  109.02384906619004     38.25360365957525      8.13353485257473      h 
  104.68635536965441     42.47186161740964     11.99718327106497      h 
  105.74693393986733     41.28194573289110     14.90554457442106      h 
  107.77977710587943     43.16155987636355     13.05459621054011      h 
  107.28168472602168     41.49838185393681      5.41154508944697      h 
  104.75799203125244     40.02479367499654      7.02457525706981      h 
  105.81347345443378     43.04130442850095      7.96462296811469      h 
  106.64454870471948     36.22346614516278     16.41340899890521      n 
  105.56098456384917     36.12246486536478     18.93231712923567      c 
  107.55581382559788     35.36417872283477     20.87516299377642      c 
  107.81362446904843     36.57283529946091     22.83829513252327      o 
  103.26168500097680     34.36731301775892     19.14130963847540      c 
  101.17238407485614     35.07064430773159     17.25066816967910      c 
  102.27264208386431     34.35713199618593     21.85662546894022      c 
   99.97343595716868     37.65877961857242     17.65187539729126      c 
  105.87883600912859     35.21509147860964     14.97709552523100      h 
  104.98209179774656     38.04335213988598     19.47200431496244      h 
  103.91004478159172     32.45068936352254     18.69850731340950      h 
  101.93985178312462     34.99201526138897     15.33815734787999      h 
   99.69394597436029     33.63729935806388     17.38676805896761      h 
  100.49541903312324     33.33387425189057     21.94954875101776      h 
  103.61463058106465     33.44659206727817     23.11645034520191      h 
  101.96855847717266     36.26915024088526     22.53980030188750      h 
   98.49141512278892     37.94303851038497     16.25835568274419      h 
   99.12465125164299     37.80227307802304     19.51405476701701      h 
  101.34620535867320     39.16861515080977     17.43120960526535      h 
  108.95231811869620     33.32688411762063     20.35497969678440      n 
  110.74999354828664     32.40551618998141     22.21754873461494      c 
  112.91859530755347     34.32944217009628     22.53714670978114      c 
  113.46305097048200     35.09216258140042     24.67411201607567      o 
  111.55027316876769     29.69073992578593     21.62958441751636      c 
  109.37080611683881     27.86266474999323     22.10340558587117      c 
  110.01053842033954     24.70176601315030     20.81630496480518      s 
  111.26185374254366     23.11589751324537     23.56224851706591      c 
  108.69546348817029     32.26927277014889     18.77029756418483      h 
  109.80630081761262     32.40918837895642     24.07436415578402      h 
  112.08460656623832     29.50742938783878     19.64987236242918      h 
  113.15892114921947     29.16386864186114     22.80728241081259      h 
  108.95568210338442     27.61100517886955     24.10426399652926      h 
  107.67216995530005     28.49106017764256     21.12753905468274      h 
  112.03121339152027     21.32093468094226     22.93430875393247      h 
  112.74632147704155     24.23506738460379     24.42855136537802      h 
  109.76753107474801     22.74131948716013     24.92458747395911      h 
  114.01847773995429     35.27103422112280     20.48173243498785      n 
  115.74882022557055     37.41153672740965     20.68588220457546      c 
  114.78751756131774     39.70123352125902     22.13947032757984      c 
  116.33311119510314     41.27927817438717     22.86583204104425      o 
  116.21576135376642     38.15291693051966     17.92355080091688      c 
  116.13767036096752     35.60333257423042     16.59653284572357      c 
  113.92912830116700     34.29154323959424     17.90729440811572      c 
  117.49750321546320     36.79777494085820     21.61513298171581      h 
  114.63025359441940     39.30041137028451     17.27750114999273      h 
  117.97720345673963     39.16908126078585     17.64274956448431      h 
  115.83683596948215     35.75991866052597     14.57366472965978      h 
  117.87017186396105     34.54225466491134     16.92642312143194      h 
  112.13966003187666     34.78314260499403     17.00497389532574      h 
  114.12680715172833     32.24451940432966     17.85973543439868      h 
  112.30987750777500     40.05366139863985     22.35243987997519      n 
  111.28947082136524     42.00662986878915     23.98078249167396      c 
  111.32507537984532     41.10768977809062     26.73175201538328      c 
  112.65656094046824     42.14661596494151     28.31775829029388      o 
  108.60944317448563     42.76711802468609     23.21037576822557      c 
  108.49708999097959     44.30878728008835     20.75574939973800      c 
  105.78457413003727     44.32860109068179     19.76866292610533      c 
  109.39109551173836     47.01977777711008     21.17603271179869      c 
  111.07628876758614     38.78241420937098     21.64043006307566      h 
  112.57724354198442     43.62459258245526     23.91311068865658      h 
  107.49513542645428     41.05059849888485     22.97204991008117      h 
  107.77206174997015     43.85404461559818     24.75102802943573      h 
  109.68566241168413     43.34720767517486     19.36601296302868      h 
  105.63289879973301     45.45214938638897     18.05610718306376      h 
  105.15390044141354     42.41801540017045     19.34379764618004      h 
  104.51233951096086     45.11761216610102     21.17756832578180      h 
  109.51453041255024     48.02722876999665     19.39130905228241      h 
  108.04146657379042     48.00960204412412     22.36900233883822      h 
  111.21121814418103     47.06091273290920     22.11800858166128      h 
  109.77168602350751     39.19743570122420     27.26630262078911      n 
  109.37407844263755     38.38208131562570     29.84753139619038      c 
  111.89678583391887     38.26338460991313     31.26604803294080      c 
  112.16139902005617     39.24764739078169     33.34851612614646      o 
  107.99995413011513     35.82229146184400     29.95268249244119      c 
  105.32414944512166     36.09538611220747     28.86436180061857      c 
  107.92558237933355     34.85434447145367     32.67197873695480      c 
  103.83694558265789     33.62684915145447     28.84925539903207      c 
  108.94138916437944     38.21398257627321     25.84969629156022      h 
  108.21697520902542     39.80241879309024     30.83187670913901      h 
  109.06312784321081     34.47383746421757     28.79260499478001      h 
  104.28389473689781     37.48453199236112     29.97764576675120      h 
  105.45322905806648     36.78045802535053     26.92506926941645      h 
  107.15480543249346     32.95358245496037     32.74003074546325      h 
  109.80705662919077     34.77450746730879     33.49968148820303      h 
  106.75535695657067     36.07798167593219     33.83805512013120      h 
  102.05946976255179     33.89123830094287     27.85529593939846      h 
  104.89051485432311     32.12697942103559     27.91112800179660      h 
  103.40756336808577     32.99577746235732     30.75460097151567      h 
  113.70972291080687     37.00596444903925     30.03097081382522      n 
  116.09086841902466     36.34046118950765     31.17478656339088      c 
  117.99296701789491     38.48604100958534     31.53992160037263      c 
  120.08198275923648     38.02576652386764     32.41603484076395      o 
  113.34375450279175     36.31020840804837     28.28349501148254      h 
  115.76343856574638     35.61246960782102     33.08756749071190      h 
  116.97208799505104     34.84993700919802     30.05821035847232      h 
  117.26292418328785     40.78203754050202     30.78970480590947      n 
  118.72255647304272     43.02281786144779     31.32354767719988      c 
  117.40739965413481     44.92956548378515     33.05769459972638      c 
  118.58313789768670     46.77184085499064     33.80907244105690      o 
  119.46136216586480     44.38447190266642     28.87169553128568      c 
  121.22905077156945     42.76129991526847     27.26333810508033      c 
  122.63450540429496     44.39238690661046     25.33512231534666      c 
  124.28418642762543     42.83730211895349     23.55832990537046      c 
  126.44563661484625     41.70515846070181     24.96176325963062      n 
  115.53556765421101     41.04412688217177     29.99913115899954      h 
  120.42532869004991     42.39417648653308     32.32529949983112      h 
  117.72969568117875     44.81263489175631     27.84226468839572      h 
  120.37951017944347     46.14849903622088     29.41536065986660      h 
  122.53260060305691     41.81674902432505     28.55051466969688      h 
  120.10657025379361     41.32117905501079     26.30966922293675      h 
  121.23427528915359     45.39070306176800     24.21427604428807      h 
  123.76052650523947     45.80178284720701     26.33030536686327      h 
  123.16188147464993     41.32072660454079     22.72785309255353      h 
  125.04901408839829     44.04457171099907     22.07266675933883      h 
  127.59550265973260     40.66863365670702     23.78075251759685      h 
  127.49504732346210     43.11421085422303     25.80612103834545      h 
  125.77848974935168     40.52759113420709     26.36240314521452      h 
   95.55936356770131     22.58793122308393     23.15959691351817      n 
   94.85756776850162     22.49972963180618     20.51236561563511      c 
   92.04225452393779     23.14678888809394     20.26292847712315      c 
   91.25792207662136     24.38708781892858     18.46913875683169      o 
   95.62711631032671     19.99891580299577     19.23354839567369      c 
   96.10891971624027     20.45494823776063     16.41107306821915      c 
   93.64920258043591     17.94300881031812     19.62146400244032      c 
   97.09369873622310     18.12426937317753     15.03158317498375      c 
   96.09207784665577     20.97229721171314     24.03218343206963      h 
   95.85524555722594     24.05843648307941     19.56567125541260      h 
   97.39627128629829     19.39845400121691     20.13667257754046      h 
   94.35044103652528     21.09632979750490     15.54527963030762      h 
   97.49705354912643     21.96874377519548     16.21283412613006      h 
   94.37941187060835     16.13362184478600     18.98681953151199      h 
   93.17623666821964     17.77331334910347     21.60877977031742      h 
   91.94267396429696     18.38047211684795     18.56219041933132      h 
   97.64996073187272     18.62776122314855     13.12007116594542      h 
   98.73268449120432     17.35743079096029     16.01142326505111      h 
   95.65733055290396     16.66423393779241     14.91585628849584      h 
   89.30632000286634     27.08980224282503     24.10399856108707      n 
   89.47904552153281     29.81088857238499     24.35650430405872      c 
   90.08966565381135     31.00771900893852     21.79425400724891      c 
   88.89606136590223     32.81874535576227     20.97896141663382      o 
   91.54673494889029     30.56630588680247     26.24072957462307      c 
   92.19307402646137     33.31354516821074     25.87744113021788      c 
   90.51803628693342     35.19417428160084     26.61283446023361      c 
   94.43400598525342     33.99144337343596     24.69307027951277      c 
   91.06746000725731     37.70779271826609     26.15150824905061      c 
   94.99183851985629     36.50651147386795     24.24773767224994      c 
   93.30265345699097     38.37083471746310     24.96328355436135      c 
   90.27991019323090     25.97904048635801     25.32603090597657      h 
   87.63952137436895     30.57102687802572     24.94580098547697      h 
   90.89463981010825     30.19888397490852     28.16181032231053      h 
   93.21704499244734     29.42364839713634     25.85436352026919      h 
   88.78499381398211     34.67758483197105     27.55928922682732      h 
   95.74678701991087     32.53230684383528     24.12849750610977      h 
   89.75761894492595     39.14997626636489     26.74978793155246      h 
   96.75618393995238     37.00321806023940     23.35103333200675      h 
   93.74641276176531     40.32985264994192     24.61349759776148      h 
   92.02253398020164     29.98532534636882     20.55907126923784      n 
   92.83147973346398     31.01032401619072     18.15223841496893      c 
   90.58356547841832     31.21029866230458     16.35048913704266      c 
   90.16537263014666     33.12391363907059     15.11381371414184      o 
   94.85028799990387     29.32600890276351     17.00502427258495      c 
   93.10857622661261     28.62213987898876     21.36147313359611      h 
   93.57269307396164     32.92987319485346     18.42545942601540      h 
   95.45785158700888     30.10649457877309     15.20663664402359      h 
   96.45103972797320     29.22490500272064     18.28660297761094      h 
   94.09813194089256     27.43818165504693     16.70112078153170      h 
   89.17455591175631     29.13153729205975     16.15542164888189      n 
   87.00496617636216     29.10228122066319     14.48519555186479      c 
   85.21760528258528     31.27408262233340     15.16763229054854      c 
   84.39806923373843     32.73190785805875     13.55797283843981      o 
   85.68150530825909     26.54493471053537     14.64356762817057      c 
   83.36214268825536     26.33965124389510     12.92245091465193      c 
   84.06092292136665     26.61947576923468     10.13623890206469      c 
   82.08209705326341     23.79207992195281     13.36376854874679      c 
   89.59322362793897     27.54222107730026     17.14014279525163      h 
   87.65627265805034     29.46866089124843     12.54863325948662      h 
   87.05128122285528     25.08410923874544     14.14364485692375      h 
   85.11093380977862     26.22687099026138     16.60063434169488      h 
   82.03560536879458     27.84649209642909     13.42764529110718      h 
   82.41620635947206     26.26437548223444      8.95703179497925      h 
   84.73280269488527     28.51325906407997      9.71375968328647      h 
   85.53608313346648     25.27848460948606      9.63975067428257      h 
   80.43409177181952     23.61449397655523     12.15119618140810      h 
   83.38876862150124     22.26296095017386     12.93755055045260      h 
   81.48732063902368     23.61086932873873     15.32176088178846      h 
   86.00680614658309     36.72733392115148     18.13353423633510      n 
   86.84800510191991     39.22625766213008     17.39120407328161      c 
   86.74891797126732     39.51621807142658     14.50429081740965      c 
   85.75133032738407     41.37169300207647     13.53291583769114      o 
   89.42055735728327     39.99016947912691     18.54082897212930      c 
   90.30123689479780     42.47861971619869     17.33299598493707      c 
   91.44295400732074     37.96054127930592     18.27133288531710      c 
   92.47039967042424     43.72636684520420     18.76307445221664      c 
   87.25789652563681     35.46741985360445     18.84435374622863      h 
   85.40920271101596     40.55454865483071     18.08325304700357      h 
   89.11935019354384     40.28807240224192     20.56674324289748      h 
   90.89491768996272     42.09473481664726     15.39542843621058      h 
   88.71850006763329     43.79476877445565     17.21650061928209      h 
   93.20668365020069     38.63955314368573     19.07039938847713      h 
   90.92085682933542     36.26232939091147     19.29632646402833      h 
   91.76157671193204     37.47334089677248     16.30286492242694      h 
   92.88245689922505     45.56301050748099     17.94248458597787      h 
   91.99365451512411     43.97814200368322     20.74313780679087      h 
   94.18262924563312     42.60052354460583     18.64427494616832      h 
   87.76752302564930     37.64469799458125     13.16007101117686      n 
   87.64622985991500     37.65301856754012     10.42220825191922      c 
   84.99926646734593     38.43686036792284      9.54120933730221      c 
   84.67570029048490     40.13693944123752      7.99896322812511      o 
   88.30343366001782     35.01497703434951      9.41226150704208      c 
   87.96145126814407     34.86713370449819      6.59573170642291      c 
   89.88359510081744     35.61059939820544      4.97037290869226      c 
   85.69940596389196     34.02585482187953      5.56279125013800      c 
   89.55639388926124     35.51222671057332      2.37835054382344      c 
   85.35830944171714     33.94756110759560      2.97134540531844      c 
   87.28910304497967     34.68655567682557      1.36874649791263      c 
   88.48212274408769     36.07649639668946     14.00297559177052      h 
   88.96733195092322     39.06099412302789      9.65288440361175      h 
   90.25523482925175     34.59846199967097      9.93326024591457      h 
   87.07130164002135     33.65558589516866     10.34975560193195      h 
   91.65660342963339     36.26750805901977      5.74127854757024      h 
   84.18947810229034     33.42830835758135      6.79920981241711      h 
   91.07489054348254     36.08260578638621      1.13875489472091      h 
   83.57699078509157     33.31445020029773      2.20179803455651      h 
   87.03471180167493     34.62483041788304     -0.65545113635457      h 
   85.22188830827690     12.98703035765369      7.89819009494097      n 
   87.32569789072191     14.09702929147031      9.27072728692083      c 
   87.62104198695160     12.83246596934267     11.84225959161586      c 
   89.58763605148113     11.84477850408765     12.56329120737350      o 
   86.93344809601230     16.94993405857992      9.61548430803697      c 
   89.03175062114347     18.04815866123953     11.26209803497603      c 
   86.88570079560864     18.26461159820057      7.05251466587963      c 
   83.69286414499369     14.07489060546555      7.52835664159114      h 
   89.08193773046862     13.75386647453445      8.21832719399167      h 
   85.10308932946212     17.23327769262043     10.54474774464043      h 
   88.78850871445233     20.07920911473029     11.45300032866114      h 
   89.02366236599056     17.23134115097841     13.14759343060206      h 
   90.85948317053533     17.67975567487537     10.39782912213575      h 
   86.76858492275349     20.29819409945923      7.31314329436605      h 
   88.60760232629801     17.84182711857271      6.01463154501386      h 
   85.26035098390284     17.65866153299936      5.95639677033741      h 
  122.04244187760450     48.05578954356429     -1.56558552232573      n 
  121.24728085386739     49.14379999851090      0.80095341814197      c 
  123.21311048626694     48.90215716147743      2.91291031194349      c 
  124.62303322595534     47.10147463101495      3.14353772628098      o 
  118.87437775727552     47.83746383319647      1.84520084479821      c 
  116.47573830477901     48.47214669145080      0.48922135543013      c 
  116.14435765153628     49.60320056421170     -1.80599003838525      c 
  113.99849592403120     47.98885535028471      1.45992307360297      c 
  113.62433521293036     49.84815141017209     -2.32633615359813      n 
  112.25950585348282     48.86885109991310     -0.37324843115897      c 
  113.09807556847775     46.93606626917416      3.70243458534103      c 
  109.66233895708218     48.70202827555364     -0.00394473999128      c 
  110.52896304538861     46.78551509960954      4.06007795856534      c 
  108.83218660151799     47.64954405920618      2.22883496051966      c 
  122.25100930622000     46.16502585787606     -1.70247521520483      h 
  120.87021335894140     51.14164207490700      0.43004640467733      h 
  119.20179545564751     45.79381228475313      1.83714922349460      h 
  118.69859343200048     48.37396359492092      3.83172473643331      h 
  117.51192738365214     50.30499488054344     -3.12843472639017      h 
  112.91756666830318     50.53069305170067     -3.95242867446723      h 
  114.40042153247478     46.27861915929645      5.12283931002629      h 
  108.34704078119306     49.37497273862449     -1.41401589440937      h 
  109.79156808684486     45.99613833992036      5.78609878190911      h 
  106.82754886613986     47.50055684932493      2.57317365527007      h 
  123.67530042522991     46.17113748330758     16.15873054503514      n 
  123.10711031932856     45.33717069342700     13.61147097345037      c 
  120.60210518362032     43.90654197858011     13.71085404671395      c 
  120.02227411019138     42.70878464770009     15.60121159023349      o 
  125.32300735050484     43.74482592770521     12.54796515632588      c 
  125.10830604776932     43.38367691480167      9.68360404054399      c 
  125.57505161068335     41.21230893538397     13.91156528475921      c 
  127.68580419347573     42.95462552396904      8.46353863013690      c 
  123.11250477203046     44.98529171831760     17.55226654996475      h 
  122.90751965702383     47.02911197204506     12.43994976390331      h 
  127.01806561982653     44.88539650097587     12.87900732506911      h 
  123.86790779067114     41.79569908937508      9.23430297212696      h 
  124.27736321511624     45.05619445892290      8.80062451700967      h 
  127.13801288740187     40.18069439151638     13.07564998163375      h 
  125.87698567489466     41.52041712204338     15.91500946488139      h 
  123.87358224595667     40.08898699369659     13.65784800673408      h 
  127.46982353153271     42.95103909340322      6.41941779471023      h 
  128.99412833234746     44.46777964211841      8.93935256326018      h 
  128.50078877274510     41.16062606885262      9.03383243679065      h 
  119.16500290772133     44.25814547208623     11.67987994325380      n 
  116.89855082888484     42.95131569655885     10.87922307602560      c 
  117.16589384283067     42.86113996829721      7.99019214468891      c 
  118.52119066284142     44.41941717809265      6.93765306392796      o 
  114.40771993660501     44.40811050346343     11.46933546747644      c 
  114.59721060065961     46.29967800203660     13.64664158679079      c 
  114.86593602434846     45.04450992999964     16.23742274639692      c 
  115.88780707659284     46.89896867204762     18.20389919343851      c 
  117.42782062290432     45.55993434846388     20.14645007270343      n 
  119.88304551767777     45.27847161950988     10.21535111448289      h 
  116.84497904728561     41.05165265170314     11.68595959282151      h 
  113.85190315793238     45.45574110365212      9.78024321755625      h 
  112.93773788200951     43.02055892859040     11.85392107438630      h 
  116.22165622082855     47.51601556480337     13.28710102565632      h 
  112.92012451479870     47.49615148617687     13.60135068748041      h 
  113.04457773298876     44.29143543299650     16.82690464136724      h 
  116.18783251589460     43.48042911008686     16.04644341293124      h 
  117.12735329122043     48.28093793486137     17.29460955370607      h 
  114.35502521291259     47.92087093878524     19.12023338606803      h 
  118.17697417969171     46.87979190470128     21.36046423272232      h 
  116.45095062172551     44.20318652354790     21.22601867548126      h 
  118.82761116945956     44.55910728892621     19.21905701711370      h 
  115.83016302174435     41.11585014405193      6.73011066594207      n 
  116.31991721734227     40.77035168007787      4.06565275027124      c 
  114.04614847754418     40.90823381167211      2.27206443243612      c 
  112.05464100535991     39.81060378860573      2.62479186312730      o 
  117.57578836021790     38.17762954874517      3.56684747413371      c 
  120.21876203769602     38.02405411090417      4.58824166990849      c 
  120.72531166588678     36.97947006812046      6.94147806143446      c 
  122.22292056994287     38.86362629849212      3.11580290713928      c 
  123.18478097849480     36.68734294251420      7.76224702928467      c 
  124.68917999121884     38.57496565366396      3.91546395398774      c 
  125.18805383776316     37.43285584626218      6.22856697243566      c 
  127.57873933301669     37.01622463520069      7.05834830166361      o 
  114.83614355008378     39.79148627248269      7.69841226529651      h 
  117.66055368932521     42.26561471273350      3.56387892745051      h 
  116.39744124983754     36.69706402633401      4.38008681212039      h 
  117.65179389775744     37.87516381788591      1.52777504554901      h 
  119.18350601573471     36.34099330647730      8.11326660257472      h 
  121.86371416526856     39.71368730508186      1.29267522172060      h 
  123.59289847640092     35.81145038148465      9.55344360167707      h 
  126.21746180741025     39.20818149290844      2.71639913117204      h 
  128.77552366309166     37.48044663578325      5.76095054708133      h 
  113.84545804235808     37.65341270673650     -2.39822132171741      n 
  113.27604805580650     35.01484978625121     -2.92134824009633      c 
  110.43015288808897     34.58145854169924     -2.62232571785114      c 
  109.25517044534379     33.17232319960235     -4.04648389993175      o 
  114.84831849728388     33.34693326523517     -1.13949909714563      c 
  115.44877362133816     30.69663892378898     -2.15260238771409      c 
  117.61794936747660     29.58451692387538     -0.59707622810549      c 
  113.14812806619847     28.96045053220919     -2.08056304498043      c 
  115.45934661270215     38.05420064686832     -1.46041695971592      h 
  113.75255488227140     34.56263191713870     -4.89266044217395      h 
  116.65623149490590     34.30107638412127     -0.85872035601076      h 
  113.91117916272518     33.20598004986080      0.69327356829354      h 
  116.08400774156472     30.88759022959528     -4.11618220121553      h 
  118.04747976793259     27.68148896760983     -1.23233229560923      h 
  119.31434643166641     30.72390798879000     -0.81220519188599      h 
  117.13712985512643     29.53512107285185      1.39958655989866      h 
  113.68949408275783     27.06851085437798     -2.66245220627961      h 
  112.36833051839757     28.91650136270028     -0.18141142138270      h 
  111.69987019056715     29.62980496724293     -3.37224401743945      h 
  109.29968145607769     35.75295226537134     -0.69718194334352      n 
  106.57836861470578     35.53455293543793     -0.39036585906961      c 
  105.20598700858764     36.16911806508843     -2.85995509652097      c 
  103.70554036089911     34.69889709300812     -3.84477130479870      o 
  105.67520935045471     37.25119851673143      1.75505604341351      c 
  102.83217328121772     37.39679689240615      1.85047784290655      c 
  101.36915809723193     35.22027320013714      1.99155304746088      c 
  101.62714065075284     39.72710307714281      1.78083670054152      c 
   98.75909204242828     35.37266504762506      2.03567609292206      c 
   99.01708075532196     39.88445972168192      1.86043353979345      c 
   97.57454375760592     37.70540898072605      1.98099483016334      c 
  110.24839892553207     36.94513818715490      0.47221948690690      h 
  106.12469566927348     33.56273761045590      0.05113354795329      h 
  106.42586098144128     36.49143169190604      3.52230977423331      h 
  106.45854280151796     39.14032343774561      1.49730722537095      h 
  102.25953201125839     33.38822746861798      2.06016078846623      h 
  102.74100504696669     41.43328279469151      1.67675287369680      h 
   97.65766335102911     33.65712653941328      2.10742960780288      h 
   98.11520797530115     41.71379816661057      1.81823959064303      h 
   95.53970162928015     37.83026846939720      2.03893711381324      h 
  105.74803521923826     31.64087766148531     -8.18285267473512      n 
  104.22751922673322     29.36804840480107     -8.08329633514486      c 
  101.53307146626067     29.87794071782299     -8.98978006273361      c 
  100.23262805453885     28.17553972802989     -9.88347254717635      o 
  104.27447355296410     28.22674929512278     -5.41980557705749      c 
  102.85249131661479     29.50658424400172     -3.60111275473175      o 
  106.76883643129337     32.16333113841664     -6.64496089835758      h 
  105.04376599308142     27.98569764543548     -9.40967832253412      h 
  103.49180339230753     26.31843008182173     -5.54132165732141      h 
  106.27844824303298     28.10871704899035     -4.87288648930228      h 
  103.16489939117943     31.32609942536080     -3.68453751791980      h 
   91.52549881565206     20.49813372044748     -6.58551139499078      h 
  115.60658961365802     44.66110242548972     33.56373308407093      h 
   96.88277429230426     23.63693307909717     23.36144124069126      h 
   90.81702081850607     22.55537967561191     21.57445494426575      h 
   87.68643350849960     26.60447365859977     24.28561872235402      h 
   84.68869447337931     31.53380247726443     16.96314422770170      h 
   84.82671829530241     36.86381757277326     19.35063195156950      h 
   83.47537254945536     37.55431501988578     10.22672024077528      h 
   85.75513457418786     12.45893891510002      6.37197588309067      h 
   86.16206132308105     12.77910336963459     13.04208958752309      h 
  120.91249766496014     48.44264864310307     -2.77642328432631      h 
  123.38924202015031     50.27340111931492      4.20121611971762      h 
  125.35682168882313     46.35690670778257     16.33348181817185      h 
  114.14611332618489     41.94908823463049      0.69799541764134      h 
  113.96237546809930     38.51014476283429     -3.86276987733751      h 
  105.52164172039443     37.82277957484417     -3.71834304954827      h 
  106.90377095039950     31.49691029731701     -9.42225183977104      h 
  100.80558085319086     31.61715497865498     -8.85956744494274      h 
   0.4586044885401D-01   0.7921190183444D-01  -0.8086250072999D-01
   0.5628529815857D-02   0.1229453771797D-03   0.3362981091242D-02
   0.7199677340565D-02  -0.6626024602834D-02   0.1597007917327D-02
  -0.1973363767735D-02   0.3675944432967D-02   0.1901771577062D-02
   0.2206392683940D-02  -0.2991997615154D-02  -0.4579503359947D-02
   0.2124002633336D-02   0.7401544461748D-03  -0.1551581467962D-03
   0.8439426583039D-04   0.5642236218067D-03  -0.6593239549724D-03
  -0.3591419629419D-03  -0.9929285814483D-03   0.1873535264504D-03
  -0.2679114415227D-03   0.3621729529154D-03   0.5860522307655D-03
  -0.7450189012527D-03   0.8012075163146D-03  -0.1930602040346D-03
  -0.2464198964036D-03   0.6886431868381D-03   0.3834333745166D-04
   0.4988594107240D-02  -0.1139610983955D-02  -0.1014624584616D-01
   0.2146801719872D-02  -0.3867545421781D-03  -0.3686714200995D-02
   0.7160900081625D-03  -0.1834448470030D-02  -0.1678938343306D-04
   0.1426726364801D-02  -0.5647378167662D-03  -0.5423774816741D-03
   0.3712186437672D-03  -0.7669938322304D-03   0.7726378454465D-05
   0.3151978274495D-03  -0.4735664776983D-03  -0.4302563962993D-03
   0.3109774220254D-03  -0.5108103878875D-03  -0.2340387636600D-03
   0.4913167990702D-03  -0.5504466957633D-03   0.1571385629993D-03
  -0.1285552455578D-04  -0.2044629345515D-03  -0.5430807339678D-04
  -0.3800848393957D-03   0.7130988751717D-02   0.2286930826196D-02
   0.2571374106940D-03   0.1912141227358D-03  -0.3009219326649D-02
   0.1198810097784D-02  -0.2801507710573D-02  -0.1132176266266D-01
   0.1376589994388D-02   0.2091477098269D-02   0.6248883264512D-02
   0.1256622515194D-02  -0.1270472605127D-02   0.4026186486153D-02
  -0.1470748201282D-02   0.2253236314613D-02  -0.2764225850280D-02
   0.5977913991628D-03  -0.9408156176815D-03   0.1623335161475D-02
   0.8928251690493D-04  -0.1781897928578D-02   0.5695057475597D-03
  -0.2414137480910D-02  -0.5410597557824D-02   0.2676057375704D-03
  -0.6950738324042D-03  -0.1874768608571D-03   0.3086646989264D-03
  -0.6976446538373D-03   0.1196181064846D-02  -0.1522599126672D-02
  -0.1136385879769D-02   0.2710396403678D-02  -0.1439866240182D-02
   0.1802339452822D-03   0.5724690844267D-03   0.3170721741706D-03
  -0.4419034676250D-03   0.1071296991634D-02  -0.2228477162661D-03
   0.4701100844632D-03   0.6655137415214D-03   0.5481225586755D-02
  -0.2233309512848D-02   0.9155219917543D-04  -0.1590011634415D-02
  -0.6134199816920D-02   0.6633810776470D-03  -0.4192404733309D-02
   0.3989773655965D-02   0.1828472390947D-02   0.2316420123763D-02
   0.1020552542447D-02   0.7362302270185D-03  -0.1263572250941D-03
   0.3188879141352D-03  -0.7136584645734D-04   0.3057711103914D-03
   0.6482612703634D-03   0.4374167626392D-03  -0.3919455647338D-03
   0.4280735020263D-03   0.4964522651663D-03   0.5691715719353D-03
   0.5060830504927D-03  -0.7412451337154D-03  -0.1095268342917D-02
  -0.1203107238046D-02  -0.1811458362366D-02  -0.1839545781238D-02
   0.5351441686480D-03   0.5842452852165D-04   0.2344330940260D-03
  -0.1312299922577D-02  -0.1691147747413D-03   0.2359411772583D-03
  -0.1660913310186D-02  -0.1192046327212D-03   0.1184688415243D-02
   0.2545407172057D-03   0.3879937447502D-04  -0.2427875790991D-03
  -0.6675109404809D-03  -0.2428579251504D-03   0.4369660722155D-03
  -0.2215043395567D-03   0.5292297006205D-04  -0.3197898357801D-03
   0.3178835477055D-04   0.3100200492415D-04  -0.9624759632823D-04
  -0.2214776575461D-04  -0.1508927652115D-03  -0.1218744928585D-03
  -0.9317408222942D-04   0.9611543736522D-04   0.5570280249654D-03
  -0.5734994616597D-04   0.6026360555333D-03   0.5812374696255D-04
   0.9931388338069D-04   0.5378574011451D-03   0.4806585702584D-03
  -0.3314326027645D-03   0.4695387011964D-03   0.1843648526955D-03
   0.1280998894807D-02   0.4434126215234D-03   0.2730100162738D-02
  -0.8176134624580D-03  -0.1175961168107D-02  -0.1922674454417D-03
   0.1129476361264D-02  -0.2315730839180D-02  -0.4294437238164D-03
  -0.6946208351377D-03   0.1951115607884D-02   0.1135644735094D-03
  -0.3865419702647D-03  -0.6871429490656D-03  -0.1033653721085D-03
  -0.4712447071645D-03   0.5036261810822D-03  -0.4648663976767D-03
  -0.5769144346573D-03   0.5423892462881D-03  -0.2643960300276D-03
  -0.4757213080833D-03   0.7910932658059D-03  -0.1037264540609D-02
  -0.1962623504981D-03  -0.3984205943903D-02  -0.3580666534407D-02
   0.2287348053428D-03  -0.2185365682646D-03   0.3042792088751D-03
   0.4385876362575D-03   0.4012606331771D-03   0.3076362243716D-03
   0.1105626557702D-02  -0.8849453435435D-04  -0.3626723472422D-03
   0.3574904182436D-03  -0.1959008166193D-03   0.3030286182779D-03
  -0.1483906832090D-02   0.6859174991825D-03   0.1166437348076D-02
   0.5143636229247D-03  -0.4429290942955D-03   0.7275796271381D-03
   0.1415074925539D-02  -0.6300046323900D-03   0.1499192039892D-05
   0.5552855238537D-03  -0.5254316426038D-03   0.6371268176427D-04
   0.3349814532746D-04   0.1222108917343D-03   0.1841944283131D-03
  -0.6050055938305D-04  -0.5499561753223D-03  -0.3814075671967D-03
   0.1239506793638D-03  -0.1995602114213D-03   0.5329272605022D-04
   0.1247055808104D-03  -0.8940921970863D-04  -0.8210731057087D-05
  -0.1481339709345D-03  -0.6134927843847D-03  -0.1595666161613D-03
   0.6275416586410D-03  -0.5358432237218D-03  -0.1500645058931D-03
   0.3404983431482D-04  -0.1133081462913D-04  -0.7839049971746D-04
   0.1516013356798D-04  -0.9077953720443D-04  -0.2845305995896D-04
   0.1993849285740D-04  -0.1197759405703D-03  -0.3319481835834D-04
  -0.9726450029367D-05  -0.1423091481656D-03   0.2764868079957D-04
  -0.1344561213458D-03   0.4366274725541D-04   0.4650117268159D-04
   0.5905158639392D-03   0.3898114603927D-04  -0.1606047405254D-03
   0.1555930747446D-04   0.4300546501884D-04  -0.2603507875589D-03
  -0.5167730801887D-04  -0.1485675329456D-03  -0.3324357570661D-04
   0.1556816189796D-04  -0.4589038667681D-04  -0.1144723648029D-04
   0.3534795590653D-04  -0.4890206696340D-04   0.1241246347662D-03
   0.2639242820826D-04  -0.6533074618806D-04  -0.7129173600268D-04
   0.2844471844958D-05  -0.7674904517047D-04  -0.1095388839819D-03
  -0.7079450279721D-04  -0.2221193193643D-03   0.1112078027049D-03
  -0.4328293667607D-04  -0.7716453723402D-04   0.2703806712446D-04
   0.4082015820869D-05  -0.7405073905024D-04   0.9375298612970D-04
  -0.6621281022809D-03  -0.5663317783631D-03   0.5151081285950D-03
  -0.4044076340538D-03   0.1076595127248D-03   0.2360618607222D-03
  -0.2331697289761D-03   0.1971759021581D-03   0.1336753593210D-03
  -0.3023984677189D-04  -0.2939199820071D-03  -0.6777171814835D-04
  -0.9885744006846D-04   0.2358472131706D-03   0.3184839693789D-03
  -0.6975809546822D-04   0.3296124210845D-03   0.2051341167017D-03
   0.8983839298304D-04  -0.7709700783677D-04  -0.8319554281983D-03
   0.2433413023649D-05   0.4973976643237D-03   0.2698031488726D-03
  -0.6582569568304D-03  -0.1094323341932D-03   0.2358745697559D-03
   0.1528470554075D-03   0.1141713747391D-02   0.3361665468077D-04
  -0.3826847016045D-03  -0.3920334202810D-03  -0.1748553712119D-03
   0.3932205483029D-04   0.2456280216008D-03  -0.4149174672481D-04
   0.1551300988308D-03   0.1326278021767D-03  -0.1356852341449D-03
   0.7418816660014D-03   0.1996524682931D-03   0.1910905548872D-03
  -0.4452655719014D-03  -0.6647481777890D-04  -0.6271192546850D-04
   0.6095156001538D-04   0.1206130889525D-03  -0.6562028475884D-05
   0.6645465549614D-04   0.2793967372732D-04  -0.4537995872118D-04
   0.2979514603663D-03   0.3896334687867D-04  -0.5438002443888D-04
   0.1768325699890D-03   0.7462361978058D-05  -0.8274081318552D-03
   0.1393843320620D-03   0.9092059301792D-06   0.1192752339604D-03
   0.4096604355757D-04   0.9674000671921D-04  -0.1756224075110D-03
  -0.5117508907647D-04  -0.3064221627824D-04  -0.1044828231227D-03
  -0.6710312102041D-04   0.4292482769907D-04  -0.1262715448636D-03
   0.6875138036478D-04   0.3490079267237D-04  -0.7040912496607D-04
   0.1673023568444D-03   0.2440090003912D-03   0.1391932432222D-03
  -0.1287782591194D-03  -0.1380702166377D-04  -0.1225073978773D-03
  -0.4641732417098D-04   0.2079988351061D-03  -0.1259399471196D-03
  -0.7065273287160D-04   0.9706357781309D-04   0.3546932771812D-04
   0.1889978544664D-04   0.1056316440968D-03   0.1023875592861D-03
  -0.4495346085131D-04  -0.4852453853797D-04   0.1607039852858D-03
   0.9455963803093D-06   0.4760595293228D-04   0.1510291913393D-03
   0.2690546317674D-03  -0.4082389038691D-04   0.1466217136767D-03
   0.2143117617392D-03  -0.2132722872943D-03  -0.3315327245380D-03
  -0.1807266031868D-03   0.4475392934198D-03   0.3558675548487D-03
   0.1364403143941D-03  -0.5419392648356D-03  -0.2683434948545D-03
   0.1773123833146D-03   0.3657547950070D-03  -0.3168886447796D-04
   0.1774716525391D-04   0.8160357150690D-05   0.6885919707126D-04
  -0.2897392683753D-04  -0.8340977707896D-04   0.8040500850930D-04
  -0.3131953808541D-03  -0.4954994529654D-04   0.4582393792757D-04
   0.3309224995295D-04   0.4948260355149D-04   0.2816008354794D-04
  -0.9472412103836D-04   0.5789970866815D-04   0.7745093584862D-04
   0.6298148881581D-04  -0.2407071774641D-03  -0.2632213561906D-04
  -0.4713292081262D-04  -0.1712894759308D-03   0.6913065954983D-05
  -0.1315991374676D-03  -0.3732811322985D-03  -0.2317950247385D-03
   0.1726121559048D-03  -0.8865185982392D-04   0.1573519459843D-04
  -0.5584565398690D-04   0.2642451597404D-04  -0.2474444271434D-04
  -0.5961278116239D-04   0.4865819718495D-04  -0.1699877005755D-03
   0.2211543917442D-04   0.7598039635881D-04   0.1306606253790D-03
  -0.1660199971096D-03   0.2630519334998D-03  -0.3443890364065D-03
  -0.1348542575156D-03  -0.1958720700459D-03  -0.6858019631818D-04
  -0.9266731252575D-04  -0.1933154218846D-03   0.5142812505294D-04
   0.3249226690418D-04   0.3407406748211D-05  -0.5860116265638D-04
  -0.3699275341125D-03  -0.1017652862883D-03  -0.3114506154771D-03
  -0.1274211341357D-03   0.6033749376785D-04  -0.1528664836190D-03
   0.9483894766980D-04  -0.1330620645448D-03   0.8207130699141D-04
  -0.3482684910538D-05   0.2620763871737D-03   0.2624612693541D-04
   0.4879101063666D-04  -0.2426295318576D-03   0.3577945995793D-04
  -0.1248496838541D-03  -0.3221372679356D-03   0.3393204471849D-03
  -0.7752829337645D-04  -0.1736720496493D-03   0.9483013118970D-04
  -0.1456741318143D-02  -0.1656826260713D-03  -0.9070082693662D-03
   0.8972704228581D-03  -0.2404734623882D-03   0.6132623435202D-03
  -0.1407606800086D-03  -0.2520693085949D-04   0.1723472639197D-03
  -0.3749654690551D-04  -0.2007991766894D-03   0.2069013663668D-03
  -0.1034331417341D-04  -0.3700374669613D-04   0.2071574964018D-04
  -0.1538449225494D-03   0.1457838975743D-03   0.1124202680685D-03
  -0.2284088759240D-04  -0.4228213035894D-03  -0.3159701524534D-03
  -0.1182791983590D-03   0.2596184280326D-03  -0.3011314378253D-03
   0.4792685268210D-03  -0.1378897291872D-03  -0.1695995938428D-03
  -0.5141490372176D-04   0.4544627260076D-03   0.3299905018044D-03
  -0.8176639873105D-04   0.2414619322278D-03   0.6411451252919D-03
   0.2685075723068D-04   0.3237966082500D-03   0.5811896772124D-03
   0.3559074942298D-04  -0.2031481003142D-03   0.3904941167614D-03
   0.2091951498345D-03  -0.1413213625851D-03   0.1737119707402D-03
   0.1675530653054D-03  -0.7142885241634D-04   0.1718259637826D-03
  -0.2919262443704D-03  -0.4604439310561D-03   0.2750644347867D-03
   0.2075933570044D-03   0.4096896442684D-03  -0.1018030837115D-03
  -0.1152196957491D-04  -0.1884359027679D-03   0.2065698258279D-03
  -0.8934084281365D-03   0.9385009849863D-05   0.1021846116744D-04
   0.1049621452790D-02   0.4162224545906D-03   0.3038754649921D-03
   0.4449794712448D-03  -0.1771663103198D-03   0.1430423391546D-03
   0.9591979790937D-04   0.3389233676933D-03  -0.3942689644255D-03
   0.2236013553372D-03  -0.4440956308173D-03  -0.2841895081289D-03
  -0.1510340695240D-03   0.2500012574236D-03   0.5000718677073D-03
   0.4119785398305D-03  -0.6592784206028D-03  -0.6867225366517D-04
  -0.3095135062668D-03  -0.3061072044118D-03  -0.1032844886332D-03
   0.2631808250882D-03   0.2754291119572D-03   0.1088637279633D-03
   0.2221637717917D-03  -0.6763441787212D-04   0.2333393164534D-03
  -0.8283607575311D-04  -0.5938301116111D-04   0.1634311047342D-03
  -0.1519889547941D-03  -0.1218875280126D-04  -0.1244965923767D-03
   0.7059466873524D-04   0.1221895508279D-03   0.1176037188001D-03
  -0.5693995213490D-04  -0.8974402740145D-04   0.1317480550566D-03
   0.8979435676762D-05   0.4239618054519D-04   0.1176436785859D-03
  -0.1315422881510D-05  -0.1647736912522D-03   0.7454783064152D-04
  -0.2188082432180D-05  -0.1510584678573D-04   0.8647008047481D-04
  -0.1932557784500D-03   0.1133270753812D-03  -0.1467474185930D-03
  -0.2343172207075D-03   0.1467105296788D-03   0.1769315416725D-03
  -0.8950526869512D-04   0.4615033054070D-04  -0.6200010160644D-03
  -0.1251445598148D-04   0.1639269098612D-04  -0.1434907552371D-04
  -0.7752126396233D-04  -0.1039052097904D-03   0.2500028080327D-03
   0.3212299930795D-04  -0.1110501484822D-03  -0.3922412815828D-04
  -0.4325151063847D-07   0.8409564482852D-04   0.9771777595812D-04
   0.6176890469624D-04  -0.1701401925921D-03   0.8743060586270D-05
   0.2102805476345D-03  -0.1378454731713D-03   0.2391712733838D-03
  -0.6947444980340D-04   0.2056969715175D-04   0.4309522646679D-04
  -0.4206708273122D-04  -0.4109637166208D-04   0.7744926227667D-04
  -0.1727401102273D-03   0.3002759469976D-03  -0.9393732675770D-04
  -0.1524606946150D-03  -0.5588599828108D-04  -0.2821807125598D-04
  -0.7718608985033D-04   0.7667532678818D-04   0.2575716835726D-04
  -0.3334197392146D-03   0.9947976490651D-04  -0.1195865550188D-03
  -0.8899056908310D-04   0.1042423310298D-04   0.8042864521601D-05
  -0.3411768739233D-04  -0.2714064234234D-04  -0.2263965428261D-04
  -0.1553929067798D-04   0.1025287240695D-03  -0.1004643393922D-04
   0.2483768165261D-06  -0.1351044880866D-03   0.9034224934199D-05
   0.3989679525944D-03   0.2922144536342D-05  -0.2351795722525D-03
  -0.2687867292707D-03  -0.1818363856347D-03   0.2597664591124D-03
   0.2798321354068D-04   0.1870479532702D-04  -0.7740784064919D-04
   0.1170963401530D-03  -0.7404972493175D-04   0.3522213576010D-04
  -0.8138100188818D-04   0.1304728825606D-03  -0.9101223584754D-05
  -0.2693608755857D-04   0.4390509397085D-04  -0.2896942731303D-04
   0.6277048805555D-05   0.3221271771598D-04   0.1877022663350D-04
  -0.5272261103579D-04  -0.3782546243728D-04   0.2131141810281D-03
  -0.7175454667574D-06  -0.3464146760435D-04   0.3160481561688D-04
  -0.8366493795886D-05  -0.1379365974611D-03   0.2577709063730D-04
  -0.6717770958723D-04   0.1059103202921D-03   0.1256841721484D-03
   0.1200708332554D-02   0.2283827290690D-02  -0.1688099513032D-02
  -0.1182912268779D-02  -0.6054134443218D-04  -0.3167377815313D-05
   0.1733300764609D-02  -0.1801426056141D-03  -0.3820762416706D-02
   0.5501743366586D-03   0.1753308092704D-02   0.2211997346271D-02
   0.1169303033098D-02   0.1924209524090D-02  -0.3519672757877D-03
   0.8133606024845D-03   0.2961433428304D-02  -0.7440671195943D-03
   0.2288089080112D-02  -0.3673991442533D-02   0.4492469561785D-02
  -0.1873817293437D-02   0.3556099991068D-02  -0.7237071367155D-02
  -0.1718853715199D-04  -0.1073183734887D-02   0.5464125987745D-03
   0.1471556570565D-03  -0.8215580937844D-03   0.3536151358868D-03
  -0.5246395686369D-03  -0.5665731722859D-03   0.6467576425566D-03
  -0.4135050242425D-03  -0.1264248361701D-02   0.3018235463936D-03
  -0.4915899447680D-03  -0.1373930519462D-02   0.3197839030996D-03
  -0.4494373531482D-03  -0.4363076663670D-03   0.6137533580599D-03
  -0.5107106096120D-03  -0.6864857456909D-03   0.1610572122486D-02
  -0.5381924425594D-03  -0.6524604821115D-03   0.1171283423118D-02
   0.7545080994223D-03  -0.1817247105741D-02   0.8523825602104D-03
   0.2461520534912D-03  -0.1405337580152D-03   0.2737805846988D-04
   0.2228648571037D-03  -0.2873369334962D-03   0.2265898495209D-03
   0.2149219287955D-04  -0.3001497805712D-03   0.2795821468917D-03
   0.1924618878558D-03  -0.1264919959786D-03   0.3996284263023D-03
   0.1048680206059D-03  -0.1178205466690D-03   0.8595782901899D-04
  -0.9822948978217D-04  -0.3273933400754D-06   0.2934281209862D-04
  -0.3847033291227D-04  -0.2722547367712D-04  -0.6914871753260D-04
   0.1316054904211D-04  -0.2180391815507D-03   0.3826261117005D-03
   0.4136987894941D-04   0.8160878322306D-04   0.3193441033493D-03
  -0.1104969223210D-03   0.2859908300115D-03   0.6133186305558D-04
  -0.2232238830018D-03  -0.1227281939484D-04   0.9698603349391D-04
  -0.3469028047579D-03  -0.2752925177537D-03   0.3538270807245D-03
  -0.1512147814471D-03  -0.3387751288655D-03  -0.9965925356411D-04
  -0.2518177767648D-04  -0.7664507918716D-04  -0.1268905108690D-03
   0.2788977882548D-04   0.1183412801217D-02  -0.8224365882506D-03
  -0.1517032603521D-03  -0.6953268017424D-03   0.1207353332385D-02
   0.2487119649762D-02   0.2498024731044D-03  -0.6870093473250D-03
   0.1650179087425D-03  -0.2799567387133D-02  -0.3398991341367D-03
  -0.4480726022200D-03   0.2431886876974D-03  -0.1045330552483D-03
   0.5136423047340D-03   0.3811589864406D-03  -0.3790328840932D-03
   0.2112202252643D-03   0.2949969197087D-03  -0.1221302196822D-03
   0.2226602797115D-03   0.7073926539795D-03   0.8579788241548D-04
   0.5385325409716D-03  -0.6142009419450D-03  -0.1399462024704D-04
   0.2205616557425D-03  -0.3335424217397D-03   0.5232276333739D-03
  -0.4822816304019D-03   0.3153098257858D-03  -0.1737378173709D-03
   0.9485082196729D-04  -0.2567106093523D-03   0.1608474700600D-03
   0.4434460419320D-04  -0.5734573664972D-03   0.4858309838949D-03
  -0.4099754937923D-03  -0.5566651345234D-04  -0.2112780590717D-03
  -0.3723422882178D-03  -0.1885223822948D-03  -0.2654052041085D-04
   0.1206366808122D-03  -0.3066095900772D-03  -0.2904350186406D-04
  -0.6106214190259D-04   0.4417642844203D-03   0.5420496094584D-04
   0.2618422180400D-04  -0.3393919966107D-03  -0.3216162302943D-03
  -0.1609070079309D-03  -0.4384399301311D-03  -0.5889049029318D-04
  -0.1684008599195D-02   0.4274827028495D-03   0.1046341187061D-02
   0.1641247273675D-02   0.7395585454161D-03  -0.5850021649379D-03
   0.3349140796139D-02  -0.8431544701904D-02  -0.4831209803615D-02
  -0.1903781767060D-02   0.6508541589739D-02   0.3476012271364D-02
   0.1458826878612D-04   0.8787160198295D-03   0.3496502332364D-04
   0.1667863116595D-03   0.1440673708392D-02   0.1126304368148D-06
   0.5847363448173D-04   0.2172796756584D-02  -0.4288843314890D-03
   0.1175383401334D-03   0.2524338981975D-02  -0.5761200212111D-05
   0.6405916176214D-03  -0.3448248685457D-03   0.9392297921627D-04
  -0.8845948895336D-03   0.1219865008794D-03  -0.2800086217788D-03
  -0.2032244332763D-03  -0.5198739059842D-03  -0.3060934260070D-05
  -0.3891689502561D-03  -0.7511066934006D-03   0.4199847792554D-03
   0.1511913406309D-03  -0.4427718258873D-03  -0.2838525082896D-03
   0.7253816428265D-03  -0.7783736376337D-04   0.3433413792755D-03
   0.6796480600034D-03  -0.1634535177089D-02   0.4974615378567D-03
  -0.1013463932579D-02  -0.2341201247214D-03   0.2132529248123D-04
   0.2189828246357D-04  -0.2117101480359D-03  -0.1039456827531D-03
  -0.3387881223402D-03  -0.1485096040182D-02   0.3596038830833D-03
   0.2475604994708D-03  -0.7254117623672D-03  -0.2134942461810D-03
  -0.1803999937557D-02   0.4736674512651D-02   0.1070658115944D-02
  -0.1108390863918D-03  -0.7405258475499D-03  -0.6970483705513D-03
   0.2780407420947D-02  -0.2038192864665D-02   0.4477995657306D-02
  -0.2826680717824D-02  -0.1124254443006D-03  -0.3137528977664D-02
  -0.9526478590304D-03  -0.5635830052686D-03   0.6246363289634D-04
   0.6043261832383D-03   0.8442347599307D-03  -0.2447142538129D-03
  -0.4219689437009D-03  -0.4113415673018D-03  -0.1220007656188D-03
   0.1126189510601D-02  -0.9918406137373D-03  -0.2362222628865D-02
   0.5095868551521D-02  -0.3216396932094D-02  -0.3608273121380D-02
  -0.8825484973280D-01  -0.2003954544423D-01   0.1668014809199D-01
   0.1088636371254D-01   0.1232089923765D-01   0.4783698011352D-02
  -0.1001801285969D-02  -0.1025602093295D-02   0.9275628514354D-03
   0.1557411185976D-03   0.7594535136863D-03  -0.5077395246052D-03
   0.5512657893216D-03   0.6232713435634D-03  -0.1797266263397D-03
   0.1660719764879D-03  -0.5143855109375D-03  -0.2316217502851D-03
  -0.3376474250537D-03   0.5071442411429D-03  -0.3343692920952D-03
   0.1101382201370D-02  -0.8784232258444D-03  -0.1380334570240D-02
  -0.9158954972193D-03  -0.8318523924078D-04  -0.5132908903335D-04
  -0.9827095896179D-04  -0.3168811929259D-03   0.2038823425315D-03
  -0.1438037738425D-03   0.6267416641322D-05   0.4452672804621D-03
  -0.3879317998191D-03  -0.6452681632342D-04   0.2214316340982D-03
  -0.6936220889684D-04  -0.2750654887752D-03   0.7041605158517D-03
  -0.2059471248888D-03  -0.3682574632999D-03   0.3736786553086D-04
  -0.4865912295386D-03   0.1346679834069D-03   0.5203402422462D-03
  -0.3002019614856D-03  -0.3481937111379D-03   0.4468046048620D-03
   0.4091196889292D-03   0.1220874240035D-03  -0.8396294698781D-04
   0.2568920969382D-03  -0.5938856809671D-03  -0.2952106288385D-04
  -0.2761677130384D-03   0.2967160373591D-03   0.2286692528875D-03
   0.1632022868987D-03   0.7531932028160D-04  -0.3374118951384D-04
   0.9645597434062D-01   0.7182179534925D-01   0.1694630547645D-02
   0.5613216707503D-02  -0.4139806351415D-02  -0.4955219819828D-02
  -0.4462267586664D-01  -0.2830053043293D-01   0.7412463014038D-01
  -0.7947154007852D-02   0.9510983497615D-02  -0.1408589293783D-01
   0.1580906095247D-02   0.1200521931275D-02   0.8321199940466D-02
  -0.4188928837886D-04   0.4018744308533D-03  -0.6721925910190D-03
  -0.3303517057149D-03   0.1829817960854D-03  -0.1837199910916D-02
  -0.5945333111579D-04  -0.1018007791076D-02  -0.1354861332397D-02
   0.9708454798416D-02   0.9168471534246D-02   0.8024071070367D-02
   0.1053228310860D-02   0.2574150381922D-02   0.2061679468191D-02
   0.3679346224737D-03  -0.1926917667712D-03   0.1879635946148D-02
  -0.2663601267365D-03   0.3139493457453D-03   0.1101982257931D-02
  -0.1305328869322D-03   0.4443284670139D-03   0.5618618531127D-03
   0.9332635976993D-03   0.5356581689399D-03   0.1372670984553D-03
   0.1386392890140D-02   0.3328240221702D-03  -0.1828381627180D-02
   0.7790976613576D-04   0.5387208043471D-03  -0.1294951855735D-03
   0.2396249186337D-03   0.4304280463101D-03   0.5595545513746D-03
   0.1385865859077D-03   0.5444052428147D-04   0.7737699569200D-03
  -0.9168848906677D-04   0.2555774355925D-03   0.8706463593782D-03
  -0.1167282442508D+00  -0.2190697020329D-01   0.1791571557151D-01
  -0.2872712891641D-02   0.4300702818158D-02  -0.5316664077863D-02
   0.4600544525113D-02  -0.3347381941036D-02  -0.6731882364057D-02
   0.1039525985136D-02   0.3864206577970D-02   0.2161388682486D-03
  -0.2378834697189D-02  -0.6430031639912D-02   0.5867263149547D-03
  -0.1200496483792D-02   0.1070558711835D-02  -0.1399266160608D-02
  -0.1595243272655D-02   0.1457901797217D-03  -0.8618053683832D-05
   0.6543831717343D-03  -0.8916533689534D-03  -0.6629910912289D-04
  -0.1017061235046D-02   0.3948530946618D-03  -0.5496090907908D-03
  -0.2480086849822D-03   0.9653698413757D-03  -0.2027889643894D-04
  -0.1265695273174D-02   0.8751282782328D-03  -0.1774846672300D-03
  -0.9757942779200D-02  -0.1123454737062D-01  -0.2746978168279D-02
  -0.1885231960604D-02  -0.4244912975582D-02  -0.8736692763061D-04
  -0.3094806872150D-03  -0.2817085664266D-03  -0.3703229973938D-04
  -0.5974702407819D-04   0.1322674296584D-02  -0.1600643553743D-02
   0.6293583415694D-03  -0.6986112712181D-03   0.9511464991190D-04
  -0.1971692413689D-03  -0.9323034105042D-03  -0.9996862249998D-04
   0.1013839705286D-02  -0.1175129306378D-02   0.3555977877326D-03
   0.8105036159301D-03  -0.5832643119090D-03   0.7306377798705D-04
   0.9220347418719D-03  -0.5636468443340D-03   0.1375214479798D-04
  -0.7554080506573D-02   0.3334158439311D-02   0.1683646803480D-02
  -0.1791586375130D-02   0.1982381823695D-03   0.9797129677762D-03
   0.1310566422502D-02  -0.8457623703250D-02   0.7270758362415D-03
  -0.2226889272022D-02   0.4278110684687D-02  -0.3237004971350D-03
  -0.2046955321826D-03   0.1302179109595D-02  -0.5344035902490D-03
   0.6992645310811D-02  -0.1718294987416D-02   0.1469810902291D-02
   0.1177783803915D-02  -0.2025965164649D-03   0.2140103759489D-03
   0.1719711860917D-03   0.3250279703470D-03  -0.2706032115132D-03
  -0.7842335170011D-03  -0.3894989989447D-03   0.5867613240223D-03
  -0.5840396130658D-03   0.1481261392860D-03   0.7293977522786D-03
   0.2294685648563D-02   0.2706910710098D-02  -0.9641220340761D-03
   0.1480075041726D-02  -0.6460652223804D-02  -0.2766693213413D-03
  -0.1119510987586D-01  -0.9487380483704D-02   0.9395724376384D-01
  -0.8745428897359D-02   0.2019597397514D-01  -0.1543752283857D-01
   0.2325302338290D-03   0.4468562211065D-03  -0.1597150197176D-02
   0.2137183911529D-03  -0.1034331209877D-03   0.5537694983285D-03
  -0.9588280906665D-03  -0.1195674284877D-03   0.6269342874464D-04
  -0.6336140085739D-03   0.2252488268191D-03  -0.2491215738230D-04
  -0.6640616145134D-05  -0.2809460298346D-03  -0.7387114094875D-03
   0.7751145764095D-04   0.4717400465968D-03  -0.9443498657207D-04
   0.2081018898275D-03  -0.2096558595575D-03   0.5860421331945D-03
   0.7315810734729D-03  -0.2582160196646D-03  -0.4185653552632D-04
   0.3437662361079D-03  -0.2088927987423D-03   0.3200173696698D-03
   0.1367258496869D-04   0.2156655795868D-03  -0.3349911311285D-03
   0.4325234516356D-03  -0.1789138186458D-03  -0.4343951690093D-03
   0.2875490561396D-04   0.2104345723549D-03   0.3391109894789D-03
   0.2591397959750D-03   0.9028901670900D-03  -0.8949384243355D-03
   0.6059830922634D-03   0.1096951810319D-03   0.3180808479028D-03
   0.7292266957527D-03   0.3647998960739D-03   0.3776427182698D-03
  -0.7641631089028D-01   0.1957693584338D-01   0.8890997283294D-01
  -0.4257204221556D-02   0.4730933711290D-02  -0.3809215566831D-02
  -0.3274649427837D-02   0.5914203625991D-02  -0.6586112219668D-02
   0.2701641216521D-02  -0.1320299632857D-02   0.4247150426343D-02
  -0.4104590319355D-02  -0.5779836444758D-02   0.4394981535700D-02
  -0.2922861389498D-02   0.2211848233762D-03  -0.2051992603677D-02
  -0.2808022994798D-02   0.4854443606849D-03   0.1053134344491D-02
  -0.2197558518890D-02  -0.4639404011737D-03   0.1161743769338D-02
  -0.1156134055452D-01  -0.6422273664890D-02   0.8829221084630D-02
  -0.2165591241128D-02  -0.3282446406077D-02   0.1749817283074D-02
   0.1286173504685D-02  -0.1236596620841D-02  -0.9107034954235D-03
   0.1962028725409D-03  -0.3048371864244D-04   0.8077649776401D-03
   0.1524807169758D-02   0.3255843378411D-03  -0.1055964357211D-02
  -0.3090514658395D-04  -0.5404482643595D-03  -0.8155724870536D-03
   0.1046632153288D-02  -0.5383505178196D-03   0.2123841799418D-03
   0.1236686767456D-02  -0.3723495646217D-03   0.9852353992621D-04
   0.7932647454865D-03  -0.9728681160062D-03  -0.4700916197577D-03
   0.1255098708941D-02  -0.6149859888267D-03  -0.4417756183377D-03
   0.3540200431287D-03   0.7542400642929D-03  -0.1344419334335D-03
  -0.3029041983933D-03   0.2477831539123D-03   0.2383857805896D-02
   0.7084066181553D-02  -0.1139096133013D-02   0.2508845724385D-02
  -0.6171779390096D-01  -0.5959791994400D-01   0.4052870146049D-01
  -0.5685437779497D-02   0.1673913312068D-01  -0.1022717092568D-01
   0.7203473806614D-03   0.2554548317878D-02   0.4535091515929D-03
  -0.4194473740909D-03  -0.1592519182959D-03   0.7094201902394D-03
  -0.6599937887780D-03   0.2098009399219D-03   0.5161848986767D-04
  -0.1891732110998D-03   0.6043456525953D-04  -0.7845910513126D-04
  -0.2295965810549D-03   0.1631216481517D-03   0.7482427008749D-04
  -0.2391837823731D-03   0.1795500636164D-03   0.2400302446270D-03
  -0.6657971781867D-03  -0.3465360755057D-04  -0.1768877937391D-03
   0.2455265137405D-02  -0.8190074440594D-03  -0.2181149782220D-02
   0.7004229564962D-03  -0.4793463493871D-03  -0.1608556906375D-03
   0.4267032122595D-03  -0.6214146611683D-03   0.3602666384327D-05
   0.1005303373851D-02  -0.8800248166626D-03  -0.2103316728953D-03
   0.5088993511459D-03  -0.5023538898809D-04  -0.3859562760484D-03
   0.3128913945060D-03  -0.2386567793051D-03  -0.7766478511529D-03
   0.4233646208554D-03   0.2599345415340D-04   0.1771688353993D-03
   0.1585749663983D-03   0.1488027313334D-03  -0.7610053923889D-04
   0.3165160301233D-03  -0.4438822813051D-04  -0.2360688840019D-03
   0.4529482346576D-01  -0.2691695367135D-01  -0.1066009854145D+00
   0.2411010545832D-02  -0.2424949468408D-02  -0.2271430929100D-02
  -0.7564403091430D-01   0.8759009498394D-02   0.3952904837759D-01
   0.1156525083586D-01  -0.8707440729410D-02   0.1038430630505D-01
  -0.4054346436238D-02  -0.5060231172536D-02  -0.6148631130372D-02
  -0.7660107936062D-04  -0.3074567297650D-02   0.2494032251962D-03
  -0.5280248895595D-03  -0.6927965762630D-03  -0.4974363017590D-03
  -0.1211232178941D-02  -0.7848666087905D-02  -0.1369983240703D-01
  -0.6165369065396D-04  -0.1660919489776D-02  -0.3251840769075D-02
  -0.3655814010380D-03   0.3567609943767D-03  -0.9506068043500D-03
  -0.3519622740292D-04  -0.9384766561280D-03   0.9230752105639D-04
   0.1569728955665D-03   0.1388579151324D-02   0.4192963342554D-03
  -0.1829498189288D-03   0.5157186297167D-03  -0.2576398755766D-03
   0.6272034489568D-03   0.6555052338573D-04   0.2441812248830D-03
  -0.3430181660729D-03   0.2240809853823D-03  -0.2665314644467D-03
   0.1187643241020D-03  -0.1892527885566D-03   0.1493489012780D-02
  -0.9334434622526D-01   0.2631639296379D-01  -0.7510647239289D-01
  -0.5271886483593D-02   0.6837903447937D-02  -0.7175051274464D-02
  -0.5252798122966D-02   0.6508096084290D-01   0.5715026524838D-01
   0.6261624262940D-02   0.1168321306910D-03   0.5455361740362D-02
   0.5270494610172D-02  -0.2565105499611D-02  -0.9695895451022D-02
  -0.1602460523308D-02  -0.6278575921772D-03  -0.5578571343753D-03
  -0.1512231710700D-04   0.5009202356302D-03  -0.7805381518202D-03
  -0.4826825311660D-03   0.8019974923765D-04   0.6871063695113D-04
   0.1282213108256D-02   0.9772451831297D-03   0.1552274228218D-02
  -0.2967702736679D-04  -0.6593548337338D-03   0.3366653447201D-04
  -0.4671348662013D-03   0.1522470628829D-04   0.6656583261575D-03
  -0.6203115910123D-03   0.5604147616332D-03   0.2667343487484D-03
   0.7430859976466D-03   0.1544501109970D-03   0.1372582529795D-04
   0.1992581279375D-03  -0.8031692450314D-04   0.9796256079487D-03
  -0.4773195517642D-02   0.4385124538113D-02  -0.1679918573758D-01
  -0.5391103974510D-03  -0.1394397935131D-03  -0.2687039286439D-02
  -0.5583442683563D-03  -0.7442913808740D-03   0.1146939412949D-02
   0.4374977101730D-02   0.1108920638861D-02  -0.1662895325083D-02
   0.7160038300335D-03  -0.5184574602967D-03   0.1276872101876D-03
   0.7266794227674D-03  -0.1088899246231D-02  -0.5686335679027D-03
  -0.8355877942281D-03   0.4444503347590D-04  -0.5510637001877D-04
  -0.6014976608888D-03   0.7442612700124D-06  -0.4075964553841D-03
   0.4930742729392D-03   0.7645767084801D-03  -0.7619930209804D-03
   0.2499757066324D-03   0.1573954156905D-03  -0.5216454330104D-03
   0.1251839305694D+00   0.4708228553788D-02   0.2946319320761D-02
   0.1485889203956D-02   0.3840371056676D-02  -0.9492563302365D-02
  -0.6453705798926D-02  -0.2324482395580D-02   0.1146399507425D-02
   0.3659310561768D-02   0.3279989795774D-02  -0.3504868535189D-03
   0.5855003488520D-02   0.1115699515000D-02   0.6619476509265D-02
  -0.1013603463182D-02  -0.3339781442731D-03   0.1413669696128D-02
   0.1362598588549D-02  -0.3336868698920D-02   0.4273323847589D-02
   0.1251548487022D-02  -0.3775023988181D-03   0.2807302182213D-02
   0.7629376072837D-02   0.8718178246764D-02   0.6973521624739D-02
   0.7697375359554D-03  -0.7597611471450D-03   0.1629491231455D-02
  -0.1740253148133D-02   0.8401855280694D-03  -0.7459023217648D-03
  -0.4535942294527D-04   0.4881200714454D-03  -0.7740052371808D-03
  -0.2448219028656D-03  -0.9985626318746D-03  -0.9088666922797D-03
  -0.1584803600460D-02   0.1385163954346D-02  -0.4058066447913D-02
  -0.2420204302206D-02   0.2693346839902D-02  -0.1640724559359D-03
   0.5374225727512D-03   0.6777263199641D-05  -0.2279408723703D-03
  -0.1810538124049D-03   0.2901812581146D-03   0.5523253335611D-03
   0.4453132977298D-03   0.3854019706461D-04  -0.1004596787298D-02
  -0.2687040140485D-03  -0.2195701213743D-03  -0.1177883160831D-02
   0.3144507331199D-02   0.1899707016844D-03   0.1397846579239D-02
   0.2377718951804D-03  -0.5797900330119D-03   0.4216674001997D-03
  -0.1450139258360D-02   0.8742793149721D-03   0.2035825272194D-03
   0.9674227725040D-03   0.1397377715842D-02   0.5240162838657D-03
  -0.1030359669276D-03  -0.4859299427292D-03  -0.3230936387058D-04
  -0.6788299398058D-03  -0.1159177510395D-02   0.9549306389780D-03
   0.2115828632183D-03  -0.1355356945185D-02   0.5384710997625D-03
  -0.1093508783214D-03   0.3921612328408D-03  -0.2698771972968D-03
   0.1471239019676D-02  -0.1801770992247D-03  -0.2134563774088D-04
  -0.8055322805422D-03  -0.1239745527424D-03  -0.8231524640327D-03
   0.3056623401925D-03  -0.8288629635990D-04   0.1952289924641D-03
  -0.1400207944619D-03  -0.8118437079410D-04   0.1888019262150D-03
  -0.2264103819453D-03   0.2481397422926D-03  -0.2989289718301D-03
  -0.1595410507279D-03  -0.1860379637755D-05  -0.4026068514245D-03
   0.3483242823318D-03   0.5892140416899D-03  -0.4642409537643D-03
  -0.8716777001909D-04   0.9906853911452D-03  -0.2460759525274D-03
   0.2494219748307D-03  -0.1173021823437D-03  -0.2677575266984D-03
   0.8406104378866D-03   0.2034432036633D-02   0.3896578901647D-03
   0.2616811622055D-03   0.5655747258291D-03  -0.5235483531006D-03
  -0.1877869346833D-02   0.1892251131916D-02   0.8987946021026D-03
  -0.1855509429706D-02  -0.1441632460424D-02   0.1854434412134D-02
  -0.1182788483885D-02  -0.1379199494453D-02   0.8945304099025D-03
   0.2124477947703D-02  -0.3503813870665D-03  -0.2274671834545D-03
   0.1404659707666D-02  -0.5433433473675D-03   0.8118260969003D-02
   0.2728013355850D-01   0.4352030784151D-01  -0.7128156567153D-01
  -0.1141120350054D-01   0.3691933191950D-03  -0.7362617397209D-02
  -0.7631956820588D-03   0.5815405476029D-03   0.1290170322999D-02
   0.3481539544854D-03  -0.3591226967406D-03   0.1214162555655D-02
   0.3564253448682D-03  -0.3277334563704D-03   0.5890449067335D-03
  -0.5970929140245D-04   0.4399156767722D-03   0.6524162140604D-04
   0.5963928659560D-03   0.4381860684251D-03   0.7790248148034D-03
   0.3535350644547D-03   0.1090215601240D-04   0.6728019582447D-03
   0.9119804128245D-03  -0.6469014212562D-03   0.2876731670675D-04
  -0.6927171117982D-03   0.1287960285851D-02  -0.4296223508157D-03
  -0.9360742318391D-03  -0.2220825807339D-04   0.1727934745301D-03
   0.8226674549911D-03  -0.2267026928756D-03   0.1413563665193D-02
  -0.1968971909897D-03  -0.3804975401116D-03  -0.4529449491844D-03
  -0.3094982273553D-03  -0.1519922845989D-03  -0.7671227789421D-03
   0.1151872164970D-03   0.1843209712582D-03  -0.6445985179975D-03
  -0.1034192978864D-03   0.3710423609166D-03  -0.7400639085511D-03
  -0.3245574290472D-03  -0.2045304042729D-03  -0.9160256321140D-03
  -0.4667310092334D-03   0.3704057560751D-03  -0.8251394511954D-03
  -0.8568020315067D-03  -0.3085627202020D-03   0.1079488977200D-03
   0.1491434364299D-01   0.5171101566633D-01  -0.1052012273003D+00
  -0.7014629790220D-02  -0.1331373254196D-02  -0.7193197694835D-02
  -0.4041464721515D-02   0.2758766116263D-02  -0.1966130515590D-02
  -0.1828113478286D-03  -0.1371641338879D-02   0.5921179686226D-03
   0.1607176780986D-02   0.5994339968336D-02   0.1423285764154D-02
   0.5158516669478D-03  -0.9339931293494D-03  -0.2008754552974D-02
   0.5033660544566D-03  -0.5059586896212D-03   0.1449823254329D-02
  -0.4579681653094D-03  -0.1073294784008D-02   0.1322034669658D-02
  -0.2265383194726D-02   0.1231732039900D-01  -0.4388880256532D-02
   0.1014112062662D-02   0.3640584508030D-02   0.7944745062160D-05
   0.1025029186635D-03   0.3389430575195D-03  -0.4850146256275D-03
  -0.5346121116055D-03   0.3629736503358D-03   0.3247187674853D-03
  -0.6412096412219D-04   0.8000467329828D-03  -0.2637472923864D-03
  -0.1613771956434D-03   0.8284770447971D-03  -0.6597723718094D-03
  -0.4912956835228D-03   0.1808409770136D-04  -0.2182725943473D-03
   0.5814655251317D-04   0.8152999068055D-03   0.5089868756180D-04
  -0.1866329569850D-04   0.7856144072209D-03  -0.1001707387699D-02
   0.1516479952431D-03   0.1329421551831D-02   0.2655593398096D-03
  -0.5478186377459D-04  -0.8844869144689D-03  -0.3635319894218D-03
   0.1883237364455D-02  -0.4692354644400D-02   0.7853350052350D-03
   0.6801413889779D-03   0.1082633462769D-02   0.4352369412511D-02
   0.2788080785932D-01   0.8597875412500D-01  -0.2266943277586D-01
  -0.1463773475518D-01  -0.1615973198916D-01  -0.1438015575948D-01
   0.2158752176664D-03  -0.1772645119257D-02   0.3361950800462D-03
  -0.3274246909657D-03   0.7145580644419D-04  -0.6917857739180D-03
  -0.1426564908208D-04  -0.6074052701863D-03   0.2676797706070D-05
   0.6003162578445D-04  -0.6332721081327D-04  -0.3127651739011D-03
  -0.4364213683790D-03  -0.5740440486166D-04  -0.1145744050073D-03
  -0.5949572254394D-03  -0.2871609956170D-03  -0.7717416727336D-04
  -0.1837015646414D-03  -0.3681042133015D-03  -0.1215010397881D-03
  -0.1435090417122D-02  -0.1805929870717D-03   0.4564770299423D-02
   0.2997124924434D-03   0.5472367453021D-03  -0.3955630765889D-03
   0.9136511843534D-03   0.1546967119297D-03  -0.4814574074331D-04
   0.1094231402270D-03   0.8080273808354D-04   0.8454849731075D-03
   0.2702395786670D-03   0.7026128036672D-03  -0.2210526455018D-03
   0.2841730713389D-03  -0.1517378460399D-04   0.3852141929988D-04
   0.2730815222121D-03   0.6188077934915D-03  -0.2476642009624D-03
   0.5689255815099D-03   0.2678993541721D-03  -0.5201123059358D-04
   0.3352276225282D-03   0.9909603124763D-04   0.1239940404750D-03
   0.8087628726982D-01  -0.2281966204352D-01  -0.8424898357091D-01
  -0.2976504643002D-02  -0.8323120061587D-02   0.1285603236507D-02
  -0.1660811525952D-01   0.9146499108001D-01   0.1236642995209D-01
  -0.1346468281737D-01  -0.1457112687400D-01  -0.8864802767407D-02
   0.4116565818955D-02   0.6900399378532D-02   0.1068314143933D-03
   0.8596325312669D-03   0.6892722288536D-03  -0.1908979995031D-02
   0.1051791610791D-01   0.6002328683812D-02  -0.7814004952375D-02
   0.4612440672332D-02   0.4134179650275D-02  -0.3571437774792D-02
   0.3197116375852D-03   0.1904316456483D-02  -0.2998629486911D-02
   0.3940856824033D-04   0.1012035046557D-03  -0.1011180939291D-02
  -0.1111431092777D-02   0.1159062435117D-02   0.2243425104674D-02
  -0.6536895268377D-01  -0.7300877252510D-01   0.9853902176036D-01
   0.7259922674019D-01   0.1563631108443D-01  -0.1674690106583D-01
  -0.1043708342672D+00  -0.8943180144719D-01  -0.1814188042711D-01
   0.4176987565876D-01   0.2547903137808D-01  -0.5569492819575D-01
   0.1331678253577D+00   0.3993332743804D-01  -0.7174843654562D-02
   0.1558519750720D-01  -0.3933118142016D-02  -0.7418570309616D-01
   0.9993663232890D-01  -0.1163566715648D-01  -0.9481737736129D-01
   0.5517216382149D-01   0.4177285146929D-01  -0.3383724266838D-01
  -0.4463389898230D-01   0.4962859085920D-01   0.1205778075474D+00
   0.6723137131824D-01  -0.2522028681788D-02  -0.4146181954540D-01
   0.8913685335524D-01  -0.3738976604414D-01   0.9896885211533D-01
   0.4461324465912D-02  -0.6213207243579D-01  -0.4880730491653D-01
  -0.1370061467938D+00  -0.2215756134414D-01  -0.1317419304292D-01
  -0.1766223571788D-01  -0.4385996236101D-01   0.6138620804160D-01
  -0.1772896488989D-02  -0.7265999631407D-01   0.1195187989296D+00
  -0.1840010485903D-01  -0.6816780775247D-01   0.2792924950967D-01
  -0.8917561568817D-01   0.7198262325267D-02   0.1051839605674D+00
   0.2129272449168D-01  -0.7212199011245D-01  -0.8709738912250D-02
$end                                                                            
