   -0.39331500
    0.03150040
    0.26774191
   -0.49104812
   -0.07614094
   -0.00277014
   -0.04082645
   -0.04520551
   -0.05674009
   -0.07499795
    0.14346009
   -0.44235269
    0.17405316
    0.04274747
    0.06599239
    0.03764572
    0.03505799
    0.04960179
    0.04547913
    0.04728142
    0.34975897
   -0.16765821
    0.00800307
    0.29299930
   -0.47728483
   -0.09153670
   -0.07732063
   -0.02386996
   -0.13477082
    0.23307539
   -0.27162040
   -0.23541824
    0.22785554
    0.08068979
    0.09833465
    0.06047316
    0.06612937
    0.07002092
    0.09586696
    0.09019107
    0.21928166
    0.23613610
    0.25260752
    0.25494827
    0.25804093
   -0.18254161
    0.02930719
    0.27619511
   -0.50202074
   -0.06442573
   -0.09925995
    0.36904799
   -0.63973506
   -0.64808374
    0.21403797
    0.06149307
    0.05337467
    0.04231072
    0.02802798
    0.04153443
   -0.18530969
    0.03132801
    0.29781784
   -0.50809776
   -0.06886615
   -0.02011876
   -0.27304476
   -0.04706729
    0.21811900
    0.05054179
    0.07477119
    0.06844170
    0.06380991
    0.06502234
    0.07067840
    0.06719137
    0.05897004
   -0.22132044
    0.05460271
    0.29051202
   -0.53514282
   -0.06538675
   -0.00104454
   -0.11274486
   -0.11160761
    0.24028140
    0.05308636
    0.05560665
    0.03554779
    0.02875030
    0.05666789
    0.02879911
    0.03971917
    0.05114390
    0.03132129
    0.03507986
   -0.19214374
    0.03906007
    0.28377851
   -0.50478749
   -0.01741668
   -0.05154857
   -0.11040232
   -0.10766681
    0.22705820
    0.06771925
    0.06375326
    0.03201201
    0.02123297
    0.06239464
    0.04373580
    0.02624440
    0.04089829
    0.03664337
    0.05609296
   -0.20397296
    0.03080693
    0.27480009
   -0.50041209
   -0.11259726
    0.21038377
    0.06477809
    0.06922659
    0.06610711
    0.04295751
   -0.18222436
    0.03948953
    0.26715546
   -0.44262539
   -0.09578183
    0.37536226
   -0.60883547
   -0.61841725
    0.20643269
    0.06847386
    0.03350492
    0.05977315
   -0.16792804
   -0.03561789
    0.28420143
   -0.46976557
    0.17980847
    0.08838541
    0.10469136
   -0.21512360
    0.01893687
    0.31291393
   -0.50611396
   -0.00567227
   -0.08305546
   -0.11737057
   -0.09433936
    0.24778377
    0.05773118
    0.02000537
    0.07548780
    0.06242484
    0.04203615
    0.02097769
    0.08431347
    0.04717239
    0.01367637
    0.02572120
   -0.20780305
    0.05019945
    0.25656734
   -0.48694236
   -0.10424917
    0.37622231
   -0.63750619
   -0.60604596
    0.20136031
    0.03250340
    0.03206765
    0.02782359
   -0.09228186
    0.02414176
    0.28371591
   -0.43195014
   -0.07502231
   -0.06255072
    0.00808378
    0.05921177
    0.07266284
    0.06316782
    0.06837390
    0.06422537
    0.05475763
    0.03114642
   -0.19733003
    0.03647535
    0.20016453
   -0.33039665
   -0.11957133
    0.29041790
   -0.48546929
   -0.28616360
    0.22627371
    0.07668976
    0.09404741
    0.10048694
    0.23580662
    0.23825403
   -0.39453103
    0.03611160
    0.27126736
   -0.52452227
   -0.07489305
   -0.01817048
   -0.12569965
   -0.13317555
    0.16009494
    0.03327226
    0.05944157
    0.03086933
    0.04194153
    0.03283061
    0.03649125
    0.05179518
    0.05873798
    0.04294067
    0.05209843
   -0.15992817
    0.03418924
    0.21762983
   -0.38119085
   -0.08144936
   -0.01910603
   -0.12130079
   -0.11366907
    0.24080950
    0.06781057
    0.06828488
    0.06073748
    0.04486708
    0.03698257
    0.04703592
    0.05051724
    0.03191574
    0.04018966
    0.03836231
   -0.39507862
    0.03818539
    0.19669390
   -0.37334947
   -0.07581765
   -0.08375912
   -0.02887033
   -0.13405325
    0.22698346
   -0.23240605
   -0.25046910
    0.17074174
    0.04353093
    0.07530265
    0.06597378
    0.06473471
    0.06388303
    0.09753740
    0.09125857
    0.23019112
    0.25587869
    0.24192842
    0.22649982
    0.22941435
   -0.38882238
    0.03495741
    0.20117183
   -0.37198717
   -0.06706468
   -0.06668671
   -0.08541314
   -0.04899235
   -0.14972096
    0.17177308
    0.06820558
    0.05141243
    0.03407373
    0.06369251
    0.04054672
    0.05826364
    0.07232335
    0.11779451
    0.11341560
    0.31070423
    0.29218812
    0.30254956
   -0.41091123
    0.04870460
    0.19971486
   -0.38839100
   -0.07273081
    0.00248793
   -0.04335675
   -0.05032157
   -0.06163698
   -0.07251002
    0.14693844
   -0.44652583
    0.20703615
    0.04281600
    0.06304350
    0.04092504
    0.03733278
    0.06950693
    0.02284996
    0.03960001
    0.31768874
   -0.39045768
    0.01622109
    0.26522650
   -0.49779818
   -0.06491471
   -0.02262542
   -0.23428495
   -0.04775593
    0.16626057
    0.06676522
    0.04551208
    0.05189313
    0.07258058
    0.06739060
    0.04658817
    0.05614298
    0.04291262
   -0.18041797
    0.02653278
    0.19833800
   -0.36496448
   -0.13135052
    0.22837092
    0.08987922
    0.07479092
    0.07932524
    0.07208680
    0.18036744
    0.07792247
    0.19191959
    0.07698229
    0.17540339
    0.07864603
    0.18925369
    0.08472554
    0.18638605
    0.08631542
    0.17952355
    0.06583085
