           2           1   1.01571719381184     
           3           2  0.980289500893632     
           4           3   1.87369747001565     
           5           2  0.941382645347420     
           6           5  0.995916836988297     
           7           5   1.00847378509707     
           8           6   1.01752364248524     
           9           1  0.914471147647146     
          10           2  0.966902795315320     
          11           5  0.962299389855077     
          12           6  0.976413186504351     
          13           6  0.970666325264101     
          14           7  0.982052365654440     
          15           7  0.979709638220364     
          16           7  0.979662142348754     
          17           8  0.981077768308846     
          18           8  0.980464751442008     
          19           8  0.980461827770965     
          21          20   1.02459425603145     
          22          21  0.947067453006529     
          23          22   1.62100109824552     
          24          21  0.948411064523040     
          25          24   1.00804581035008     
          26          24   1.00767905041813     
          27          20  0.913412332993019     
          28          21  0.956897975258492     
          29          24  0.964994470190458     
          30          25  0.979917897625149     
          31          25  0.982211595255178     
          32          25  0.980099663837747     
          33          26  0.981135182605487     
          34          26  0.981465466120558     
          35          26  0.977322731650719     
          36          22   1.29488123748357     
          37          36  0.980638636651333     
          38          37  0.933984929115424     
          39          38   1.60401418349956     
          40          37  0.961432337601255     
          41          40   1.00784600468436     
          42          40   1.00848778632757     
          43          36  0.898333827764915     
          44          37  0.955898378694813     
          45          40  0.963074765186779     
          46          41  0.982479956704165     
          47          41  0.981063011826181     
          48          41  0.986077758574704     
          49          42  0.984138139842037     
          50          42  0.985082545185252     
          51          42  0.984414573796566     
          52          38   1.31381718082758     
          53          52  0.971513985832222     
          54          53  0.930677156957468     
          55          54   1.63039167072139     
          56          53  0.957495031056217     
          57          56   1.00825685804249     
          58          56   1.00878683255848     
          59          52  0.924878556059696     
          60          53  0.951728732561628     
          61          56  0.961142504588742     
          62          57  0.981630831510303     
          63          57  0.983861748127439     
          64          57  0.985002488193786     
          65          58  0.977740975148043     
          66          58  0.984120733770135     
          67          58  0.982770694425840     
          68          54   1.30583517016692     
          69          68  0.985436482052169     
          70          69  0.982467195278006     
          71          70   1.88182270943233     
          72          69  0.939420568420839     
          73          72   1.00032183846062     
          74          73  0.902120191002754     
          75          74   1.49286759409592     
          76          74   1.51621202072306     
          77          68  0.889212242056879     
          78          69  0.954367239816587     
          79          72  0.978102937828221     
          80          72  0.972916665801287     
          81          73  0.971204480919675     
          82          73  0.980032976023592     
          84          83   1.03118498568574     
          85          84  0.980715120590409     
          86          85   1.87378228733193     
          87          84  0.919393367182550     
          88          87   1.01212127600797     
          89          88   1.40299379864424     
          90          88   1.41131013720869     
          91          89   1.44542854864878     
          92          90   1.44468697672653     
          93          91   1.43754216378423     
          93          92   1.43796692280926     
          94          83  0.926245767439108     
          95          84  0.961245205087282     
          96          87  0.963543067673210     
          97          87  0.971972441345668     
          98          89  0.964982181744295     
          99          90  0.967082151007315     
         100          91  0.967885300289545     
         101          92  0.970205167354248     
         102          93  0.970971253819038     
         104         103   1.02211582650251     
         105         104  0.950634782843115     
         106         105   1.60147590843429     
         107         104  0.949194182361012     
         108         107   1.00847258739476     
         109         107   1.00743651154085     
         110         103  0.911531645993412     
         111         104  0.952236109243746     
         112         107  0.968215935251373     
         113         108  0.974815996029088     
         114         108  0.980002114337167     
         115         108  0.977788171440202     
         116         109  0.980128283017347     
         117         109  0.984181028357375     
         118         109  0.980188466775593     
         119         105   1.28629192502444     
         120         119  0.974309597632101     
         121         120  0.940587719941358     
         122         121   1.63756024265723     
         123         120  0.971614539265250     
         124         123   1.00257167403263     
         125         119  0.970302490986886     
         125         124   1.00535828888661     
         126         120  0.955612185885035     
         127         123  0.973476294760702     
         128         123  0.974618098499535     
         129         124  0.970337612082477     
         130         124  0.975722528541275     
         131         125  0.955842888115650     
         132         125  0.947205871699481     
         133         121   1.28251025444675     
         134         133  0.979231313542862     
         135         134  0.937337010927587     
         136         135   1.56272389838054     
         137         134  0.979572772039520     
         138         137  0.996197067350833     
         139         138  0.962553837635093     
         140         139   1.64884136639587     
         141         139   1.31290370934093     
         142         133  0.920493522664431     
         143         134  0.943839701821787     
         144         137  0.966971111574717     
         145         137  0.973548527658299     
         146         138  0.957837957933947     
         147         138  0.971215752865572     
         148         141  0.927034402464413     
         149         141  0.919493846383674     
         150         135   1.35654277313376     
         151         150  0.989029883235050     
         152         151  0.929156906174990     
         153         152   1.65456650252598     
         154         151  0.981493265010793     
         155         154  0.999803939204796     
         156         155  0.923408771576259     
         157         156   1.42781672974139     
         158         156   1.55825246191227     
         159         150  0.799187115405136     
         160         151  0.942193339271687     
         161         154  0.969448537564361     
         162         154  0.976725013519436     
         163         155  0.977136048533403     
         164         155  0.974396531402301     
         165         152   1.28805138695426     
         166         165  0.972171428703967     
         167         166  0.941432169170769     
         168         167   1.56920580653737     
         169         166  0.967206935324346     
         170         169  0.993234618792414     
         171         170   1.00881379852992     
         172         170   1.00729219912828     
         173         165  0.933052709445016     
         174         166  0.946386167393514     
         175         169  0.964792213571235     
         176         169  0.970682791843066     
         177         170  0.963744988125999     
         178         171  0.983545110192918     
         179         171  0.977868469963990     
         180         171  0.984880776485164     
         181         172  0.981285233518874     
         182         172  0.978193985721125     
         183         172  0.984370558765865     
         184         167   1.34498279118848     
         185         184  0.989846728477011     
         186         185  0.935681773953381     
         187         186   1.61263227571822     
         188         185  0.953447881186222     
         189         188  0.981712816838469     
         190         188   1.00516684724278     
         191         184  0.849225080226559     
         192         185  0.938182309847631     
         193         188  0.959082934630563     
         194         189  0.859399162550805     
         195         190  0.976985915626232     
         196         190  0.983782260461500     
         197         190  0.976543506605170     
         198         186   1.30982023078244     
         199         198  0.975569022811192     
         200         199  0.939931535872995     
         201         200   1.61176725228786     
         202         199  0.980468893638337     
         203         202   1.01257967834469     
         204         203  0.991852247586375     
         205         204   1.00690081591671     
         206         198  0.908229745809058     
         207         199  0.941949902414960     
         208         202  0.960477906393779     
         209         202  0.959792842878947     
         210         203  0.970924068569839     
         211         203  0.968119965676713     
         212         205  0.974685281346023     
         213         205  0.978765524338698     
         214         205  0.980301197714562     
         215         200   1.31098981138739     
         216         215  0.970360273793038     
         217         216  0.938356754574624     
         218         217   1.61967408502907     
         219         216  0.946670503554638     
         220         219   1.00718277211502     
         221         219   1.00238503998577     
         222         215  0.916190713753596     
         223         216  0.948965835299696     
         224         219  0.957316167890580     
         225         220  0.837771530189988     
         226         221  0.979894453647375     
         227         221  0.982606292712409     
         228         221  0.983136931683403     
         229         217   1.30519909429730     
         230         229  0.976548032463598     
         231         230  0.933919883023998     
         232         231   1.60184041195771     
         233         230  0.982510005660277     
         234         233   1.00491163849888     
         235         234  0.972391616308856     
         236         235   1.60038600664388     
         237         235   1.32833532565649     
         238         229  0.892891436279467     
         239         230  0.950021164417490     
         240         233  0.958978542188579     
         241         233  0.971567723725514     
         242         234  0.963443364968756     
         243         234  0.943571440039664     
         244         237  0.922162333876525     
         245         237  0.927550182283218     
         246         231   1.31879968257151     
         247         246  0.978426169786772     
         248         247  0.933603617857202     
         249         248   1.60656783593906     
         250         247  0.977610923430120     
         251         250   1.00561937847285     
         252         251   1.40530701116553     
         253         251   1.41897667341249     
         254         252   1.45215729430941     
         255         253   1.43533506076970     
         256         254   1.43064004228263     
         256         255   1.44060334872828     
         257         246  0.887471599513234     
         258         247  0.944905620641854     
         259         250  0.951580507623388     
         260         250  0.968281094789013     
         261         252  0.963170756288770     
         262         253  0.963674006867520     
         263         254  0.968065195411931     
         264         255  0.963378864262386     
         265         256  0.969818854081775     
         266         248   1.32633351502666     
         267         266  0.972947552579702     
         268         267  0.935517698937236     
         269         268   1.62448318124411     
         270         267  0.982457007073242     
         271         270  0.993812182743668     
         272         271   1.00682881615607     
         273         271   1.01016717955188     
         274         266  0.878986769090319     
         275         267  0.950337366565499     
         276         270  0.963932053999695     
         277         270  0.972151568719735     
         278         271  0.966857600937697     
         279         272  0.985521208049392     
         280         272  0.985717181106668     
         281         272  0.986254526698024     
         282         273  0.985048212725504     
         283         273  0.986700564229051     
         284         273  0.981705057197587     
         285         268   1.30506211802213     
         286         285  0.983370935670582     
         287         286  0.931975798769577     
         288         287   1.62747603574381     
         289         286  0.978496680312578     
         290         289   1.00257265404044     
         291         285  0.887983776813644     
         292         286  0.953508408320639     
         293         289  0.967294874487888     
         294         289  0.958060146632406     
         295         290  0.857279481872409     
         296         287   1.31299080139099     
         297         296  0.979026193082892     
         298         297  0.934098728664856     
         299         298   1.61251720787002     
         300         297  0.964648730744040     
         301         300  0.993914164769502     
         302         300   1.00753268947830     
         303         301   1.01747144124308     
         304         296  0.892648720214777     
         305         297  0.951509786597774     
         306         300  0.965641094542159     
         307         301  0.976047883896585     
         308         301  0.959414908003140     
         309         302  0.981726339672260     
         310         302  0.982301624703860     
         311         302  0.984926387299862     
         312         303  0.985503444309604     
         313         303  0.984131922413253     
         314         303  0.984519079548737     
         315         298   1.31869875192152     
         316         315  0.977106396809483     
         317         316  0.972611739064677     
         318         317   1.89416128834141     
         319         316  0.952631382424814     
         320         319  0.992515527941107     
         321         319   1.00975538935933     
         322         320   1.01923469377181     
         323         315  0.887488550586540     
         324         316  0.949398380380369     
         325         319  0.957506734601363     
         326         320  0.975958993575098     
         327         320  0.975091487110419     
         328         321  0.978845336405813     
         329         321  0.983445730692871     
         330         321  0.985740444204289     
         331         322  0.973380181030562     
         332         322  0.985151143861107     
         333         322  0.981834365101543     
         335         334   1.00539194027472     
         336         335  0.940176804095771     
         337         336   1.63578389241995     
         338         335  0.979438633322231     
         339         338  0.995423225830038     
         340         339   1.00847494974266     
         341         339   1.00720701561769     
         342         334  0.959344297907534     
         343         335  0.958712332789095     
         344         338  0.969609859424440     
         345         338  0.973587256937769     
         346         339  0.967875110556101     
         347         340  0.983432175382750     
         348         340  0.976984096961258     
         349         340  0.985273337136118     
         350         341  0.981333790537334     
         351         341  0.983854454126171     
         352         341  0.983126289941747     
         353         336   1.29633333422327     
         354         353  0.985452432478892     
         355         354  0.938741044639830     
         356         355   1.59036870985364     
         357         354  0.967975710780484     
         358         357  0.991674692897450     
         359         358   1.00810301125187     
         360         358   1.00996443504556     
         361         353  0.884284238418943     
         362         354  0.958044717757345     
         363         357  0.969042605055985     
         364         357  0.971302094352183     
         365         358  0.966509665311903     
         366         359  0.984160748596315     
         367         359  0.986010832856710     
         368         359  0.986225797694096     
         369         360  0.982128566614186     
         370         360  0.985048331506132     
         371         360  0.982306634190689     
         372         355   1.32088356757850     
         373         372  0.979945562018499     
         374         373  0.934034527890254     
         375         374   1.61721202366558     
         376         373  0.970770535777267     
         377         376   1.00847340783751     
         378         376   1.00539733868242     
         379         372  0.890371182302816     
         380         373  0.946756664266483     
         381         376  0.953561013773290     
         382         377  0.978613528881720     
         383         377  0.975235428266030     
         384         377  0.983935258262000     
         385         378  0.979543526797153     
         386         378  0.980838974090990     
         387         378  0.983463298498173     
         388         374   1.31200212502104     
         389         388  0.990007784814762     
         390         389  0.973099023154958     
         391         390   1.90751784176916     
         392         389  0.957932137234153     
         393         392  0.965414888232862     
         394         393   1.65479653144519     
         395         393   1.29676618496629     
         396         388  0.878627120731360     
         397         389  0.929366653237864     
         398         392  0.971257728740957     
         399         392  0.953323091312059     
         400         395  0.928047006986378     
         401         395  0.928911288840266     
         403         402   1.01486045110575     
         404         403  0.941587562162108     
         405         404   1.61128241620902     
         406         403  0.972759625309092     
         407         406  0.993390279188080     
         408         402  0.943148697585576     
         409         403  0.959983637823089     
         410         406  0.965746278268322     
         411         406  0.958588505460633     
         412         407  0.883433355557549     
         413         404   1.31764606653516     
         414         413  0.971691393857082     
         415         414  0.933633778737626     
         416         415   1.64219460544158     
         417         414  0.977939458102607     
         418         417  0.991282447639219     
         419         418   1.00652311296300     
         420         418   1.01070161481847     
         421         413  0.917619918247424     
         422         414  0.951967217366085     
         423         417  0.967354099306694     
         424         417  0.966308853818525     
         425         418  0.964135616739160     
         426         419  0.984880752280270     
         427         419  0.985369103107778     
         428         419  0.984601378227229     
         429         420  0.983352705717281     
         430         420  0.976132315212249     
         431         420  0.981869447517418     
         432         415   1.28480394671166     
         433         432  0.992502332534310     
         434         433  0.955252123590754     
         435         434   1.62691074321845     
         436         433  0.947980259199920     
         437         436   1.00825072106511     
         438         436   1.00883535392559     
         439         432  0.919016682793835     
         440         433  0.938234753614769     
         441         436  0.964124614174652     
         442         437  0.980397050343109     
         443         437  0.986036052352222     
         444         437  0.975598441951133     
         445         438  0.980679718905450     
         446         438  0.978855985601986     
         447         438  0.983179842242212     
         448         434   1.28048585884162     
         449         448  0.978850480286489     
         450         449  0.927923063912608     
         451         450   1.61985830287494     
         452         449  0.982033145019811     
         453         452  0.999769707092056     
         454         448  0.929212671109705     
         455         449  0.950218346482515     
         456         452  0.968658640237755     
         457         452  0.963303492726505     
         458         453  0.862490828020355     
         459         450   1.31472743292437     
         460         459  0.982148852322115     
         461         460  0.940621390809624     
         462         461   1.60318036672058     
         463         460  0.979572633482220     
         464         463   1.01570005193715     
         465         464  0.979332380828799     
         466         465   1.00652689199559     
         467         459  0.913269404662083     
         468         460  0.920364124047460     
         469         463  0.964817626644737     
         470         463  0.959156628171669     
         471         464  0.971215393410311     
         472         464  0.972577514073118     
         473         466  0.979325190340205     
         474         466  0.965296296739955     
         475         466  0.984611617962831     
         476         461   1.30397479435295     
         477         476  0.994705306362975     
         478         477  0.939818006849253     
         479         478   1.61269507831866     
         480         477  0.949911241174065     
         481         480   1.02447673665754     
         482         476  0.902050810967378     
         483         477  0.940895514597283     
         484         480  0.963558513236675     
         485         480  0.963976927150847     
         486         481  0.848618718614439     
         487         478   1.30495546531648     
         488         487  0.990049428326247     
         489         488  0.935204697466643     
         490         489   1.60296642517684     
         491         488  0.990500144860879     
         492         487  0.900789679953255     
         493         488  0.951205257381742     
         494         491  0.980714965223544     
         495         491  0.979183684637888     
         496         491  0.973998608905850     
         497         489   1.32018737399869     
         498         497  0.993288588057879     
         499         498  0.938006937505747     
         500         499   1.58598618984493     
         501         498  0.940069605040033     
         502         501  0.995557687704094     
         503         501  0.999484593578694     
         504         497  0.880087402065293     
         505         498  0.942837143647336     
         506         501  0.956768380689985     
         507         502  0.814585024461277     
         508         503  0.981741242254010     
         509         503  0.983826816716570     
         510         503  0.980148434301811     
         511         499   1.32630916179746     
         512         511  0.977414999462802     
         513         512  0.941720451737560     
         514         513   1.58269699504945     
         515         512  0.978833092801555     
         516         515   1.01475086619004     
         517         516  0.985207508790426     
         518         517   1.01085432536515     
         519         511  0.881386696843361     
         520         512  0.938949739298864     
         521         515  0.963452162140737     
         522         515  0.969121070484996     
         523         516  0.966343420622498     
         524         516  0.958457201378492     
         525         518  0.970839905825520     
         526         518  0.980106024756495     
         527         518  0.977272826197953     
         528         513   1.33219664378566     
         529         528  0.973715843553068     
         530         529  0.934675359750792     
         531         530   1.63368060236074     
         532         529  0.996501696478861     
         533         528  0.880586043673193     
         534         529  0.949239987771698     
         535         532  0.981097858124605     
         536         532  0.967773377617957     
         537         532  0.980561097672636     
         538         530   1.29864391319036     
         539         538  0.984690725339229     
         540         539  0.933427831334993     
         541         540   1.61131890329650     
         542         539  0.980456390113279     
         543         542   1.00106783043163     
         544         543  0.918496028629826     
         545         544   1.42637491137698     
         546         544   1.55776756209425     
         547         538  0.892395779626119     
         548         539  0.955622914175965     
         549         542  0.964187707941552     
         550         542  0.978280816546203     
         551         543  0.982141808708565     
         552         543  0.961031834996387     
         553         540   1.31623140463548     
         554         553  0.971483477387901     
         555         554  0.934801554062545     
         556         555   1.59432239908107     
         557         554  0.966272445985501     
         558         557  0.991591370759772     
         559         557   1.00725402450015     
         560         558   1.02043126249206     
         561         553  0.878506219899439     
         562         554  0.949076570928123     
         563         557  0.964386528982014     
         564         558  0.963934378491901     
         565         558  0.970848833727216     
         566         559  0.978811892896022     
         567         559  0.980518590577089     
         568         559  0.976427123074230     
         569         560  0.980483200003868     
         570         560  0.982137166106923     
         571         560  0.987108932461126     
         572         555   1.32766646117540     
         573         572  0.968718223451309     
         574         573  0.972996238764344     
         575         574   1.90211072635057     
         576         573  0.954587070105571     
         577         576   1.00676719324848     
         578         577   1.40063973047773     
         579         577   1.41021044545458     
         580         578   1.45671648821972     
         581         579   1.45571100873633     
         582         580   1.36226983864811     
         582         581   1.36314143965576     
         583         582   1.09079856128018     
         584         572  0.874005011472934     
         585         573  0.950445408828835     
         586         576  0.951761678272926     
         587         576  0.971451459332086     
         588         578  0.964291406729779     
         589         579  0.968422311283860     
         590         580  0.964536273086375     
         591         581  0.966752261548158     
         592         583  0.850226069136340     
         594         593   1.01872232314745     
         595         594  0.944603113108529     
         596         595   1.61975216736882     
         597         594  0.976590957660940     
         598         597  0.907953645416310     
         599         598   1.50084136297277     
         600         598   1.49829027641784     
         601         593  0.944822066051611     
         602         594  0.957388791961921     
         603         597  0.965552192764700     
         604         597  0.968922404543490     
         605         595   1.29469316910642     
         606         605  0.988484135159369     
         607         606  0.994111732207811     
         608         607   1.88632346838311     
         609         606  0.940548289925483     
         610         609   1.01341113282338     
         611         610   1.39575825862437     
         612         610   1.41245761152886     
         613         611   1.46059543441921     
         614         612   1.44488598475412     
         615         613   1.36264203609418     
         615         614   1.37279070015472     
         616         615   1.06738903163198     
         617         605  0.900078427658805     
         618         606  0.915469184552767     
         619         609  0.971089410848202     
         620         609  0.958553672218317     
         621         611  0.951084576618333     
         622         612  0.967086018021367     
         623         613  0.968808705016497     
         624         614  0.961784614883979     
         625         616  0.856131978863554     
         627         626   1.01500531233629     
         628         627  0.945261475576895     
         629         628   1.61678567620545     
         630         627  0.959409799530205     
         631         630   1.01074073267474     
         632         630   1.00718692055335     
         633         626  0.953264919635436     
         634         627  0.960578046632644     
         635         630  0.965085562696950     
         636         631  0.984270669805727     
         637         631  0.981190855924917     
         638         631  0.975625923391092     
         639         632  0.982329607722675     
         640         632  0.984279880589091     
         641         632  0.985053246582314     
         642         628   1.30104288253370     
         643         642  0.984602202546634     
         644         643  0.928232859291952     
         645         644   1.58728402386341     
         646         643  0.964184625375326     
         647         646   1.00547067598647     
         648         647   1.39977400571149     
         649         647   1.41358052094166     
         650         648   1.46421843429229     
         651         649   1.44676741239187     
         652         650   1.35908900053690     
         652         651   1.37582083029870     
         653         652   1.07663938733763     
         654         642  0.923060964460542     
         655         643  0.948172924189058     
         656         646  0.962037804209462     
         657         646  0.970560930745013     
         658         648  0.966922380612991     
         659         649  0.966872065260652     
         660         650  0.966845635043770     
         661         651  0.966122808877597     
         662         653  0.859174163466966     
         663         644   1.33817171313048     
         664         663  0.986628137880254     
         665         664  0.939507795157563     
         666         665   1.58901854365055     
         667         664  0.959670673448943     
         668         667   1.01220642588522     
         669         668  0.985305807971925     
         670         669   1.00996133662735     
         671         663  0.877202168462029     
         672         664  0.951193857186597     
         673         667  0.970864113298933     
         674         667  0.967174712750349     
         675         668  0.972149774712152     
         676         668  0.976453123942600     
         677         670  0.976163780923892     
         678         670  0.980507418453121     
         679         670  0.983533973665599     
         680         665   1.34295404347376     
         681         680  0.985270037283398     
         682         681   1.00412174691897     
         683         682   1.85227386315895     
         684         681  0.915739862031471     
         685         684  0.998099752619935     
         686         684   1.00127821328101     
         687         680  0.876084929976116     
         688         681  0.917319529575763     
         689         684  0.958927821970999     
         690         685  0.879587329663072     
         691         686  0.979798495720452     
         692         686  0.980123987292604     
         693         686  0.979672169968838     
         695         694   1.02034876694742     
         696         695  0.984270812690624     
         697         696   1.89474189309021     
         698         695  0.956271204461677     
         699         698  0.996645560923826     
         700         698   1.00300592387395     
         701         699   1.01830776942674     
         702         694  0.952684588480531     
         703         695  0.930665280470567     
         704         698  0.965209822264509     
         705         699  0.967037100831241     
         706         699  0.975904586166603     
         707         700  0.982535135760581     
         708         700  0.980142596912638     
         709         700  0.976664972478118     
         710         701  0.983331574472398     
         711         701  0.981807120984680     
         712         701  0.985325218153219     
         714         713   1.02548186367966     
         715         714  0.938414857059917     
         716         715   1.58558086122769     
         717         714  0.964339062266117     
         718         717  0.995417347460961     
         719         713  0.943519262489962     
         720         714  0.951222998671385     
         721         717  0.965387870316877     
         722         717  0.970836306999466     
         723         718  0.875301711170309     
         724         715   1.33296698760202     
         725         724  0.950562973785214     
         726         725  0.974829122487995     
         727         726   1.87260286672230     
         728         725  0.974453447183970     
         729         728   1.00181211661645     
         730         724  0.971586404250356     
         730         729  0.997404796031237     
         731         725  0.951472755590600     
         732         728  0.976824399262326     
         733         728  0.977602972427587     
         734         729  0.979554215797753     
         735         729  0.975290571785139     
         736         730  0.955661831600438     
         737         730  0.964416896508064     
         739         738   1.02647012795797     
         740         739  0.983305609112628     
         741         740   1.89155700876125     
         742         739  0.964861408081965     
         743         738  0.957966351901183     
         744         739  0.945295855699719     
         745         742  0.984052954663408     
         746         742  0.978494293766755     
         747         742  0.985741160513710     
         749         748   1.02546098782673     
         750         749  0.981069187583255     
         751         750   1.89287728005396     
         752         749  0.927378581482032     
         753         752   1.00820922493199     
         754         753   1.39657775223575     
         755         753   1.40706713160831     
         756         754   1.46332015278171     
         757         755   1.44560519599344     
         758         756   1.34694717740181     
         758         757   1.36803069256418     
         759         758   1.08550984791677     
         760         748  0.954539389749472     
         761         749  0.959296081002683     
         762         752  0.971489896719984     
         763         752  0.970522390672297     
         764         754  0.967251436832796     
         765         755  0.966871899081494     
         766         756  0.967339769696020     
         767         757  0.962460139420935     
         768         759  0.823462661947365     
         770         769   1.02520799087103     
         771         770  0.932621757771169     
         772         771   1.63630653866076     
         773         770  0.958572960453976     
         774         773   1.00194592997893     
         775         769  0.952183539833551     
         776         770  0.956242813236388     
         777         773  0.971396637760875     
         778         773  0.968607842843463     
         779         774  0.869900768204199     
         780         771   1.30196434524743     
         781         780  0.997048981411653     
         782         781  0.988896502382309     
         783         782   1.89742873186275     
         784         781  0.948060902138588     
         785         784  0.993241013208662     
         786         785  0.967484257061974     
         787         786   1.64618603246617     
         788         786   1.29786921461015     
         789         780  0.893550131495077     
         790         781  0.935257954923954     
         791         784  0.970089830831408     
         792         784  0.967802237350317     
         793         785  0.962035352928537     
         794         785  0.963831767874726     
         795         788  0.921682359967084     
         796         788  0.931885059850682     
         797         769  0.951454079121298     
         798         782  0.953830444856931     
         799           1  0.951032090827252     
         800           3  0.955274038736675     
         801          20  0.955485521543707     
         802          70  0.950803160619587     
         803          83  0.943522261794336     
         804          85  0.954583853409151     
         805         103  0.954308701288176     
         806         317  0.955772300744244     
         807         334  0.950274391845342     
         808         390  0.952192780207668     
         809         402  0.948738889575528     
         810         574  0.955548943832037     
         811         593  0.956995232478694     
         812         607  0.952488644246808     
         813         626  0.951400591207933     
         814         682  0.948590006339709     
         815         694  0.956320531474585     
         816         696  0.953383860404153     
         817         713  0.951392452783403     
         818         726  0.953052802816062     
         819         738  0.951483258165395     
         820         740  0.955025521850643     
         821         748  0.953821143206172     
         822         750  0.954669129881092     
